85071 Material Measurement Software E07.01.08
Agilent Technologies,N5230C,MY49001460,A.09.20.08
Title:,Title
Sub Title:,SubTitle
Date:,"Wednesday, April 27, 2016 14:44:31"

frequency,e',e'',u',u''
8200000000.0000,  19.8324,   2.1876,   0.9775,  -0.0091
8202625000.0000,  19.8161,   2.2087,   0.9776,  -0.0032
8205250000.0000,  19.8389,   2.2008,   0.9774,  -0.0038
8207875000.0000,  19.8092,   2.1788,   0.9782,  -0.0063
8210500000.0000,  19.7850,   2.1826,   0.9776,  -0.0061
8213125000.0000,  19.7958,   2.2041,   0.9805,  -0.0053
8215750000.0000,  19.7941,   2.1742,   0.9773,  -0.0043
8218375000.0000,  19.7661,   2.1469,   0.9800,  -0.0096
8221000000.0000,  19.7522,   2.1768,   0.9791,  -0.0052
8223625000.0000,  19.7374,   2.1639,   0.9807,  -0.0051
8226250000.0000,  19.7299,   2.1409,   0.9807,  -0.0068
8228875000.0000,  19.7666,   2.1572,   0.9840,  -0.0058
8231500000.0000,  19.7302,   2.1458,   0.9777,  -0.0047
8234125000.0000,  19.7267,   2.1606,   0.9815,  -0.0031
8236750000.0000,  19.6842,   2.1334,   0.9802,  -0.0041
8239375000.0000,  19.7047,   2.1539,   0.9812,  -0.0017
8242000000.0000,  19.7004,   2.1535,   0.9790,   0.0030
8244625000.0000,  19.7020,   2.0973,   0.9812,  -0.0076
8247250000.0000,  19.6953,   2.0883,   0.9811,  -0.0088
8249875000.0000,  19.7075,   2.0951,   0.9823,  -0.0057
8252500000.0000,  19.6729,   2.0823,   0.9793,  -0.0066
8255125000.0000,  19.6702,   2.0850,   0.9780,  -0.0031
8257750000.0000,  19.6611,   2.0955,   0.9792,  -0.0040
8260375000.0000,  19.6469,   2.0754,   0.9808,  -0.0080
8263000000.0000,  19.6590,   2.0645,   0.9805,  -0.0089
8265625000.0000,  19.6522,   2.0401,   0.9773,  -0.0099
8268250000.0000,  19.6406,   2.0577,   0.9805,  -0.0049
8270875000.0000,  19.6356,   2.0308,   0.9797,  -0.0052
8273500000.0000,  19.6356,   2.0315,   0.9766,  -0.0054
8276125000.0000,  19.6170,   2.0302,   0.9792,  -0.0067
8278750000.0000,  19.6240,   2.0378,   0.9786,  -0.0042
8281375000.0000,  19.6133,   1.9859,   0.9766,  -0.0078
8284000000.0000,  19.6020,   2.0149,   0.9765,  -0.0028
8286625000.0000,  19.6003,   1.9672,   0.9763,  -0.0090
8289250000.0000,  19.5860,   1.9920,   0.9754,  -0.0022
8291875000.0000,  19.6016,   1.9671,   0.9750,  -0.0056
8294500000.0000,  19.5735,   1.9711,   0.9773,  -0.0002
8297125000.0000,  19.5933,   1.9592,   0.9765,  -0.0039
8299750000.0000,  19.5854,   1.9186,   0.9723,  -0.0103
8302375000.0000,  19.5814,   1.9501,   0.9784,  -0.0059
8305000000.0000,  19.5674,   1.9296,   0.9765,  -0.0032
8307625000.0000,  19.5804,   1.9224,   0.9769,  -0.0067
8310250000.0000,  19.5882,   1.9188,   0.9796,  -0.0099
8312875000.0000,  19.5721,   1.8806,   0.9755,  -0.0122
8315500000.0000,  19.5792,   1.8951,   0.9780,  -0.0103
8318125000.0000,  19.5457,   1.9156,   0.9773,  -0.0052
8320750000.0000,  19.5695,   1.9063,   0.9778,  -0.0018
8323375000.0000,  19.5496,   1.8945,   0.9789,  -0.0047
8326000000.0000,  19.5705,   1.8865,   0.9826,  -0.0021
8328625000.0000,  19.5531,   1.8423,   0.9775,  -0.0113
8331250000.0000,  19.5545,   1.8420,   0.9760,  -0.0108
8333875000.0000,  19.5363,   1.8462,   0.9805,  -0.0078
8336500000.0000,  19.5369,   1.8485,   0.9814,  -0.0032
8339125000.0000,  19.5314,   1.8639,   0.9814,   0.0003
8341750000.0000,  19.5415,   1.8686,   0.9817,  -0.0026
8344375000.0000,  19.5406,   1.8281,   0.9794,  -0.0032
8347000000.0000,  19.5470,   1.8389,   0.9806,  -0.0021
8349625000.0000,  19.5526,   1.8092,   0.9771,  -0.0063
8352250000.0000,  19.5541,   1.8638,   0.9816,  -0.0003
8354875000.0000,  19.5502,   1.8135,   0.9832,  -0.0061
8357500000.0000,  19.5369,   1.8318,   0.9841,   0.0015
8360125000.0000,  19.5613,   1.7945,   0.9814,  -0.0053
8362750000.0000,  19.5288,   1.7848,   0.9831,  -0.0025
8365375000.0000,  19.5654,   1.7706,   0.9841,  -0.0056
8368000000.0000,  19.5651,   1.7929,   0.9847,   0.0012
8370625000.0000,  19.5434,   1.7467,   0.9842,  -0.0068
8373250000.0000,  19.5567,   1.7646,   0.9837,  -0.0077
8375875000.0000,  19.5317,   1.7559,   0.9833,  -0.0013
8378500000.0000,  19.5760,   1.7194,   0.9816,  -0.0065
8381125000.0000,  19.5424,   1.7842,   0.9851,   0.0040
8383750000.0000,  19.5535,   1.7262,   0.9804,  -0.0057
8386375000.0000,  19.5584,   1.7302,   0.9840,  -0.0034
8389000000.0000,  19.5549,   1.7003,   0.9823,  -0.0043
8391625000.0000,  19.5581,   1.7229,   0.9839,   0.0016
8394250000.0000,  19.5636,   1.6973,   0.9842,  -0.0044
8396875000.0000,  19.5580,   1.7195,   0.9843,   0.0007
8399500000.0000,  19.5972,   1.6828,   0.9808,  -0.0055
8402125000.0000,  19.5770,   1.6673,   0.9800,  -0.0047
8404750000.0000,  19.5873,   1.6801,   0.9818,  -0.0018
8407375000.0000,  19.5845,   1.6578,   0.9808,  -0.0072
8410000000.0000,  19.5717,   1.6736,   0.9782,  -0.0012
8412625000.0000,  19.5889,   1.6363,   0.9806,  -0.0081
8415250000.0000,  19.5875,   1.6384,   0.9780,  -0.0043
8417875000.0000,  19.5757,   1.6441,   0.9802,  -0.0071
8420500000.0000,  19.6003,   1.6102,   0.9758,  -0.0052
8423125000.0000,  19.5818,   1.6300,   0.9790,  -0.0080
8425750000.0000,  19.5961,   1.6199,   0.9780,  -0.0066
8428375000.0000,  19.6219,   1.5870,   0.9753,  -0.0135
8431000000.0000,  19.5875,   1.6494,   0.9772,  -0.0016
8433625000.0000,  19.6055,   1.5990,   0.9776,  -0.0099
8436250000.0000,  19.6137,   1.5538,   0.9781,  -0.0129
8438875000.0000,  19.6171,   1.6115,   0.9788,  -0.0069
8441500000.0000,  19.6050,   1.5966,   0.9795,  -0.0065
8444125000.0000,  19.5829,   1.5999,   0.9752,  -0.0055
8446750000.0000,  19.5789,   1.6081,   0.9772,  -0.0015
8449375000.0000,  19.6038,   1.5843,   0.9784,  -0.0080
8452000000.0000,  19.6080,   1.5881,   0.9788,  -0.0062
8454625000.0000,  19.6265,   1.5534,   0.9767,  -0.0109
8457250000.0000,  19.5886,   1.5889,   0.9786,  -0.0048
8459875000.0000,  19.5856,   1.5729,   0.9799,  -0.0077
8462500000.0000,  19.6242,   1.5372,   0.9773,  -0.0113
8465125000.0000,  19.6259,   1.5761,   0.9796,  -0.0065
8467750000.0000,  19.6076,   1.5348,   0.9759,  -0.0117
8470375000.0000,  19.5979,   1.5674,   0.9787,  -0.0017
8473000000.0000,  19.6113,   1.5662,   0.9804,  -0.0067
8475625000.0000,  19.5877,   1.5430,   0.9793,  -0.0051
8478250000.0000,  19.5969,   1.5600,   0.9788,  -0.0030
8480875000.0000,  19.6279,   1.5343,   0.9797,  -0.0046
8483500000.0000,  19.6006,   1.5507,   0.9832,  -0.0058
8486125000.0000,  19.6395,   1.5301,   0.9818,  -0.0032
8488750000.0000,  19.6259,   1.5517,   0.9814,  -0.0034
8491375000.0000,  19.6587,   1.5583,   0.9808,   0.0020
8494000000.0000,  19.6084,   1.5116,   0.9803,  -0.0065
8496625000.0000,  19.6169,   1.5470,   0.9821,   0.0000
8499250000.0000,  19.6389,   1.5427,   0.9849,  -0.0020
8501875000.0000,  19.6228,   1.5718,   0.9833,   0.0013
8504500000.0000,  19.6575,   1.5115,   0.9821,  -0.0062
8507125000.0000,  19.6231,   1.5386,   0.9831,  -0.0025
8509750000.0000,  19.6429,   1.5101,   0.9811,  -0.0044
8512375000.0000,  19.6485,   1.5393,   0.9825,  -0.0001
8515000000.0000,  19.6716,   1.5082,   0.9848,  -0.0056
8517625000.0000,  19.6830,   1.5307,   0.9829,   0.0023
8520250000.0000,  19.6548,   1.5393,   0.9819,   0.0000
8522875000.0000,  19.6510,   1.4835,   0.9833,  -0.0049
8525500000.0000,  19.6827,   1.5686,   0.9820,   0.0068
8528125000.0000,  19.6931,   1.5170,   0.9826,  -0.0016
8530750000.0000,  19.6737,   1.5114,   0.9827,  -0.0034
8533375000.0000,  19.7140,   1.5004,   0.9845,  -0.0057
8536000000.0000,  19.7034,   1.5065,   0.9846,  -0.0015
8538625000.0000,  19.7022,   1.4938,   0.9826,  -0.0065
8541250000.0000,  19.7067,   1.4597,   0.9824,  -0.0065
8543875000.0000,  19.6988,   1.5429,   0.9835,   0.0003
8546500000.0000,  19.7016,   1.5262,   0.9839,   0.0008
8549125000.0000,  19.7081,   1.5108,   0.9829,  -0.0025
8551750000.0000,  19.7185,   1.5030,   0.9843,  -0.0018
8554375000.0000,  19.7224,   1.5038,   0.9819,  -0.0049
8557000000.0000,  19.7101,   1.5199,   0.9850,  -0.0024
8559625000.0000,  19.7553,   1.5263,   0.9830,   0.0003
8562250000.0000,  19.7480,   1.4849,   0.9830,  -0.0072
8564875000.0000,  19.7369,   1.5229,   0.9823,  -0.0022
8567500000.0000,  19.7563,   1.4696,   0.9838,  -0.0092
8570125000.0000,  19.7419,   1.4883,   0.9838,  -0.0092
8572750000.0000,  19.7485,   1.4904,   0.9838,  -0.0039
8575375000.0000,  19.7537,   1.5301,   0.9865,   0.0038
8578000000.0000,  19.7594,   1.4791,   0.9834,  -0.0059
8580625000.0000,  19.7305,   1.4570,   0.9821,  -0.0099
8583250000.0000,  19.7542,   1.5311,   0.9856,  -0.0023
8585875000.0000,  19.7578,   1.4803,   0.9835,  -0.0038
8588500000.0000,  19.7575,   1.4850,   0.9845,  -0.0043
8591125000.0000,  19.7546,   1.4782,   0.9870,  -0.0051
8593750000.0000,  19.7874,   1.4984,   0.9870,  -0.0041
8596375000.0000,  19.7941,   1.4424,   0.9837,  -0.0088
8599000000.0000,  19.7716,   1.5095,   0.9848,   0.0009
8601625000.0000,  19.7780,   1.4574,   0.9844,  -0.0054
8604250000.0000,  19.7773,   1.4981,   0.9844,   0.0004
8606875000.0000,  19.8023,   1.4599,   0.9858,  -0.0087
8609500000.0000,  19.7784,   1.4821,   0.9841,  -0.0028
8612125000.0000,  19.7751,   1.5106,   0.9848,   0.0026
8614750000.0000,  19.7886,   1.4985,   0.9849,  -0.0032
8617375000.0000,  19.8095,   1.4715,   0.9848,  -0.0067
8620000000.0000,  19.8168,   1.4781,   0.9869,  -0.0027
8622625000.0000,  19.8024,   1.5114,   0.9866,   0.0016
8625250000.0000,  19.8151,   1.4897,   0.9835,  -0.0036
8627875000.0000,  19.8039,   1.4837,   0.9851,  -0.0001
8630500000.0000,  19.8175,   1.4866,   0.9840,  -0.0019
8633125000.0000,  19.8286,   1.5119,   0.9816,   0.0004
8635750000.0000,  19.8142,   1.4561,   0.9844,  -0.0088
8638375000.0000,  19.8461,   1.4711,   0.9845,  -0.0087
8641000000.0000,  19.8259,   1.4850,   0.9836,  -0.0023
8643625000.0000,  19.8194,   1.5309,   0.9819,   0.0041
8646250000.0000,  19.8478,   1.4536,   0.9817,  -0.0061
8648875000.0000,  19.8142,   1.5338,   0.9836,   0.0023
8651500000.0000,  19.8375,   1.5321,   0.9855,   0.0030
8654125000.0000,  19.8490,   1.4892,   0.9820,  -0.0060
8656750000.0000,  19.8326,   1.5046,   0.9823,  -0.0022
8659375000.0000,  19.8490,   1.5193,   0.9799,  -0.0025
8662000000.0000,  19.8414,   1.4970,   0.9843,  -0.0035
8664625000.0000,  19.8645,   1.4948,   0.9853,  -0.0050
8667250000.0000,  19.8636,   1.5026,   0.9804,  -0.0036
8669875000.0000,  19.8693,   1.5129,   0.9847,  -0.0031
8672500000.0000,  19.8416,   1.5247,   0.9813,  -0.0014
8675125000.0000,  19.8561,   1.4934,   0.9833,  -0.0051
8677750000.0000,  19.8846,   1.4878,   0.9842,  -0.0055
8680375000.0000,  19.8742,   1.4746,   0.9834,  -0.0064
8683000000.0000,  19.8494,   1.5310,   0.9803,   0.0003
8685625000.0000,  19.8618,   1.5080,   0.9824,  -0.0020
8688250000.0000,  19.8742,   1.5030,   0.9826,  -0.0048
8690875000.0000,  19.8659,   1.4883,   0.9832,  -0.0070
8693500000.0000,  19.9033,   1.5055,   0.9828,  -0.0056
8696125000.0000,  19.8881,   1.5146,   0.9853,  -0.0051
8698750000.0000,  19.8940,   1.5100,   0.9812,  -0.0054
8701375000.0000,  19.8629,   1.5166,   0.9841,  -0.0029
8704000000.0000,  19.9031,   1.5057,   0.9834,  -0.0071
8706625000.0000,  19.8974,   1.5106,   0.9842,  -0.0033
8709250000.0000,  19.8678,   1.5020,   0.9814,  -0.0050
8711875000.0000,  19.8972,   1.4958,   0.9824,  -0.0084
8714500000.0000,  19.9012,   1.4791,   0.9839,  -0.0094
8717125000.0000,  19.9076,   1.4828,   0.9828,  -0.0078
8719750000.0000,  19.8939,   1.5427,   0.9820,  -0.0002
8722375000.0000,  19.8899,   1.5132,   0.9830,  -0.0042
8725000000.0000,  19.9134,   1.5123,   0.9860,  -0.0043
8727625000.0000,  19.8814,   1.5193,   0.9851,  -0.0034
8730250000.0000,  19.9094,   1.5227,   0.9830,  -0.0049
8732875000.0000,  19.9176,   1.5427,   0.9843,  -0.0032
8735500000.0000,  19.9002,   1.5471,   0.9867,  -0.0004
8738125000.0000,  19.9277,   1.5511,   0.9861,  -0.0022
8740750000.0000,  19.9005,   1.5492,   0.9846,  -0.0018
8743375000.0000,  19.9316,   1.5521,   0.9848,  -0.0022
8746000000.0000,  19.8949,   1.5494,   0.9838,  -0.0020
8748625000.0000,  19.9210,   1.5386,   0.9860,  -0.0030
8751250000.0000,  19.9241,   1.5538,   0.9830,  -0.0011
8753875000.0000,  19.9566,   1.5376,   0.9827,  -0.0061
8756500000.0000,  19.9177,   1.5803,   0.9841,   0.0015
8759125000.0000,  19.9422,   1.5677,   0.9852,  -0.0029
8761750000.0000,  19.9401,   1.5759,   0.9846,  -0.0021
8764375000.0000,  19.9332,   1.5686,   0.9853,   0.0009
8767000000.0000,  19.9540,   1.5858,   0.9829,   0.0006
8769625000.0000,  19.9679,   1.5561,   0.9840,  -0.0071
8772250000.0000,  19.9425,   1.5758,   0.9805,  -0.0028
8774875000.0000,  19.9381,   1.5824,   0.9826,  -0.0008
8777500000.0000,  19.9356,   1.5788,   0.9839,  -0.0051
8780125000.0000,  19.9518,   1.5802,   0.9844,  -0.0044
8782750000.0000,  19.9415,   1.5859,   0.9838,  -0.0045
8785375000.0000,  19.9694,   1.5846,   0.9825,  -0.0071
8788000000.0000,  19.9506,   1.6151,   0.9801,  -0.0001
8790625000.0000,  19.9328,   1.6013,   0.9796,  -0.0047
8793250000.0000,  19.9483,   1.6118,   0.9818,  -0.0025
8795875000.0000,  19.9457,   1.6067,   0.9800,  -0.0032
8798500000.0000,  19.9542,   1.6202,   0.9800,  -0.0040
8801125000.0000,  19.9682,   1.6075,   0.9819,  -0.0040
8803750000.0000,  19.9437,   1.6673,   0.9817,   0.0020
8806375000.0000,  19.9731,   1.5914,   0.9818,  -0.0098
8809000000.0000,  19.9453,   1.6452,   0.9801,  -0.0023
8811625000.0000,  19.9557,   1.6425,   0.9824,  -0.0049
8814250000.0000,  19.9584,   1.6452,   0.9825,  -0.0095
8816875000.0000,  19.9582,   1.6645,   0.9806,  -0.0016
8819500000.0000,  19.9790,   1.6328,   0.9806,  -0.0061
8822125000.0000,  19.9478,   1.6364,   0.9821,  -0.0058
8824750000.0000,  19.9474,   1.6711,   0.9808,  -0.0042
8827375000.0000,  19.9753,   1.6713,   0.9820,  -0.0045
8830000000.0000,  19.9794,   1.6520,   0.9838,  -0.0056
8832625000.0000,  19.9557,   1.6833,   0.9828,  -0.0049
8835250000.0000,  19.9647,   1.6364,   0.9824,  -0.0081
8837875000.0000,  19.9524,   1.6969,   0.9818,  -0.0037
8840500000.0000,  19.9329,   1.7073,   0.9837,  -0.0024
8843125000.0000,  19.9557,   1.7074,   0.9855,  -0.0018
8845750000.0000,  19.9794,   1.6849,   0.9838,  -0.0069
8848375000.0000,  19.9388,   1.7121,   0.9857,  -0.0026
8851000000.0000,  19.9684,   1.6959,   0.9850,  -0.0073
8853625000.0000,  19.9440,   1.7114,   0.9858,  -0.0056
8856250000.0000,  19.9586,   1.7114,   0.9869,  -0.0053
8858875000.0000,  19.9368,   1.7202,   0.9835,  -0.0039
8861500000.0000,  19.9359,   1.7149,   0.9862,  -0.0044
8864125000.0000,  19.9326,   1.7271,   0.9859,  -0.0045
8866750000.0000,  19.9255,   1.7352,   0.9872,  -0.0040
8869375000.0000,  19.9531,   1.7372,   0.9848,  -0.0031
8872000000.0000,  19.9428,   1.7754,   0.9879,  -0.0003
8874625000.0000,  19.9690,   1.7355,   0.9887,  -0.0073
8877250000.0000,  19.9606,   1.7905,   0.9879,  -0.0004
8879875000.0000,  19.9507,   1.7729,   0.9862,  -0.0016
8882500000.0000,  19.9418,   1.7474,   0.9901,  -0.0032
8885125000.0000,  19.9535,   1.7509,   0.9900,  -0.0043
8887750000.0000,  19.9365,   1.7870,   0.9868,   0.0014
8890375000.0000,  19.9561,   1.7637,   0.9887,  -0.0055
8893000000.0000,  19.9633,   1.7834,   0.9886,  -0.0029
8895625000.0000,  19.9549,   1.7843,   0.9896,  -0.0026
8898250000.0000,  19.9873,   1.8082,   0.9888,  -0.0044
8900875000.0000,  19.9416,   1.8081,   0.9915,  -0.0010
8903500000.0000,  19.9576,   1.8442,   0.9877,   0.0023
8906125000.0000,  19.9746,   1.8221,   0.9863,  -0.0043
8908750000.0000,  19.9653,   1.8349,   0.9879,  -0.0032
8911375000.0000,  19.9238,   1.8166,   0.9877,  -0.0044
8914000000.0000,  19.9474,   1.8864,   0.9904,   0.0008
8916625000.0000,  19.9624,   1.8633,   0.9862,  -0.0033
8919250000.0000,  19.9340,   1.8825,   0.9895,  -0.0016
8921875000.0000,  19.9745,   1.8646,   0.9860,  -0.0055
8924500000.0000,  19.9339,   1.8910,   0.9873,  -0.0032
8927125000.0000,  19.9176,   1.9031,   0.9868,  -0.0007
8929750000.0000,  19.9438,   1.8769,   0.9898,  -0.0083
8932375000.0000,  19.9413,   1.8813,   0.9877,  -0.0062
8935000000.0000,  19.9271,   1.9063,   0.9878,  -0.0076
8937625000.0000,  19.9234,   1.9066,   0.9856,  -0.0058
8940250000.0000,  19.9220,   1.9357,   0.9862,  -0.0035
8942875000.0000,  19.9250,   1.9304,   0.9878,  -0.0038
8945500000.0000,  19.8928,   1.9156,   0.9858,  -0.0065
8948125000.0000,  19.9050,   1.9247,   0.9869,  -0.0044
8950750000.0000,  19.9022,   1.9432,   0.9855,  -0.0043
8953375000.0000,  19.9202,   1.9228,   0.9871,  -0.0089
8956000000.0000,  19.8863,   1.9227,   0.9863,  -0.0069
8958625000.0000,  19.9006,   1.9837,   0.9900,  -0.0040
8961250000.0000,  19.8575,   1.9579,   0.9878,  -0.0064
8963875000.0000,  19.8664,   1.9298,   0.9848,  -0.0093
8966500000.0000,  19.8423,   1.9669,   0.9867,  -0.0060
8969125000.0000,  19.8585,   1.9698,   0.9877,  -0.0060
8971750000.0000,  19.8341,   1.9390,   0.9880,  -0.0081
8974375000.0000,  19.7928,   1.9591,   0.9860,  -0.0038
8977000000.0000,  19.8205,   1.9434,   0.9860,  -0.0063
8979625000.0000,  19.8075,   1.9605,   0.9871,  -0.0077
8982250000.0000,  19.8092,   1.9966,   0.9876,  -0.0019
8984875000.0000,  19.7923,   2.0274,   0.9883,   0.0010
8987500000.0000,  19.7857,   2.0123,   0.9875,  -0.0025
8990125000.0000,  19.7799,   1.9932,   0.9880,  -0.0035
8992750000.0000,  19.7490,   2.0269,   0.9892,  -0.0014
8995375000.0000,  19.7780,   1.9728,   0.9867,  -0.0103
8998000000.0000,  19.7506,   2.0311,   0.9889,   0.0003
9000625000.0000,  19.7221,   2.0262,   0.9880,   0.0003
9003250000.0000,  19.7257,   2.0194,   0.9876,  -0.0006
9005875000.0000,  19.7236,   2.0010,   0.9876,  -0.0017
9008500000.0000,  19.7071,   2.0554,   0.9899,   0.0029
9011125000.0000,  19.7350,   1.9685,   0.9874,  -0.0056
9013750000.0000,  19.6999,   2.0821,   0.9879,   0.0035
9016375000.0000,  19.6808,   2.0753,   0.9883,   0.0005
9019000000.0000,  19.6875,   2.0299,   0.9877,  -0.0041
9021625000.0000,  19.6917,   2.0349,   0.9888,   0.0003
9024250000.0000,  19.7156,   2.0396,   0.9884,  -0.0034
9026875000.0000,  19.6505,   2.0155,   0.9882,  -0.0061
9029500000.0000,  19.6966,   2.0436,   0.9891,  -0.0041
9032125000.0000,  19.6400,   2.0698,   0.9898,   0.0009
9034750000.0000,  19.6420,   2.0716,   0.9894,   0.0014
9037375000.0000,  19.6579,   2.0701,   0.9865,  -0.0041
9040000000.0000,  19.6594,   2.0758,   0.9887,  -0.0019
9042625000.0000,  19.6193,   2.0575,   0.9887,  -0.0033
9045250000.0000,  19.6232,   2.0857,   0.9931,  -0.0034
9047875000.0000,  19.6128,   2.0759,   0.9884,  -0.0008
9050500000.0000,  19.5981,   2.0812,   0.9936,  -0.0015
9053125000.0000,  19.6018,   2.0664,   0.9879,  -0.0019
9055750000.0000,  19.5622,   2.0917,   0.9890,  -0.0034
9058375000.0000,  19.5952,   2.0872,   0.9906,  -0.0039
9061000000.0000,  19.5781,   2.0721,   0.9898,  -0.0060
9063625000.0000,  19.5674,   2.0564,   0.9895,  -0.0045
9066250000.0000,  19.5527,   2.0720,   0.9898,  -0.0042
9068875000.0000,  19.5408,   2.0639,   0.9884,  -0.0050
9071500000.0000,  19.5347,   2.0824,   0.9893,  -0.0035
9074125000.0000,  19.5252,   2.0777,   0.9892,  -0.0024
9076750000.0000,  19.5276,   2.0663,   0.9894,  -0.0055
9079375000.0000,  19.5030,   2.0502,   0.9889,  -0.0047
9082000000.0000,  19.5158,   2.0454,   0.9894,  -0.0069
9084625000.0000,  19.4846,   2.0572,   0.9893,  -0.0047
9087250000.0000,  19.5209,   2.0261,   0.9881,  -0.0081
9089875000.0000,  19.4955,   2.0619,   0.9893,  -0.0043
9092500000.0000,  19.4989,   2.0400,   0.9913,  -0.0075
9095125000.0000,  19.4685,   2.0440,   0.9923,  -0.0047
9097750000.0000,  19.4400,   2.0448,   0.9928,  -0.0052
9100375000.0000,  19.4385,   2.0767,   0.9900,  -0.0023
9103000000.0000,  19.4471,   2.0435,   0.9915,  -0.0058
9105625000.0000,  19.4035,   2.0599,   0.9891,  -0.0014
9108250000.0000,  19.4271,   2.0312,   0.9916,  -0.0075
9110875000.0000,  19.4221,   2.0427,   0.9919,  -0.0041
9113500000.0000,  19.3998,   2.0458,   0.9940,  -0.0016
9116125000.0000,  19.3918,   2.0277,   0.9892,  -0.0059
9118750000.0000,  19.3837,   2.0020,   0.9908,  -0.0057
9121375000.0000,  19.4020,   2.0007,   0.9907,  -0.0098
9124000000.0000,  19.3774,   2.0277,   0.9890,  -0.0016
9126625000.0000,  19.3609,   1.9945,   0.9918,  -0.0056
9129250000.0000,  19.3406,   2.0171,   0.9891,  -0.0033
9131875000.0000,  19.3555,   1.9673,   0.9912,  -0.0079
9134500000.0000,  19.3127,   2.0000,   0.9932,  -0.0027
9137125000.0000,  19.3316,   1.9901,   0.9918,  -0.0033
9139750000.0000,  19.2979,   1.9865,   0.9908,  -0.0014
9142375000.0000,  19.3506,   1.9589,   0.9930,  -0.0073
9145000000.0000,  19.2898,   1.9759,   0.9926,  -0.0002
9147625000.0000,  19.2962,   1.9842,   0.9918,  -0.0015
9150250000.0000,  19.3286,   1.9205,   0.9929,  -0.0071
9152875000.0000,  19.2715,   1.9628,   0.9928,   0.0001
9155500000.0000,  19.2880,   1.9570,   0.9913,  -0.0030
9158125000.0000,  19.2501,   1.9339,   0.9915,  -0.0031
9160750000.0000,  19.2638,   1.9308,   0.9925,  -0.0039
9163375000.0000,  19.2902,   1.8874,   0.9900,  -0.0079
9166000000.0000,  19.2947,   1.8998,   0.9929,  -0.0057
9168625000.0000,  19.2789,   1.9038,   0.9920,  -0.0050
9171250000.0000,  19.2494,   1.9162,   0.9920,  -0.0036
9173875000.0000,  19.2473,   1.9096,   0.9941,  -0.0032
9176500000.0000,  19.2781,   1.9025,   0.9925,  -0.0018
9179125000.0000,  19.2385,   1.8937,   0.9949,  -0.0054
9181750000.0000,  19.2584,   1.9240,   0.9937,   0.0013
9184375000.0000,  19.2754,   1.8824,   0.9942,  -0.0034
9187000000.0000,  19.2435,   1.8589,   0.9935,  -0.0055
9189625000.0000,  19.2513,   1.8642,   0.9940,  -0.0045
9192250000.0000,  19.2625,   1.8587,   0.9918,  -0.0038
9194875000.0000,  19.2441,   1.8808,   0.9926,  -0.0045
9197500000.0000,  19.2356,   1.8542,   0.9936,  -0.0041
9200125000.0000,  19.2301,   1.8745,   0.9956,  -0.0016
9202750000.0000,  19.2389,   1.8486,   0.9957,  -0.0035
9205375000.0000,  19.2534,   1.8373,   0.9931,  -0.0031
9208000000.0000,  19.2328,   1.8551,   0.9953,   0.0011
9210625000.0000,  19.2525,   1.8368,   0.9955,  -0.0023
9213250000.0000,  19.2112,   1.8392,   0.9954,  -0.0014
9215875000.0000,  19.1924,   1.8366,   0.9931,   0.0001
9218500000.0000,  19.2235,   1.8053,   0.9944,  -0.0046
9221125000.0000,  19.2234,   1.8304,   0.9951,  -0.0015
9223750000.0000,  19.2243,   1.7890,   0.9947,  -0.0023
9226375000.0000,  19.2161,   1.7848,   0.9934,  -0.0044
9229000000.0000,  19.2109,   1.7692,   0.9944,  -0.0032
9231625000.0000,  19.2019,   1.8146,   0.9958,   0.0004
9234250000.0000,  19.1895,   1.8058,   0.9967,  -0.0004
9236875000.0000,  19.1931,   1.7312,   0.9951,  -0.0064
9239500000.0000,  19.1822,   1.7636,   0.9959,  -0.0019
9242125000.0000,  19.1685,   1.7774,   0.9938,   0.0010
9244750000.0000,  19.2190,   1.7350,   0.9954,  -0.0066
9247375000.0000,  19.1475,   1.7486,   0.9932,   0.0002
9250000000.0000,  19.1860,   1.7407,   0.9965,  -0.0033
9252625000.0000,  19.1728,   1.7116,   0.9948,  -0.0032
9255250000.0000,  19.1852,   1.7116,   0.9958,  -0.0025
9257875000.0000,  19.1877,   1.7298,   0.9958,  -0.0030
9260500000.0000,  19.1671,   1.7309,   0.9942,  -0.0001
9263125000.0000,  19.2194,   1.7025,   0.9957,  -0.0024
9265750000.0000,  19.1672,   1.7054,   0.9956,  -0.0006
9268375000.0000,  19.1642,   1.7015,   0.9954,   0.0010
9271000000.0000,  19.1692,   1.6816,   0.9951,  -0.0025
9273625000.0000,  19.1752,   1.6858,   0.9935,   0.0004
9276250000.0000,  19.1487,   1.6852,   0.9955,   0.0011
9278875000.0000,  19.1719,   1.6790,   0.9955,  -0.0020
9281500000.0000,  19.1720,   1.6758,   0.9960,  -0.0006
9284125000.0000,  19.1744,   1.6687,   0.9937,  -0.0009
9286750000.0000,  19.1936,   1.6600,   0.9972,  -0.0012
9289375000.0000,  19.1867,   1.6299,   0.9941,  -0.0049
9292000000.0000,  19.1997,   1.6637,   0.9964,   0.0001
9294625000.0000,  19.1825,   1.6808,   0.9962,   0.0046
9297250000.0000,  19.1804,   1.6674,   0.9970,   0.0017
9299875000.0000,  19.1995,   1.6291,   0.9970,   0.0001
9302500000.0000,  19.1847,   1.6631,   0.9960,   0.0024
9305125000.0000,  19.1785,   1.6471,   0.9966,   0.0010
9307750000.0000,  19.2137,   1.6161,   0.9951,  -0.0011
9310375000.0000,  19.2116,   1.6125,   0.9941,  -0.0041
9313000000.0000,  19.1979,   1.6554,   0.9974,   0.0006
9315625000.0000,  19.1964,   1.6404,   0.9954,   0.0018
9318250000.0000,  19.2053,   1.6037,   0.9938,  -0.0022
9320875000.0000,  19.2063,   1.5877,   0.9948,  -0.0049
9323500000.0000,  19.1933,   1.6062,   0.9956,  -0.0015
9326125000.0000,  19.1889,   1.6012,   0.9933,  -0.0016
9328750000.0000,  19.2053,   1.5978,   0.9966,  -0.0018
9331375000.0000,  19.1827,   1.6238,   0.9934,   0.0007
9334000000.0000,  19.2037,   1.6118,   0.9945,   0.0008
9336625000.0000,  19.2150,   1.5988,   0.9944,  -0.0006
9339250000.0000,  19.2013,   1.6132,   0.9946,   0.0013
9341875000.0000,  19.2011,   1.6002,   0.9927,   0.0014
9344500000.0000,  19.2089,   1.5787,   0.9932,  -0.0018
9347125000.0000,  19.2144,   1.5900,   0.9918,  -0.0003
9349750000.0000,  19.2124,   1.5661,   0.9942,  -0.0032
9352375000.0000,  19.2162,   1.5856,   0.9940,   0.0016
9355000000.0000,  19.2165,   1.5684,   0.9942,  -0.0001
9357625000.0000,  19.1874,   1.5544,   0.9923,  -0.0028
9360250000.0000,  19.2115,   1.5549,   0.9946,  -0.0029
9362875000.0000,  19.2025,   1.5756,   0.9922,  -0.0012
9365500000.0000,  19.2417,   1.5703,   0.9922,  -0.0003
9368125000.0000,  19.2147,   1.5140,   0.9924,  -0.0042
9370750000.0000,  19.1889,   1.5585,   0.9931,   0.0017
9373375000.0000,  19.2424,   1.5257,   0.9935,  -0.0038
9376000000.0000,  19.2273,   1.5731,   0.9934,   0.0000
9378625000.0000,  19.2148,   1.5326,   0.9943,  -0.0034
9381250000.0000,  19.2322,   1.5179,   0.9954,  -0.0032
9383875000.0000,  19.2183,   1.5249,   0.9925,  -0.0010
9386500000.0000,  19.2383,   1.5308,   0.9963,  -0.0013
9389125000.0000,  19.2512,   1.5068,   0.9953,  -0.0020
9391750000.0000,  19.2295,   1.5399,   0.9963,   0.0021
9394375000.0000,  19.1945,   1.5016,   0.9939,  -0.0018
9397000000.0000,  19.2237,   1.5185,   0.9960,  -0.0015
9399625000.0000,  19.2292,   1.5086,   0.9968,  -0.0016
9402250000.0000,  19.2657,   1.4979,   0.9943,  -0.0030
9404875000.0000,  19.2421,   1.5274,   0.9964,   0.0026
9407500000.0000,  19.1921,   1.5055,   0.9951,   0.0006
9410125000.0000,  19.2402,   1.5018,   0.9949,  -0.0021
9412750000.0000,  19.2318,   1.4858,   0.9952,  -0.0001
9415375000.0000,  19.2328,   1.4664,   0.9939,  -0.0015
9418000000.0000,  19.2449,   1.5112,   0.9949,   0.0010
9420625000.0000,  19.2323,   1.4676,   0.9932,  -0.0008
9423250000.0000,  19.2393,   1.4960,   0.9963,   0.0010
9425875000.0000,  19.2361,   1.5165,   0.9939,   0.0003
9428500000.0000,  19.2663,   1.4884,   0.9960,  -0.0010
9431125000.0000,  19.2243,   1.4972,   0.9944,  -0.0002
9433750000.0000,  19.2556,   1.5365,   0.9955,   0.0041
9436375000.0000,  19.2260,   1.5126,   0.9946,   0.0005
9439000000.0000,  19.2573,   1.5020,   0.9923,  -0.0005
9441625000.0000,  19.2282,   1.5192,   0.9967,   0.0045
9444250000.0000,  19.2481,   1.4501,   0.9931,  -0.0038
9446875000.0000,  19.2713,   1.4932,   0.9941,  -0.0020
9449500000.0000,  19.2729,   1.4845,   0.9954,  -0.0018
9452125000.0000,  19.2472,   1.5200,   0.9952,   0.0015
9454750000.0000,  19.2644,   1.5100,   0.9961,   0.0017
9457375000.0000,  19.2663,   1.4827,   0.9940,  -0.0014
9460000000.0000,  19.2821,   1.4812,   0.9950,  -0.0018
9462625000.0000,  19.2486,   1.4818,   0.9932,  -0.0025
9465250000.0000,  19.2593,   1.4948,   0.9951,   0.0018
9467875000.0000,  19.2596,   1.4692,   0.9922,  -0.0030
9470500000.0000,  19.2692,   1.5133,   0.9944,   0.0017
9473125000.0000,  19.2915,   1.4524,   0.9935,  -0.0037
9475750000.0000,  19.2676,   1.4914,   0.9926,  -0.0003
9478375000.0000,  19.2776,   1.4901,   0.9934,  -0.0012
9481000000.0000,  19.2808,   1.4738,   0.9950,  -0.0022
9483625000.0000,  19.2703,   1.4523,   0.9942,  -0.0021
9486250000.0000,  19.2669,   1.4439,   0.9927,  -0.0018
9488875000.0000,  19.2623,   1.4779,   0.9932,  -0.0014
9491500000.0000,  19.2782,   1.4603,   0.9928,  -0.0054
9494125000.0000,  19.2709,   1.4905,   0.9934,   0.0006
9496750000.0000,  19.2889,   1.4690,   0.9946,  -0.0013
9499375000.0000,  19.2800,   1.4644,   0.9937,  -0.0029
9502000000.0000,  19.2624,   1.4843,   0.9923,   0.0008
9504625000.0000,  19.2819,   1.4731,   0.9948,  -0.0004
9507250000.0000,  19.2529,   1.4810,   0.9933,   0.0001
9509875000.0000,  19.2676,   1.4290,   0.9951,  -0.0039
9512500000.0000,  19.2699,   1.4249,   0.9925,  -0.0050
9515125000.0000,  19.2804,   1.4524,   0.9942,  -0.0037
9517750000.0000,  19.2682,   1.4841,   0.9967,   0.0016
9520375000.0000,  19.2662,   1.4833,   0.9939,   0.0006
9523000000.0000,  19.2886,   1.4774,   0.9973,  -0.0019
9525625000.0000,  19.2442,   1.4284,   0.9955,  -0.0030
9528250000.0000,  19.2809,   1.4400,   0.9940,  -0.0012
9530875000.0000,  19.2475,   1.4369,   0.9928,  -0.0009
9533500000.0000,  19.2812,   1.4600,   0.9949,  -0.0011
9536125000.0000,  19.2883,   1.4833,   0.9948,   0.0048
9538750000.0000,  19.2850,   1.4509,   0.9942,  -0.0003
9541375000.0000,  19.2626,   1.4349,   0.9950,  -0.0006
9544000000.0000,  19.2689,   1.4479,   0.9937,   0.0015
9546625000.0000,  19.2887,   1.3980,   0.9946,  -0.0076
9549250000.0000,  19.2805,   1.4641,   0.9951,   0.0025
9551875000.0000,  19.2744,   1.4621,   0.9957,   0.0013
9554500000.0000,  19.2929,   1.4299,   0.9956,  -0.0011
9557125000.0000,  19.2466,   1.4648,   0.9979,   0.0015
9559750000.0000,  19.3037,   1.4358,   0.9984,  -0.0001
9562375000.0000,  19.2626,   1.4317,   0.9928,  -0.0016
9565000000.0000,  19.2700,   1.4420,   0.9965,   0.0001
9567625000.0000,  19.2628,   1.4620,   0.9953,   0.0024
9570250000.0000,  19.2499,   1.4467,   0.9976,   0.0016
9572875000.0000,  19.2540,   1.4447,   0.9956,   0.0017
9575500000.0000,  19.2531,   1.4789,   0.9952,   0.0040
9578125000.0000,  19.2735,   1.4883,   0.9951,   0.0046
9580750000.0000,  19.2662,   1.4593,   0.9968,   0.0028
9583375000.0000,  19.2676,   1.4355,   0.9967,  -0.0003
9586000000.0000,  19.2804,   1.4343,   0.9948,   0.0001
9588625000.0000,  19.2723,   1.4240,   0.9960,   0.0015
9591250000.0000,  19.2694,   1.4766,   0.9982,   0.0031
9593875000.0000,  19.2809,   1.4730,   0.9972,   0.0057
9596500000.0000,  19.2612,   1.4592,   0.9970,   0.0026
9599125000.0000,  19.2769,   1.4627,   0.9968,   0.0010
9601750000.0000,  19.2651,   1.4706,   0.9951,   0.0047
9604375000.0000,  19.2653,   1.4857,   0.9971,   0.0052
9607000000.0000,  19.2661,   1.4871,   0.9954,   0.0032
9609625000.0000,  19.2615,   1.4574,   0.9949,   0.0018
9612250000.0000,  19.2746,   1.4720,   0.9956,   0.0003
9614875000.0000,  19.2867,   1.4557,   0.9960,   0.0017
9617500000.0000,  19.2950,   1.4405,   0.9981,  -0.0022
9620125000.0000,  19.2928,   1.4923,   0.9962,   0.0030
9622750000.0000,  19.2979,   1.4518,   0.9956,  -0.0025
9625375000.0000,  19.2860,   1.4743,   0.9954,   0.0013
9628000000.0000,  19.2928,   1.4984,   0.9965,   0.0025
9630625000.0000,  19.2448,   1.4703,   0.9950,   0.0020
9633250000.0000,  19.2812,   1.5155,   0.9996,   0.0059
9635875000.0000,  19.2775,   1.4470,   0.9970,  -0.0014
9638500000.0000,  19.2868,   1.4711,   0.9972,  -0.0010
9641125000.0000,  19.2881,   1.4889,   0.9979,   0.0020
9643750000.0000,  19.2916,   1.4522,   0.9965,  -0.0028
9646375000.0000,  19.2612,   1.4640,   0.9975,  -0.0002
9649000000.0000,  19.3000,   1.4756,   0.9999,  -0.0005
9651625000.0000,  19.2675,   1.4588,   0.9986,   0.0005
9654250000.0000,  19.2987,   1.4625,   1.0006,   0.0011
9656875000.0000,  19.2597,   1.4399,   0.9978,  -0.0013
9659500000.0000,  19.2911,   1.4631,   0.9982,   0.0005
9662125000.0000,  19.2511,   1.4587,   0.9990,   0.0012
9664750000.0000,  19.2751,   1.4468,   0.9986,   0.0006
9667375000.0000,  19.2897,   1.4604,   0.9976,  -0.0004
9670000000.0000,  19.2920,   1.5045,   0.9999,   0.0045
9672625000.0000,  19.2740,   1.4730,   0.9990,   0.0016
9675250000.0000,  19.2975,   1.4407,   0.9989,  -0.0009
9677875000.0000,  19.2643,   1.4649,   0.9985,   0.0024
9680500000.0000,  19.2783,   1.4753,   0.9992,   0.0051
9683125000.0000,  19.2839,   1.4668,   0.9991,   0.0017
9685750000.0000,  19.3088,   1.4809,   1.0031,   0.0035
9688375000.0000,  19.3070,   1.4600,   1.0009,   0.0018
9691000000.0000,  19.3228,   1.4738,   0.9996,   0.0014
9693625000.0000,  19.3072,   1.5086,   0.9998,   0.0044
9696250000.0000,  19.3032,   1.4324,   0.9980,   0.0017
9698875000.0000,  19.2847,   1.4668,   1.0016,   0.0031
9701500000.0000,  19.3002,   1.4776,   0.9996,   0.0027
9704125000.0000,  19.3036,   1.4877,   1.0007,   0.0034
9706750000.0000,  19.2925,   1.5028,   0.9992,   0.0043
9709375000.0000,  19.3013,   1.4297,   0.9991,   0.0001
9712000000.0000,  19.2981,   1.4822,   1.0012,   0.0041
9714625000.0000,  19.3063,   1.4402,   0.9991,   0.0008
9717250000.0000,  19.3023,   1.4694,   0.9978,   0.0010
9719875000.0000,  19.3112,   1.4382,   0.9977,  -0.0005
9722500000.0000,  19.2935,   1.4894,   0.9993,   0.0030
9725125000.0000,  19.2969,   1.4760,   0.9984,   0.0022
9727750000.0000,  19.3037,   1.4669,   0.9983,   0.0006
9730375000.0000,  19.3014,   1.4738,   0.9986,   0.0018
9733000000.0000,  19.3113,   1.4225,   0.9973,  -0.0014
9735625000.0000,  19.3099,   1.4416,   0.9981,   0.0001
9738250000.0000,  19.2780,   1.4813,   0.9982,   0.0021
9740875000.0000,  19.2716,   1.4680,   0.9990,   0.0025
9743500000.0000,  19.2745,   1.5202,   0.9999,   0.0070
9746125000.0000,  19.2915,   1.4588,   0.9963,  -0.0009
9748750000.0000,  19.3019,   1.4662,   0.9975,   0.0018
9751375000.0000,  19.2966,   1.4485,   0.9981,   0.0002
9754000000.0000,  19.3085,   1.4562,   0.9991,   0.0001
9756625000.0000,  19.2761,   1.4799,   0.9994,   0.0010
9759250000.0000,  19.2859,   1.4564,   0.9988,   0.0003
9761875000.0000,  19.2777,   1.5028,   0.9989,   0.0032
9764500000.0000,  19.2734,   1.5069,   1.0010,   0.0037
9767125000.0000,  19.2782,   1.4704,   0.9985,   0.0008
9769750000.0000,  19.2828,   1.4806,   0.9979,   0.0013
9772375000.0000,  19.2838,   1.4861,   1.0002,   0.0030
9775000000.0000,  19.2930,   1.4768,   0.9984,  -0.0024
9777625000.0000,  19.2795,   1.4541,   0.9974,  -0.0003
9780250000.0000,  19.2507,   1.4686,   0.9975,  -0.0009
9782875000.0000,  19.2769,   1.4533,   0.9982,  -0.0004
9785500000.0000,  19.2783,   1.4804,   0.9997,   0.0016
9788125000.0000,  19.2490,   1.4622,   0.9997,   0.0018
9790750000.0000,  19.2915,   1.4689,   0.9993,   0.0006
9793375000.0000,  19.2530,   1.4311,   0.9971,  -0.0015
9796000000.0000,  19.2660,   1.4590,   0.9982,   0.0007
9798625000.0000,  19.2718,   1.5120,   0.9977,   0.0047
9801250000.0000,  19.2878,   1.4620,   1.0007,   0.0010
9803875000.0000,  19.2699,   1.4547,   1.0010,   0.0003
9806500000.0000,  19.2719,   1.4599,   0.9980,   0.0001
9809125000.0000,  19.2906,   1.4689,   1.0014,  -0.0011
9811750000.0000,  19.2823,   1.4743,   0.9998,  -0.0002
9814375000.0000,  19.2553,   1.4534,   0.9998,   0.0012
9817000000.0000,  19.2728,   1.4554,   1.0014,  -0.0014
9819625000.0000,  19.2568,   1.5034,   1.0009,   0.0033
9822250000.0000,  19.2596,   1.4710,   1.0019,   0.0036
9824875000.0000,  19.2461,   1.4662,   1.0002,   0.0015
9827500000.0000,  19.2478,   1.4720,   1.0023,   0.0025
9830125000.0000,  19.2555,   1.4798,   1.0021,   0.0031
9832750000.0000,  19.2587,   1.4839,   1.0006,   0.0010
9835375000.0000,  19.2433,   1.4898,   1.0009,   0.0030
9838000000.0000,  19.2593,   1.4825,   1.0010,   0.0024
9840625000.0000,  19.2477,   1.4857,   1.0016,   0.0007
9843250000.0000,  19.2348,   1.4676,   0.9997,   0.0030
9845875000.0000,  19.2507,   1.4785,   1.0024,   0.0033
9848500000.0000,  19.2421,   1.4847,   1.0003,   0.0027
9851125000.0000,  19.2461,   1.4931,   1.0004,   0.0016
9853750000.0000,  19.2062,   1.4677,   0.9995,   0.0025
9856375000.0000,  19.2539,   1.4888,   1.0024,   0.0004
9859000000.0000,  19.2239,   1.4799,   0.9987,   0.0043
9861625000.0000,  19.2471,   1.4721,   0.9997,   0.0005
9864250000.0000,  19.2327,   1.4685,   1.0028,   0.0015
9866875000.0000,  19.2314,   1.4708,   1.0007,   0.0030
9869500000.0000,  19.2169,   1.4681,   1.0006,   0.0021
9872125000.0000,  19.2408,   1.4855,   1.0026,   0.0018
9874750000.0000,  19.2226,   1.4740,   1.0000,   0.0009
9877375000.0000,  19.2131,   1.4761,   1.0008,   0.0024
9880000000.0000,  19.2174,   1.4689,   1.0008,   0.0005
9882625000.0000,  19.2413,   1.4669,   1.0004,  -0.0028
9885250000.0000,  19.2243,   1.4600,   1.0009,   0.0001
9887875000.0000,  19.2162,   1.4924,   1.0008,   0.0024
9890500000.0000,  19.2016,   1.4523,   1.0000,   0.0011
9893125000.0000,  19.1978,   1.4542,   1.0008,   0.0009
9895750000.0000,  19.2002,   1.4826,   1.0017,   0.0008
9898375000.0000,  19.1768,   1.4594,   1.0003,   0.0002
9901000000.0000,  19.1994,   1.4612,   1.0008,   0.0013
9903625000.0000,  19.1874,   1.4692,   1.0019,   0.0037
9906250000.0000,  19.1988,   1.4777,   1.0026,   0.0035
9908875000.0000,  19.1756,   1.4650,   1.0011,   0.0013
9911500000.0000,  19.1949,   1.4572,   1.0024,  -0.0004
9914125000.0000,  19.2047,   1.4438,   1.0016,  -0.0014
9916750000.0000,  19.1742,   1.4471,   1.0005,   0.0013
9919375000.0000,  19.1742,   1.4529,   1.0005,   0.0002
9922000000.0000,  19.1592,   1.4450,   1.0009,   0.0017
9924625000.0000,  19.1720,   1.4228,   1.0010,  -0.0010
9927250000.0000,  19.1417,   1.4385,   1.0004,  -0.0001
9929875000.0000,  19.1455,   1.4329,   1.0032,   0.0017
9932500000.0000,  19.1579,   1.4358,   1.0036,   0.0016
9935125000.0000,  19.1470,   1.4732,   1.0022,   0.0056
9937750000.0000,  19.1605,   1.4236,   1.0013,   0.0003
9940375000.0000,  19.1497,   1.4301,   1.0035,   0.0019
9943000000.0000,  19.1584,   1.4314,   1.0030,   0.0019
9945625000.0000,  19.1503,   1.4029,   1.0033,   0.0005
9948250000.0000,  19.1448,   1.4402,   1.0033,   0.0024
9950875000.0000,  19.1479,   1.4109,   1.0026,   0.0003
9953500000.0000,  19.1151,   1.4068,   1.0006,   0.0015
9956125000.0000,  19.1482,   1.4051,   1.0027,   0.0015
9958750000.0000,  19.1195,   1.4278,   1.0018,   0.0027
9961375000.0000,  19.1474,   1.4189,   1.0035,   0.0029
9964000000.0000,  19.1356,   1.4356,   1.0049,   0.0030
9966625000.0000,  19.1124,   1.4203,   1.0037,   0.0027
9969250000.0000,  19.1213,   1.3804,   1.0015,   0.0017
9971875000.0000,  19.1344,   1.4015,   1.0025,   0.0008
9974500000.0000,  19.1295,   1.3841,   1.0032,   0.0004
9977125000.0000,  19.1239,   1.4004,   1.0022,  -0.0001
9979750000.0000,  19.1273,   1.3699,   1.0020,   0.0005
9982375000.0000,  19.1269,   1.4013,   1.0029,   0.0031
9985000000.0000,  19.1119,   1.3802,   1.0022,   0.0025
9987625000.0000,  19.1329,   1.3831,   1.0025,   0.0008
9990250000.0000,  19.1377,   1.3907,   1.0039,   0.0019
9992875000.0000,  19.1185,   1.4095,   1.0023,   0.0030
9995500000.0000,  19.1219,   1.3672,   1.0028,   0.0023
9998125000.0000,  19.0974,   1.3909,   1.0015,   0.0041
10000750000.0000,  19.1309,   1.3870,   1.0030,   0.0054
10003375000.0000,  19.1237,   1.3656,   1.0023,   0.0015
10006000000.0000,  19.1251,   1.3589,   1.0027,   0.0015
10008625000.0000,  19.1259,   1.3845,   1.0024,   0.0029
10011250000.0000,  19.1126,   1.3974,   1.0012,   0.0038
10013875000.0000,  19.1163,   1.3780,   1.0024,   0.0032
10016500000.0000,  19.1159,   1.3888,   1.0014,   0.0027
10019125000.0000,  19.1176,   1.3935,   1.0038,   0.0042
10021750000.0000,  19.1112,   1.3672,   1.0032,   0.0023
10024375000.0000,  19.1126,   1.3605,   1.0026,   0.0005
10027000000.0000,  19.0967,   1.3807,   1.0031,   0.0039
10029625000.0000,  19.1180,   1.3575,   1.0043,   0.0009
10032250000.0000,  19.1054,   1.3315,   1.0029,   0.0007
10034875000.0000,  19.1062,   1.3643,   1.0050,   0.0007
10037500000.0000,  19.1316,   1.3444,   1.0038,   0.0012
10040125000.0000,  19.1033,   1.3685,   1.0023,   0.0029
10042750000.0000,  19.0997,   1.3607,   1.0011,   0.0024
10045375000.0000,  19.0877,   1.3436,   1.0045,   0.0015
10048000000.0000,  19.1146,   1.3559,   1.0049,   0.0019
10050625000.0000,  19.0895,   1.3488,   1.0042,   0.0024
10053250000.0000,  19.0991,   1.3489,   1.0016,   0.0031
10055875000.0000,  19.1219,   1.3284,   1.0038,   0.0007
10058500000.0000,  19.1199,   1.3356,   1.0046,   0.0012
10061125000.0000,  19.1104,   1.3338,   1.0045,   0.0014
10063750000.0000,  19.1100,   1.3291,   1.0067,   0.0023
10066375000.0000,  19.0894,   1.3161,   1.0038,   0.0015
10069000000.0000,  19.1038,   1.3151,   1.0061,   0.0018
10071625000.0000,  19.1004,   1.3068,   1.0057,   0.0016
10074250000.0000,  19.1007,   1.3148,   1.0040,   0.0012
10076875000.0000,  19.0872,   1.2802,   1.0031,   0.0014
10079500000.0000,  19.1069,   1.3030,   1.0047,   0.0016
10082125000.0000,  19.0919,   1.2653,   1.0036,   0.0017
10084750000.0000,  19.0799,   1.3066,   1.0041,   0.0078
10087375000.0000,  19.0675,   1.2975,   1.0044,   0.0036
10090000000.0000,  19.1004,   1.2800,   1.0051,   0.0048
10092625000.0000,  19.1031,   1.2737,   1.0045,   0.0034
10095250000.0000,  19.0980,   1.2817,   1.0056,   0.0052
10097875000.0000,  19.0620,   1.2891,   1.0026,   0.0065
10100500000.0000,  19.0817,   1.2679,   1.0041,   0.0038
10103125000.0000,  19.0731,   1.2862,   1.0043,   0.0058
10105750000.0000,  19.0745,   1.2650,   1.0062,   0.0060
10108375000.0000,  19.0886,   1.2608,   1.0042,   0.0034
10111000000.0000,  19.0748,   1.2637,   1.0047,   0.0052
10113625000.0000,  19.0910,   1.2569,   1.0050,   0.0033
10116250000.0000,  19.1029,   1.2653,   1.0033,   0.0047
10118875000.0000,  19.0805,   1.2663,   1.0047,   0.0055
10121500000.0000,  19.0995,   1.2787,   1.0058,   0.0060
10124125000.0000,  19.1037,   1.2644,   1.0050,   0.0051
10126750000.0000,  19.0970,   1.2605,   1.0034,   0.0044
10129375000.0000,  19.1008,   1.2860,   1.0039,   0.0078
10132000000.0000,  19.0762,   1.2678,   1.0042,   0.0063
10134625000.0000,  19.1008,   1.2625,   1.0033,   0.0043
10137250000.0000,  19.0918,   1.2413,   1.0040,   0.0047
10139875000.0000,  19.1090,   1.2659,   1.0055,   0.0051
10142500000.0000,  19.0968,   1.2408,   1.0034,   0.0049
10145125000.0000,  19.1176,   1.2561,   1.0040,   0.0052
10147750000.0000,  19.0807,   1.2518,   1.0063,   0.0059
10150375000.0000,  19.1112,   1.2506,   1.0056,   0.0040
10153000000.0000,  19.1055,   1.2547,   1.0061,   0.0061
10155625000.0000,  19.0854,   1.2455,   1.0043,   0.0058
10158250000.0000,  19.0969,   1.2656,   1.0059,   0.0054
10160875000.0000,  19.0999,   1.2154,   1.0052,   0.0017
10163500000.0000,  19.0898,   1.2386,   1.0046,   0.0064
10166125000.0000,  19.0920,   1.2564,   1.0035,   0.0051
10168750000.0000,  19.1235,   1.2272,   1.0060,   0.0030
10171375000.0000,  19.1005,   1.2343,   1.0048,   0.0057
10174000000.0000,  19.0906,   1.2137,   1.0028,   0.0043
10176625000.0000,  19.1112,   1.2249,   1.0053,   0.0041
10179250000.0000,  19.1145,   1.2319,   1.0071,   0.0056
10181875000.0000,  19.0833,   1.2323,   1.0026,   0.0051
10184500000.0000,  19.1215,   1.2004,   1.0052,   0.0034
10187125000.0000,  19.1013,   1.2137,   1.0043,   0.0046
10189750000.0000,  19.0857,   1.2314,   1.0040,   0.0059
10192375000.0000,  19.1288,   1.1819,   1.0066,   0.0028
10195000000.0000,  19.1007,   1.2061,   1.0038,   0.0043
10197625000.0000,  19.0815,   1.2135,   1.0041,   0.0077
10200250000.0000,  19.0959,   1.2031,   1.0029,   0.0067
10202875000.0000,  19.1130,   1.1769,   1.0035,   0.0027
10205500000.0000,  19.1146,   1.2005,   1.0042,   0.0066
10208125000.0000,  19.1162,   1.1926,   1.0059,   0.0062
10210750000.0000,  19.1049,   1.1944,   1.0045,   0.0047
10213375000.0000,  19.1151,   1.2026,   1.0041,   0.0053
10216000000.0000,  19.1261,   1.2025,   1.0038,   0.0058
10218625000.0000,  19.1166,   1.1749,   1.0022,   0.0038
10221250000.0000,  19.1052,   1.1756,   1.0023,   0.0052
10223875000.0000,  19.1243,   1.1809,   1.0025,   0.0056
10226500000.0000,  19.1069,   1.1639,   1.0017,   0.0048
10229125000.0000,  19.1243,   1.1679,   1.0026,   0.0050
10231750000.0000,  19.1193,   1.1752,   1.0018,   0.0052
10234375000.0000,  19.1241,   1.1676,   1.0029,   0.0060
10237000000.0000,  19.1538,   1.1517,   1.0015,   0.0028
10239625000.0000,  19.1287,   1.1545,   1.0036,   0.0033
10242250000.0000,  19.1474,   1.1910,   1.0037,   0.0066
10244875000.0000,  19.1591,   1.1521,   1.0030,   0.0058
10247500000.0000,  19.1246,   1.1517,   1.0012,   0.0057
10250125000.0000,  19.1545,   1.1859,   1.0032,   0.0065
10252750000.0000,  19.1309,   1.1646,   1.0020,   0.0064
10255375000.0000,  19.1441,   1.1584,   1.0016,   0.0054
10258000000.0000,  19.1331,   1.1429,   1.0015,   0.0051
10260625000.0000,  19.1414,   1.1735,   1.0017,   0.0068
10263250000.0000,  19.1691,   1.1604,   1.0023,   0.0062
10265875000.0000,  19.1546,   1.1395,   1.0026,   0.0041
10268500000.0000,  19.1571,   1.1446,   1.0007,   0.0034
10271125000.0000,  19.1328,   1.1486,   1.0017,   0.0078
10273750000.0000,  19.1102,   1.1859,   1.0035,   0.0075
10276375000.0000,  19.1211,   1.1643,   1.0017,   0.0075
10279000000.0000,  19.1399,   1.1429,   1.0024,   0.0067
10281625000.0000,  19.1466,   1.1487,   1.0035,   0.0048
10284250000.0000,  19.1437,   1.1510,   1.0028,   0.0059
10286875000.0000,  19.1580,   1.1488,   1.0035,   0.0060
10289500000.0000,  19.1322,   1.1551,   1.0017,   0.0059
10292125000.0000,  19.1161,   1.1407,   1.0021,   0.0055
10294750000.0000,  19.1227,   1.1663,   1.0024,   0.0076
10297375000.0000,  19.1257,   1.1831,   1.0044,   0.0084
10300000000.0000,  19.1294,   1.1507,   1.0012,   0.0058
10302625000.0000,  19.1341,   1.1608,   1.0029,   0.0070
10305250000.0000,  19.1202,   1.1399,   1.0021,   0.0067
10307875000.0000,  19.1273,   1.1331,   1.0032,   0.0059
10310500000.0000,  19.1368,   1.1551,   1.0040,   0.0059
10313125000.0000,  19.1438,   1.1409,   1.0031,   0.0056
10315750000.0000,  19.1585,   1.1592,   1.0046,   0.0074
10318375000.0000,  19.1407,   1.1252,   1.0042,   0.0033
10321000000.0000,  19.1313,   1.1247,   1.0023,   0.0044
10323625000.0000,  19.1327,   1.1343,   1.0036,   0.0048
10326250000.0000,  19.1399,   1.1717,   1.0047,   0.0079
10328875000.0000,  19.1504,   1.1216,   1.0025,   0.0047
10331500000.0000,  19.1483,   1.1230,   1.0041,   0.0049
10334125000.0000,  19.1487,   1.1203,   1.0035,   0.0046
10336750000.0000,  19.1462,   1.1525,   1.0046,   0.0069
10339375000.0000,  19.1693,   1.1190,   1.0046,   0.0051
10342000000.0000,  19.1599,   1.1410,   1.0062,   0.0063
10344625000.0000,  19.1611,   1.0970,   1.0047,   0.0034
10347250000.0000,  19.1704,   1.1221,   1.0057,   0.0059
10349875000.0000,  19.1684,   1.1173,   1.0043,   0.0055
10352500000.0000,  19.1540,   1.0995,   1.0041,   0.0060
10355125000.0000,  19.1820,   1.1164,   1.0052,   0.0041
10357750000.0000,  19.1728,   1.1221,   1.0039,   0.0076
10360375000.0000,  19.1388,   1.0759,   1.0020,   0.0038
10363000000.0000,  19.1628,   1.0749,   1.0039,   0.0051
10365625000.0000,  19.1706,   1.1073,   1.0034,   0.0057
10368250000.0000,  19.1691,   1.0742,   1.0011,   0.0038
10370875000.0000,  19.1922,   1.0904,   1.0038,   0.0061
10373500000.0000,  19.1773,   1.1310,   1.0041,   0.0084
10376125000.0000,  19.1847,   1.1238,   1.0047,   0.0068
10378750000.0000,  19.1761,   1.1229,   1.0045,   0.0084
10381375000.0000,  19.1710,   1.1025,   1.0035,   0.0078
10384000000.0000,  19.1834,   1.1006,   1.0024,   0.0062
10386625000.0000,  19.1649,   1.1044,   1.0018,   0.0089
10389250000.0000,  19.2078,   1.0929,   1.0015,   0.0051
10391875000.0000,  19.1916,   1.0859,   1.0003,   0.0061
10394500000.0000,  19.1794,   1.0926,   0.9993,   0.0074
10397125000.0000,  19.1886,   1.0796,   1.0018,   0.0042
10399750000.0000,  19.1726,   1.0643,   1.0004,   0.0056
10402375000.0000,  19.1691,   1.0786,   0.9990,   0.0059
10405000000.0000,  19.1942,   1.0849,   1.0013,   0.0051
10407625000.0000,  19.1787,   1.0824,   0.9987,   0.0050
10410250000.0000,  19.1867,   1.0889,   1.0002,   0.0046
10412875000.0000,  19.1777,   1.1018,   1.0008,   0.0069
10415500000.0000,  19.1832,   1.1025,   1.0006,   0.0056
10418125000.0000,  19.1882,   1.0901,   0.9999,   0.0045
10420750000.0000,  19.1791,   1.0914,   0.9995,   0.0060
10423375000.0000,  19.1547,   1.0759,   0.9990,   0.0058
10426000000.0000,  19.1617,   1.0709,   1.0000,   0.0045
10428625000.0000,  19.1510,   1.0983,   1.0005,   0.0069
10431250000.0000,  19.1564,   1.0730,   1.0010,   0.0049
10433875000.0000,  19.1404,   1.0766,   0.9992,   0.0061
10436500000.0000,  19.1696,   1.1043,   1.0013,   0.0063
10439125000.0000,  19.1274,   1.0938,   1.0004,   0.0073
10441750000.0000,  19.1574,   1.0625,   1.0027,   0.0050
10444375000.0000,  19.1601,   1.0890,   1.0011,   0.0067
10447000000.0000,  19.1580,   1.0877,   1.0032,   0.0066
10449625000.0000,  19.1442,   1.1092,   1.0026,   0.0081
10452250000.0000,  19.1555,   1.0779,   1.0025,   0.0051
10454875000.0000,  19.1546,   1.0832,   1.0012,   0.0054
10457500000.0000,  19.1381,   1.0503,   1.0030,   0.0058
10460125000.0000,  19.1615,   1.0823,   1.0018,   0.0062
10462750000.0000,  19.1643,   1.0759,   1.0035,   0.0059
10465375000.0000,  19.1396,   1.0863,   1.0031,   0.0070
10468000000.0000,  19.1408,   1.0912,   1.0043,   0.0071
10470625000.0000,  19.1524,   1.0777,   1.0041,   0.0069
10473250000.0000,  19.1747,   1.0750,   1.0049,   0.0084
10475875000.0000,  19.1556,   1.0602,   1.0047,   0.0062
10478500000.0000,  19.1746,   1.1151,   1.0068,   0.0086
10481125000.0000,  19.1704,   1.0598,   1.0055,   0.0065
10483750000.0000,  19.1715,   1.0845,   1.0065,   0.0077
10486375000.0000,  19.1709,   1.0421,   1.0055,   0.0069
10489000000.0000,  19.1789,   1.0454,   1.0059,   0.0077
10491625000.0000,  19.1809,   1.0825,   1.0075,   0.0083
10494250000.0000,  19.1912,   1.0704,   1.0078,   0.0077
10496875000.0000,  19.1781,   1.0489,   1.0057,   0.0075
10499500000.0000,  19.2325,   1.0502,   1.0078,   0.0084
10502125000.0000,  19.2051,   1.0793,   1.0066,   0.0101
10504750000.0000,  19.2348,   1.0532,   1.0088,   0.0084
10507375000.0000,  19.2296,   1.0474,   1.0068,   0.0091
10510000000.0000,  19.2154,   1.0763,   1.0067,   0.0077
10512625000.0000,  19.2367,   1.0835,   1.0078,   0.0071
10515250000.0000,  19.2093,   1.0390,   1.0073,   0.0069
10517875000.0000,  19.2775,   1.0297,   1.0075,   0.0039
10520500000.0000,  19.2523,   1.0664,   1.0068,   0.0056
10523125000.0000,  19.2269,   1.0832,   1.0062,   0.0080
10525750000.0000,  19.2623,   1.0874,   1.0081,   0.0058
10528375000.0000,  19.2963,   1.0630,   1.0081,   0.0057
10531000000.0000,  19.2783,   1.0468,   1.0080,   0.0054
10533625000.0000,  19.2983,   1.1003,   1.0087,   0.0058
10536250000.0000,  19.2485,   1.0773,   1.0086,   0.0063
10538875000.0000,  19.2546,   1.0637,   1.0044,   0.0078
10541500000.0000,  19.2689,   1.0859,   1.0041,   0.0057
10544125000.0000,  19.2546,   1.0554,   1.0067,   0.0061
10546750000.0000,  19.2786,   1.0799,   1.0088,   0.0059
10549375000.0000,  19.2418,   1.0746,   1.0083,   0.0079
10552000000.0000,  19.2303,   1.0805,   1.0073,   0.0069
10554625000.0000,  19.2797,   1.0639,   1.0069,   0.0062
10557250000.0000,  19.2494,   1.0590,   1.0057,   0.0070
10559875000.0000,  19.3122,   1.0636,   1.0089,   0.0048
10562500000.0000,  19.3172,   1.0669,   1.0088,   0.0063
10565125000.0000,  19.2570,   1.0457,   1.0045,   0.0052
10567750000.0000,  19.2896,   1.1208,   1.0071,   0.0084
10570375000.0000,  19.2197,   1.1340,   1.0082,   0.0110
10573000000.0000,  19.2874,   1.1374,   1.0102,   0.0088
10575625000.0000,  19.3330,   1.1292,   1.0097,   0.0083
10578250000.0000,  19.2848,   1.0734,   1.0092,   0.0064
10580875000.0000,  19.2555,   1.0685,   1.0074,   0.0069
10583500000.0000,  19.2410,   1.0421,   1.0071,   0.0033
10586125000.0000,  19.2618,   1.0649,   1.0076,   0.0091
10588750000.0000,  19.2361,   1.0755,   1.0097,   0.0051
10591375000.0000,  19.2952,   1.0703,   1.0090,   0.0061
10594000000.0000,  19.2902,   1.0660,   1.0097,   0.0067
10596625000.0000,  19.3083,   1.0696,   1.0075,   0.0046
10599250000.0000,  19.2235,   1.0868,   1.0074,   0.0090
10601875000.0000,  19.2647,   1.0166,   1.0084,   0.0066
10604500000.0000,  19.2770,   1.0663,   1.0116,   0.0070
10607125000.0000,  19.2820,   1.0533,   1.0111,   0.0050
10609750000.0000,  19.2528,   1.0485,   1.0100,   0.0076
10612375000.0000,  19.2901,   1.0559,   1.0110,   0.0048
10615000000.0000,  19.2908,   1.0921,   1.0087,   0.0098
10617625000.0000,  19.3067,   1.0627,   1.0087,   0.0081
10620250000.0000,  19.2794,   1.0584,   1.0100,   0.0051
10622875000.0000,  19.2655,   1.0646,   1.0096,   0.0077
10625500000.0000,  19.2842,   1.0683,   1.0088,   0.0073
10628125000.0000,  19.2429,   1.0689,   1.0080,   0.0082
10630750000.0000,  19.2881,   1.0866,   1.0094,   0.0094
10633375000.0000,  19.3046,   1.0821,   1.0115,   0.0095
10636000000.0000,  19.2680,   1.0983,   1.0102,   0.0094
10638625000.0000,  19.2835,   1.0493,   1.0068,   0.0053
10641250000.0000,  19.3242,   1.0521,   1.0081,   0.0099
10643875000.0000,  19.2848,   1.0767,   1.0102,   0.0073
10646500000.0000,  19.3029,   1.0811,   1.0097,   0.0086
10649125000.0000,  19.2733,   1.0698,   1.0084,   0.0100
10651750000.0000,  19.3278,   1.0361,   1.0108,   0.0056
10654375000.0000,  19.2671,   1.1084,   1.0062,   0.0123
10657000000.0000,  19.3467,   1.0590,   1.0110,   0.0086
10659625000.0000,  19.3307,   1.0814,   1.0088,   0.0083
10662250000.0000,  19.3076,   1.1029,   1.0055,   0.0086
10664875000.0000,  19.3045,   1.0858,   1.0114,   0.0081
10667500000.0000,  19.2670,   1.0835,   1.0088,   0.0117
10670125000.0000,  19.3314,   1.1045,   1.0116,   0.0082
10672750000.0000,  19.3233,   1.1003,   1.0085,   0.0103
10675375000.0000,  19.3235,   1.0799,   1.0098,   0.0070
10678000000.0000,  19.3002,   1.0610,   1.0080,   0.0053
10680625000.0000,  19.3344,   1.1129,   1.0098,   0.0109
10683250000.0000,  19.3130,   1.0761,   1.0070,   0.0053
10685875000.0000,  19.3361,   1.0936,   1.0092,   0.0113
10688500000.0000,  19.3112,   1.0629,   1.0054,   0.0089
10691125000.0000,  19.3303,   1.0816,   1.0101,   0.0078
10693750000.0000,  19.3459,   1.0622,   1.0086,   0.0067
10696375000.0000,  19.3855,   1.1062,   1.0093,   0.0079
10699000000.0000,  19.3682,   1.0412,   1.0080,   0.0067
10701625000.0000,  19.3432,   1.0728,   1.0069,   0.0076
10704250000.0000,  19.2988,   1.0985,   1.0053,   0.0079
10706875000.0000,  19.3212,   1.0823,   1.0079,   0.0053
10709500000.0000,  19.2847,   1.0606,   1.0052,   0.0082
10712125000.0000,  19.3042,   1.0754,   1.0063,   0.0072
10714750000.0000,  19.3057,   1.0725,   1.0078,   0.0082
10717375000.0000,  19.2992,   1.1319,   1.0089,   0.0104
10720000000.0000,  19.2908,   1.0433,   1.0078,   0.0069
10722625000.0000,  19.3576,   1.0864,   1.0068,   0.0073
10725250000.0000,  19.2794,   1.0694,   1.0063,   0.0078
10727875000.0000,  19.2689,   1.0678,   1.0058,   0.0073
10730500000.0000,  19.2895,   1.0447,   1.0057,   0.0064
10733125000.0000,  19.2907,   1.1347,   1.0047,   0.0127
10735750000.0000,  19.3037,   1.0976,   1.0074,   0.0082
10738375000.0000,  19.2487,   1.1006,   1.0078,   0.0104
10741000000.0000,  19.2673,   1.0749,   1.0065,   0.0090
10743625000.0000,  19.2931,   1.0901,   1.0058,   0.0103
10746250000.0000,  19.2679,   1.1042,   1.0060,   0.0113
10748875000.0000,  19.3033,   1.0632,   1.0081,   0.0068
10751500000.0000,  19.3144,   1.0867,   1.0073,   0.0102
10754125000.0000,  19.2880,   1.0572,   1.0068,   0.0073
10756750000.0000,  19.2662,   1.0782,   1.0065,   0.0107
10759375000.0000,  19.3031,   1.0726,   1.0073,   0.0083
10762000000.0000,  19.3186,   1.0653,   1.0070,   0.0086
10764625000.0000,  19.2838,   1.1000,   1.0075,   0.0096
10767250000.0000,  19.3285,   1.0375,   1.0055,   0.0058
10769875000.0000,  19.2998,   1.0475,   1.0063,   0.0076
10772500000.0000,  19.2746,   1.1021,   1.0072,   0.0123
10775125000.0000,  19.2741,   1.0537,   1.0073,   0.0096
10777750000.0000,  19.2968,   1.0810,   1.0086,   0.0097
10780375000.0000,  19.3063,   1.0820,   1.0086,   0.0118
10783000000.0000,  19.3675,   1.1392,   1.0100,   0.0115
10785625000.0000,  19.2640,   1.1216,   1.0085,   0.0100
10788250000.0000,  19.2817,   1.0657,   1.0037,   0.0100
10790875000.0000,  19.2938,   1.0919,   1.0070,   0.0117
10793500000.0000,  19.2973,   1.0851,   1.0061,   0.0111
10796125000.0000,  19.3213,   1.1159,   1.0071,   0.0124
10798750000.0000,  19.3377,   1.1024,   1.0092,   0.0106
10801375000.0000,  19.3218,   1.1033,   1.0087,   0.0106
10804000000.0000,  19.3392,   1.1166,   1.0081,   0.0103
10806625000.0000,  19.2887,   1.1339,   1.0065,   0.0103
10809250000.0000,  19.3274,   1.1062,   1.0078,   0.0102
10811875000.0000,  19.2923,   1.1193,   1.0066,   0.0122
10814500000.0000,  19.3505,   1.0854,   1.0093,   0.0062
10817125000.0000,  19.2810,   1.0984,   1.0081,   0.0095
10819750000.0000,  19.3131,   1.0989,   1.0085,   0.0094
10822375000.0000,  19.3472,   1.1415,   1.0076,   0.0115
10825000000.0000,  19.3499,   1.1311,   1.0079,   0.0082
10827625000.0000,  19.3271,   1.1269,   1.0054,   0.0095
10830250000.0000,  19.3220,   1.1243,   1.0098,   0.0087
10832875000.0000,  19.2902,   1.1217,   1.0072,   0.0068
10835500000.0000,  19.3517,   1.1055,   1.0090,   0.0095
10838125000.0000,  19.3170,   1.1370,   1.0090,   0.0078
10840750000.0000,  19.3101,   1.0992,   1.0080,   0.0082
10843375000.0000,  19.3455,   1.1112,   1.0084,   0.0082
10846000000.0000,  19.2984,   1.1030,   1.0071,   0.0074
10848625000.0000,  19.2959,   1.1198,   1.0104,   0.0108
10851250000.0000,  19.3501,   1.1155,   1.0069,   0.0083
10853875000.0000,  19.3314,   1.1233,   1.0079,   0.0104
10856500000.0000,  19.2845,   1.1312,   1.0093,   0.0095
10859125000.0000,  19.2633,   1.1182,   1.0087,   0.0091
10861750000.0000,  19.3528,   1.0672,   1.0071,   0.0058
10864375000.0000,  19.2846,   1.1398,   1.0106,   0.0106
10867000000.0000,  19.3239,   1.1166,   1.0101,   0.0069
10869625000.0000,  19.3361,   1.1393,   1.0084,   0.0100
10872250000.0000,  19.3085,   1.1136,   1.0099,   0.0103
10874875000.0000,  19.2976,   1.0936,   1.0088,   0.0099
10877500000.0000,  19.2741,   1.1206,   1.0071,   0.0119
10880125000.0000,  19.3111,   1.0963,   1.0087,   0.0094
10882750000.0000,  19.3212,   1.0730,   1.0079,   0.0077
10885375000.0000,  19.2931,   1.0810,   1.0108,   0.0086
10888000000.0000,  19.2964,   1.1046,   1.0076,   0.0107
10890625000.0000,  19.3271,   1.1156,   1.0078,   0.0092
10893250000.0000,  19.3087,   1.1110,   1.0073,   0.0105
10895875000.0000,  19.3254,   1.1073,   1.0080,   0.0115
10898500000.0000,  19.2908,   1.1004,   1.0097,   0.0113
10901125000.0000,  19.3148,   1.1505,   1.0093,   0.0111
10903750000.0000,  19.3269,   1.0938,   1.0085,   0.0097
10906375000.0000,  19.3156,   1.0877,   1.0079,   0.0103
10909000000.0000,  19.3378,   1.1001,   1.0083,   0.0111
10911625000.0000,  19.3227,   1.1202,   1.0075,   0.0103
10914250000.0000,  19.3474,   1.1384,   1.0085,   0.0112
10916875000.0000,  19.3405,   1.1238,   1.0079,   0.0115
10919500000.0000,  19.3260,   1.0708,   1.0086,   0.0086
10922125000.0000,  19.3530,   1.1209,   1.0102,   0.0097
10924750000.0000,  19.3085,   1.1336,   1.0061,   0.0125
10927375000.0000,  19.3623,   1.0942,   1.0071,   0.0100
10930000000.0000,  19.3271,   1.1409,   1.0095,   0.0115
10932625000.0000,  19.3374,   1.1269,   1.0083,   0.0093
10935250000.0000,  19.3141,   1.1199,   1.0066,   0.0073
10937875000.0000,  19.3077,   1.1209,   1.0089,   0.0100
10940500000.0000,  19.3239,   1.1280,   1.0053,   0.0095
10943125000.0000,  19.3168,   1.1766,   1.0075,   0.0108
10945750000.0000,  19.3219,   1.1204,   1.0088,   0.0087
10948375000.0000,  19.3286,   1.1215,   1.0055,   0.0082
10951000000.0000,  19.3584,   1.1462,   1.0094,   0.0095
10953625000.0000,  19.3586,   1.1331,   1.0087,   0.0093
10956250000.0000,  19.3135,   1.1187,   1.0091,   0.0108
10958875000.0000,  19.2958,   1.1609,   1.0069,   0.0094
10961500000.0000,  19.3146,   1.1621,   1.0101,   0.0075
10964125000.0000,  19.3200,   1.1834,   1.0095,   0.0107
10966750000.0000,  19.3145,   1.1663,   1.0093,   0.0107
10969375000.0000,  19.3065,   1.1726,   1.0089,   0.0114
10972000000.0000,  19.3265,   1.1667,   1.0091,   0.0121
10974625000.0000,  19.3166,   1.1310,   1.0100,   0.0085
10977250000.0000,  19.2879,   1.1938,   1.0081,   0.0118
10979875000.0000,  19.2923,   1.1369,   1.0074,   0.0086
10982500000.0000,  19.3517,   1.1401,   1.0099,   0.0104
10985125000.0000,  19.3018,   1.1585,   1.0083,   0.0100
10987750000.0000,  19.3124,   1.1647,   1.0099,   0.0096
10990375000.0000,  19.3177,   1.1771,   1.0090,   0.0112
10993000000.0000,  19.3077,   1.1749,   1.0075,   0.0090
10995625000.0000,  19.2955,   1.2046,   1.0123,   0.0127
10998250000.0000,  19.3031,   1.1275,   1.0115,   0.0112
11000875000.0000,  19.3197,   1.1746,   1.0111,   0.0099
11003500000.0000,  19.3168,   1.1384,   1.0114,   0.0088
11006125000.0000,  19.3316,   1.1838,   1.0100,   0.0099
11008750000.0000,  19.3446,   1.0938,   1.0096,   0.0073
11011375000.0000,  19.3059,   1.1517,   1.0089,   0.0119
11014000000.0000,  19.3416,   1.1533,   1.0105,   0.0104
11016625000.0000,  19.3006,   1.1830,   1.0085,   0.0087
11019250000.0000,  19.3650,   1.1106,   1.0128,   0.0077
11021875000.0000,  19.3030,   1.1550,   1.0091,   0.0080
11024500000.0000,  19.3478,   1.1234,   1.0093,   0.0067
11027125000.0000,  19.3464,   1.1808,   1.0096,   0.0084
11029750000.0000,  19.3449,   1.1036,   1.0093,   0.0079
11032375000.0000,  19.3108,   1.1508,   1.0083,   0.0092
11035000000.0000,  19.3430,   1.1537,   1.0100,   0.0079
11037625000.0000,  19.3324,   1.1441,   1.0092,   0.0101
11040250000.0000,  19.3841,   1.1302,   1.0111,   0.0068
11042875000.0000,  19.3657,   1.1838,   1.0096,   0.0094
11045500000.0000,  19.3684,   1.1283,   1.0103,   0.0094
11048125000.0000,  19.3377,   1.1290,   1.0082,   0.0076
11050750000.0000,  19.3365,   1.1591,   1.0090,   0.0106
11053375000.0000,  19.3576,   1.1458,   1.0093,   0.0096
11056000000.0000,  19.3347,   1.1181,   1.0088,   0.0086
11058625000.0000,  19.3536,   1.1166,   1.0064,   0.0069
11061250000.0000,  19.3162,   1.1696,   1.0079,   0.0090
11063875000.0000,  19.3455,   1.1516,   1.0068,   0.0091
11066500000.0000,  19.3165,   1.1243,   1.0090,   0.0080
11069125000.0000,  19.3647,   1.1890,   1.0083,   0.0100
11071750000.0000,  19.3371,   1.1304,   1.0063,   0.0099
11074375000.0000,  19.3350,   1.1218,   1.0051,   0.0084
11077000000.0000,  19.3427,   1.1418,   1.0058,   0.0098
11079625000.0000,  19.3057,   1.1689,   1.0093,   0.0112
11082250000.0000,  19.3090,   1.1054,   1.0050,   0.0070
11084875000.0000,  19.3122,   1.1350,   1.0065,   0.0074
11087500000.0000,  19.3176,   1.1120,   1.0047,   0.0066
11090125000.0000,  19.2967,   1.1497,   1.0088,   0.0094
11092750000.0000,  19.2973,   1.1257,   1.0068,   0.0096
11095375000.0000,  19.3052,   1.1441,   1.0052,   0.0121
11098000000.0000,  19.2932,   1.1774,   1.0072,   0.0102
11100625000.0000,  19.2964,   1.0811,   1.0053,   0.0072
11103250000.0000,  19.3051,   1.1616,   1.0069,   0.0088
11105875000.0000,  19.3211,   1.1725,   1.0069,   0.0108
11108500000.0000,  19.2844,   1.1412,   1.0061,   0.0093
11111125000.0000,  19.2819,   1.1458,   1.0066,   0.0092
11113750000.0000,  19.2541,   1.1733,   1.0059,   0.0111
11116375000.0000,  19.2654,   1.1560,   1.0051,   0.0080
11119000000.0000,  19.2712,   1.1372,   1.0063,   0.0092
11121625000.0000,  19.2935,   1.1527,   1.0064,   0.0093
11124250000.0000,  19.2726,   1.1742,   1.0078,   0.0093
11126875000.0000,  19.2584,   1.1578,   1.0101,   0.0091
11129500000.0000,  19.2947,   1.1356,   1.0081,   0.0081
11132125000.0000,  19.2578,   1.1588,   1.0062,   0.0070
11134750000.0000,  19.2907,   1.1985,   1.0091,   0.0111
11137375000.0000,  19.2590,   1.2084,   1.0090,   0.0123
11140000000.0000,  19.3008,   1.1628,   1.0089,   0.0095
11142625000.0000,  19.3121,   1.1648,   1.0107,   0.0077
11145250000.0000,  19.2456,   1.1772,   1.0097,   0.0085
11147875000.0000,  19.2610,   1.1585,   1.0086,   0.0074
11150500000.0000,  19.2395,   1.2331,   1.0091,   0.0106
11153125000.0000,  19.2906,   1.1671,   1.0103,   0.0106
11155750000.0000,  19.2552,   1.1731,   1.0089,   0.0086
11158375000.0000,  19.2794,   1.2125,   1.0114,   0.0090
11161000000.0000,  19.2680,   1.1647,   1.0108,   0.0087
11163625000.0000,  19.3250,   1.1573,   1.0133,   0.0047
11166250000.0000,  19.2577,   1.1818,   1.0101,   0.0088
11168875000.0000,  19.2770,   1.1712,   1.0106,   0.0078
11171500000.0000,  19.2740,   1.1571,   1.0101,   0.0076
11174125000.0000,  19.2739,   1.1793,   1.0107,   0.0097
11176750000.0000,  19.3161,   1.1196,   1.0118,   0.0068
11179375000.0000,  19.2503,   1.1687,   1.0111,   0.0083
11182000000.0000,  19.2762,   1.1575,   1.0141,   0.0072
11184625000.0000,  19.2492,   1.1659,   1.0126,   0.0082
11187250000.0000,  19.2718,   1.1650,   1.0108,   0.0072
11189875000.0000,  19.2887,   1.1953,   1.0116,   0.0085
11192500000.0000,  19.2888,   1.1716,   1.0113,   0.0073
11195125000.0000,  19.3163,   1.1553,   1.0134,   0.0076
11197750000.0000,  19.2533,   1.1510,   1.0120,   0.0077
11200375000.0000,  19.2874,   1.1797,   1.0126,   0.0084
11203000000.0000,  19.2899,   1.1565,   1.0116,   0.0095
11205625000.0000,  19.3078,   1.1714,   1.0107,   0.0098
11208250000.0000,  19.3492,   1.0972,   1.0116,   0.0062
11210875000.0000,  19.3543,   1.2125,   1.0126,   0.0108
11213500000.0000,  19.2981,   1.1299,   1.0115,   0.0074
11216125000.0000,  19.2880,   1.1425,   1.0100,   0.0063
11218750000.0000,  19.3128,   1.2032,   1.0115,   0.0089
11221375000.0000,  19.3000,   1.1997,   1.0113,   0.0093
11224000000.0000,  19.3168,   1.1784,   1.0122,   0.0089
11226625000.0000,  19.2865,   1.1783,   1.0088,   0.0079
11229250000.0000,  19.2658,   1.1832,   1.0113,   0.0095
11231875000.0000,  19.3070,   1.1457,   1.0095,   0.0062
11234500000.0000,  19.3212,   1.1993,   1.0102,   0.0085
11237125000.0000,  19.3241,   1.1313,   1.0111,   0.0078
11239750000.0000,  19.3454,   1.1360,   1.0095,   0.0054
11242375000.0000,  19.2498,   1.1725,   1.0083,   0.0081
11245000000.0000,  19.3034,   1.2027,   1.0096,   0.0075
11247625000.0000,  19.2896,   1.1309,   1.0061,   0.0067
11250250000.0000,  19.3006,   1.1554,   1.0095,   0.0058
11252875000.0000,  19.3123,   1.1726,   1.0080,   0.0074
11255500000.0000,  19.2869,   1.1501,   1.0086,   0.0082
11258125000.0000,  19.2342,   1.1894,   1.0083,   0.0076
11260750000.0000,  19.3013,   1.1565,   1.0086,   0.0067
11263375000.0000,  19.2734,   1.1539,   1.0090,   0.0061
11266000000.0000,  19.2970,   1.2005,   1.0103,   0.0097
11268625000.0000,  19.2583,   1.1610,   1.0068,   0.0067
11271250000.0000,  19.2440,   1.1945,   1.0091,   0.0085
11273875000.0000,  19.2405,   1.2090,   1.0090,   0.0083
11276500000.0000,  19.2682,   1.1736,   1.0105,   0.0069
11279125000.0000,  19.2249,   1.1808,   1.0093,   0.0102
11281750000.0000,  19.2203,   1.2132,   1.0096,   0.0099
11284375000.0000,  19.2359,   1.2223,   1.0097,   0.0108
11287000000.0000,  19.1906,   1.2348,   1.0084,   0.0107
11289625000.0000,  19.2229,   1.1801,   1.0085,   0.0076
11292250000.0000,  19.2127,   1.1610,   1.0090,   0.0079
11294875000.0000,  19.2281,   1.2480,   1.0131,   0.0115
11297500000.0000,  19.2484,   1.1399,   1.0092,   0.0062
11300125000.0000,  19.2254,   1.1473,   1.0115,   0.0079
11302750000.0000,  19.2612,   1.1913,   1.0118,   0.0076
11305375000.0000,  19.1802,   1.1571,   1.0093,   0.0082
11308000000.0000,  19.1948,   1.1660,   1.0083,   0.0093
11310625000.0000,  19.1803,   1.1833,   1.0115,   0.0103
11313250000.0000,  19.2206,   1.1735,   1.0102,   0.0074
11315875000.0000,  19.2070,   1.1529,   1.0110,   0.0087
11318500000.0000,  19.2139,   1.1670,   1.0115,   0.0073
11321125000.0000,  19.2461,   1.1219,   1.0095,   0.0063
11323750000.0000,  19.2256,   1.1499,   1.0119,   0.0092
11326375000.0000,  19.2126,   1.1593,   1.0101,   0.0081
11329000000.0000,  19.1981,   1.1545,   1.0119,   0.0115
11331625000.0000,  19.2336,   1.1830,   1.0125,   0.0085
11334250000.0000,  19.2361,   1.1340,   1.0110,   0.0070
11336875000.0000,  19.2275,   1.1356,   1.0114,   0.0070
11339500000.0000,  19.2454,   1.1834,   1.0107,   0.0089
11342125000.0000,  19.2320,   1.1409,   1.0121,   0.0073
11344750000.0000,  19.2683,   1.1753,   1.0118,   0.0074
11347375000.0000,  19.2011,   1.1623,   1.0099,   0.0091
11350000000.0000,  19.2362,   1.1399,   1.0117,   0.0090
11352625000.0000,  19.2464,   1.1396,   1.0099,   0.0075
11355250000.0000,  19.2487,   1.1941,   1.0134,   0.0097
11357875000.0000,  19.2327,   1.1399,   1.0105,   0.0075
11360500000.0000,  19.2623,   1.1929,   1.0143,   0.0092
11363125000.0000,  19.2641,   1.1612,   1.0120,   0.0065
11365750000.0000,  19.2436,   1.1517,   1.0130,   0.0071
11368375000.0000,  19.2507,   1.1733,   1.0147,   0.0086
11371000000.0000,  19.2324,   1.2080,   1.0111,   0.0087
11373625000.0000,  19.2515,   1.1645,   1.0124,   0.0078
11376250000.0000,  19.2062,   1.1573,   1.0098,   0.0089
11378875000.0000,  19.2768,   1.1348,   1.0123,   0.0054
11381500000.0000,  19.2719,   1.1402,   1.0127,   0.0071
11384125000.0000,  19.2631,   1.1545,   1.0131,   0.0060
11386750000.0000,  19.2277,   1.2139,   1.0113,   0.0092
11389375000.0000,  19.2220,   1.1467,   1.0119,   0.0071
11392000000.0000,  19.2267,   1.1462,   1.0116,   0.0094
11394625000.0000,  19.2257,   1.1589,   1.0124,   0.0098
11397250000.0000,  19.2094,   1.1144,   1.0124,   0.0052
11399875000.0000,  19.2013,   1.1573,   1.0138,   0.0094
11402500000.0000,  19.2233,   1.1743,   1.0132,   0.0085
11405125000.0000,  19.2033,   1.1436,   1.0103,   0.0081
11407750000.0000,  19.2246,   1.1340,   1.0121,   0.0093
11410375000.0000,  19.2174,   1.2167,   1.0129,   0.0101
11413000000.0000,  19.2626,   1.1440,   1.0151,   0.0072
11415625000.0000,  19.2429,   1.1504,   1.0150,   0.0099
11418250000.0000,  19.2616,   1.1398,   1.0131,   0.0070
11420875000.0000,  19.2049,   1.1704,   1.0118,   0.0107
11423500000.0000,  19.2090,   1.1806,   1.0143,   0.0098
11426125000.0000,  19.2007,   1.1576,   1.0130,   0.0094
11428750000.0000,  19.1496,   1.1688,   1.0104,   0.0100
11431375000.0000,  19.2141,   1.1604,   1.0141,   0.0096
11434000000.0000,  19.2387,   1.1911,   1.0147,   0.0087
11436625000.0000,  19.2220,   1.1636,   1.0123,   0.0081
11439250000.0000,  19.1655,   1.1389,   1.0110,   0.0087
11441875000.0000,  19.1915,   1.1301,   1.0125,   0.0093
11444500000.0000,  19.1559,   1.1411,   1.0102,   0.0091
11447125000.0000,  19.1596,   1.1565,   1.0137,   0.0089
11449750000.0000,  19.1903,   1.1168,   1.0099,   0.0084
11452375000.0000,  19.1716,   1.1627,   1.0131,   0.0106
11455000000.0000,  19.1911,   1.1554,   1.0115,   0.0078
11457625000.0000,  19.1886,   1.1256,   1.0122,   0.0066
11460250000.0000,  19.2107,   1.1157,   1.0123,   0.0065
11462875000.0000,  19.1836,   1.1538,   1.0142,   0.0097
11465500000.0000,  19.1791,   1.1200,   1.0122,   0.0084
11468125000.0000,  19.1895,   1.1120,   1.0121,   0.0078
11470750000.0000,  19.1846,   1.1700,   1.0126,   0.0092
11473375000.0000,  19.1670,   1.1556,   1.0107,   0.0106
11476000000.0000,  19.1921,   1.1451,   1.0129,   0.0091
11478625000.0000,  19.1744,   1.1661,   1.0151,   0.0112
11481250000.0000,  19.1875,   1.1192,   1.0145,   0.0074
11483875000.0000,  19.1582,   1.1461,   1.0124,   0.0089
11486500000.0000,  19.2079,   1.1674,   1.0144,   0.0071
11489125000.0000,  19.1739,   1.1547,   1.0135,   0.0087
11491750000.0000,  19.1512,   1.2029,   1.0150,   0.0106
11494375000.0000,  19.2037,   1.1532,   1.0126,   0.0085
11497000000.0000,  19.1573,   1.1768,   1.0120,   0.0109
11499625000.0000,  19.2047,   1.1398,   1.0131,   0.0081
11502250000.0000,  19.2055,   1.1386,   1.0148,   0.0109
11504875000.0000,  19.1994,   1.1481,   1.0127,   0.0107
11507500000.0000,  19.2282,   1.1081,   1.0132,   0.0070
11510125000.0000,  19.2126,   1.0724,   1.0145,   0.0076
11512750000.0000,  19.2144,   1.1077,   1.0137,   0.0075
11515375000.0000,  19.1759,   1.1553,   1.0143,   0.0112
11518000000.0000,  19.2035,   1.1689,   1.0130,   0.0092
11520625000.0000,  19.2116,   1.1372,   1.0143,   0.0087
11523250000.0000,  19.1681,   1.1693,   1.0144,   0.0100
11525875000.0000,  19.2018,   1.1224,   1.0138,   0.0073
11528500000.0000,  19.2148,   1.1030,   1.0130,   0.0081
11531125000.0000,  19.2206,   1.1387,   1.0155,   0.0072
11533750000.0000,  19.2297,   1.1719,   1.0151,   0.0088
11536375000.0000,  19.1433,   1.1310,   1.0125,   0.0103
11539000000.0000,  19.1456,   1.1234,   1.0126,   0.0089
11541625000.0000,  19.1832,   1.1270,   1.0143,   0.0100
11544250000.0000,  19.1458,   1.1108,   1.0136,   0.0093
11546875000.0000,  19.1945,   1.1267,   1.0151,   0.0097
11549500000.0000,  19.2331,   1.0894,   1.0141,   0.0068
11552125000.0000,  19.2158,   1.1261,   1.0147,   0.0077
11554750000.0000,  19.2176,   1.1520,   1.0162,   0.0102
11557375000.0000,  19.1858,   1.1186,   1.0142,   0.0079
11560000000.0000,  19.2035,   1.1064,   1.0151,   0.0067
11562625000.0000,  19.1788,   1.0939,   1.0145,   0.0080
11565250000.0000,  19.2116,   1.0746,   1.0128,   0.0058
11567875000.0000,  19.1902,   1.1434,   1.0139,   0.0088
11570500000.0000,  19.1657,   1.0932,   1.0134,   0.0069
11573125000.0000,  19.1940,   1.0903,   1.0150,   0.0082
11575750000.0000,  19.2111,   1.1436,   1.0139,   0.0088
11578375000.0000,  19.1922,   1.1384,   1.0173,   0.0088
11581000000.0000,  19.1388,   1.1324,   1.0140,   0.0105
11583625000.0000,  19.1706,   1.0992,   1.0179,   0.0070
11586250000.0000,  19.2333,   1.1165,   1.0183,   0.0081
11588875000.0000,  19.1460,   1.0695,   1.0148,   0.0081
11591500000.0000,  19.2190,   1.0667,   1.0138,   0.0077
11594125000.0000,  19.1450,   1.1136,   1.0155,   0.0100
11596750000.0000,  19.1736,   1.1106,   1.0162,   0.0094
11599375000.0000,  19.2336,   1.1241,   1.0165,   0.0092
11602000000.0000,  19.1474,   1.0756,   1.0154,   0.0087
11604625000.0000,  19.1813,   1.1069,   1.0147,   0.0111
11607250000.0000,  19.1649,   1.0809,   1.0157,   0.0116
11609875000.0000,  19.1940,   1.0975,   1.0161,   0.0101
11612500000.0000,  19.1535,   1.0971,   1.0158,   0.0115
11615125000.0000,  19.1399,   1.0771,   1.0149,   0.0094
11617750000.0000,  19.1807,   1.0647,   1.0166,   0.0085
11620375000.0000,  19.1643,   1.1115,   1.0167,   0.0104
11623000000.0000,  19.1740,   1.0682,   1.0150,   0.0099
11625625000.0000,  19.1908,   1.0644,   1.0154,   0.0079
11628250000.0000,  19.2085,   1.0767,   1.0146,   0.0084
11630875000.0000,  19.1816,   1.1306,   1.0162,   0.0097
11633500000.0000,  19.2057,   1.1080,   1.0154,   0.0104
11636125000.0000,  19.2072,   1.1150,   1.0152,   0.0080
11638750000.0000,  19.2068,   1.0713,   1.0151,   0.0085
11641375000.0000,  19.1894,   1.0869,   1.0149,   0.0088
11644000000.0000,  19.2299,   1.1050,   1.0172,   0.0097
11646625000.0000,  19.2441,   1.0675,   1.0142,   0.0060
11649250000.0000,  19.2113,   1.0691,   1.0149,   0.0097
11651875000.0000,  19.2477,   1.0998,   1.0148,   0.0093
11654500000.0000,  19.2082,   1.1709,   1.0154,   0.0088
11657125000.0000,  19.2163,   1.1094,   1.0176,   0.0086
11659750000.0000,  19.2191,   1.1094,   1.0150,   0.0090
11662375000.0000,  19.2008,   1.1193,   1.0164,   0.0087
11665000000.0000,  19.2367,   1.1153,   1.0174,   0.0083
11667625000.0000,  19.2179,   1.1143,   1.0128,   0.0094
11670250000.0000,  19.2398,   1.1380,   1.0166,   0.0075
11672875000.0000,  19.2534,   1.1541,   1.0172,   0.0105
11675500000.0000,  19.2117,   1.0908,   1.0154,   0.0091
11678125000.0000,  19.2017,   1.0791,   1.0168,   0.0086
11680750000.0000,  19.2218,   1.1045,   1.0177,   0.0087
11683375000.0000,  19.2176,   1.1443,   1.0168,   0.0084
11686000000.0000,  19.1877,   1.0997,   1.0148,   0.0091
11688625000.0000,  19.2075,   1.1126,   1.0157,   0.0075
11691250000.0000,  19.1945,   1.1204,   1.0161,   0.0085
11693875000.0000,  19.1842,   1.0862,   1.0160,   0.0081
11696500000.0000,  19.2302,   1.0712,   1.0165,   0.0069
11699125000.0000,  19.2027,   1.1085,   1.0160,   0.0079
11701750000.0000,  19.2318,   1.1081,   1.0166,   0.0063
11704375000.0000,  19.1741,   1.0952,   1.0160,   0.0094
11707000000.0000,  19.2159,   1.0423,   1.0148,   0.0077
11709625000.0000,  19.2243,   1.0824,   1.0155,   0.0082
11712250000.0000,  19.1357,   1.1131,   1.0155,   0.0096
11714875000.0000,  19.1951,   1.0403,   1.0176,   0.0082
11717500000.0000,  19.1896,   1.0627,   1.0178,   0.0092
11720125000.0000,  19.1786,   1.0452,   1.0169,   0.0090
11722750000.0000,  19.2124,   1.0570,   1.0187,   0.0092
11725375000.0000,  19.1931,   1.0660,   1.0171,   0.0114
11728000000.0000,  19.1649,   1.0470,   1.0174,   0.0119
11730625000.0000,  19.1714,   1.0804,   1.0177,   0.0107
11733250000.0000,  19.1932,   1.0585,   1.0180,   0.0124
11735875000.0000,  19.1553,   1.1035,   1.0179,   0.0127
11738500000.0000,  19.2003,   1.0701,   1.0165,   0.0113
11741125000.0000,  19.1616,   1.0863,   1.0148,   0.0121
11743750000.0000,  19.1812,   1.0277,   1.0129,   0.0108
11746375000.0000,  19.2100,   1.0772,   1.0165,   0.0088
11749000000.0000,  19.1460,   1.0611,   1.0146,   0.0114
11751625000.0000,  19.1824,   1.0795,   1.0144,   0.0104
11754250000.0000,  19.1653,   1.1176,   1.0160,   0.0123
11756875000.0000,  19.1653,   1.0757,   1.0142,   0.0109
11759500000.0000,  19.1796,   1.0885,   1.0146,   0.0120
11762125000.0000,  19.1843,   1.1537,   1.0156,   0.0133
11764750000.0000,  19.1529,   1.1055,   1.0158,   0.0123
11767375000.0000,  19.1566,   1.0883,   1.0150,   0.0093
11770000000.0000,  19.1504,   1.0844,   1.0157,   0.0099
11772625000.0000,  19.1902,   1.0872,   1.0171,   0.0086
11775250000.0000,  19.2138,   1.1216,   1.0162,   0.0104
11777875000.0000,  19.1746,   1.0929,   1.0159,   0.0119
11780500000.0000,  19.2033,   1.1396,   1.0154,   0.0104
11783125000.0000,  19.1880,   1.1018,   1.0166,   0.0095
11785750000.0000,  19.2010,   1.1083,   1.0165,   0.0090
11788375000.0000,  19.2149,   1.1054,   1.0178,   0.0074
11791000000.0000,  19.1684,   1.0968,   1.0167,   0.0105
11793625000.0000,  19.1606,   1.1090,   1.0157,   0.0100
11796250000.0000,  19.2221,   1.0606,   1.0177,   0.0086
11798875000.0000,  19.2157,   1.0777,   1.0175,   0.0091
11801500000.0000,  19.2294,   1.0840,   1.0173,   0.0079
11804125000.0000,  19.1962,   1.0744,   1.0191,   0.0112
11806750000.0000,  19.1950,   1.1275,   1.0195,   0.0116
11809375000.0000,  19.1650,   1.0799,   1.0173,   0.0086
11812000000.0000,  19.1818,   1.0320,   1.0186,   0.0094
11814625000.0000,  19.2005,   1.0869,   1.0211,   0.0098
11817250000.0000,  19.1630,   1.0848,   1.0194,   0.0084
11819875000.0000,  19.1502,   1.0756,   1.0185,   0.0098
11822500000.0000,  19.2072,   1.0836,   1.0185,   0.0105
11825125000.0000,  19.1370,   1.0989,   1.0197,   0.0102
11827750000.0000,  19.1667,   1.0864,   1.0199,   0.0119
11830375000.0000,  19.1935,   1.1033,   1.0189,   0.0129
11833000000.0000,  19.2107,   1.0766,   1.0193,   0.0095
11835625000.0000,  19.1846,   1.0854,   1.0193,   0.0105
11838250000.0000,  19.1997,   1.0797,   1.0205,   0.0111
11840875000.0000,  19.1695,   1.0405,   1.0189,   0.0095
11843500000.0000,  19.2191,   1.0716,   1.0206,   0.0112
11846125000.0000,  19.1972,   1.0699,   1.0193,   0.0108
11848750000.0000,  19.2290,   1.0677,   1.0192,   0.0082
11851375000.0000,  19.2104,   1.0569,   1.0207,   0.0101
11854000000.0000,  19.2411,   1.0635,   1.0187,   0.0087
11856625000.0000,  19.2207,   1.0737,   1.0195,   0.0113
11859250000.0000,  19.2336,   1.0878,   1.0180,   0.0109
11861875000.0000,  19.1851,   1.0545,   1.0179,   0.0111
11864500000.0000,  19.2352,   1.1015,   1.0188,   0.0106
11867125000.0000,  19.2082,   1.0973,   1.0184,   0.0102
11869750000.0000,  19.2332,   1.0825,   1.0174,   0.0103
11872375000.0000,  19.2156,   1.0595,   1.0184,   0.0114
11875000000.0000,  19.2193,   1.0730,   1.0166,   0.0106
11877625000.0000,  19.2514,   1.0911,   1.0182,   0.0093
11880250000.0000,  19.1995,   1.1027,   1.0170,   0.0120
11882875000.0000,  19.2360,   1.0928,   1.0178,   0.0083
11885500000.0000,  19.1961,   1.0647,   1.0164,   0.0093
11888125000.0000,  19.2549,   1.0984,   1.0166,   0.0093
11890750000.0000,  19.1956,   1.0520,   1.0158,   0.0076
11893375000.0000,  19.2095,   1.0673,   1.0155,   0.0089
11896000000.0000,  19.2003,   1.1114,   1.0173,   0.0097
11898625000.0000,  19.2012,   1.0855,   1.0167,   0.0106
11901250000.0000,  19.1907,   1.0668,   1.0154,   0.0102
11903875000.0000,  19.2000,   1.0771,   1.0166,   0.0090
11906500000.0000,  19.1783,   1.0679,   1.0155,   0.0107
11909125000.0000,  19.1609,   1.0925,   1.0166,   0.0096
11911750000.0000,  19.1950,   1.0686,   1.0159,   0.0094
11914375000.0000,  19.1905,   1.0450,   1.0164,   0.0101
11917000000.0000,  19.1787,   1.0665,   1.0172,   0.0108
11919625000.0000,  19.1842,   1.0619,   1.0171,   0.0090
11922250000.0000,  19.1519,   1.0912,   1.0175,   0.0106
11924875000.0000,  19.2194,   1.0510,   1.0170,   0.0101
11927500000.0000,  19.1815,   1.0294,   1.0171,   0.0109
11930125000.0000,  19.1756,   1.1305,   1.0173,   0.0119
11932750000.0000,  19.1924,   1.0625,   1.0153,   0.0107
11935375000.0000,  19.1731,   1.0787,   1.0203,   0.0112
11938000000.0000,  19.1761,   1.0678,   1.0179,   0.0099
11940625000.0000,  19.1653,   1.0777,   1.0183,   0.0097
11943250000.0000,  19.1744,   1.0559,   1.0184,   0.0122
11945875000.0000,  19.1668,   1.0538,   1.0171,   0.0117
11948500000.0000,  19.1606,   1.0597,   1.0189,   0.0106
11951125000.0000,  19.1686,   1.0581,   1.0190,   0.0100
11953750000.0000,  19.1502,   1.0381,   1.0176,   0.0098
11956375000.0000,  19.1509,   1.1298,   1.0183,   0.0123
11959000000.0000,  19.1455,   1.0980,   1.0184,   0.0105
11961625000.0000,  19.1502,   1.0880,   1.0176,   0.0099
11964250000.0000,  19.1730,   1.1215,   1.0203,   0.0110
11966875000.0000,  19.1536,   1.1004,   1.0183,   0.0104
11969500000.0000,  19.1734,   1.0588,   1.0196,   0.0106
11972125000.0000,  19.1374,   1.0741,   1.0190,   0.0113
11974750000.0000,  19.1569,   1.1200,   1.0198,   0.0135
11977375000.0000,  19.1571,   1.0768,   1.0195,   0.0102
11980000000.0000,  19.1448,   1.0681,   1.0198,   0.0117
11982625000.0000,  19.1688,   1.0965,   1.0196,   0.0119
11985250000.0000,  19.1749,   1.0830,   1.0182,   0.0102
11987875000.0000,  19.1408,   1.0755,   1.0203,   0.0107
11990500000.0000,  19.2069,   1.0933,   1.0226,   0.0106
11993125000.0000,  19.1471,   1.1075,   1.0203,   0.0098
11995750000.0000,  19.1528,   1.0735,   1.0203,   0.0112
11998375000.0000,  19.1524,   1.0861,   1.0193,   0.0124
12001000000.0000,  19.1231,   1.0904,   1.0215,   0.0107
12003625000.0000,  19.1514,   1.1122,   1.0204,   0.0092
12006250000.0000,  19.1367,   1.1361,   1.0207,   0.0108
12008875000.0000,  19.1944,   1.0341,   1.0193,   0.0096
12011500000.0000,  19.1778,   1.0983,   1.0195,   0.0106
12014125000.0000,  19.1961,   1.1282,   1.0209,   0.0131
12016750000.0000,  19.1494,   1.0630,   1.0205,   0.0117
12019375000.0000,  19.1457,   1.0865,   1.0191,   0.0103
12022000000.0000,  19.1855,   1.0355,   1.0215,   0.0101
12024625000.0000,  19.1476,   1.0613,   1.0214,   0.0107
12027250000.0000,  19.1835,   1.1129,   1.0209,   0.0129
12029875000.0000,  19.2137,   1.0511,   1.0210,   0.0101
12032500000.0000,  19.1840,   1.0592,   1.0210,   0.0102
12035125000.0000,  19.2013,   1.0403,   1.0212,   0.0073
12037750000.0000,  19.2107,   1.0753,   1.0204,   0.0106
12040375000.0000,  19.1576,   1.0881,   1.0207,   0.0120
12043000000.0000,  19.2336,   1.0160,   1.0195,   0.0104
12045625000.0000,  19.2079,   1.0140,   1.0198,   0.0093
12048250000.0000,  19.2378,   1.0591,   1.0183,   0.0103
12050875000.0000,  19.1960,   1.0073,   1.0188,   0.0105
12053500000.0000,  19.2124,   1.0729,   1.0186,   0.0106
12056125000.0000,  19.1684,   1.0564,   1.0191,   0.0096
12058750000.0000,  19.1825,   1.0600,   1.0188,   0.0096
12061375000.0000,  19.2116,   1.0875,   1.0193,   0.0103
12064000000.0000,  19.2111,   1.0648,   1.0202,   0.0098
12066625000.0000,  19.1971,   1.0743,   1.0182,   0.0086
12069250000.0000,  19.1838,   1.0611,   1.0188,   0.0094
12071875000.0000,  19.1646,   1.0714,   1.0183,   0.0098
12074500000.0000,  19.2237,   1.0811,   1.0196,   0.0088
12077125000.0000,  19.2463,   1.0574,   1.0181,   0.0081
12079750000.0000,  19.2369,   1.0988,   1.0184,   0.0085
12082375000.0000,  19.1972,   1.1268,   1.0208,   0.0110
12085000000.0000,  19.1680,   1.0834,   1.0181,   0.0099
12087625000.0000,  19.1862,   1.0635,   1.0178,   0.0094
12090250000.0000,  19.1975,   1.0260,   1.0194,   0.0076
12092875000.0000,  19.1365,   1.1120,   1.0193,   0.0096
12095500000.0000,  19.1393,   1.0788,   1.0191,   0.0115
12098125000.0000,  19.1437,   1.1062,   1.0183,   0.0115
12100750000.0000,  19.1755,   1.0477,   1.0197,   0.0094
12103375000.0000,  19.1494,   1.0396,   1.0189,   0.0092
12106000000.0000,  19.1629,   1.0865,   1.0189,   0.0108
12108625000.0000,  19.1598,   1.0746,   1.0188,   0.0091
12111250000.0000,  19.1343,   1.0469,   1.0180,   0.0102
12113875000.0000,  19.1665,   1.0367,   1.0192,   0.0089
12116500000.0000,  19.1418,   1.0273,   1.0204,   0.0084
12119125000.0000,  19.1655,   1.0296,   1.0212,   0.0110
12121750000.0000,  19.1362,   1.0431,   1.0203,   0.0100
12124375000.0000,  19.1460,   1.0543,   1.0186,   0.0107
12127000000.0000,  19.1657,   1.0586,   1.0196,   0.0104
12129625000.0000,  19.1547,   1.0518,   1.0211,   0.0116
12132250000.0000,  19.1356,   1.0341,   1.0210,   0.0105
12134875000.0000,  19.1498,   1.0203,   1.0190,   0.0115
12137500000.0000,  19.1388,   1.0149,   1.0197,   0.0106
12140125000.0000,  19.1866,   1.0216,   1.0225,   0.0097
12142750000.0000,  19.1571,   1.0731,   1.0212,   0.0127
12145375000.0000,  19.1845,   1.0293,   1.0204,   0.0106
12148000000.0000,  19.1394,   1.0182,   1.0217,   0.0118
12150625000.0000,  19.1673,   1.0734,   1.0206,   0.0150
12153250000.0000,  19.2220,   1.0233,   1.0210,   0.0092
12155875000.0000,  19.1603,   1.1244,   1.0221,   0.0130
12158500000.0000,  19.1829,   1.0830,   1.0221,   0.0116
12161125000.0000,  19.1932,   1.0723,   1.0206,   0.0119
12163750000.0000,  19.2190,   1.0585,   1.0220,   0.0107
12166375000.0000,  19.2324,   1.0770,   1.0217,   0.0101
12169000000.0000,  19.2266,   1.0614,   1.0199,   0.0101
12171625000.0000,  19.2408,   1.0420,   1.0221,   0.0100
12174250000.0000,  19.1996,   1.0889,   1.0212,   0.0112
12176875000.0000,  19.1638,   1.0672,   1.0216,   0.0112
12179500000.0000,  19.2156,   1.0992,   1.0206,   0.0103
12182125000.0000,  19.1991,   1.0939,   1.0192,   0.0104
12184750000.0000,  19.1582,   1.0997,   1.0220,   0.0111
12187375000.0000,  19.2414,   1.0565,   1.0213,   0.0086
12190000000.0000,  19.1635,   1.0988,   1.0210,   0.0100
12192625000.0000,  19.1910,   1.1049,   1.0186,   0.0101
12195250000.0000,  19.1902,   1.1045,   1.0195,   0.0105
12197875000.0000,  19.1599,   1.0587,   1.0207,   0.0086
12200500000.0000,  19.1850,   1.1050,   1.0206,   0.0115
12203125000.0000,  19.1154,   1.0449,   1.0181,   0.0111
12205750000.0000,  19.1347,   1.0766,   1.0202,   0.0098
12208375000.0000,  19.1446,   1.0790,   1.0191,   0.0100
12211000000.0000,  19.1462,   1.0697,   1.0193,   0.0112
12213625000.0000,  19.1209,   1.0653,   1.0202,   0.0099
12216250000.0000,  19.1445,   1.0615,   1.0185,   0.0115
12218875000.0000,  19.1686,   1.0898,   1.0207,   0.0107
12221500000.0000,  19.1309,   1.0412,   1.0182,   0.0102
12224125000.0000,  19.1271,   1.0657,   1.0226,   0.0095
12226750000.0000,  19.1385,   1.0721,   1.0213,   0.0095
12229375000.0000,  19.1718,   1.0998,   1.0217,   0.0101
12232000000.0000,  19.1383,   1.0275,   1.0200,   0.0098
12234625000.0000,  19.1286,   1.0770,   1.0218,   0.0125
12237250000.0000,  19.1055,   1.1000,   1.0212,   0.0111
12239875000.0000,  19.1894,   1.0430,   1.0211,   0.0111
12242500000.0000,  19.1424,   1.0532,   1.0207,   0.0106
12245125000.0000,  19.1384,   1.0289,   1.0198,   0.0106
12247750000.0000,  19.1367,   1.0540,   1.0216,   0.0118
12250375000.0000,  19.1639,   0.9963,   1.0211,   0.0106
12253000000.0000,  19.1340,   1.0778,   1.0211,   0.0116
12255625000.0000,  19.1240,   1.0910,   1.0231,   0.0120
12258250000.0000,  19.0989,   1.0576,   1.0230,   0.0134
12260875000.0000,  19.1477,   1.1039,   1.0223,   0.0134
12263500000.0000,  19.1364,   0.9776,   1.0215,   0.0107
12266125000.0000,  19.1375,   1.0604,   1.0216,   0.0125
12268750000.0000,  19.1406,   1.1076,   1.0235,   0.0120
12271375000.0000,  19.1505,   1.0623,   1.0237,   0.0121
12274000000.0000,  19.1393,   1.0943,   1.0224,   0.0134
12276625000.0000,  19.1955,   1.1185,   1.0247,   0.0115
12279250000.0000,  19.1569,   1.0431,   1.0219,   0.0127
12281875000.0000,  19.1896,   1.1313,   1.0233,   0.0129
12284500000.0000,  19.1247,   1.0722,   1.0224,   0.0112
12287125000.0000,  19.1452,   1.1005,   1.0240,   0.0114
12289750000.0000,  19.2095,   1.1211,   1.0245,   0.0125
12292375000.0000,  19.1808,   1.0849,   1.0234,   0.0112
12295000000.0000,  19.1847,   1.1142,   1.0243,   0.0131
12297625000.0000,  19.2133,   1.1152,   1.0251,   0.0112
12300250000.0000,  19.1782,   1.1484,   1.0252,   0.0118
12302875000.0000,  19.1713,   1.1111,   1.0251,   0.0114
12305500000.0000,  19.1726,   1.0862,   1.0235,   0.0122
12308125000.0000,  19.2098,   1.0984,   1.0244,   0.0108
12310750000.0000,  19.1950,   1.0983,   1.0246,   0.0133
12313375000.0000,  19.2145,   1.0935,   1.0238,   0.0119
12316000000.0000,  19.2048,   1.0993,   1.0251,   0.0119
12318625000.0000,  19.1811,   1.1176,   1.0254,   0.0110
12321250000.0000,  19.1380,   1.0690,   1.0236,   0.0108
12323875000.0000,  19.1557,   1.0625,   1.0242,   0.0116
12326500000.0000,  19.1355,   1.0815,   1.0238,   0.0121
12329125000.0000,  19.1533,   1.0726,   1.0236,   0.0126
12331750000.0000,  19.1462,   1.0504,   1.0248,   0.0124
12334375000.0000,  19.1369,   1.0878,   1.0246,   0.0120
12337000000.0000,  19.1826,   1.0944,   1.0237,   0.0104
12339625000.0000,  19.1038,   1.0727,   1.0231,   0.0134
12342250000.0000,  19.1646,   1.0941,   1.0225,   0.0123
12344875000.0000,  19.1104,   1.1239,   1.0244,   0.0126
12347500000.0000,  19.1802,   1.0572,   1.0231,   0.0122
12350125000.0000,  19.1573,   1.0445,   1.0219,   0.0113
12352750000.0000,  19.1253,   1.0720,   1.0245,   0.0132
12355375000.0000,  19.1732,   1.0220,   1.0228,   0.0109
12358000000.0000,  19.1309,   1.0578,   1.0226,   0.0123
12360625000.0000,  19.1810,   1.0567,   1.0228,   0.0114
12363250000.0000,  19.1597,   1.1246,   1.0227,   0.0132
12365875000.0000,  19.1621,   1.0864,   1.0219,   0.0126
12368500000.0000,  19.1580,   1.0768,   1.0235,   0.0131
12371125000.0000,  19.1781,   1.0771,   1.0250,   0.0116
12373750000.0000,  19.1309,   1.1108,   1.0213,   0.0125
12376375000.0000,  19.1680,   1.1112,   1.0244,   0.0125
12379000000.0000,  19.1520,   1.1084,   1.0237,   0.0138
12381625000.0000,  19.1178,   1.1142,   1.0237,   0.0113
12384250000.0000,  19.1461,   1.0945,   1.0239,   0.0112
12386875000.0000,  19.1984,   1.1403,   1.0243,   0.0134
12389500000.0000,  19.1578,   1.1399,   1.0247,   0.0134
12392125000.0000,  19.1840,   1.1212,   1.0234,   0.0108
12394750000.0000,  19.1060,   1.0821,   1.0227,   0.0131
12397375000.0000,  19.1234,   1.1217,   1.0226,   0.0117
12400000000.0000,  19.1281,   1.1273,   1.0230,   0.0117
