No Ascii Message
Window Title: 3"x3" NaI Aw-Radw Exec # 1
Com Port: 1  TBU: 60 sec.  TBUs Averaged per Line: 1
Calibration Factor: 0.00 Detector Dead Time: 4 microsecs. Time: Mon Mar 14 10:36:25 2011
110314103625 31168.00
110314103725 30801.00
110314103825 30942.00
110314103925 31108.00
110314104025 31118.00
110314104125 30873.00
110314104225 31177.00
110314104325 30897.00
110314104425 31097.00
110314104525 30695.00
110314104625 30758.00
110314104725 30908.00
110314104825 31048.00
110314104925 31205.00
110314105025 31261.00
110314105125 31537.00
110314105225 31291.00
110314105325 31444.00
110314105425 31452.00
110314105525 30984.00
110314105625 31385.00
110314105725 31142.00
110314105825 31432.00
110314105925 31128.00
110314110025 30775.00
110314110125 30901.00
110314110225 30733.00
110314110325 31475.00
110314110425 30779.00
110314110525 31393.00
110314110625 31318.00
110314110725 30990.00
110314110825 31467.00
110314110925 31174.00
110314111025 31163.00
110314111125 30900.00
110314111225 31240.00
110314111325 31120.00
110314111425 31067.00
110314111525 31227.00
110314111625 31235.00
110314111725 31223.00
110314111825 30897.00
110314111925 31311.00
110314112025 31955.00
110314112125 31134.00
110314112225 30956.00
110314112325 31359.00
110314112425 31219.00
110314112525 31481.00
110314112625 31479.00
110314112725 31150.00
110314112825 31175.00
110314112925 31628.00
110314113025 31086.00
110314113125 31271.00
110314113225 31086.00
110314113325 31195.00
110314113425 30974.00
110314113525 31369.00
110314113625 31047.00
110314113725 31272.00
110314113825 31010.00
110314113925 31405.00
110314114025 31743.00
110314114125 31241.00
110314114225 31263.00
110314114325 31277.00
110314114425 31603.00
110314114525 31240.00
110314114625 31549.00
110314114725 31565.00
110314114825 31353.00
110314114925 31365.00
110314115025 31376.00
110314115125 31633.00
110314115225 31200.00
110314115325 31562.00
110314115425 31355.00
110314115525 31261.00
110314115625 31360.00
110314115725 31278.00
110314115825 31167.00
110314115925 31105.00
110314120025 31222.00
110314120125 31179.00
110314120225 31751.00
110314120325 31242.00
110314120425 31577.00
110314120525 31417.00
110314120625 31262.00
110314120725 31350.00
110314120825 31746.00
110314120925 31450.00
110314121025 31544.00
110314121125 31455.00
110314121225 31588.00
110314121325 31496.00
110314121425 31160.00
110314121525 31195.00
110314121625 31717.00
110314121725 31274.00
110314121825 31349.00
110314121925 31254.00
110314122025 31061.00
110314122125 31160.00
110314122225 31555.00
110314122325 31336.00
110314122425 31506.00
110314122525 31090.00
110314122625 31445.00
110314122725 31271.00
110314122825 31505.00
110314122925 31735.00
110314123025 31006.00
110314123125 31128.00
110314123225 31517.00
110314123325 31147.00
110314123425 31544.00
110314123525 31339.00
110314123625 31260.00
110314123725 31317.00
110314123825 31465.00
110314123925 31297.00
110314124025 31315.00
110314124125 31438.00
110314124225 31336.00
110314124325 31328.00
110314124425 31560.00
110314124525 31279.00
110314124625 31464.00
110314124725 31533.00
110314124825 31554.00
110314124925 31182.00
110314125025 31424.00
110314125125 31178.00
110314125225 31475.00
110314125325 31510.00
110314125425 31450.00
110314125525 31330.00
110314125625 31134.00
110314125725 31398.00
110314125825 31412.00
110314125925 31039.00
110314130025 31247.00
110314130125 31677.00
110314130225 31008.00
110314130325 31352.00
110314130425 31582.00
110314130525 31239.00
110314130625 31276.00
110314130725 31129.00
110314130825 31483.00
110314130925 30760.00
110314131025 31157.00
110314131125 31260.00
110314131225 31265.00
110314131325 30908.00
110314131425 31164.00
110314131525 31483.00
110314131625 31216.00
110314131725 31200.00
110314131825 30965.00
110314131925 31088.00
110314132025 31039.00
110314132125 31062.00
110314132225 31177.00
110314132325 30921.00
110314132425 31483.00
110314132525 30985.00
110314132625 30969.00
110314132725 30759.00
110314132825 30901.00
110314132925 31142.00
110314133025 31096.00
110314133125 30891.00
110314133225 30891.00
110314133325 31274.00
110314133425 31075.00
110314133525 30990.00
110314133625 30937.00
110314133725 31381.00
110314133825 31296.00
110314133925 30969.00
110314134025 31261.00
110314134125 31462.00
110314134225 31203.00
110314134325 31138.00
110314134425 31238.00
110314134525 31171.00
110314134625 30967.00
110314134725 30967.00
110314134825 31266.00
110314134925 31313.00
110314135025 31052.00
110314135125 31149.00
110314135225 31018.00
110314135325 31087.00
110314135425 31149.00
110314135525 30874.00
110314135625 30896.00
110314135725 31082.00
110314135825 30931.00
110314135925 31372.00
110314140025 31130.00
110314140125 31257.00
110314140225 31098.00
110314140325 30945.00
110314140425 30963.00
110314140525 31134.00
110314140625 30988.00
110314140725 31211.00
110314140825 31392.00
110314140925 31257.00
110314141025 30997.00
110314141125 31191.00
110314141225 30925.00
110314141325 31202.00
110314141425 31096.00
110314141525 30973.00
110314141625 31345.00
110314141725 31188.00
110314141825 30982.00
110314141925 31240.00
110314142025 31251.00
110314142125 31035.00
110314142225 31199.00
110314142325 31435.00
110314142425 31106.00
110314142525 31220.00
110314142625 31131.00
110314142725 31024.00
110314142825 30923.00
110314142925 30952.00
110314143025 30976.00
110314143125 30942.00
110314143225 31297.00
110314143325 31190.00
110314143425 31165.00
110314143525 31345.00
110314143625 31147.00
110314143725 31152.00
110314143825 31347.00
110314143925 31444.00
110314144025 31295.00
110314144125 31205.00
110314144225 31198.00
110314144325 31543.00
110314144425 31403.00
110314144525 31527.00
110314144625 31310.00
110314144725 31628.00
110314144825 31353.00
110314144925 31202.00
110314145025 30937.00
110314145125 31407.00
110314145225 31440.00
110314145325 31410.00
110314145425 31537.00
110314145525 31387.00
110314145625 31302.00
110314145725 31193.00
110314145825 31220.00
110314145925 31199.00
110314150025 30927.00
110314150125 30530.00
110314150225 31161.00
110314150325 31063.00
110314150425 31035.00
110314150525 30968.00
110314150625 31078.00
110314150725 31014.00
110314150825 31044.00
110314150925 31228.00
110314151025 30975.00
110314151125 31312.00
110314151225 30901.00
110314151325 31107.00
110314151425 30770.00
110314151525 31085.00
110314151625 30758.00
110314151725 31100.00
110314151825 30824.00
110314151925 30857.00
110314152025 30592.00
110314152125 30754.00
110314152225 30996.00
110314152325 31253.00
110314152425 31028.00
110314152525 31088.00
110314152625 30880.00
110314152725 30922.00
110314152825 30721.00
110314152925 30898.00
110314153025 30930.00
110314153125 30730.00
110314153225 30904.00
110314153325 30488.00
110314153425 30924.00
110314153525 30975.00
110314153625 30590.00
110314153725 31027.00
110314153825 31009.00
110314153925 31277.00
110314154025 30908.00
110314154125 30879.00
110314154225 30751.00
110314154325 31014.00
110314154425 30781.00
110314154525 30885.00
110314154625 30927.00
110314154725 31029.00
110314154825 31007.00
110314154925 31057.00
110314155025 30777.00
110314155125 30986.00
110314155225 30860.00
110314155325 30818.00
110314155425 30736.00
110314155525 30731.00
110314155625 30896.00
110314155725 30936.00
110314155825 30805.00
110314155925 31007.00
110314160025 31030.00
110314160125 30932.00
110314160225 30913.00
110314160325 31289.00
110314160425 30871.00
110314160525 30822.00
110314160625 30736.00
110314160725 30920.00
110314160825 30965.00
110314160925 30832.00
110314161025 31095.00
110314161125 31122.00
110314161225 31041.00
110314161325 30681.00
110314161425 30996.00
110314161525 30969.00
110314161625 30693.00
110314161725 31094.00
110314161825 31387.00
110314161925 30596.00
110314162025 30746.00
110314162125 30847.00
110314162225 30970.00
110314162325 30877.00
110314162425 31060.00
110314162525 31232.00
110314162625 31009.00
110314162725 31110.00
110314162825 30551.00
110314162925 30904.00
110314163025 31140.00
110314163125 30847.00
110314163225 30958.00
110314163325 31220.00
110314163425 30751.00
110314163525 30574.00
110314163625 31112.00
110314163725 30597.00
110314163825 30672.00
110314163925 30973.00
110314164025 30856.00
110314164125 30878.00
110314164225 30947.00
110314164325 31009.00
110314164425 31080.00
110314164525 31036.00
110314164625 30784.00
110314164725 30961.00
110314164825 30733.00
110314164925 30952.00
110314165025 30818.00
110314165125 31112.00
110314165225 30666.00
110314165325 30643.00
110314165425 30816.00
110314165525 30807.00
110314165625 30763.00
110314165725 30905.00
110314165825 30918.00
110314165925 31035.00
110314170025 31169.00
110314170125 31301.00
110314170225 31260.00
110314170325 31196.00
110314170425 31254.00
110314170525 31092.00
110314170625 31762.00
110314170725 31549.00
110314170825 31129.00
110314170925 31252.00
110314171025 31007.00
110314171125 31234.00
110314171225 31238.00
110314171325 31300.00
110314171425 31481.00
110314171525 31220.00
110314171625 31718.00
110314171725 31311.00
110314171825 31212.00
110314171925 31537.00
110314172025 31345.00
110314172125 31451.00
110314172225 31567.00
110314172325 31234.00
110314172425 31590.00
110314172525 31233.00
110314172625 31126.00
110314172725 30762.00
110314172825 31278.00
110314172925 31321.00
110314173025 31421.00
110314173125 31455.00
110314173225 31330.00
110314173325 31389.00
110314173425 31439.00
110314173525 31371.00
110314173625 31271.00
110314173725 31540.00
110314173825 31436.00
110314173925 31318.00
110314174025 31319.00
110314174125 31561.00
110314174225 31257.00
110314174325 31340.00
110314174425 31252.00
110314174525 31314.00
110314174625 31066.00
110314174725 31373.00
110314174825 31492.00
110314174925 31370.00
110314175025 30954.00
110314175125 31237.00
110314175225 31344.00
110314175325 31263.00
110314175425 31244.00
110314175525 31227.00
110314175625 31193.00
110314175725 31312.00
110314175825 31033.00
110314175925 31304.00
110314180025 30897.00
110314180125 31232.00
110314180225 30803.00
110314180325 31101.00
110314180425 31654.00
110314180525 31342.00
110314180625 31266.00
110314180725 31150.00
110314180825 31124.00
110314180925 31393.00
110314181025 31060.00
110314181125 31178.00
110314181225 31123.00
110314181325 31024.00
110314181425 31361.00
110314181525 31561.00
110314181625 31177.00
110314181725 31265.00
110314181825 31297.00
110314181925 31100.00
110314182025 31247.00
110314182125 31287.00
110314182225 31121.00
110314182325 31181.00
110314182425 31181.00
110314182525 31274.00
110314182625 31128.00
110314182725 31252.00
110314182825 31210.00
110314182925 31357.00
110314183025 30909.00
110314183125 31250.00
110314183225 31236.00
110314183325 31374.00
110314183425 31373.00
110314183525 31179.00
110314183625 31306.00
110314183725 31186.00
110314183825 31224.00
110314183925 31602.00
110314184025 31284.00
110314184125 31212.00
110314184225 31248.00
110314184325 31401.00
110314184425 31295.00
110314184525 31073.00
110314184625 31102.00
110314184725 31343.00
110314184825 31246.00
110314184925 30841.00
110314185025 31639.00
110314185125 31068.00
110314185225 31086.00
110314185325 31210.00
110314185425 31360.00
110314185525 31413.00
110314185625 31009.00
110314185725 30989.00
110314185825 31335.00
110314185925 31217.00
110314190025 31346.00
110314190125 31215.00
110314190225 31475.00
110314190325 31149.00
110314190425 31459.00
110314190525 31012.00
110314190625 31236.00
110314190725 31002.00
110314190825 31342.00
110314190925 31451.00
110314191025 31118.00
110314191125 31495.00
110314191225 31001.00
110314191325 31276.00
110314191425 31131.00
110314191525 31475.00
110314191625 31262.00
110314191725 31239.00
110314191825 31239.00
110314191925 31367.00
110314192025 31405.00
110314192125 31320.00
110314192225 31329.00
110314192325 31534.00
110314192425 31346.00
110314192525 30912.00
110314192625 31110.00
110314192725 31245.00
110314192825 31210.00
110314192925 31387.00
110314193025 31125.00
110314193125 30985.00
110314193225 31160.00
110314193325 31025.00
110314193425 31194.00
110314193525 31395.00
110314193625 31100.00
110314193725 31121.00
110314193825 31150.00
110314193925 31220.00
110314194025 31012.00
110314194125 31476.00
110314194225 31389.00
110314194325 31121.00
110314194425 31187.00
110314194525 31407.00
110314194625 31283.00
110314194725 31234.00
110314194825 31176.00
110314194925 31095.00
110314195025 30905.00
110314195125 31355.00
110314195225 31462.00
110314195325 31168.00
110314195425 31299.00
110314195525 31346.00
110314195625 31437.00
110314195725 31021.00
110314195825 31331.00
110314195925 31481.00
110314200025 31340.00
110314200125 31254.00
110314200225 31233.00
110314200325 31163.00
110314200425 31124.00
110314200525 31330.00
110314200625 31420.00
110314200725 31339.00
110314200825 31374.00
110314200925 31179.00
110314201025 31444.00
110314201125 31049.00
110314201225 31134.00
110314201325 31082.00
110314201425 31449.00
110314201525 31237.00
110314201625 31096.00
110314201725 31251.00
110314201825 30809.00
110314201925 31060.00
110314202025 31212.00
110314202125 31806.00
110314202225 31268.00
110314202325 31445.00
110314202425 31347.00
110314202525 31464.00
110314202625 31503.00
110314202725 31475.00
110314202825 31139.00
110314202925 31194.00
110314203025 31305.00
110314203125 31092.00
110314203225 31409.00
110314203325 31462.00
110314203425 31425.00
110314203525 30987.00
110314203625 30980.00
110314203725 31033.00
110314203825 31129.00
110314203925 30995.00
110314204025 30969.00
110314204125 31325.00
110314204225 31333.00
110314204325 31323.00
110314204425 31361.00
110314204525 31151.00
110314204625 31199.00
110314204725 31228.00
110314204825 31053.00
110314204925 31318.00
110314205025 31096.00
110314205125 30955.00
110314205225 31215.00
110314205325 31259.00
110314205425 31418.00
110314205525 31465.00
110314205625 31239.00
110314205725 31541.00
110314205825 31099.00
110314205925 31132.00
110314210025 31283.00
110314210125 30719.00
110314210225 31270.00
110314210325 31043.00
110314210425 31550.00
110314210525 31481.00
110314210625 31080.00
110314210725 31124.00
110314210825 31164.00
110314210925 31062.00
110314211025 31356.00
110314211125 31502.00
110314211225 31224.00
110314211325 31210.00
110314211425 31265.00
110314211525 31087.00
110314211625 31000.00
110314211725 31416.00
110314211825 31203.00
110314211925 31480.00
110314212025 31922.00
110314212125 31187.00
110314212225 31196.00
110314212325 30943.00
110314212425 31046.00
110314212525 31694.00
110314212625 31211.00
110314212725 31218.00
110314212825 31229.00
110314212925 31143.00
110314213025 31411.00
110314213125 31292.00
110314213225 31311.00
110314213325 31475.00
110314213425 31337.00
110314213525 31823.00
110314213625 30968.00
110314213725 30909.00
110314213825 31169.00
110314213925 31570.00
110314214025 31539.00
110314214125 31526.00
110314214225 31446.00
110314214325 31139.00
110314214425 31077.00
110314214525 30989.00
110314214625 31371.00
110314214725 31417.00
110314214825 30853.00
110314214925 31111.00
110314215025 31532.00
110314215125 31241.00
110314215225 31434.00
110314215325 31205.00
110314215425 31080.00
110314215525 31103.00
110314215625 31263.00
110314215725 31172.00
110314215825 31759.00
110314215925 31420.00
110314220025 31528.00
110314220125 31245.00
110314220225 31124.00
110314220325 31156.00
110314220425 31196.00
110314220525 31614.00
110314220625 31119.00
110314220725 31190.00
110314220825 31259.00
110314220925 31539.00
110314221025 31476.00
110314221125 31276.00
110314221225 31457.00
110314221325 31169.00
110314221425 31385.00
110314221525 31277.00
110314221625 31291.00
110314221725 31247.00
110314221825 31441.00
110314221925 31324.00
110314222025 31095.00
110314222125 31440.00
110314222225 31562.00
110314222325 31193.00
110314222425 31043.00
110314222525 31443.00
110314222625 31596.00
110314222725 31565.00
110314222825 31275.00
110314222925 31223.00
110314223025 31045.00
110314223125 31453.00
110314223225 31334.00
110314223325 31621.00
110314223425 31525.00
110314223525 31454.00
110314223625 31084.00
110314223725 31148.00
110314223825 31535.00
110314223925 31316.00
110314224025 31587.00
110314224125 31218.00
110314224225 31165.00
110314224325 31251.00
110314224425 31110.00
110314224525 31324.00
110314224625 31429.00
110314224725 31450.00
110314224825 31669.00
110314224925 31491.00
110314225025 30904.00
110314225125 31262.00
110314225225 31617.00
110314225325 31334.00
110314225425 31518.00
110314225525 31389.00
110314225625 31154.00
110314225725 31589.00
110314225825 31194.00
110314225925 31445.00
110314230025 31046.00
110314230125 31447.00
110314230225 31025.00
110314230325 31269.00
110314230425 31241.00
110314230525 31173.00
110314230625 31040.00
110314230725 31132.00
110314230825 31190.00
110314230925 31142.00
110314231025 31478.00
110314231125 30866.00
110314231225 31255.00
110314231325 31342.00
110314231425 31302.00
110314231525 31342.00
110314231625 31244.00
110314231725 31133.00
110314231825 31334.00
110314231925 31686.00
110314232025 31495.00
110314232125 31266.00
110314232225 31360.00
110314232325 31618.00
110314232425 31597.00
110314232525 31193.00
110314232625 30961.00
110314232725 31164.00
110314232825 31355.00
110314232925 31384.00
110314233025 31271.00
110314233125 31047.00
110314233225 31303.00
110314233325 31172.00
110314233425 31464.00
110314233525 31160.00
110314233625 31141.00
110314233725 31428.00
110314233825 31069.00
110314233925 31567.00
110314234025 31363.00
110314234125 31462.00
110314234225 31539.00
110314234325 31306.00
110314234425 31115.00
110314234525 31383.00
110314234625 31225.00
110314234725 31116.00
110314234825 31050.00
110314234925 31373.00
110314235025 31498.00
110314235125 31310.00
110314235225 31177.00
110314235325 31264.00
110314235425 30895.00
110314235525 31208.00
110314235625 31305.00
110314235725 31617.00
110314235825 31173.00
110314235925 31654.00
110315000025 31378.00
110315000125 31311.00
110315000225 31291.00
110315000325 31572.00
110315000425 31580.00
110315000525 31379.00
110315000625 31305.00
110315000725 31420.00
110315000825 31233.00
110315000925 31149.00
110315001025 30982.00
110315001125 31325.00
110315001225 31350.00
110315001325 30975.00
110315001425 31264.00
110315001525 31108.00
110315001625 31564.00
110315001725 31464.00
110315001825 31691.00
110315001925 31443.00
110315002025 31342.00
110315002125 31344.00
110315002225 31198.00
110315002325 31231.00
110315002425 31371.00
110315002525 31241.00
110315002625 31620.00
110315002725 31337.00
110315002825 31426.00
110315002925 31304.00
110315003025 31374.00
110315003125 31302.00
110315003225 31311.00
110315003325 31263.00
110315003425 31153.00
110315003525 31081.00
110315003625 31510.00
110315003725 31131.00
110315003825 31150.00
110315003925 31485.00
110315004025 31304.00
110315004125 31293.00
110315004225 31091.00
110315004325 31423.00
110315004425 31499.00
110315004525 31642.00
110315004625 31429.00
110315004725 31348.00
110315004825 31301.00
110315004925 31318.00
110315005025 31342.00
110315005125 31045.00
110315005225 31254.00
110315005325 31573.00
110315005425 31068.00
110315005525 31143.00
110315005625 31252.00
110315005725 31465.00
110315005825 31112.00
110315005925 31492.00
110315010025 31671.00
110315010125 31013.00
110315010225 31095.00
110315010325 30993.00
110315010425 31305.00
110315010525 31610.00
110315010625 31419.00
110315010725 31458.00
110315010825 31397.00
110315010925 31481.00
110315011025 31442.00
110315011125 31500.00
110315011225 31263.00
110315011325 31317.00
110315011425 31390.00
110315011525 31365.00
110315011625 31237.00
110315011725 31144.00
110315011825 31436.00
110315011925 31421.00
110315012025 31340.00
110315012125 31336.00
110315012225 31248.00
110315012325 31366.00
110315012425 31599.00
110315012525 31413.00
110315012625 31618.00
110315012725 31357.00
110315012825 31253.00
110315012925 31644.00
110315013025 31436.00
110315013125 31395.00
110315013225 31295.00
110315013325 31522.00
110315013425 31436.00
110315013525 31330.00
110315013625 31234.00
110315013725 31261.00
110315013825 31402.00
110315013925 31366.00
110315014025 31264.00
110315014125 31607.00
110315014225 31333.00
110315014325 31739.00
110315014425 31451.00
110315014525 31201.00
110315014625 31357.00
110315014725 31210.00
110315014825 31480.00
110315014925 31427.00
110315015025 31391.00
110315015125 31285.00
110315015225 31327.00
110315015325 31449.00
110315015425 31417.00
110315015525 31341.00
110315015625 31276.00
110315015725 31462.00
110315015825 31259.00
110315015925 31110.00
110315020025 31674.00
110315020125 31330.00
110315020225 31282.00
110315020325 31730.00
110315020425 31151.00
110315020525 31587.00
110315020625 31162.00
110315020725 31382.00
110315020825 31385.00
110315020925 31426.00
110315021025 31418.00
110315021125 31187.00
110315021225 31187.00
110315021325 31257.00
110315021425 31457.00
110315021525 31112.00
110315021625 31613.00
110315021725 31569.00
110315021825 31530.00
110315021925 31528.00
110315022025 31418.00
110315022125 31206.00
110315022225 31430.00
110315022325 31551.00
110315022425 31352.00
110315022525 31599.00
110315022625 31343.00
110315022725 31178.00
110315022825 31204.00
110315022925 31184.00
110315023025 31182.00
110315023125 31330.00
110315023225 31557.00
110315023325 31676.00
110315023425 31353.00
110315023525 31006.00
110315023625 31393.00
110315023725 31571.00
110315023825 31542.00
110315023925 31483.00
110315024025 31145.00
110315024125 31366.00
110315024225 31520.00
110315024325 31795.00
110315024425 31597.00
110315024525 31339.00
110315024625 31334.00
110315024725 31258.00
110315024825 31526.00
110315024925 31519.00
110315025025 31456.00
110315025125 31692.00
110315025225 31401.00
110315025325 31215.00
110315025425 31243.00
110315025525 31267.00
110315025625 31260.00
110315025725 31199.00
110315025825 31515.00
110315025925 31171.00
110315030025 31361.00
110315030125 31323.00
110315030225 31408.00
110315030325 31228.00
110315030425 31510.00
110315030525 31043.00
110315030625 31171.00
110315030725 31304.00
110315030825 31465.00
110315030925 31527.00
110315031025 31138.00
110315031125 30974.00
110315031225 31388.00
110315031325 31589.00
110315031425 31364.00
110315031525 31339.00
110315031625 31283.00
110315031725 31390.00
110315031825 31324.00
110315031925 31804.00
110315032025 31496.00
110315032125 31377.00
110315032225 31235.00
110315032325 31296.00
110315032425 31553.00
110315032525 31278.00
110315032625 31244.00
110315032725 31365.00
110315032825 31258.00
110315032925 31444.00
110315033025 31489.00
110315033125 31271.00
110315033225 31536.00
110315033325 31623.00
110315033425 31308.00
110315033525 31748.00
110315033625 31481.00
110315033725 31321.00
110315033825 31373.00
110315033925 31341.00
110315034025 31492.00
110315034125 31354.00
110315034225 31290.00
110315034325 31648.00
110315034425 31522.00
110315034525 31084.00
110315034625 31316.00
110315034725 31498.00
110315034825 31548.00
110315034925 31317.00
110315035025 31330.00
110315035125 31565.00
110315035225 31366.00
110315035325 30910.00
110315035425 31382.00
110315035525 31478.00
110315035625 31241.00
110315035725 31248.00
110315035825 31088.00
110315035925 31274.00
110315040025 31405.00
110315040125 31269.00
110315040225 31147.00
110315040325 31430.00
110315040425 31452.00
110315040525 31217.00
110315040625 31664.00
110315040725 31378.00
110315040825 31442.00
110315040925 31259.00
110315041025 31445.00
110315041125 31349.00
110315041225 31501.00
110315041325 31297.00
110315041425 31594.00
110315041525 31503.00
110315041625 31511.00
110315041725 31421.00
110315041825 31681.00
110315041925 31450.00
110315042025 31284.00
110315042125 31221.00
110315042225 31376.00
110315042325 31438.00
110315042425 31113.00
110315042525 31411.00
110315042625 31600.00
110315042725 31756.00
110315042825 31257.00
110315042925 31399.00
110315043025 31616.00
110315043125 31162.00
110315043225 31586.00
110315043325 31526.00
110315043425 31330.00
110315043525 31468.00
110315043625 31522.00
110315043725 31395.00
110315043825 31503.00
110315043925 31677.00
110315044025 31503.00
110315044125 31436.00
110315044225 31303.00
110315044325 31212.00
110315044425 31367.00
110315044525 31634.00
110315044625 31340.00
110315044725 31237.00
110315044825 31491.00
110315044925 30955.00
110315045025 31404.00
110315045125 31414.00
110315045225 31297.00
110315045325 31287.00
110315045425 31333.00
110315045525 31371.00
110315045625 31417.00
110315045725 31413.00
110315045825 31660.00
110315045925 31242.00
110315050025 31347.00
110315050125 31396.00
110315050225 31357.00
110315050325 31083.00
110315050425 31406.00
110315050525 31436.00
110315050625 31101.00
110315050725 31702.00
110315050825 31349.00
110315050925 31096.00
110315051025 31649.00
110315051125 31157.00
110315051225 31262.00
110315051325 31943.00
110315051425 31814.00
110315051525 31285.00
110315051625 31452.00
110315051725 31802.00
110315051825 31242.00
110315051925 31556.00
110315052025 31486.00
110315052125 31179.00
110315052225 31399.00
110315052325 31433.00
110315052425 31726.00
110315052525 31696.00
110315052625 31254.00
110315052725 31236.00
110315052825 31542.00
110315052925 31741.00
110315053025 31311.00
110315053125 31324.00
110315053225 31563.00
110315053325 31663.00
110315053425 31658.00
110315053525 31430.00
110315053625 31410.00
110315053725 31427.00
110315053825 31470.00
110315053925 31171.00
110315054025 31537.00
110315054125 31254.00
110315054225 31639.00
110315054325 31679.00
110315054425 31346.00
110315054525 31388.00
110315054625 31405.00
110315054725 31405.00
110315054825 31277.00
110315054925 31202.00
110315055025 31489.00
110315055125 31296.00
110315055225 31460.00
110315055325 31259.00
110315055425 31579.00
110315055525 31232.00
110315055625 31572.00
110315055725 30990.00
110315055825 31430.00
110315055925 31259.00
110315060025 31172.00
110315060125 31460.00
110315060225 31213.00
110315060325 31311.00
110315060425 31291.00
110315060525 31456.00
110315060625 31389.00
110315060725 31452.00
110315060825 31384.00
110315060925 31664.00
110315061025 31753.00
110315061125 31502.00
110315061225 31506.00
110315061325 31503.00
110315061425 31257.00
110315061525 31354.00
110315061625 31253.00
110315061725 31151.00
110315061825 31307.00
110315061925 31296.00
110315062025 31165.00
110315062125 31648.00
110315062225 31619.00
110315062325 31688.00
110315062425 31307.00
110315062525 31282.00
110315062625 31436.00
110315062725 31181.00
110315062825 31419.00
110315062925 31590.00
110315063025 31270.00
110315063125 31394.00
110315063225 31138.00
110315063325 31448.00
110315063425 31510.00
110315063525 31622.00
110315063625 31285.00
110315063725 31304.00
110315063825 31296.00
110315063925 31472.00
110315064025 31596.00
110315064125 31380.00
110315064225 31420.00
110315064325 31243.00
110315064425 31387.00
110315064525 31484.00
110315064625 31303.00
110315064725 31192.00
110315064825 31512.00
110315064925 31415.00
110315065025 31464.00
110315065125 31749.00
110315065225 31275.00
110315065325 31448.00
110315065425 31188.00
110315065525 31494.00
110315065625 31223.00
110315065725 31630.00
110315065825 31348.00
110315065925 31131.00
110315070025 31313.00
110315070125 30928.00
110315070225 31480.00
110315070325 31562.00
110315070425 31418.00
110315070525 31076.00
110315070625 31312.00
110315070725 31397.00
110315070825 31568.00
110315070925 31549.00
110315071025 31506.00
110315071125 31396.00
110315071225 31320.00
110315071325 31223.00
110315071425 31328.00
110315071525 30952.00
110315071625 31098.00
110315071725 31696.00
110315071825 31374.00
110315071925 31552.00
110315072025 31367.00
110315072125 31745.00
110315072225 31108.00
110315072325 31492.00
110315072425 31717.00
110315072525 31490.00
110315072625 31382.00
110315072725 31569.00
110315072825 31313.00
110315072925 31381.00
110315073025 31430.00
110315073125 31470.00
110315073225 31737.00
110315073325 31486.00
110315073425 31478.00
110315073525 31461.00
110315073625 31263.00
110315073725 31340.00
110315073825 31398.00
110315073925 31251.00
110315074025 31170.00
110315074125 31666.00
110315074225 31581.00
110315074325 31475.00
110315074425 31504.00
110315074525 31438.00
110315074625 31258.00
110315074725 31383.00
110315074825 31581.00
110315074925 31310.00
110315075025 31047.00
110315075125 31219.00
110315075225 31352.00
110315075325 31172.00
110315075425 31159.00
110315075525 31442.00
110315075625 31336.00
110315075725 31382.00
110315075825 31277.00
110315075925 31473.00
110315080025 31440.00
110315080125 31288.00
110315080225 31185.00
110315080325 31501.00
110315080425 31310.00
110315080525 31288.00
110315080625 31095.00
110315080725 31302.00
110315080825 31168.00
110315080925 30986.00
110315081025 30919.00
110315081125 31053.00
110315081225 30811.00
110315081325 31338.00
110315081425 30946.00
110315081525 31014.00
110315081625 31649.00
110315081725 31203.00
110315081825 31035.00
110315081925 30853.00
110315082025 31281.00
110315082125 31213.00
110315082225 30874.00
110315082325 31206.00
110315082425 30886.00
110315082525 30912.00
110315082625 30906.00
110315082725 30879.00
110315082825 30820.00
110315082925 30952.00
110315083025 30814.00
110315083125 30958.00
110315083225 30686.00
110315083325 30720.00
110315083425 30890.00
110315083525 31326.00
110315083625 30582.00
110315083725 30790.00
110315083825 31244.00
110315083925 31107.00
110315084025 31036.00
110315084125 30927.00
110315084225 31084.00
110315084325 30739.00
110315084425 31187.00
110315084525 31395.00
110315084625 31276.00
110315084725 30932.00
110315084825 31340.00
110315084925 31192.00
110315085025 31014.00
110315085125 31202.00
110315085225 31003.00
110315085325 30967.00
110315085425 30716.00
110315085525 30941.00
110315085625 30729.00
110315085725 31104.00
110315085825 30975.00
110315085925 31019.00
110315090025 31206.00
110315090125 30956.00
110315090225 30565.00
110315090325 31188.00
110315090425 31159.00
110315090525 30932.00
110315090625 31033.00
110315090725 31211.00
110315090825 30957.00
110315090925 30174.00
110315091025 30510.00
110315091125 30463.00
110315091225 30375.00
110315091325 30712.00
110315091425 30467.00
110315091525 30532.00
110315091625 30452.00
110315091725 30526.00
110315091825 30576.00
110315091925 29917.00
110315092025 30253.00
110315092125 30377.00
110315092225 30826.00
110315092325 30441.00
110315092425 30827.00
110315092525 30496.00
110315092625 30541.00
110315092725 30600.00
110315092825 30576.00
110315092925 30533.00
110315093025 30608.00
110315093125 30264.00
110315093225 30799.00
110315093325 31003.00
110315093425 30716.00
110315093525 30969.00
110315093625 30734.00
110315093725 30545.00
110315093825 31046.00
110315093925 31112.00
110315094025 30765.00
110315094125 30992.00
110315094225 30851.00
110315094325 30639.00
110315094425 30941.00
110315094525 30976.00
110315094625 30647.00
110315094725 30654.00
110315094825 30627.00
110315094925 30966.00
110315095025 30886.00
110315095125 30529.00
110315095225 30737.00
110315095325 30566.00
110315095425 30300.00
110315095525 30528.00
110315095625 30828.00
110315095725 30768.00
110315095825 30922.00
110315095925 30803.00
110315100025 30669.00
110315100125 31096.00
110315100225 31024.00
110315100325 30978.00
110315100425 30827.00
110315100525 30820.00
110315100625 30730.00
110315100725 30627.00
110315100825 30565.00
110315100925 30968.00
110315101025 30370.00
110315101125 30780.00
110315101225 30881.00
110315101325 30589.00
110315101425 31104.00
110315101525 30798.00
110315101625 30560.00
110315101725 30969.00
110315101825 31046.00
110315101925 31133.00
110315102025 31114.00
110315102125 30490.00
110315102225 30858.00
110315102325 30713.00
110315102425 31064.00
110315102525 30577.00
110315102625 30712.00
110315102725 30798.00
110315102825 30840.00
110315102925 31433.00
110315103025 30973.00
110315103125 30488.00
110315103225 30856.00
110315103325 30739.00
110315103425 30657.00
110315103525 30872.00
110315103625 30967.00
110315103725 30932.00
110315103825 30628.00
110315103925 30876.00
110315104025 31176.00
110315104125 31233.00
110315104225 31305.00
110315104325 31166.00
110315104425 30861.00
110315104525 30870.00
110315104625 30839.00
110315104725 31047.00
110315104825 31219.00
110315104925 30964.00
110315105025 30854.00
110315105125 30961.00
110315105225 30439.00
110315105325 30987.00
110315105425 31026.00
110315105525 30740.00
110315105625 30670.00
110315105725 30807.00
110315105825 31247.00
110315105925 30810.00
110315110025 31062.00
110315110125 31009.00
110315110225 31163.00
110315110325 31012.00
110315110425 30776.00
110315110525 30865.00
110315110625 30837.00
110315110725 30864.00
110315110825 31151.00
110315110925 31241.00
110315111025 30901.00
110315111125 31099.00
110315111225 31045.00
110315111325 31171.00
110315111425 30884.00
110315111525 31141.00
110315111625 31310.00
110315111725 31222.00
110315111825 30814.00
110315111925 30980.00
110315112025 31293.00
110315112125 30948.00
110315112225 31120.00
110315112325 31052.00
110315112425 30973.00
110315112525 31153.00
110315112625 30958.00
110315112725 30798.00
110315112825 30883.00
110315112925 30941.00
110315113025 31091.00
110315113125 30788.00
110315113225 30720.00
110315113325 30483.00
110315113425 30565.00
110315113525 30979.00
110315113625 30994.00
110315113725 30865.00
110315113825 30866.00
110315113925 30732.00
110315114025 31084.00
110315114125 31045.00
110315114225 30854.00
110315114325 30822.00
110315114425 30955.00
110315114525 31035.00
110315114625 30652.00
110315114725 30731.00
110315114825 30906.00
110315114925 30837.00
110315115025 30863.00
110315115125 30908.00
110315115225 30791.00
110315115325 30922.00
110315115425 30994.00
110315115525 30826.00
110315115625 30616.00
110315115725 30725.00
110315115825 30852.00
110315115925 30946.00
110315120025 31127.00
110315120125 31019.00
110315120225 31031.00
110315120325 31001.00
110315120425 31293.00
110315120525 30909.00
110315120625 31258.00
110315120725 31025.00
110315120825 30979.00
110315120925 31268.00
110315121025 30921.00
110315121125 31004.00
110315121225 31360.00
110315121325 31096.00
110315121425 30845.00
110315121525 30849.00
110315121625 31283.00
110315121725 31098.00
110315121825 31043.00
110315121925 30946.00
110315122025 31339.00
110315122125 31052.00
110315122225 31130.00
110315122325 31160.00
110315122425 30854.00
110315122525 31354.00
110315122625 31506.00
110315122725 31370.00
110315122825 31185.00
110315122925 31107.00
110315123025 30988.00
110315123125 31224.00
110315123225 31300.00
110315123325 31004.00
110315123425 31335.00
110315123525 31128.00
110315123625 30571.00
110315123725 30976.00
110315123825 31157.00
110315123925 31401.00
110315124025 31021.00
110315124125 31001.00
110315124225 31310.00
110315124325 30977.00
110315124425 31161.00
110315124525 31311.00
110315124625 30704.00
110315124725 30939.00
110315124825 30861.00
110315124925 31115.00
110315125025 31218.00
110315125125 31005.00
110315125225 30773.00
110315125325 31260.00
110315125425 31368.00
110315125525 31424.00
110315125625 30929.00
110315125725 31180.00
110315125825 31091.00
110315125925 31398.00
110315130025 30971.00
110315130125 30815.00
110315130225 30793.00
110315130325 31115.00
110315130425 31137.00
110315130525 30926.00
110315130625 30908.00
110315130725 30664.00
110315130825 30825.00
110315130925 30681.00
110315131025 30677.00
110315131125 30747.00
110315131225 30933.00
110315131325 30893.00
110315131425 30753.00
110315131525 30916.00
110315131625 30886.00
110315131725 30917.00
110315131825 31242.00
110315131925 31034.00
110315132025 30773.00
110315132125 31286.00
110315132225 31410.00
110315132325 30820.00
110315132425 31003.00
110315132525 30918.00
110315132625 30850.00
110315132725 31055.00
110315132825 30420.00
110315132925 30914.00
110315133025 30871.00
110315133125 30609.00
110315133225 30847.00
110315133325 31246.00
110315133425 30929.00
110315133525 31106.00
110315133625 30826.00
110315133725 31073.00
110315133825 30931.00
110315133925 31092.00
110315134025 30887.00
110315134125 30731.00
110315134225 30850.00
110315134325 30883.00
110315134425 30932.00
110315134525 31047.00
110315134625 31015.00
110315134725 31052.00
110315134825 30747.00
110315134925 31040.00
110315135025 31165.00
110315135125 31317.00
110315135225 31266.00
110315135325 30977.00
110315135425 30949.00
110315135525 30790.00
110315135625 31022.00
110315135725 30754.00
110315135825 31071.00
110315135925 30959.00
110315140025 30934.00
110315140125 31135.00
110315140225 31021.00
110315140325 30827.00
110315140425 30991.00
110315140525 31358.00
110315140625 31115.00
110315140725 31016.00
110315140825 31104.00
110315140925 30902.00
110315141025 30427.00
110315141125 30842.00
110315141225 31051.00
110315141325 30771.00
110315141425 31364.00
110315141525 30861.00
110315141625 30945.00
110315141725 31073.00
110315141825 30983.00
110315141925 30784.00
110315142025 31120.00
110315142125 31010.00
110315142225 31115.00
110315142325 30666.00
110315142425 30867.00
110315142525 30966.00
110315142625 30702.00
110315142725 31197.00
110315142825 30796.00
110315142925 30955.00
110315143025 30901.00
110315143125 30658.00
110315143225 31051.00
110315143325 30546.00
110315143425 30979.00
110315143525 30570.00
110315143625 30853.00
110315143725 30901.00
110315143825 30757.00
110315143925 31033.00
110315144025 31014.00
110315144125 30612.00
110315144225 30647.00
110315144325 30872.00
110315144425 30577.00
110315144525 30606.00
110315144625 31296.00
110315144725 30873.00
110315144825 30780.00
110315144925 30679.00
110315145025 30680.00
110315145125 30734.00
110315145225 30915.00
110315145325 30920.00
110315145425 31112.00
110315145525 30872.00
110315145625 31099.00
110315145725 31135.00
110315145825 30738.00
110315145925 30645.00
110315150025 30903.00
110315150125 30873.00
110315150225 31203.00
110315150325 30985.00
110315150425 30985.00
110315150525 31139.00
110315150625 31072.00
110315150725 30988.00
110315150825 30680.00
110315150925 31055.00
110315151025 30857.00
110315151125 30669.00
110315151225 30894.00
110315151325 31039.00
110315151425 30958.00
110315151525 31029.00
110315151625 30557.00
110315151725 30657.00
110315151825 30644.00
110315151925 31332.00
110315152025 30982.00
110315152125 31051.00
110315152225 30821.00
110315152325 31123.00
110315152425 31251.00
110315152525 31104.00
110315152625 31069.00
110315152725 31038.00
110315152825 31127.00
110315152925 31278.00
110315153025 31095.00
110315153125 31238.00
110315153225 30986.00
110315153325 30981.00
110315153425 31023.00
110315153525 30885.00
110315153625 30951.00
110315153725 30908.00
110315153825 31068.00
110315153925 30931.00
110315154025 30975.00
110315154125 30828.00
110315154225 31027.00
110315154325 30543.00
110315154425 30660.00
110315154525 31159.00
110315154625 30680.00
110315154725 30922.00
110315154825 30784.00
110315154925 30957.00
110315155025 31242.00
110315155125 31051.00
110315155225 30721.00
110315155325 30694.00
110315155425 30882.00
110315155525 30995.00
110315155625 31438.00
110315155725 31214.00
110315155825 30314.00
110315155925 30771.00
110315160025 30452.00
110315160125 30732.00
110315160225 30830.00
110315160325 30409.00
110315160425 30436.00
110315160525 30474.00
110315160625 30648.00
110315160725 30329.00
110315160825 30557.00
110315160925 30687.00
110315161025 30292.00
110315161125 30763.00
110315161225 30523.00
110315161325 30294.00
110315161425 30886.00
110315161525 30577.00
110315161625 30537.00
110315161725 30658.00
110315161825 30369.00
110315161925 30967.00
110315162025 31065.00
110315162125 31172.00
110315162225 30676.00
110315162325 30600.00
110315162425 30882.00
110315162525 31064.00
110315162625 30988.00
110315162725 30642.00
110315162825 31033.00
110315162925 30479.00
110315163025 30758.00
110315163125 31064.00
110315163225 30806.00
110315163325 30970.00
110315163425 30849.00
110315163525 30996.00
110315163625 30962.00
110315163725 30724.00
110315163825 31123.00
110315163925 30974.00
110315164025 31282.00
110315164125 30671.00
110315164225 30769.00
110315164325 30677.00
110315164425 30808.00
110315164525 30944.00
110315164625 31119.00
110315164725 30772.00
110315164825 30792.00
110315164925 30945.00
110315165025 30790.00
110315165125 31170.00
110315165225 30943.00
110315165325 30982.00
110315165425 30906.00
110315165525 30838.00
110315165625 30935.00
110315165725 30908.00
110315165825 30679.00
110315165925 30742.00
110315170025 30764.00
110315170125 31160.00
110315170225 30880.00
110315170325 30817.00
110315170425 30536.00
110315170525 30618.00
110315170625 30936.00
110315170725 30875.00
110315170825 31008.00
110315170925 30847.00
110315171025 31146.00
110315171125 30764.00
110315171225 31070.00
110315171325 31101.00
110315171425 30878.00
110315171525 30952.00
110315171625 31234.00
110315171725 30835.00
110315171825 31035.00
110315171925 31045.00
110315172025 31104.00
110315172125 30832.00
110315172225 31168.00
110315172325 30751.00
110315172425 30937.00
110315172525 31334.00
110315172625 30963.00
110315172725 30645.00
110315172825 31034.00
110315172925 30986.00
110315173025 30793.00
110315173125 30879.00
110315173225 30990.00
110315173325 30952.00
110315173425 30887.00
110315173525 31602.00
110315173625 30818.00
110315173725 30867.00
110315173825 31073.00
110315173925 30926.00
110315174025 30700.00
110315174125 31403.00
110315174225 30798.00
110315174325 31170.00
110315174425 31010.00
110315174525 30971.00
110315174625 31258.00
110315174725 30739.00
110315174825 30818.00
110315174925 30901.00
110315175025 31040.00
110315175125 31414.00
110315175225 30936.00
110315175325 30834.00
110315175425 30921.00
110315175525 31356.00
110315175625 30848.00
110315175725 31094.00
110315175825 30839.00
110315175925 31100.00
110315180025 30874.00
110315180125 30897.00
110315180225 30957.00
110315180325 31092.00
110315180425 31011.00
110315180525 31075.00
110315180625 30966.00
110315180725 30980.00
110315180825 31102.00
110315180925 31021.00
110315181025 31036.00
110315181125 31297.00
110315181225 30946.00
110315181325 31001.00
110315181425 30906.00
110315181525 31073.00
110315181625 30866.00
110315181725 30831.00
110315181825 31133.00
110315181925 30939.00
110315182025 31048.00
110315182125 30756.00
110315182225 30986.00
110315182325 30857.00
110315182425 30991.00
110315182525 31392.00
110315182625 30741.00
110315182725 30948.00
110315182825 30945.00
110315182925 30807.00
110315183025 30911.00
110315183125 30698.00
110315183225 30906.00
110315183325 31031.00
110315183425 30847.00
110315183525 31110.00
110315183625 30867.00
110315183725 30990.00
110315183825 30916.00
110315183925 31004.00
110315184025 30719.00
110315184125 30906.00
110315184225 31155.00
110315184325 31168.00
110315184425 30909.00
110315184525 30756.00
110315184625 31043.00
110315184725 30890.00
110315184825 31033.00
110315184925 31207.00
110315185025 30893.00
110315185125 31030.00
110315185225 31236.00
110315185325 31236.00
110315185425 30954.00
110315185525 31410.00
110315185625 30931.00
110315185725 31147.00
110315185825 31143.00
110315185925 31047.00
110315190025 30896.00
110315190125 31002.00
110315190225 31103.00
110315190325 30786.00
110315190425 31108.00
110315190525 30906.00
110315190625 30802.00
110315190725 31010.00
110315190825 31234.00
110315190925 30722.00
110315191025 31036.00
110315191125 30592.00
110315191225 30795.00
110315191325 30964.00
110315191425 31032.00
110315191525 30951.00
110315191625 31062.00
110315191725 31215.00
110315191825 31129.00
110315191925 30836.00
110315192025 30904.00
110315192125 30709.00
110315192225 30966.00
110315192325 31048.00
110315192425 30776.00
110315192525 31257.00
110315192625 31203.00
110315192725 31078.00
110315192825 30940.00
110315192925 31090.00
110315193025 30733.00
110315193125 30828.00
110315193225 30897.00
110315193325 31143.00
110315193425 30989.00
110315193525 30923.00
110315193625 30943.00
110315193725 31014.00
110315193825 30818.00
110315193925 30621.00
110315194025 31163.00
110315194125 30689.00
110315194225 31174.00
110315194325 31018.00
110315194425 31166.00
110315194525 31022.00
110315194625 30876.00
110315194725 30670.00
110315194825 30989.00
110315194925 31325.00
110315195025 30970.00
110315195125 30857.00
110315195225 30880.00
110315195325 30796.00
110315195425 30783.00
110315195525 31230.00
110315195625 31085.00
110315195725 30939.00
110315195825 31107.00
110315195925 30901.00
110315200025 31074.00
110315200125 30943.00
110315200225 31036.00
110315200325 31017.00
110315200425 30757.00
110315200525 31188.00
110315200625 31169.00
110315200725 31101.00
110315200825 31047.00
110315200925 31155.00
110315201025 30935.00
110315201125 31072.00
110315201225 31229.00
110315201325 30443.00
110315201425 31179.00
110315201525 31136.00
110315201625 31026.00
110315201725 30922.00
110315201825 30871.00
110315201925 30876.00
110315202025 31142.00
110315202125 30863.00
110315202225 30908.00
110315202325 30964.00
110315202425 30699.00
110315202525 31306.00
110315202625 30889.00
110315202725 31025.00
110315202825 30980.00
110315202925 31148.00
110315203025 30997.00
110315203125 30578.00
110315203225 30721.00
110315203325 31169.00
110315203425 30862.00
110315203525 30932.00
110315203625 31019.00
110315203725 30755.00
110315203825 31015.00
110315203925 30891.00
110315204025 30944.00
110315204125 30829.00
110315204225 30959.00
110315204325 31138.00
110315204425 31024.00
110315204525 30911.00
110315204625 31308.00
110315204725 31128.00
110315204825 30995.00
110315204925 30848.00
110315205025 31182.00
110315205125 30844.00
110315205225 30986.00
110315205325 31278.00
110315205425 31048.00
110315205525 30889.00
110315205625 31000.00
110315205725 31231.00
110315205825 30779.00
110315205925 30683.00
110315210025 31258.00
110315210125 31251.00
110315210225 31241.00
110315210325 30666.00
110315210425 31231.00
110315210525 30962.00
110315210625 30776.00
110315210725 31076.00
110315210825 30842.00
110315210925 30727.00
110315211025 30800.00
110315211125 30834.00
110315211225 31203.00
110315211325 30978.00
110315211425 31095.00
110315211525 30948.00
110315211625 30810.00
110315211725 30871.00
110315211825 31271.00
110315211925 31268.00
110315212025 31031.00
110315212125 31071.00
110315212225 31047.00
110315212325 30848.00
110315212425 31044.00
110315212525 30880.00
110315212625 30627.00
110315212725 31027.00
110315212825 31343.00
110315212925 31146.00
110315213025 31119.00
110315213125 30908.00
110315213225 31022.00
110315213325 31025.00
110315213425 30995.00
110315213525 31114.00
110315213625 30874.00
110315213725 31153.00
110315213825 31140.00
110315213925 31064.00
110315214025 30884.00
110315214125 30681.00
110315214225 30996.00
110315214325 30759.00
110315214425 31257.00
110315214525 30973.00
110315214625 30908.00
110315214725 31021.00
110315214825 31411.00
110315214925 31154.00
110315215025 31159.00
110315215125 31177.00
110315215225 31003.00
110315215325 31053.00
110315215425 31114.00
110315215525 30957.00
110315215625 31297.00
110315215725 30920.00
110315215825 31104.00
110315215925 31123.00
110315220025 30924.00
110315220125 31205.00
110315220225 30579.00
110315220325 30998.00
110315220425 31290.00
110315220525 30882.00
110315220625 31209.00
110315220725 31151.00
110315220825 31008.00
110315220925 31059.00
110315221025 30779.00
110315221125 31091.00
110315221225 30723.00
110315221325 31115.00
110315221425 31189.00
110315221525 31099.00
110315221625 31295.00
110315221725 30741.00
110315221825 31049.00
110315221925 31015.00
110315222025 30869.00
110315222125 30978.00
110315222225 31249.00
110315222325 31032.00
110315222425 30883.00
110315222525 31146.00
110315222625 31121.00
110315222725 31139.00
110315222825 30969.00
110315222925 30978.00
110315223025 30924.00
110315223125 30843.00
110315223225 30922.00
110315223325 31159.00
110315223425 30809.00
110315223525 31033.00
110315223625 30895.00
110315223725 31080.00
110315223825 31141.00
110315223925 31039.00
110315224025 30534.00
110315224125 30894.00
110315224225 30937.00
110315224325 31080.00
110315224425 31065.00
110315224525 31079.00
110315224625 31225.00
110315224725 31064.00
110315224825 30919.00
110315224925 31154.00
110315225025 31178.00
110315225125 30957.00
110315225225 31164.00
110315225325 30901.00
110315225425 30842.00
110315225525 31148.00
110315225625 30911.00
110315225725 30861.00
110315225825 30796.00
110315225925 31077.00
110315230025 31003.00
110315230125 31202.00
110315230225 31036.00
110315230325 30926.00
110315230425 30957.00
110315230525 30920.00
110315230625 30950.00
110315230725 30915.00
110315230825 30967.00
110315230925 30968.00
110315231025 30542.00
110315231125 31119.00
110315231225 30659.00
110315231325 31227.00
110315231425 31136.00
110315231525 31074.00
110315231625 31137.00
110315231725 30947.00
110315231825 31002.00
110315231925 30889.00
110315232025 31182.00
110315232125 30846.00
110315232225 31113.00
110315232325 30879.00
110315232425 31112.00
110315232525 30956.00
110315232625 31008.00
110315232725 31387.00
110315232825 30808.00
110315232925 31253.00
110315233025 31155.00
110315233125 31152.00
110315233225 31132.00
110315233325 30851.00
110315233425 31091.00
110315233525 30712.00
110315233625 31071.00
110315233725 31133.00
110315233825 30970.00
110315233925 31202.00
110315234025 30905.00
110315234125 31325.00
110315234225 31408.00
110315234325 31153.00
110315234425 31443.00
110315234525 31157.00
110315234625 31261.00
110315234725 31118.00
110315234825 31373.00
110315234925 30819.00
110315235025 31091.00
110315235125 31570.00
110315235225 30985.00
110315235325 30473.00
110315235425 30857.00
110315235525 31265.00
110315235625 31084.00
110315235725 31157.00
110315235825 31126.00
110315235925 31313.00
110316000025 31250.00
110316000125 31283.00
110316000225 30976.00
110316000325 30949.00
110316000425 30937.00
110316000525 30970.00
110316000625 31253.00
110316000725 31137.00
110316000825 30984.00
110316000925 31172.00
110316001025 31002.00
110316001125 30838.00
110316001225 31252.00
110316001325 31265.00
110316001425 31230.00
110316001525 30969.00
110316001625 31045.00
110316001725 31257.00
110316001825 30880.00
110316001925 31223.00
110316002025 30823.00
110316002125 31186.00
110316002225 31412.00
110316002325 31284.00
110316002425 31176.00
110316002525 30864.00
110316002625 31070.00
110316002725 31277.00
110316002825 31428.00
110316002925 30997.00
110316003025 31144.00
110316003125 31074.00
110316003225 30795.00
110316003325 31182.00
110316003425 30694.00
110316003525 31087.00
110316003625 31101.00
110316003725 30855.00
110316003825 30973.00
110316003925 30750.00
110316004025 30954.00
110316004125 30812.00
110316004225 30800.00
110316004325 31126.00
110316004425 30620.00
110316004525 30767.00
110316004625 31186.00
110316004725 31507.00
110316004825 31147.00
110316004925 31129.00
110316005025 31103.00
110316005125 30714.00
110316005225 31309.00
110316005325 31276.00
110316005425 31031.00
110316005525 31171.00
110316005625 31213.00
110316005725 31031.00
110316005825 31175.00
110316005925 31278.00
110316010025 31151.00
110316010125 30994.00
110316010225 30864.00
110316010325 30848.00
110316010425 30995.00
110316010525 31070.00
110316010625 31297.00
110316010725 31210.00
110316010825 31326.00
110316010925 31037.00
110316011025 31015.00
110316011125 30980.00
110316011225 31085.00
110316011325 30838.00
110316011425 31062.00
110316011525 31062.00
110316011625 30931.00
110316011725 31079.00
110316011825 31070.00
110316011925 30968.00
110316012025 30859.00
110316012125 30916.00
110316012225 30922.00
110316012325 31138.00
110316012425 30849.00
110316012525 31192.00
110316012625 31179.00
110316012725 30981.00
110316012825 31035.00
110316012925 31412.00
110316013025 31248.00
110316013125 31135.00
110316013225 30742.00
110316013325 31066.00
110316013425 30958.00
110316013525 30922.00
110316013625 30791.00
110316013725 30716.00
110316013825 30988.00
110316013925 31350.00
110316014025 30885.00
110316014125 30934.00
110316014225 31021.00
110316014325 31165.00
110316014425 31140.00
110316014525 30829.00
110316014625 30887.00
110316014725 31231.00
110316014825 30508.00
110316014925 31215.00
110316015025 31057.00
110316015125 31055.00
110316015225 30959.00
110316015325 31105.00
110316015425 31150.00
110316015525 31139.00
110316015625 31211.00
110316015725 31111.00
110316015825 31111.00
110316015925 31109.00
110316020025 30821.00
110316020125 31128.00
110316020225 31173.00
110316020325 31417.00
110316020425 30828.00
110316020525 30898.00
110316020625 31048.00
110316020725 31318.00
110316020825 30771.00
110316020925 31137.00
110316021025 31120.00
110316021125 30848.00
110316021225 30944.00
110316021325 30972.00
110316021425 30807.00
110316021525 31201.00
110316021625 31081.00
110316021725 31262.00
110316021825 31374.00
110316021925 31176.00
110316022025 30894.00
110316022125 30920.00
110316022225 31162.00
110316022325 31037.00
110316022425 30862.00
110316022525 31105.00
110316022625 31276.00
110316022725 30895.00
110316022825 31205.00
110316022925 31147.00
110316023025 31191.00
110316023125 31424.00
110316023225 31068.00
110316023325 31176.00
110316023425 31076.00
110316023525 31102.00
110316023625 30838.00
110316023725 31163.00
110316023825 30883.00
110316023925 31175.00
110316024025 31030.00
110316024125 31123.00
110316024225 30908.00
110316024325 30698.00
110316024425 31119.00
110316024525 30895.00
110316024625 31281.00
110316024725 30984.00
110316024825 31140.00
110316024925 31192.00
110316025025 31124.00
110316025125 30996.00
110316025225 30958.00
110316025325 30997.00
110316025425 31217.00
110316025525 31075.00
110316025625 31231.00
110316025725 31215.00
110316025825 31023.00
110316025925 31060.00
110316030025 31392.00
110316030125 31170.00
110316030225 30962.00
110316030325 31026.00
110316030425 31018.00
110316030525 30894.00
110316030625 30730.00
110316030725 30938.00
110316030825 30939.00
110316030925 30925.00
110316031025 31159.00
110316031125 31022.00
110316031225 31117.00
110316031325 31285.00
110316031425 31043.00
110316031525 30972.00
110316031625 30676.00
110316031725 30952.00
110316031825 30788.00
110316031925 31002.00
110316032025 31040.00
110316032125 31066.00
110316032225 31183.00
110316032325 31406.00
110316032425 31112.00
110316032525 30868.00
110316032625 31029.00
110316032725 31215.00
110316032825 31019.00
110316032925 30986.00
110316033025 30963.00
110316033125 30978.00
110316033225 31298.00
110316033325 30830.00
110316033425 31028.00
110316033525 30945.00
110316033625 31225.00
110316033725 31139.00
110316033825 30937.00
110316033925 31009.00
110316034025 30977.00
110316034125 30974.00
110316034225 30733.00
110316034325 31327.00
110316034425 30968.00
110316034525 31054.00
110316034625 31167.00
110316034725 30640.00
110316034825 30731.00
110316034925 30885.00
110316035025 31000.00
110316035125 31546.00
110316035225 31231.00
110316035325 31072.00
110316035425 31397.00
110316035525 31039.00
110316035625 31205.00
110316035725 62367.00
110316035825 30850.00
110316035925 30955.00
110316040025 31317.00
110316040125 30759.00
110316040225 31279.00
110316040325 31201.00
110316040425 31004.00
110316040525 31272.00
110316040625 31117.00
110316040725 30925.00
110316040825 31085.00
110316040925 31248.00
110316041025 31176.00
110316041125 31160.00
110316041225 31029.00
110316041325 31030.00
110316041425 31212.00
110316041525 30946.00
110316041625 30865.00
110316041725 30946.00
110316041825 30927.00
110316041925 30871.00
110316042025 31607.00
110316042125 31086.00
110316042225 30780.00
110316042325 30843.00
110316042425 31361.00
110316042525 31244.00
110316042625 31102.00
110316042725 31096.00
110316042825 31073.00
110316042925 31139.00
110316043025 31228.00
110316043125 31055.00
110316043225 31155.00
110316043325 31049.00
110316043425 31172.00
110316043525 30971.00
110316043625 31334.00
110316043725 30704.00
110316043825 30994.00
110316043925 30982.00
110316044025 31300.00
110316044125 31101.00
110316044225 31104.00
110316044325 31106.00
110316044425 31315.00
110316044525 31090.00
110316044625 31463.00
110316044725 30853.00
110316044825 31125.00
110316044925 31172.00
110316045025 30901.00
110316045125 31177.00
110316045225 31294.00
110316045325 31338.00
110316045425 30918.00
110316045525 30984.00
110316045625 30797.00
110316045725 31194.00
110316045825 30991.00
110316045925 31125.00
110316050025 31064.00
110316050125 31129.00
110316050225 31198.00
110316050325 31227.00
110316050425 31294.00
110316050525 30872.00
110316050625 31254.00
110316050725 30925.00
110316050825 30869.00
110316050925 31173.00
110316051025 31140.00
110316051125 31074.00
110316051225 31115.00
110316051325 31203.00
110316051425 31077.00
110316051525 31164.00
110316051625 31031.00
110316051725 31173.00
110316051825 30950.00
110316051925 31281.00
110316052025 31181.00
110316052125 31460.00
110316052225 30783.00
110316052325 31161.00
110316052425 31075.00
110316052525 30942.00
110316052625 31048.00
110316052725 31126.00
110316052825 31184.00
110316052925 30874.00
110316053025 31222.00
110316053125 30930.00
110316053225 31092.00
110316053325 31026.00
110316053425 31201.00
110316053525 30807.00
110316053625 31215.00
110316053725 30817.00
110316053825 31217.00
110316053925 30759.00
110316054025 30969.00
110316054125 30999.00
110316054225 31114.00
110316054325 30967.00
110316054425 31193.00
110316054525 30857.00
110316054625 30863.00
110316054725 31208.00
110316054825 31054.00
110316054925 31254.00
110316055025 31070.00
110316055125 31281.00
110316055225 31197.00
110316055325 31129.00
110316055425 31190.00
110316055525 31088.00
110316055625 30805.00
110316055725 31355.00
110316055825 31121.00
110316055925 31051.00
110316060025 31143.00
110316060125 30897.00
110316060225 31064.00
110316060325 30781.00
110316060425 31161.00
110316060525 31092.00
110316060625 31100.00
110316060725 30988.00
110316060825 31159.00
110316060925 31133.00
110316061025 31138.00
110316061125 31105.00
110316061225 31520.00
110316061325 31336.00
110316061425 30912.00
110316061525 30907.00
110316061625 31366.00
110316061725 31182.00
110316061825 31200.00
110316061925 30885.00
110316062025 30734.00
110316062125 30897.00
110316062225 30602.00
110316062325 30961.00
110316062425 31131.00
110316062525 31047.00
110316062625 30923.00
110316062725 31366.00
110316062825 31129.00
110316062925 31146.00
110316063025 30998.00
110316063125 31249.00
110316063225 31190.00
110316063325 31087.00
110316063425 30992.00
110316063525 31192.00
110316063625 31000.00
110316063725 31049.00
110316063825 31035.00
110316063925 31106.00
110316064025 31341.00
110316064125 31385.00
110316064225 30914.00
110316064325 31131.00
110316064425 31366.00
110316064525 31177.00
110316064625 31140.00
110316064725 31106.00
110316064825 30824.00
110316064925 31273.00
110316065025 31022.00
110316065125 30944.00
110316065225 30673.00
110316065325 31137.00
110316065425 31267.00
110316065525 31247.00
110316065625 31016.00
110316065725 31306.00
110316065825 31106.00
110316065925 31318.00
110316070025 30963.00
110316070125 31084.00
110316070225 31244.00
110316070325 31330.00
110316070425 31424.00
110316070525 31275.00
110316070625 31416.00
110316070725 31027.00
110316070825 31112.00
110316070925 31532.00
110316071025 31128.00
110316071125 31283.00
110316071225 30974.00
110316071325 31046.00
110316071425 31044.00
110316071525 30990.00
110316071625 31080.00
110316071725 31114.00
110316071825 30956.00
110316071925 31148.00
110316072025 30912.00
110316072125 31245.00
110316072225 30897.00
110316072325 30971.00
110316072425 31133.00
110316072525 31422.00
110316072625 30978.00
110316072725 30760.00
110316072825 30931.00
110316072925 30937.00
110316073025 30966.00
110316073125 30485.00
110316073225 30195.00
110316073325 30883.00
110316073425 31232.00
110316073525 30974.00
110316073625 31217.00
110316073725 31249.00
110316073825 31032.00
110316073925 30953.00
110316074025 31297.00
110316074125 31310.00
110316074225 30731.00
110316074325 31079.00
110316074425 31087.00
110316074525 31228.00
110316074625 31237.00
110316074725 31084.00
110316074825 30751.00
110316074925 31325.00
110316075025 30913.00
110316075125 30952.00
110316075225 31273.00
110316075325 31135.00
110316075425 31127.00
110316075525 30735.00
110316075625 31034.00
110316075725 31383.00
110316075825 31263.00
110316075925 30972.00
110316080025 31185.00
110316080125 30886.00
110316080225 30945.00
110316080325 30892.00
110316080425 31170.00
110316080525 30891.00
110316080625 30900.00
110316080725 30917.00
110316080825 31215.00
110316080925 31132.00
110316081025 31282.00
110316081125 30849.00
110316081225 30888.00
110316081325 30776.00
110316081425 30698.00
110316081525 30837.00
110316081625 30726.00
110316081725 30729.00
110316081825 30822.00
110316081925 30992.00
110316082025 31088.00
110316082125 31122.00
110316082225 31217.00
110316082325 30976.00
110316082425 30958.00
110316082525 30812.00
110316082625 30702.00
110316082725 30516.00
110316082825 30429.00
110316082925 30836.00
110316083025 30767.00
110316083125 31133.00
110316083225 30941.00
110316083325 30983.00
110316083425 30637.00
110316083525 30887.00
110316083625 30813.00
110316083725 30942.00
110316083825 30955.00
110316083925 30675.00
110316084025 31032.00
110316084125 30704.00
110316084225 30607.00
110316084325 30601.00
110316084425 30975.00
110316084525 31016.00
110316084625 31072.00
110316084725 30942.00
110316084825 30818.00
110316084925 30808.00
110316085025 30582.00
110316085125 30179.00
110316085225 30177.00
110316085325 30594.00
110316085425 30680.00
110316085525 30362.00
110316085625 30364.00
110316085725 30618.00
110316085825 30572.00
110316085925 30401.00
110316090025 30400.00
110316090125 30644.00
110316090225 30448.00
110316090325 30610.00
110316090425 30245.00
110316090525 30348.00
110316090625 30615.00
110316090725 30407.00
110316090825 30598.00
110316090925 30444.00
110316091025 30615.00
110316091125 30602.00
110316091225 30782.00
110316091325 30436.00
110316091425 31304.00
110316091525 30644.00
110316091625 30868.00
110316091725 30430.00
110316091825 30455.00
110316091925 30365.00
110316092025 30485.00
110316092125 30392.00
110316092225 30683.00
110316092325 30994.00
110316092425 30666.00
110316092525 30705.00
110316092625 30591.00
110316092725 30456.00
110316092825 30528.00
110316092925 30453.00
110316093025 30102.00
110316093125 30340.00
110316093225 30393.00
110316093325 30161.00
110316093425 30391.00
110316093525 30271.00
110316093625 30648.00
110316093725 30675.00
110316093825 30531.00
110316093925 30128.00
110316094025 30238.00
110316094125 30763.00
110316094225 30347.00
110316094325 30316.00
110316094425 30052.00
110316094525 30862.00
110316094625 30335.00
110316094725 30299.00
110316094825 30444.00
110316094925 30403.00
110316095025 30559.00
110316095125 30548.00
110316095225 30271.00
110316095325 30257.00
110316095425 30598.00
110316095525 30482.00
110316095625 30652.00
110316095725 30262.00
110316095825 30513.00
110316095925 30501.00
110316100025 30393.00
110316100125 30594.00
110316100225 30520.00
110316100325 30236.00
110316100425 30270.00
110316100525 30530.00
110316100625 30222.00
110316100725 30562.00
110316100825 30343.00
110316100925 30237.00
110316101025 30206.00
110316101125 30287.00
110316101225 30216.00
110316101325 30539.00
110316101425 30326.00
110316101525 30487.00
110316101625 30566.00
110316101725 30617.00
110316101825 30239.00
110316101925 30199.00
110316102025 30639.00
110316102125 30795.00
110316102225 30323.00
110316102325 30392.00
110316102425 30214.00
110316102525 30251.00
110316102625 30257.00
110316102725 30399.00
110316102825 30619.00
110316102925 30461.00
110316103025 30782.00
110316103125 30345.00
110316103225 30660.00
110316103325 30950.00
110316103425 30592.00
110316103525 30886.00
110316103625 31061.00
110316103725 30550.00
110316103825 30882.00
110316103925 30825.00
110316104025 30470.00
110316104125 30648.00
110316104225 30715.00
110316104325 30489.00
110316104425 30938.00
110316104525 30744.00
110316104625 30808.00
110316104725 30483.00
110316104825 30749.00
110316104925 30432.00
110316105025 30617.00
110316105125 30605.00
110316105225 30820.00
110316105325 30817.00
110316105425 30766.00
110316105525 30891.00
110316105625 30458.00
110316105725 30672.00
110316105825 30925.00
110316105925 30767.00
110316110025 30608.00
110316110125 30825.00
110316110225 30456.00
110316110325 30536.00
110316110425 30803.00
110316110525 30523.00
110316110625 30311.00
110316110725 30607.00
110316110825 30758.00
110316110925 30822.00
110316111025 30688.00
110316111125 30790.00
110316111225 31026.00
110316111325 30761.00
110316111425 30217.00
110316111525 30811.00
110316111625 31185.00
110316111725 30743.00
110316111825 30687.00
110316111925 31120.00
110316112025 30627.00
110316112125 30706.00
110316112225 30638.00
110316112325 30965.00
110316112425 30995.00
110316112525 30607.00
110316112625 30887.00
110316112725 30811.00
110316112825 30873.00
110316112925 30766.00
110316113025 30639.00
110316113125 30572.00
110316113225 30704.00
110316113325 30891.00
110316113425 31018.00
110316113525 30827.00
110316113625 30646.00
110316113725 30674.00
110316113825 30454.00
110316113925 30936.00
110316114025 30850.00
110316114125 30797.00
110316114225 30874.00
110316114325 30623.00
110316114425 30944.00
110316114525 30756.00
110316114625 30965.00
110316114725 31044.00
110316114825 30700.00
110316114925 31059.00
110316115025 30875.00
110316115125 30854.00
110316115225 30796.00
110316115325 30807.00
110316115425 30815.00
110316115525 30704.00
110316115625 30620.00
110316115725 30900.00
110316115825 30798.00
110316115925 30910.00
110316120025 30900.00
110316120125 30957.00
110316120225 30955.00
110316120325 31200.00
110316120425 31043.00
110316120525 30792.00
110316120625 30603.00
110316120725 31200.00
110316120825 30887.00
110316120925 31048.00
110316121025 31050.00
110316121125 30961.00
110316121225 31150.00
110316121325 30792.00
110316121425 31181.00
110316121525 31205.00
110316121625 31093.00
110316121725 31106.00
110316121825 31209.00
110316121925 30906.00
110316122025 31137.00
110316122125 30783.00
110316122225 31179.00
110316122325 31091.00
110316122425 31199.00
110316122525 30823.00
110316122625 31027.00
110316122725 31226.00
110316122825 31030.00
110316122925 30720.00
110316123025 30955.00
110316123125 31238.00
110316123225 30906.00
110316123325 31159.00
110316123425 31175.00
110316123525 30977.00
110316123625 31019.00
110316123725 30844.00
110316123825 31209.00
110316123925 30995.00
110316124025 31378.00
110316124125 31131.00
110316124225 31024.00
110316124325 30965.00
110316124425 30974.00
110316124525 31106.00
110316124625 31468.00
110316124725 31161.00
110316124825 31130.00
110316124925 31083.00
110316125025 30953.00
110316125125 31215.00
110316125225 30964.00
110316125325 31151.00
110316125425 31321.00
110316125525 31180.00
110316125625 31145.00
110316125725 31174.00
110316125825 31140.00
110316125925 31120.00
110316130025 31241.00
110316130125 31292.00
110316130225 30893.00
110316130325 31081.00
110316130425 30785.00
110316130525 30829.00
110316130625 30844.00
110316130725 30801.00
110316130825 30958.00
110316130925 30655.00
110316131025 31026.00
110316131125 30911.00
110316131225 30742.00
110316131325 30795.00
110316131425 30607.00
110316131525 30792.00
110316131625 30678.00
110316131725 29854.00
110316131825 30806.00
110316131925 30919.00
110316132025 30808.00
110316132125 30663.00
110316132225 30747.00
110316132325 30529.00
110316132425 30514.00
110316132525 30779.00
110316132625 30753.00
110316132725 30676.00
110316132825 30796.00
110316132925 30726.00
110316133025 30781.00
110316133125 30918.00
110316133225 30794.00
110316133325 30889.00
110316133425 31036.00
110316133525 30999.00
110316133625 30717.00
110316133725 30798.00
110316133825 30865.00
110316133925 30582.00
110316134025 30976.00
110316134125 30727.00
110316134225 30880.00
110316134325 30750.00
110316134425 31198.00
110316134525 30846.00
110316134625 30862.00
110316134725 30899.00
110316134825 31063.00
110316134925 31185.00
110316135025 31047.00
110316135125 30880.00
110316135225 30951.00
110316135325 30881.00
110316135425 30934.00
110316135525 31188.00
110316135625 30389.00
110316135725 31216.00
110316135825 30962.00
110316135925 30991.00
110316140025 30781.00
110316140125 30858.00
110316140225 31097.00
110316140325 30850.00
110316140425 30951.00
110316140525 31261.00
110316140625 30782.00
110316140725 31091.00
110316140825 31182.00
110316140925 30755.00
110316141025 30881.00
110316141125 30859.00
110316141225 30921.00
110316141325 30852.00
110316141425 30971.00
110316141525 30580.00
110316141625 30601.00
110316141725 31121.00
110316141825 30795.00
110316141925 30997.00
110316142025 30617.00
110316142125 30643.00
110316142225 31011.00
110316142325 31004.00
110316142425 30812.00
110316142525 30956.00
110316142625 30892.00
110316142725 31061.00
110316142825 31029.00
110316142925 30686.00
110316143025 30890.00
110316143125 30841.00
110316143225 30802.00
110316143325 31035.00
110316143425 30760.00
110316143525 31087.00
110316143625 31113.00
110316143725 30523.00
110316143825 30549.00
110316143925 30679.00
110316144025 30820.00
110316144125 30909.00
110316144225 30984.00
110316144325 31037.00
110316144425 30961.00
110316144525 30660.00
110316144625 31104.00
110316144725 30923.00
110316144825 31111.00
110316144925 31140.00
110316145025 31099.00
110316145125 30960.00
110316145225 31209.00
110316145325 30682.00
110316145425 31096.00
110316145525 30941.00
110316145625 31243.00
110316145725 30607.00
110316145825 30679.00
110316145925 30775.00
110316150025 31044.00
110316150125 30984.00
110316150225 30889.00
110316150325 31084.00
110316150425 31236.00
110316150525 31011.00
110316150625 30979.00
110316150725 30962.00
110316150825 30747.00
110316150925 30927.00
110316151025 30949.00
110316151125 30700.00
110316151225 31027.00
110316151325 30965.00
110316151425 31209.00
110316151525 30656.00
110316151625 30699.00
110316151725 30830.00
110316151825 30727.00
110316151925 31016.00
110316152025 30742.00
110316152125 30911.00
110316152225 30975.00
110316152325 30958.00
110316152425 30916.00
110316152525 30950.00
110316152625 31442.00
110316152725 30908.00
110316152825 31129.00
110316152925 30903.00
110316153025 31048.00
110316153125 30888.00
110316153225 31290.00
110316153325 31055.00
110316153425 31180.00
110316153525 30970.00
110316153625 30671.00
110316153725 30872.00
110316153825 30840.00
110316153925 31081.00
110316154025 30964.00
110316154125 31115.00
110316154225 31199.00
110316154325 31326.00
110316154425 31054.00
110316154525 30977.00
110316154625 30967.00
110316154725 31063.00
110316154825 30939.00
110316154925 30939.00
110316155025 30928.00
110316155125 31097.00
110316155225 31386.00
110316155325 30951.00
110316155425 31075.00
110316155525 30872.00
110316155625 31009.00
110316155725 30752.00
110316155825 31090.00
110316155925 30865.00
110316160025 31093.00
110316160125 30695.00
110316160225 31181.00
110316160325 31025.00
110316160425 31130.00
110316160525 31106.00
110316160625 30775.00
110316160725 31139.00
110316160825 30967.00
110316160925 31079.00
110316161025 30903.00
110316161125 30824.00
110316161225 30977.00
110316161325 30889.00
110316161425 30711.00
110316161525 31000.00
110316161625 30732.00
110316161725 30719.00
110316161825 30773.00
110316161925 30720.00
110316162025 31167.00
110316162125 31087.00
110316162225 30893.00
110316162325 30980.00
110316162425 31050.00
110316162525 30729.00
110316162625 30657.00
110316162725 30479.00
110316162825 30898.00
110316162925 31042.00
110316163025 30923.00
110316163125 30882.00
110316163225 31230.00
110316163325 31042.00
110316163425 31199.00
110316163525 30896.00
110316163625 30789.00
110316163725 30603.00
110316163825 31212.00
110316163925 31172.00
110316164025 30872.00
110316164125 30658.00
110316164225 31037.00
110316164325 30906.00
110316164425 31042.00
110316164525 31051.00
110316164625 30873.00
110316164725 30925.00
110316164825 31003.00
110316164925 31463.00
110316165025 30707.00
110316165125 31034.00
110316165225 30822.00
110316165325 31167.00
110316165425 30679.00
110316165525 31130.00
110316165625 30851.00
110316165725 30902.00
110316165825 30821.00
110316165925 31029.00
110316170025 30946.00
110316170125 31034.00
110316170225 31060.00
110316170325 30778.00
110316170425 30824.00
110316170525 30980.00
110316170625 30898.00
110316170725 30682.00
110316170825 31301.00
110316170925 31226.00
110316171025 31173.00
110316171125 31051.00
110316171225 30707.00
110316171325 30903.00
110316171425 30968.00
110316171525 30748.00
110316171625 31161.00
110316171725 30928.00
110316171825 30690.00
110316171925 30825.00
110316172025 30832.00
110316172125 31082.00
110316172225 31084.00
110316172325 30944.00
110316172425 31243.00
110316172525 31048.00
110316172625 30663.00
110316172725 30981.00
110316172825 30800.00
110316172925 30658.00
110316173025 30864.00
110316173125 30986.00
110316173225 30948.00
110316173325 31099.00
110316173425 30861.00
110316173525 30771.00
110316173625 31132.00
110316173725 30926.00
110316173825 31113.00
110316173925 30745.00
110316174025 31214.00
110316174125 30838.00
110316174225 30982.00
110316174325 30897.00
110316174425 31104.00
110316174525 31099.00
110316174625 31438.00
110316174725 30868.00
110316174825 30799.00
110316174925 31175.00
110316175025 30698.00
110316175125 31028.00
110316175225 31228.00
110316175325 31035.00
110316175425 31042.00
110316175525 31339.00
110316175625 30784.00
110316175725 31180.00
110316175825 31050.00
110316175925 30675.00
110316180025 30971.00
110316180125 30933.00
110316180225 30818.00
110316180325 30986.00
110316180425 31016.00
110316180525 31048.00
110316180625 30887.00
110316180725 30679.00
110316180825 30733.00
110316180925 30928.00
110316181025 30850.00
110316181125 30678.00
110316181225 30712.00
110316181325 31062.00
110316181425 31082.00
110316181525 30930.00
110316181625 31233.00
110316181725 31022.00
110316181825 30891.00
110316181925 31314.00
110316182025 30866.00
110316182125 30958.00
110316182225 30787.00
110316182325 31203.00
110316182425 30882.00
110316182525 30938.00
110316182625 30573.00
110316182725 31086.00
110316182825 31173.00
110316182925 30761.00
110316183025 30895.00
110316183125 30911.00
110316183225 30986.00
110316183325 30909.00
110316183425 31280.00
110316183525 30890.00
110316183625 30987.00
110316183725 30940.00
110316183825 30751.00
110316183925 31223.00
110316184025 31370.00
110316184125 30825.00
110316184225 30684.00
110316184325 30859.00
110316184425 31123.00
110316184525 31127.00
110316184625 31107.00
110316184725 30972.00
110316184825 31241.00
110316184925 31324.00
110316185025 30859.00
110316185125 30984.00
110316185225 30529.00
110316185325 30822.00
110316185425 30700.00
110316185525 30928.00
110316185625 31102.00
110316185725 30900.00
110316185825 30970.00
110316185925 30999.00
110316190025 31099.00
110316190125 30887.00
110316190225 31005.00
110316190325 31024.00
110316190425 30774.00
110316190525 30849.00
110316190625 30700.00
110316190725 31341.00
110316190825 31218.00
110316190925 31192.00
110316191025 31084.00
110316191125 30892.00
110316191225 31130.00
110316191325 30867.00
110316191425 30966.00
110316191525 30973.00
110316191625 31030.00
110316191725 30844.00
110316191825 30985.00
110316191925 31102.00
110316192025 30984.00
110316192125 31034.00
110316192225 30877.00
110316192325 30859.00
110316192425 31196.00
110316192525 30747.00
110316192625 31297.00
110316192725 30947.00
110316192825 31124.00
110316192925 30856.00
110316193025 31063.00
110316193125 30872.00
110316193225 30702.00
110316193325 30975.00
110316193425 30861.00
110316193525 31168.00
110316193625 30899.00
110316193725 31045.00
110316193825 30700.00
110316193925 30957.00
110316194025 31238.00
110316194125 30978.00
110316194225 30977.00
110316194325 31120.00
110316194425 30985.00
110316194525 30915.00
110316194625 30952.00
110316194725 30787.00
110316194825 30914.00
110316194925 31131.00
110316195025 31176.00
110316195125 31150.00
110316195225 30879.00
110316195325 31123.00
110316195425 31187.00
110316195525 31172.00
110316195625 31039.00
110316195725 30989.00
110316195825 30697.00
110316195925 30966.00
110316200025 30741.00
110316200125 31180.00
110316200225 31169.00
110316200325 30844.00
110316200425 31046.00
110316200525 30518.00
110316200625 31035.00
110316200725 30485.00
110316200825 30777.00
110316200925 31017.00
110316201025 31112.00
110316201125 30937.00
110316201225 30791.00
110316201325 30764.00
110316201425 31138.00
110316201525 31123.00
110316201625 30973.00
110316201725 31275.00
110316201825 30962.00
110316201925 30811.00
110316202025 31229.00
110316202125 30998.00
110316202225 31058.00
110316202325 30937.00
110316202425 30976.00
110316202525 30735.00
110316202625 30599.00
110316202725 30817.00
110316202825 31057.00
110316202925 30940.00
110316203025 30939.00
110316203125 31228.00
110316203225 30826.00
110316203325 30735.00
110316203425 30880.00
110316203525 31167.00
110316203625 31203.00
110316203725 30893.00
110316203825 31126.00
110316203925 30964.00
110316204025 31189.00
110316204125 31008.00
110316204225 30991.00
110316204325 30852.00
110316204425 30751.00
110316204525 30801.00
110316204625 31088.00
110316204725 30735.00
110316204825 31113.00
110316204925 30941.00
110316205025 30987.00
110316205125 30746.00
110316205225 31143.00
110316205325 31092.00
110316205425 31064.00
110316205525 30760.00
110316205625 31059.00
110316205725 31206.00
110316205825 30861.00
110316205925 30965.00
110316210025 31080.00
110316210125 31025.00
110316210225 31237.00
110316210325 30949.00
110316210425 31121.00
110316210525 30999.00
110316210625 31143.00
110316210725 30961.00
110316210825 30935.00
110316210925 30976.00
110316211025 31067.00
110316211125 30798.00
110316211225 31023.00
110316211325 30948.00
110316211425 30841.00
110316211525 30795.00
110316211625 30689.00
110316211725 30832.00
110316211825 31034.00
110316211925 31022.00
110316212025 31374.00
110316212125 31145.00
110316212225 31065.00
110316212325 30809.00
110316212425 31327.00
110316212525 30950.00
110316212625 31039.00
110316212725 30753.00
110316212825 30978.00
110316212925 30925.00
110316213025 30756.00
110316213125 30757.00
110316213225 30860.00
110316213325 30973.00
110316213425 31011.00
110316213525 30773.00
110316213625 30772.00
110316213725 31377.00
110316213825 31026.00
110316213925 30949.00
110316214025 31185.00
110316214125 30736.00
110316214225 30855.00
110316214325 30989.00
110316214425 30899.00
110316214525 31018.00
110316214625 30931.00
110316214725 30894.00
110316214825 30780.00
110316214925 31184.00
110316215025 30677.00
110316215125 31014.00
110316215225 30945.00
110316215325 30845.00
110316215425 30960.00
110316215525 31003.00
110316215625 31158.00
110316215725 31109.00
110316215825 30990.00
110316215925 30858.00
110316220025 30992.00
110316220125 30842.00
110316220225 31065.00
110316220325 31040.00
110316220425 30927.00
110316220525 30857.00
110316220625 30903.00
110316220725 30872.00
110316220825 31020.00
110316220925 30898.00
110316221025 30881.00
110316221125 31035.00
110316221225 30886.00
110316221325 30766.00
110316221425 30692.00
110316221525 30834.00
110316221625 31093.00
110316221725 30627.00
110316221825 30979.00
110316221925 31021.00
110316222025 30582.00
110316222125 31109.00
110316222225 30853.00
110316222325 31223.00
110316222425 31111.00
110316222525 31094.00
110316222625 30935.00
110316222725 31008.00
110316222825 31092.00
110316222925 31020.00
110316223025 31168.00
110316223125 30646.00
110316223225 30892.00
110316223325 30812.00
110316223425 30958.00
110316223525 30812.00
110316223625 31039.00
110316223725 31005.00
110316223825 30757.00
110316223925 31285.00
110316224025 30904.00
110316224125 31010.00
110316224225 30912.00
110316224325 30874.00
110316224425 31122.00
110316224525 30919.00
110316224625 30938.00
110316224725 31031.00
110316224825 30926.00
110316224925 30852.00
110316225025 30870.00
110316225125 30852.00
110316225225 30866.00
110316225325 31161.00
110316225425 31238.00
110316225525 30793.00
110316225625 31074.00
110316225725 31347.00
110316225825 30950.00
110316225925 30982.00
110316230025 31017.00
110316230125 31238.00
110316230225 30966.00
110316230325 31052.00
110316230425 30848.00
110316230525 30782.00
110316230625 30664.00
110316230725 30654.00
110316230825 31312.00
110316230925 31146.00
110316231025 30824.00
110316231125 30875.00
110316231225 31030.00
110316231325 30658.00
110316231425 30989.00
110316231525 31114.00
110316231625 31013.00
110316231725 30873.00
110316231825 30978.00
110316231925 31177.00
110316232025 30959.00
110316232125 31008.00
110316232225 30929.00
110316232325 30888.00
110316232425 31417.00
110316232525 30753.00
110316232625 30977.00
110316232725 31025.00
110316232825 31410.00
110316232925 31049.00
110316233025 30880.00
110316233125 31094.00
110316233225 30800.00
110316233325 30633.00
110316233425 31087.00
110316233525 31335.00
110316233625 30812.00
110316233725 31074.00
110316233825 30608.00
110316233925 31030.00
110316234025 31141.00
110316234125 30740.00
110316234225 31189.00
110316234325 31038.00
110316234425 31257.00
110316234525 31191.00
110316234625 31024.00
110316234725 31150.00
110316234825 31075.00
110316234925 30835.00
110316235025 30869.00
110316235125 31126.00
110316235225 31247.00
110316235325 31027.00
110316235425 30454.00
110316235525 30951.00
110316235625 31078.00
110316235725 30934.00
110316235825 31172.00
110316235925 31089.00
110317000025 30896.00
110317000125 31062.00
110317000225 30754.00
110317000325 30946.00
110317000425 31030.00
110317000525 30734.00
110317000625 31110.00
110317000725 31161.00
110317000825 30842.00
110317000925 31135.00
110317001025 30767.00
110317001125 30841.00
110317001225 30969.00
110317001325 31130.00
110317001425 31007.00
110317001525 30864.00
110317001625 31182.00
110317001725 31134.00
110317001825 31197.00
110317001925 30953.00
110317002025 31058.00
110317002125 30959.00
110317002225 31055.00
110317002325 30631.00
110317002425 31279.00
110317002525 30894.00
110317002625 30750.00
110317002725 31018.00
110317002825 30888.00
110317002925 30895.00
110317003025 30989.00
110317003125 31061.00
110317003225 30734.00
110317003325 30911.00
110317003425 31140.00
110317003525 31234.00
110317003625 30960.00
110317003725 30993.00
110317003825 31218.00
110317003925 31005.00
110317004025 31105.00
110317004125 30777.00
110317004225 31146.00
110317004325 30572.00
110317004425 30826.00
110317004525 31258.00
110317004625 30983.00
110317004725 30933.00
110317004825 31308.00
110317004925 31321.00
110317005025 31235.00
110317005125 31276.00
110317005225 30906.00
110317005325 30869.00
110317005425 30940.00
110317005525 31206.00
110317005625 31404.00
110317005725 31083.00
110317005825 30934.00
110317005925 31123.00
110317010025 30788.00
110317010125 31082.00
110317010225 31088.00
110317010325 30756.00
110317010425 31259.00
110317010525 31099.00
110317010625 31033.00
110317010725 30889.00
110317010825 31030.00
110317010925 30987.00
110317011025 31046.00
110317011125 31170.00
110317011225 31267.00
110317011325 30779.00
110317011425 31143.00
110317011525 31173.00
110317011625 30976.00
110317011725 30998.00
110317011825 31113.00
110317011925 31101.00
110317012025 31054.00
110317012125 31313.00
110317012225 30932.00
110317012325 31523.00
110317012425 31327.00
110317012525 30780.00
110317012625 31011.00
110317012725 30921.00
110317012825 31424.00
110317012925 30965.00
110317013025 30884.00
110317013125 30914.00
110317013225 30650.00
110317013325 30957.00
110317013425 31118.00
110317013525 30948.00
110317013625 30875.00
110317013725 30872.00
110317013825 31233.00
110317013925 30825.00
110317014025 31114.00
110317014125 30920.00
110317014225 30867.00
110317014325 30884.00
110317014425 30813.00
110317014525 30972.00
110317014625 31127.00
110317014725 31077.00
110317014825 31147.00
110317014925 31157.00
110317015025 31067.00
110317015125 30806.00
110317015225 31128.00
110317015325 30876.00
110317015425 30909.00
110317015525 30952.00
110317015625 31086.00
110317015725 31042.00
110317015825 30979.00
110317015925 30979.00
110317020025 30778.00
110317020125 31232.00
110317020225 31128.00
110317020325 31138.00
110317020425 31003.00
110317020525 31198.00
110317020625 30974.00
110317020725 30924.00
110317020825 30785.00
110317020925 31210.00
110317021025 31216.00
110317021125 31160.00
110317021225 30953.00
110317021325 31192.00
110317021425 31258.00
110317021525 31249.00
110317021625 30920.00
110317021725 30760.00
110317021825 31219.00
110317021925 31240.00
110317022025 31145.00
110317022125 31053.00
110317022225 31204.00
110317022325 31002.00
110317022425 31221.00
110317022525 31138.00
110317022625 30984.00
110317022725 31118.00
110317022825 30913.00
110317022925 30849.00
110317023025 30830.00
110317023125 31101.00
110317023225 30859.00
110317023325 30917.00
110317023425 30901.00
110317023525 30733.00
110317023625 31022.00
110317023725 31288.00
110317023825 31024.00
110317023925 30985.00
110317024025 31018.00
110317024125 31280.00
110317024225 30951.00
110317024325 30673.00
110317024425 30804.00
110317024525 30978.00
110317024625 31018.00
110317024725 31278.00
110317024825 31139.00
110317024925 31223.00
110317025025 31148.00
110317025125 31064.00
110317025225 30979.00
110317025325 30849.00
110317025425 30917.00
110317025525 31317.00
110317025625 31083.00
110317025725 31005.00
110317025825 30886.00
110317025925 31111.00
110317030025 31030.00
110317030125 31325.00
110317030225 31324.00
110317030325 31274.00
110317030425 31094.00
110317030525 31223.00
110317030625 30870.00
110317030725 30940.00
110317030825 31310.00
110317030925 31431.00
110317031025 30914.00
110317031125 31164.00
110317031225 31225.00
110317031325 30775.00
110317031425 31163.00
110317031525 31192.00
110317031625 31012.00
110317031725 31172.00
110317031825 31140.00
110317031925 30960.00
110317032025 30940.00
110317032125 31074.00
110317032225 31116.00
110317032325 31365.00
110317032425 31426.00
110317032525 31145.00
110317032625 30791.00
110317032725 31189.00
110317032825 31442.00
110317032925 31173.00
110317033025 31121.00
110317033125 31193.00
110317033225 31517.00
110317033325 30940.00
110317033425 31000.00
110317033525 31032.00
110317033625 31049.00
110317033725 30978.00
110317033825 30948.00
110317033925 30881.00
110317034025 31384.00
110317034125 31124.00
110317034225 30819.00
110317034325 30912.00
110317034425 31168.00
110317034525 30881.00
110317034625 30834.00
110317034725 31160.00
110317034825 31200.00
110317034925 31352.00
110317035025 31122.00
110317035125 31354.00
110317035225 31408.00
110317035325 31343.00
110317035425 31081.00
110317035525 31049.00
110317035625 31342.00
110317035725 30984.00
110317035825 31286.00
110317035925 31237.00
110317040025 31175.00
110317040125 31471.00
110317040225 31399.00
110317040325 31010.00
110317040425 31027.00
110317040525 31442.00
110317040625 31077.00
110317040725 31320.00
110317040825 31221.00
110317040925 30760.00
110317041025 31128.00
110317041125 30955.00
110317041225 31159.00
110317041325 31174.00
110317041425 31066.00
110317041525 31064.00
110317041625 31408.00
110317041725 31180.00
110317041825 31045.00
110317041925 31027.00
110317042025 31100.00
110317042125 31351.00
110317042225 31129.00
110317042325 31065.00
110317042425 30948.00
110317042525 31352.00
110317042625 31398.00
110317042725 31117.00
110317042825 31260.00
110317042925 31371.00
110317043025 31562.00
110317043125 31108.00
110317043225 31135.00
110317043325 30918.00
110317043425 30552.00
110317043525 31027.00
110317043625 31171.00
110317043725 31062.00
110317043825 31101.00
110317043925 30765.00
110317044025 31135.00
110317044125 30972.00
110317044225 31081.00
110317044325 31327.00
110317044425 31346.00
110317044525 31004.00
110317044625 31055.00
110317044725 30959.00
110317044825 30707.00
110317044925 31357.00
110317045025 31405.00
110317045125 31205.00
110317045225 31523.00
110317045325 31196.00
110317045425 31176.00
110317045525 31105.00
110317045625 31355.00
110317045725 30884.00
110317045825 30929.00
110317045925 31080.00
110317050025 30816.00
110317050125 31207.00
110317050225 31049.00
110317050325 31074.00
110317050425 31138.00
110317050525 31108.00
110317050625 31108.00
110317050725 30693.00
110317050825 30961.00
110317050925 31047.00
110317051025 30925.00
110317051125 30950.00
110317051225 31128.00
110317051325 31056.00
110317051425 31433.00
110317051525 31301.00
110317051625 31245.00
110317051725 31113.00
110317051825 30868.00
110317051925 31405.00
110317052025 30912.00
110317052125 30937.00
110317052225 30897.00
110317052325 30922.00
110317052425 31099.00
110317052525 30988.00
110317052625 31322.00
110317052725 31263.00
110317052825 31442.00
110317052925 31344.00
110317053025 31211.00
110317053125 31459.00
110317053225 31358.00
110317053325 31186.00
110317053425 31455.00
110317053525 31065.00
110317053625 31469.00
110317053725 31396.00
110317053825 31366.00
110317053925 30887.00
110317054025 30735.00
110317054125 31283.00
110317054225 31495.00
110317054325 31098.00
110317054425 30746.00
110317054525 31292.00
110317054625 31357.00
110317054725 31067.00
110317054825 31356.00
110317054925 31334.00
110317055025 30934.00
110317055125 30847.00
110317055225 31253.00
110317055325 31184.00
110317055425 31142.00
110317055525 30946.00
110317055625 30951.00
110317055725 31122.00
110317055825 31197.00
110317055925 31116.00
110317060025 31226.00
110317060125 31319.00
110317060225 31136.00
110317060325 30979.00
110317060425 31156.00
110317060525 30853.00
110317060625 30938.00
110317060725 31073.00
110317060825 31043.00
110317060925 31032.00
110317061025 31377.00
110317061125 30910.00
110317061225 31071.00
110317061325 31089.00
110317061425 31221.00
110317061525 31434.00
110317061625 31044.00
110317061725 31067.00
110317061825 31231.00
110317061925 31165.00
110317062025 31475.00
110317062125 31180.00
110317062225 31222.00
110317062325 31355.00
110317062425 31064.00
110317062525 31166.00
110317062625 31203.00
110317062725 31362.00
110317062825 31061.00
110317062925 31374.00
110317063025 31251.00
110317063125 31359.00
110317063225 30935.00
110317063325 31238.00
110317063425 31117.00
110317063525 31284.00
110317063625 31039.00
110317063725 30996.00
110317063825 31082.00
110317063925 30932.00
110317064025 31129.00
110317064125 31205.00
110317064225 31084.00
110317064325 31297.00
110317064425 31178.00
110317064525 31429.00
110317064625 31023.00
110317064725 31062.00
110317064825 31178.00
110317064925 31316.00
110317065025 31196.00
110317065125 31101.00
110317065225 30996.00
110317065325 31096.00
110317065425 31141.00
110317065525 30789.00
110317065625 31212.00
110317065725 31167.00
110317065825 31304.00
110317065925 30977.00
110317070025 30968.00
110317070125 31144.00
110317070225 30952.00
110317070325 31428.00
110317070425 30906.00
110317070525 31313.00
110317070625 31031.00
110317070725 30985.00
110317070825 31004.00
110317070925 31210.00
110317071025 31257.00
110317071125 31104.00
110317071225 31027.00
110317071325 30941.00
110317071425 30860.00
110317071525 31426.00
110317071625 31130.00
110317071725 31038.00
110317071825 31117.00
110317071925 31199.00
110317072025 31060.00
110317072125 31210.00
110317072225 31058.00
110317072325 31184.00
110317072425 31097.00
110317072525 31262.00
110317072625 31175.00
110317072725 31130.00
110317072825 31221.00
110317072925 30973.00
110317073025 31158.00
110317073125 31088.00
110317073225 30975.00
110317073325 30982.00
110317073425 30858.00
110317073525 31071.00
110317073625 31020.00
110317073725 31008.00
110317073825 30676.00
110317073925 30469.00
