GEIGER
Window Title:  Aw-Radw Exec # 1
Com Port: 1  TBU: 60 sec,  TBUs Averaged per Line: 1
Calibration Factor: 105,00 Detector Dead Time: 35 microsecs, Time: Fri Jan 14 15:30:12 2011
110114153012	21,904762
110114153112	22,857143
110114153212	19,047619
110114153312	19,047619
110114153412	32,380952
110114153512	24,761905
110114153612	22,857143
110114153712	25,714286
110114153812	26,666667
110114153912	23,809524
110114154012	14,285714
110114154112	19,047619
110114154212	35,238095
110114154312	27,619048
110114154412	26,666667
110114154512	22,857143
110114154612	28,571429
110114154712	25,714286
110114154812	35,238095
110114154912	23,809524
110114155012	27,619048
110114155112	23,809524
110114155212	24,761905
110114155312	27,619048
110114155412	20,00
110114155512	36,190476
110114155612	37,142857
110114155712	25,714286
110114155812	30,47619
110114155912	31,428571
110114160012	28,571429
110114160112	34,285714
110114160212	30,47619
110114160312	27,619048
110114160412	28,571429
110114160512	36,190476
110114160612	28,571429
110114160712	22,857143
110114160812	23,809524
110114160912	27,619048
110114161012	29,52381
110114161112	30,47619
110114161212	21,904762
110114161312	27,619048
110114161412	25,714286
110114161512	25,714286
110114161612	28,571429
110114161712	22,857143
110114161812	35,238095
110114161912	31,428571
110114162012	27,619048
110114162112	27,619048
110114162212	17,142857
110114162312	29,52381
110114162412	34,285714
110114162512	24,761905
110114162612	26,666667
110114162712	22,857143
110114162812	28,571429
110114162912	32,380952
110114163012	27,619048
110114163112	30,47619
110114163212	27,619048
110114163312	25,714286
110114163412	20,952381
110114163512	28,571429
110114163612	26,666667
110114163712	28,571429
110114163812	27,619048
110114163912	26,666667
110114164012	33,333333
110114164112	34,285714
110114164212	34,285714
110114164312	32,380952
110114164412	20,00
110114164512	19,047619
110114164612	29,52381
110114164712	24,761905
110114164812	33,333333
110114164912	35,238095
110114165012	25,714286
110114165112	22,857143
110114165212	27,619048
110114165312	21,904762
110114165412	24,761905
110114165512	31,428571
110114165612	30,47619
110114165712	39,047619
110114165812	20,00
110114165912	34,285714
110114170012	20,952381
110114170112	31,428571
110114170212	31,428571
110114170312	32,380952
110114170412	25,714286
110114170512	29,52381
110114170612	21,904762
110114170712	26,666667
110114170812	25,714286
110114170912	31,428571
110114171012	20,00
110114171112	31,428571
110114171212	20,00
110114171312	35,238095
110114171412	20,952381
110114171512	26,666667
110114171612	29,52381
110114171712	27,619048
110114171812	21,904762
110114171912	30,47619
110114172012	13,333333
110114172112	24,761905
110114172212	25,714286
110114172312	20,952381
110114172412	31,428571
110114172512	29,52381
110114172612	21,904762
110114172712	23,809524
110114172812	23,809524
110114172912	29,52381
110114173012	25,714286
110114173112	21,904762
110114173212	27,619048
110114173312	38,095238
110114173412	24,761905
110114173512	31,428571
110114173612	29,52381
110114173712	34,285714
110114173812	32,380952
110114173912	24,761905
110114174012	27,619048
110114174112	22,857143
110114174212	23,809524
110114174312	35,238095
110114174412	39,047619
110114174512	24,761905
110114174612	29,52381
110114174712	37,142857
110114174812	23,809524
110114174912	28,571429
110114175012	35,238095
110114175112	25,714286
110114175212	24,761905
110114175312	25,714286
110114175412	16,190476
110114175512	15,238095
110114175612	35,238095
110114175712	23,809524
110114175812	24,761905
110114175912	38,095238
110114180012	32,380952
110114180112	35,238095
110114180212	27,619048
110114180312	32,380952
110114180412	24,761905
110114180512	32,380952
110114180612	25,714286
110114180712	28,571429
110114180812	22,857143
110114180912	36,190476
110114181012	28,571429
110114181112	25,714286
110114181212	33,333333
110114181312	28,571429
110114181412	37,142857
110114181512	30,47619
110114181612	22,857143
110114181712	28,571429
110114181812	33,333333
110114181912	27,619048
110114182012	30,47619
110114182112	30,47619
110114182212	27,619048
110114182312	22,857143
110114182412	26,666667
110114182512	25,714286
110114182612	40,00
110114182712	32,380952
110114182812	30,47619
110114182912	25,714286
110114183012	28,571429
110114183112	26,666667
110114183212	21,904762
110114183312	25,714286
110114183412	32,380952
110114183512	18,095238
110114183612	26,666667
110114183712	23,809524
110114183812	27,619048
110114183912	32,380952
110114184012	25,714286
110114184112	28,571429
110114184212	31,428571
110114184312	30,47619
110114184412	20,952381
110114184512	30,47619
110114184612	37,142857
110114184712	32,380952
110114184812	21,904762
110114184912	33,333333
110114185012	31,428571
110114185112	32,380952
110114185212	22,857143
110114185312	20,952381
110114185412	29,52381
110114185512	30,47619
110114185612	26,666667
110114185712	33,333333
110114185812	30,47619
110114185912	19,047619
110114190012	34,285714
110114190112	21,904762
110114190212	32,380952
110114190312	24,761905
110114190412	21,904762
110114190512	24,761905
110114190612	26,666667
110114190712	21,904762
110114190812	28,571429
110114190912	26,666667
110114191012	33,333333
110114191112	22,857143
110114191212	22,857143
110114191312	23,809524
110114191412	20,00
110114191512	24,761905
110114191612	39,047619
110114191712	30,47619
110114191812	30,47619
110114191912	32,380952
110114192012	20,952381
110114192112	25,714286
110114192212	24,761905
110114192312	23,809524
110114192412	24,761905
110114192512	28,571429
110114192612	30,47619
110114192712	39,047619
110114192812	38,095238
110114192912	32,380952
110114193012	31,428571
110114193112	23,809524
110114193212	30,47619
110114193312	30,47619
110114193412	28,571429
110114193512	22,857143
110114193612	31,428571
110114193712	23,809524
110114193812	26,666667
110114193912	32,380952
110114194012	22,857143
110114194112	34,285714
110114194212	20,952381
110114194312	32,380952
110114194412	40,00
110114194512	33,333333
110114194612	24,761905
110114194712	25,714286
110114194812	20,952381
110114194912	16,190476
110114195012	32,380952
110114195112	24,761905
110114195212	24,761905
110114195312	24,761905
110114195412	24,761905
110114195512	33,333333
110114195612	29,52381
110114195712	21,904762
110114195812	30,47619
110114195912	32,380952
110114200012	23,809524
110114200112	26,666667
110114200212	24,761905
110114200312	29,52381
110114200412	25,714286
110114200512	21,904762
110114200612	37,142857
110114200712	30,47619
110114200812	23,809524
110114200912	28,571429
110114201012	28,571429
110114201112	25,714286
110114201212	29,52381
110114201312	21,904762
110114201412	23,809524
110114201512	34,285714
110114201612	25,714286
110114201712	26,666667
110114201812	22,857143
110114201912	22,857143
110114202012	27,619048
110114202112	35,238095
110114202212	26,666667
110114202312	30,47619
110114202412	28,571429
110114202512	31,428571
110114202612	20,952381
110114202712	22,857143
110114202812	32,380952
110114202912	30,47619
110114203012	34,285714
110114203112	25,714286
110114203212	26,666667
110114203312	26,666667
110114203412	24,761905
110114203512	20,00
110114203612	33,333333
110114203712	32,380952
110114203812	27,619048
110114203912	30,47619
110114204012	19,047619
110114204112	25,714286
110114204212	27,619048
110114204312	26,666667
110114204412	31,428571
110114204512	32,380952
110114204612	27,619048
110114204712	22,857143
110114204812	36,190476
110114204912	24,761905
110114205012	25,714286
110114205112	25,714286
110114205212	29,52381
110114205312	33,333333
110114205412	37,142857
110114205512	26,666667
110114205612	21,904762
110114205712	29,52381
110114205812	32,380952
110114205912	34,285714
110114210012	27,619048
110114210112	26,666667
110114210212	25,714286
110114210312	30,47619
110114210412	20,00
110114210512	17,142857
110114210612	32,380952
110114210712	30,47619
110114210812	24,761905
110114210912	27,619048
110114211012	23,809524
110114211112	34,285714
110114211212	26,666667
110114211312	20,952381
110114211412	35,238095
110114211512	23,809524
110114211612	36,190476
110114211712	30,47619
110114211812	20,952381
110114211912	30,47619
110114212012	31,428571
110114212112	25,714286
110114212212	30,47619
110114212312	35,238095
110114212412	28,571429
110114212512	31,428571
110114212612	21,904762
110114212712	24,761905
110114212812	30,47619
110114212912	36,190476
110114213012	22,857143
110114213112	34,285714
110114213212	26,666667
110114213312	24,761905
110114213412	33,333333
110114213512	32,380952
110114213612	30,47619
110114213712	34,285714
110114213812	29,52381
110114213912	24,761905
110114214012	32,380952
110114214112	28,571429
110114214212	23,809524
110114214312	19,047619
110114214412	26,666667
110114214512	16,190476
110114214612	32,380952
110114214712	31,428571
110114214812	21,904762
110114214912	40,00
110114215012	28,571429
110114215112	35,238095
110114215212	29,52381
110114215312	25,714286
110114215412	27,619048
110114215512	33,333333
110114215612	34,285714
110114215712	31,428571
110114215812	20,00
110114215912	25,714286
110114220012	25,714286
110114220112	27,619048
110114220212	33,333333
110114220312	33,333333
110114220412	31,428571
110114220512	26,666667
110114220612	29,52381
110114220712	31,428571
110114220812	32,380952
110114220912	30,47619
110114221012	25,714286
110114221112	34,285714
110114221212	30,47619
110114221312	24,761905
110114221412	29,52381
110114221512	33,333333
110114221612	23,809524
110114221712	31,428571
110114221812	30,47619
110114221912	29,52381
110114222012	27,619048
110114222112	22,857143
110114222212	28,571429
110114222312	26,666667
110114222412	30,47619
110114222512	31,428571
110114222612	28,571429
110114222712	20,952381
110114222812	29,52381
110114222912	22,857143
110114223012	31,428571
110114223112	24,761905
110114223212	24,761905
110114223312	26,666667
110114223412	20,00
110114223512	37,142857
110114223612	30,47619
110114223712	22,857143
110114223812	18,095238
110114223912	28,571429
110114224012	33,333333
110114224112	25,714286
110114224212	24,761905
110114224312	22,857143
110114224412	25,714286
110114224512	27,619048
110114224612	25,714286
110114224712	24,761905
110114224812	34,285714
110114224912	26,666667
110114225012	34,285714
110114225112	23,809524
110114225212	27,619048
110114225312	22,857143
110114225412	31,428571
110114225512	35,238095
110114225612	25,714286
110114225712	30,47619
110114225812	33,333333
110114225912	21,904762
110114230012	39,047619
110114230112	25,714286
110114230212	26,666667
110114230312	23,809524
110114230412	22,857143
110114230512	31,428571
110114230612	24,761905
110114230712	29,52381
110114230812	21,904762
110114230912	36,190476
110114231012	40,00
110114231112	26,666667
110114231212	23,809524
110114231312	26,666667
110114231412	21,904762
110114231512	34,285714
110114231612	29,52381
110114231712	27,619048
110114231812	30,47619
110114231912	40,952381
110114232012	32,380952
110114232112	35,238095
110114232212	23,809524
110114232312	25,714286
110114232412	28,571429
110114232512	34,285714
110114232612	31,428571
110114232712	31,428571
110114232812	30,47619
110114232912	25,714286
110114233012	23,809524
110114233112	28,571429
110114233212	32,380952
110114233312	26,666667
110114233412	30,47619
110114233512	29,52381
110114233612	32,380952
110114233712	20,952381
110114233812	20,00
110114233912	27,619048
110114234012	23,809524
110114234112	23,809524
110114234212	28,571429
110114234312	31,428571
110114234412	22,857143
110114234512	22,857143
110114234612	32,380952
110114234712	31,428571
110114234812	22,857143
110114234912	28,571429
110114235012	33,333333
110114235112	31,428571
110114235212	25,714286
110114235312	32,380952
110114235412	31,428571
110114235512	24,761905
110114235612	18,095238
110114235712	19,047619
110114235812	20,952381
110114235912	18,095238
110115000012	28,571429
110115000112	28,571429
110115000212	23,809524
110115000312	20,952381
110115000412	20,00
110115000512	28,571429
110115000612	28,571429
110115000712	34,285714
110115000812	25,714286
110115000912	17,142857
110115001012	25,714286
110115001112	27,619048
110115001212	30,47619
110115001312	19,047619
110115001412	33,333333
110115001512	23,809524
110115001612	31,428571
110115001712	25,714286
110115001812	22,857143
110115001912	25,714286
110115002012	24,761905
110115002112	32,380952
110115002212	32,380952
110115002312	22,857143
110115002412	37,142857
110115002512	26,666667
110115002612	35,238095
110115002712	35,238095
110115002812	26,666667
110115002912	30,47619
110115003012	29,52381
110115003112	24,761905
110115003212	37,142857
110115003312	25,714286
110115003412	21,904762
110115003512	23,809524
110115003612	32,380952
110115003712	27,619048
110115003812	21,904762
110115003912	25,714286
110115004012	22,857143
110115004112	32,380952
110115004212	30,47619
110115004312	20,00
110115004412	30,47619
110115004512	28,571429
110115004612	37,142857
110115004712	26,666667
110115004812	23,809524
110115004912	20,952381
110115005012	35,238095
110115005112	21,904762
110115005212	34,285714
110115005312	30,47619
110115005412	39,047619
110115005512	27,619048
110115005612	28,571429
110115005712	33,333333
110115005812	23,809524
110115005912	34,285714
110115010012	25,714286
110115010112	25,714286
110115010212	27,619048
110115010312	31,428571
110115010412	32,380952
110115010512	22,857143
110115010612	20,00
110115010712	33,333333
110115010812	27,619048
110115010912	33,333333
110115011012	26,666667
110115011112	29,52381
110115011212	27,619048
110115011312	23,809524
110115011412	14,285714
110115011512	20,00
110115011612	31,428571
110115011712	37,142857
110115011812	39,047619
110115011912	32,380952
110115012012	25,714286
110115012112	35,238095
110115012212	23,809524
110115012312	40,952381
110115012412	27,619048
110115012512	20,952381
110115012612	34,285714
110115012712	29,52381
110115012812	27,619048
110115012912	29,52381
110115013012	16,190476
110115013112	24,761905
110115013212	26,666667
110115013312	32,380952
110115013412	23,809524
110115013512	30,47619
110115013612	34,285714
110115013712	29,52381
110115013812	30,47619
110115013912	20,00
110115014012	31,428571
110115014112	36,190476
110115014212	32,380952
110115014312	26,666667
110115014412	29,52381
110115014512	25,714286
110115014612	20,952381
110115014712	27,619048
110115014812	21,904762
110115014912	34,285714
110115015012	34,285714
110115015112	24,761905
110115015212	22,857143
110115015312	21,904762
110115015412	30,47619
110115015512	26,666667
110115015612	28,571429
110115015712	29,52381
110115015812	25,714286
110115015912	22,857143
110115020012	22,857143
110115020112	19,047619
110115020212	33,333333
110115020312	25,714286
110115020412	32,380952
110115020512	27,619048
110115020612	34,285714
110115020712	24,761905
110115020812	31,428571
110115020912	27,619048
110115021012	28,571429
110115021112	29,52381
110115021212	25,714286
110115021312	31,428571
110115021412	21,904762
110115021512	26,666667
110115021612	38,095238
110115021712	29,52381
110115021812	17,142857
110115021912	38,095238
110115022012	20,00
110115022112	25,714286
110115022212	35,238095
110115022312	37,142857
110115022412	24,761905
110115022512	33,333333
110115022612	26,666667
110115022712	31,428571
110115022812	22,857143
110115022912	27,619048
110115023012	36,190476
110115023112	28,571429
110115023212	27,619048
110115023312	27,619048
110115023412	21,904762
110115023512	19,047619
110115023612	31,428571
110115023712	29,52381
110115023812	26,666667
110115023912	31,428571
110115024012	28,571429
110115024112	26,666667
110115024212	27,619048
110115024312	32,380952
110115024412	33,333333
110115024512	28,571429
110115024612	27,619048
110115024712	20,00
110115024812	25,714286
110115024912	31,428571
110115025012	31,428571
110115025112	32,380952
110115025212	26,666667
110115025312	24,761905
110115025412	24,761905
110115025512	31,428571
110115025612	26,666667
110115025712	33,333333
110115025812	26,666667
110115025912	32,380952
110115030012	38,095238
110115030112	36,190476
110115030212	24,761905
110115030312	29,52381
110115030412	21,904762
110115030512	32,380952
110115030612	40,00
110115030712	36,190476
110115030812	25,714286
110115030912	21,904762
110115031012	28,571429
110115031112	23,809524
110115031212	24,761905
110115031312	25,714286
110115031412	30,47619
110115031512	25,714286
110115031612	27,619048
110115031712	29,52381
110115031812	37,142857
110115031912	33,333333
110115032012	26,666667
110115032112	24,761905
110115032212	20,00
110115032312	29,52381
110115032412	25,714286
110115032512	35,238095
110115032612	32,380952
110115032712	31,428571
110115032812	34,285714
110115032912	28,571429
110115033012	29,52381
110115033112	34,285714
110115033212	30,47619
110115033312	27,619048
110115033412	26,666667
110115033512	20,952381
110115033612	20,952381
110115033712	26,666667
110115033812	20,952381
110115033912	24,761905
110115034012	16,190476
110115034112	28,571429
110115034212	24,761905
110115034312	27,619048
110115034412	34,285714
110115034512	24,761905
110115034612	22,857143
110115034712	29,52381
110115034812	39,047619
110115034912	21,904762
110115035012	31,428571
110115035112	29,52381
110115035212	28,571429
110115035312	29,52381
110115035412	19,047619
110115035512	31,428571
110115035612	28,571429
110115035712	25,714286
110115035812	30,47619
110115035912	31,428571
110115040012	22,857143
110115040112	26,666667
110115040212	31,428571
110115040312	30,47619
110115040412	24,761905
110115040512	25,714286
110115040612	26,666667
110115040712	41,904762
110115040812	31,428571
110115040912	25,714286
110115041012	29,52381
110115041112	32,380952
110115041212	30,47619
110115041312	29,52381
110115041412	25,714286
110115041512	24,761905
110115041612	24,761905
110115041712	34,285714
110115041812	18,095238
110115041912	25,714286
110115042012	33,333333
110115042112	28,571429
110115042212	32,380952
110115042312	21,904762
110115042412	23,809524
110115042512	23,809524
110115042612	24,761905
110115042712	34,285714
110115042812	27,619048
110115042912	17,142857
110115043012	24,761905
110115043112	32,380952
110115043212	36,190476
110115043312	32,380952
110115043412	35,238095
110115043512	30,47619
110115043612	26,666667
110115043712	34,285714
110115043812	33,333333
110115043912	31,428571
110115044012	32,380952
110115044112	33,333333
110115044212	29,52381
110115044312	33,333333
110115044412	30,47619
110115044512	29,52381
110115044612	30,47619
110115044712	27,619048
110115044812	28,571429
110115044912	30,47619
110115045012	20,00
110115045112	26,666667
110115045212	32,380952
110115045312	24,761905
110115045412	29,52381
110115045512	30,47619
110115045612	22,857143
110115045712	27,619048
110115045812	34,285714
110115045912	26,666667
110115050012	30,47619
110115050112	36,190476
110115050212	25,714286
110115050312	30,47619
110115050412	20,00
110115050512	32,380952
110115050612	21,904762
110115050712	40,00
110115050812	26,666667
110115050912	29,52381
110115051012	23,809524
110115051112	25,714286
110115051212	29,52381
110115051312	27,619048
110115051412	26,666667
110115051512	39,047619
110115051612	31,428571
110115051712	25,714286
110115051812	24,761905
110115051912	39,047619
110115052012	27,619048
110115052112	30,47619
110115052212	31,428571
110115052312	22,857143
110115052412	26,666667
110115052512	29,52381
110115052612	25,714286
110115052712	24,761905
110115052812	28,571429
110115052912	27,619048
110115053012	35,238095
110115053112	26,666667
110115053212	30,47619
110115053312	23,809524
110115053412	25,714286
110115053512	29,52381
110115053612	24,761905
110115053712	17,142857
110115053812	30,47619
110115053912	40,00
110115054012	36,190476
110115054112	20,952381
110115054212	40,00
110115054312	21,904762
110115054412	29,52381
110115054512	14,285714
110115054612	35,238095
110115054712	27,619048
110115054812	42,857143
110115054912	23,809524
110115055012	28,571429
110115055112	26,666667
110115055212	26,666667
110115055312	33,333333
110115055412	30,47619
110115055512	30,47619
110115055612	37,142857
110115055712	35,238095
110115055812	21,904762
110115055912	25,714286
110115060012	32,380952
110115060112	26,666667
110115060212	20,952381
110115060312	25,714286
110115060412	38,095238
110115060512	25,714286
110115060612	25,714286
110115060712	23,809524
110115060812	32,380952
110115060912	36,190476
110115061012	23,809524
110115061112	27,619048
110115061212	26,666667
110115061312	22,857143
110115061412	27,619048
110115061512	20,952381
110115061612	26,666667
110115061712	35,238095
110115061812	24,761905
110115061912	23,809524
110115062012	30,47619
110115062112	30,47619
110115062212	31,428571
110115062312	23,809524
110115062412	37,142857
110115062512	24,761905
110115062612	20,952381
110115062712	29,52381
110115062812	36,190476
110115062912	30,47619
110115063012	38,095238
110115063112	27,619048
110115063212	29,52381
110115063312	26,666667
110115063412	26,666667
110115063512	23,809524
110115063612	21,904762
110115063712	30,47619
110115063812	31,428571
110115063912	27,619048
110115064012	29,52381
110115064112	27,619048
110115064212	41,904762
110115064312	34,285714
110115064412	21,904762
110115064512	28,571429
110115064612	22,857143
110115064712	24,761905
110115064812	22,857143
110115064912	25,714286
110115065012	25,714286
110115065112	19,047619
110115065212	25,714286
110115065312	23,809524
110115065412	27,619048
110115065512	30,47619
110115065612	25,714286
110115065712	37,142857
110115065812	26,666667
110115065912	24,761905
110115070012	20,00
110115070112	26,666667
110115070212	25,714286
110115070312	27,619048
110115070412	31,428571
110115070512	34,285714
110115070612	20,00
110115070712	22,857143
110115070812	22,857143
110115070912	26,666667
110115071012	31,428571
110115071112	44,761905
110115071212	25,714286
110115071312	20,952381
110115071412	25,714286
110115071512	27,619048
110115071612	28,571429
110115071712	29,52381
110115071812	31,428571
110115071912	36,190476
110115072012	20,00
110115072112	28,571429
110115072212	25,714286
110115072312	24,761905
110115072412	32,380952
110115072512	29,52381
110115072612	29,52381
110115072712	20,952381
110115072812	22,857143
110115072912	26,666667
110115073012	40,00
110115073112	36,190476
110115073212	20,00
110115073312	28,571429
110115073412	23,809524
110115073512	39,047619
110115073612	20,952381
110115073712	29,52381
110115073812	27,619048
110115073912	27,619048
110115074012	24,761905
110115074112	26,666667
110115074212	29,52381
110115074312	17,142857
110115074412	20,00
110115074512	38,095238
110115074612	31,428571
110115074712	33,333333
110115074812	20,952381
110115074912	15,238095
110115075012	29,52381
110115075112	25,714286
110115075212	25,714286
110115075312	28,571429
110115075412	27,619048
110115075512	35,238095
110115075612	21,904762
110115075712	20,952381
110115075812	28,571429
110115075912	30,47619
110115080012	28,571429
110115080112	28,571429
110115080212	24,761905
110115080312	27,619048
110115080412	19,047619
110115080512	24,761905
110115080612	21,904762
110115080712	37,142857
110115080812	19,047619
110115080912	25,714286
110115081012	34,285714
110115081112	28,571429
110115081212	28,571429
110115081312	27,619048
110115081412	22,857143
110115081512	25,714286
110115081612	26,666667
110115081712	33,333333
110115081812	30,47619
110115081912	19,047619
110115082012	25,714286
110115082112	27,619048
110115082212	42,857143
110115082312	24,761905
110115082412	29,52381
110115082512	23,809524
110115082612	26,666667
110115082712	22,857143
110115082812	20,952381
110115082912	25,714286
110115083012	24,761905
110115083112	23,809524
110115083212	28,571429
110115083312	32,380952
110115083412	25,714286
110115083512	30,47619
110115083612	21,904762
110115083712	32,380952
110115083812	28,571429
110115083912	30,47619
110115084012	30,47619
110115084112	31,428571
110115084212	20,00
110115084312	24,761905
110115084412	35,238095
110115084512	26,666667
110115084612	30,47619
110115084712	25,714286
110115084812	31,428571
110115084912	27,619048
110115085012	28,571429
110115085112	23,809524
110115085212	27,619048
110115085312	27,619048
110115085412	26,666667
110115085512	22,857143
110115085612	33,333333
110115085712	17,142857
110115085812	20,00
110115085912	22,857143
110115090012	22,857143
110115090112	33,333333
110115090212	35,238095
110115090312	25,714286
110115090412	22,857143
110115090512	32,380952
110115090612	25,714286
110115090712	29,52381
110115090812	29,52381
110115090912	29,52381
110115091012	21,904762
110115091112	24,761905
110115091212	27,619048
110115091312	29,52381
110115091412	33,333333
110115091512	27,619048
110115091612	30,47619
110115091712	30,47619
110115091812	28,571429
110115091912	25,714286
110115092012	28,571429
110115092112	25,714286
110115092212	30,47619
110115092312	26,666667
110115092412	22,857143
110115092512	23,809524
110115092612	28,571429
110115092712	24,761905
110115092812	33,333333
110115092912	31,428571
110115093012	35,238095
110115093112	24,761905
110115093212	24,761905
110115093312	21,904762
110115093412	35,238095
110115093512	30,47619
110115093612	35,238095
110115093712	23,809524
110115093812	34,285714
110115093912	32,380952
110115094012	24,761905
110115094112	16,190476
110115094212	27,619048
110115094312	23,809524
110115094412	35,238095
110115094512	32,380952
110115094612	25,714286
110115094712	20,00
110115094812	27,619048
110115094912	32,380952
110115095012	21,904762
110115095112	26,666667
110115095212	23,809524
110115095312	30,47619
110115095412	25,714286
110115095512	23,809524
110115095612	25,714286
110115095712	33,333333
110115095812	29,52381
110115095912	27,619048
110115100012	28,571429
110115100112	27,619048
110115100212	27,619048
110115100312	25,714286
110115100412	28,571429
110115100512	32,380952
110115100612	33,333333
110115100712	20,00
110115100812	15,238095
110115100912	31,428571
110115101012	20,952381
110115101112	34,285714
110115101212	19,047619
110115101312	30,47619
110115101412	32,380952
110115101512	29,52381
110115101612	20,952381
110115101712	33,333333
110115101812	22,857143
110115101912	29,52381
110115102012	35,238095
110115102112	23,809524
110115102212	23,809524
110115102312	25,714286
110115102412	21,904762
110115102512	24,761905
110115102612	24,761905
110115102712	27,619048
110115102812	23,809524
110115102912	25,714286
110115103012	34,285714
110115103112	21,904762
110115103212	25,714286
110115103312	20,952381
110115103412	29,52381
110115103512	28,571429
110115103612	26,666667
110115103712	23,809524
110115103812	21,904762
110115103912	28,571429
110115104012	25,714286
110115104112	42,857143
110115104212	28,571429
110115104312	23,809524
110115104412	25,714286
110115104512	36,190476
110115104612	26,666667
110115104712	32,380952
110115104812	22,857143
110115104912	26,666667
110115105012	24,761905
110115105112	23,809524
110115105212	24,761905
110115105312	24,761905
110115105412	33,333333
110115105512	30,47619
110115105612	20,952381
110115105712	25,714286
110115105812	28,571429
110115105912	32,380952
110115110012	24,761905
110115110112	23,809524
110115110212	20,00
110115110312	22,857143
110115110412	25,714286
110115110512	23,809524
110115110612	20,952381
110115110712	20,00
110115110812	20,00
110115110912	24,761905
110115111012	35,238095
110115111112	14,285714
110115111212	28,571429
110115111312	38,095238
110115111412	15,238095
110115111512	27,619048
110115111612	29,52381
110115111712	30,47619
110115111812	23,809524
110115111912	35,238095
110115112012	26,666667
110115112112	27,619048
110115112212	28,571429
110115112312	29,52381
110115112412	17,142857
110115112512	24,761905
110115112612	18,095238
110115112712	23,809524
110115112812	29,52381
110115112912	34,285714
110115113012	38,095238
110115113112	33,333333
110115113212	28,571429
110115113312	22,857143
110115113412	20,00
110115113512	24,761905
110115113612	20,00
110115113712	21,904762
110115113812	35,238095
110115113912	27,619048
110115114012	24,761905
110115114112	37,142857
110115114212	41,904762
110115114312	38,095238
110115114412	36,190476
110115114512	30,47619
110115114612	35,238095
110115114712	26,666667
110115114812	26,666667
110115114912	22,857143
110115115012	44,761905
110115115112	26,666667
110115115212	27,619048
110115115312	25,714286
110115115412	29,52381
110115115512	27,619048
110115115612	18,095238
110115115712	30,47619
110115115812	23,809524
110115115912	30,47619
110115120012	24,761905
110115120112	16,190476
110115120212	34,285714
110115120312	24,761905
110115120412	20,00
110115120512	28,571429
110115120612	30,47619
110115120712	27,619048
110115120812	26,666667
110115120912	21,904762
110115121012	24,761905
110115121112	28,571429
110115121212	31,428571
110115121312	24,761905
110115121412	30,47619
110115121512	28,571429
110115121612	41,904762
110115121712	23,809524
110115121812	24,761905
110115121912	22,857143
110115122012	28,571429
110115122112	27,619048
110115122212	32,380952
110115122312	23,809524
110115122412	39,047619
110115122512	20,00
110115122612	26,666667
110115122712	31,428571
110115122812	18,095238
110115122912	31,428571
110115123012	40,00
110115123112	29,52381
110115123212	32,380952
110115123312	28,571429
110115123412	24,761905
110115123512	23,809524
110115123612	19,047619
110115123712	25,714286
110115123812	26,666667
110115123912	28,571429
110115124012	27,619048
110115124112	23,809524
110115124212	26,666667
110115124312	27,619048
110115124412	29,52381
110115124512	24,761905
110115124612	27,619048
110115124712	16,190476
110115124812	27,619048
110115124912	32,380952
110115125012	22,857143
110115125112	28,571429
110115125212	23,809524
110115125312	22,857143
110115125412	28,571429
110115125512	22,857143
110115125612	31,428571
110115125712	30,47619
110115125812	23,809524
110115125912	18,095238
110115130012	31,428571
110115130112	19,047619
110115130212	34,285714
110115130312	27,619048
110115130412	25,714286
110115130512	26,666667
110115130612	13,333333
110115130712	37,142857
110115130812	35,238095
110115130912	25,714286
110115131012	34,285714
110115131112	30,47619
110115131212	25,714286
110115131312	37,142857
110115131412	23,809524
110115131512	25,714286
110115131612	34,285714
110115131712	28,571429
110115131812	22,857143
110115131912	31,428571
110115132012	21,904762
110115132112	29,52381
110115132212	17,142857
110115132312	35,238095
110115132412	29,52381
110115132512	27,619048
110115132612	24,761905
110115132712	28,571429
110115132812	36,190476
110115132912	28,571429
110115133012	35,238095
110115133112	29,52381
110115133212	29,52381
110115133312	19,047619
110115133412	34,285714
110115133512	24,761905
110115133612	31,428571
110115133712	28,571429
110115133812	17,142857
110115133912	27,619048
110115134012	25,714286
110115134112	31,428571
110115134212	23,809524
110115134312	26,666667
110115134412	23,809524
110115134512	34,285714
110115134612	25,714286
110115134712	20,952381
110115134812	31,428571
110115134912	28,571429
110115135012	24,761905
110115135112	34,285714
110115135212	23,809524
110115135312	20,952381
110115135412	13,333333
110115135512	36,190476
110115135612	26,666667
110115135712	29,52381
110115135812	40,952381
110115135912	21,904762
110115140012	26,666667
110115140112	26,666667
110115140212	27,619048
110115140312	27,619048
110115140412	41,904762
110115140512	26,666667
110115140612	26,666667
110115140712	23,809524
110115140812	32,380952
110115140912	27,619048
110115141012	26,666667
110115141112	26,666667
110115141212	27,619048
110115141312	26,666667
110115141412	21,904762
110115141512	26,666667
110115141612	20,952381
110115141712	22,857143
110115141812	35,238095
110115141912	22,857143
110115142012	32,380952
110115142112	30,47619
110115142212	32,380952
110115142312	25,714286
110115142412	27,619048
110115142512	20,952381
110115142612	29,52381
110115142712	34,285714
110115142812	27,619048
110115142912	32,380952
110115143012	19,047619
110115143112	28,571429
110115143212	28,571429
110115143312	22,857143
110115143412	30,47619
110115143512	28,571429
110115143612	33,333333
110115143712	28,571429
110115143812	36,190476
110115143912	20,952381
110115144012	29,52381
110115144112	21,904762
110115144212	20,952381
110115144312	23,809524
110115144412	20,952381
110115144512	42,857143
110115144612	25,714286
110115144712	31,428571
110115144812	26,666667
110115144912	26,666667
110115145012	28,571429
110115145112	27,619048
110115145212	16,190476
110115145312	25,714286
110115145412	18,095238
110115145512	24,761905
110115145612	31,428571
110115145712	27,619048
110115145812	30,47619
110115145912	23,809524
110115150012	22,857143
110115150112	28,571429
110115150212	29,52381
110115150312	34,285714
110115150412	25,714286
110115150512	31,428571
110115150612	31,428571
110115150712	24,761905
110115150812	30,47619
110115150912	32,380952
110115151012	30,47619
110115151112	18,095238
110115151212	25,714286
110115151312	23,809524
110115151412	27,619048
110115151512	38,095238
110115151612	29,52381
110115151712	31,428571
110115151812	20,952381
110115151912	28,571429
110115152012	24,761905
110115152112	34,285714
110115152212	22,857143
110115152312	23,809524
110115152412	31,428571
110115152512	21,904762
110115152612	26,666667
110115152712	28,571429
110115152812	26,666667
110115152912	24,761905
110115153012	25,714286
110115153112	24,761905
110115153212	35,238095
110115153312	29,52381
110115153412	42,857143
110115153512	26,666667
110115153612	33,333333
110115153712	25,714286
110115153812	27,619048
110115153912	36,190476
110115154012	28,571429
110115154112	34,285714
110115154212	34,285714
110115154312	27,619048
110115154412	20,952381
110115154512	27,619048
110115154612	23,809524
110115154712	21,904762
110115154812	28,571429
110115154912	35,238095
110115155012	31,428571
110115155112	26,666667
110115155212	41,904762
110115155312	38,095238
110115155412	29,52381
110115155512	25,714286
110115155612	20,952381
110115155712	20,952381
110115155812	23,809524
110115155912	30,47619
110115160012	23,809524
110115160112	33,333333
110115160212	35,238095
110115160312	27,619048
110115160412	25,714286
110115160512	31,428571
110115160612	23,809524
110115160712	29,52381
110115160812	25,714286
110115160912	27,619048
110115161012	34,285714
110115161112	24,761905
110115161212	16,190476
110115161312	25,714286
110115161412	38,095238
110115161512	31,428571
110115161612	35,238095
110115161712	24,761905
110115161812	26,666667
110115161912	23,809524
110115162012	27,619048
110115162112	35,238095
110115162212	29,52381
110115162312	35,238095
110115162412	28,571429
110115162512	20,00
110115162612	34,285714
110115162712	23,809524
110115162812	32,380952
110115162912	40,952381
110115163012	20,952381
110115163112	19,047619
110115163212	36,190476
110115163312	34,285714
110115163412	41,904762
110115163512	37,142857
110115163612	31,428571
110115163712	31,428571
110115163812	18,095238
110115163912	24,761905
110115164012	38,095238
110115164112	29,52381
110115164212	34,285714
110115164312	26,666667
110115164412	22,857143
110115164512	25,714286
110115164612	19,047619
110115164712	34,285714
110115164812	20,00
110115164912	28,571429
110115165012	31,428571
110115165112	27,619048
110115165212	25,714286
110115165312	31,428571
110115165412	33,333333
110115165512	32,380952
110115165612	22,857143
110115165712	31,428571
110115165812	34,285714
110115165912	33,333333
110115170012	32,380952
110115170112	26,666667
110115170212	28,571429
110115170312	40,952381
110115170412	31,428571
110115170512	18,095238
110115170612	28,571429
110115170712	30,47619
110115170812	25,714286
110115170912	32,380952
110115171012	28,571429
110115171112	20,952381
110115171212	24,761905
110115171312	28,571429
110115171412	22,857143
110115171512	28,571429
110115171612	29,52381
110115171712	36,190476
110115171812	24,761905
110115171912	21,904762
110115172012	21,904762
110115172112	35,238095
110115172212	30,47619
110115172312	29,52381
110115172412	24,761905
110115172512	25,714286
110115172612	32,380952
110115172712	37,142857
110115172812	28,571429
110115172912	33,333333
110115173012	18,095238
110115173112	21,904762
110115173212	25,714286
110115173312	31,428571
110115173412	16,190476
110115173512	29,52381
110115173612	30,47619
110115173712	31,428571
110115173812	31,428571
110115173912	34,285714
110115174012	20,00
110115174112	23,809524
110115174212	30,47619
110115174312	39,047619
110115174412	39,047619
110115174512	23,809524
110115174612	23,809524
110115174712	16,190476
110115174812	21,904762
110115174912	22,857143
110115175012	25,714286
110115175112	39,047619
110115175212	36,190476
110115175312	26,666667
110115175412	22,857143
110115175512	23,809524
110115175612	23,809524
110115175712	34,285714
110115175812	31,428571
110115175912	23,809524
110115180012	28,571429
110115180112	24,761905
110115180212	21,904762
110115180312	35,238095
110115180412	22,857143
110115180512	25,714286
110115180612	30,47619
110115180712	27,619048
110115180812	25,714286
110115180912	33,333333
110115181012	26,666667
110115181112	28,571429
110115181212	23,809524
110115181312	28,571429
110115181412	29,52381
110115181512	34,285714
110115181612	24,761905
110115181712	21,904762
110115181812	27,619048
110115181912	28,571429
110115182012	25,714286
110115182112	24,761905
110115182212	24,761905
110115182312	19,047619
110115182412	31,428571
110115182512	27,619048
110115182612	26,666667
110115182712	38,095238
110115182812	30,47619
110115182912	27,619048
110115183012	26,666667
110115183112	36,190476
110115183212	30,47619
110115183312	19,047619
110115183412	36,190476
110115183512	22,857143
110115183612	23,809524
110115183712	27,619048
110115183812	39,047619
110115183912	23,809524
110115184012	21,904762
110115184112	23,809524
110115184212	31,428571
110115184312	25,714286
110115184412	31,428571
110115184512	27,619048
110115184612	26,666667
110115184712	23,809524
110115184812	32,380952
110115184912	24,761905
110115185012	29,52381
110115185112	25,714286
110115185212	20,952381
110115185312	25,714286
110115185412	28,571429
110115185512	27,619048
110115185612	26,666667
110115185712	40,952381
110115185812	25,714286
110115185912	27,619048
110115190012	25,714286
110115190112	25,714286
110115190212	29,52381
110115190312	30,47619
110115190412	32,380952
110115190512	25,714286
110115190612	33,333333
110115190712	25,714286
110115190812	21,904762
110115190912	18,095238
110115191012	27,619048
110115191112	34,285714
110115191212	28,571429
110115191312	23,809524
110115191412	29,52381
110115191512	32,380952
110115191612	30,47619
110115191712	31,428571
110115191812	25,714286
110115191912	33,333333
110115192012	34,285714
110115192112	31,428571
110115192212	17,142857
110115192312	33,333333
110115192412	37,142857
110115192512	25,714286
110115192612	29,52381
110115192712	27,619048
110115192812	18,095238
110115192912	29,52381
110115193012	22,857143
110115193112	27,619048
110115193212	25,714286
110115193312	23,809524
110115193412	25,714286
110115193512	22,857143
110115193612	26,666667
110115193712	20,00
110115193812	28,571429
110115193912	29,52381
110115194012	26,666667
110115194112	18,095238
110115194212	35,238095
110115194312	30,47619
110115194412	25,714286
110115194512	30,47619
110115194612	23,809524
110115194712	26,666667
110115194812	21,904762
110115194912	26,666667
110115195012	20,952381
110115195112	35,238095
110115195212	29,52381
110115195312	32,380952
110115195412	29,52381
110115195512	31,428571
110115195612	33,333333
110115195712	30,47619
110115195812	34,285714
110115195912	28,571429
110115200012	19,047619
110115200112	29,52381
110115200212	18,095238
110115200312	14,285714
110115200412	27,619048
110115200512	30,47619
110115200612	27,619048
110115200712	36,190476
110115200812	22,857143
110115200912	18,095238
110115201012	17,142857
110115201112	29,52381
110115201212	35,238095
110115201312	26,666667
110115201412	20,952381
110115201512	30,47619
110115201612	23,809524
110115201712	29,52381
110115201812	26,666667
110115201912	22,857143
110115202012	26,666667
110115202112	32,380952
110115202212	44,761905
110115202312	22,857143
110115202412	26,666667
110115202512	28,571429
110115202612	29,52381
110115202712	23,809524
110115202812	26,666667
110115202912	25,714286
110115203012	24,761905
110115203112	32,380952
110115203212	28,571429
110115203312	26,666667
110115203412	29,52381
110115203512	27,619048
110115203612	23,809524
110115203712	19,047619
110115203812	31,428571
110115203912	21,904762
110115204012	22,857143
110115204112	20,00
110115204212	27,619048
110115204312	26,666667
110115204412	27,619048
110115204512	29,52381
110115204612	29,52381
110115204712	29,52381
110115204812	21,904762
110115204912	27,619048
110115205012	27,619048
110115205112	30,47619
110115205212	32,380952
110115205312	20,952381
110115205412	21,904762
110115205512	25,714286
110115205612	22,857143
110115205712	37,142857
110115205812	28,571429
110115205912	23,809524
110115210012	30,47619
110115210112	29,52381
110115210212	27,619048
110115210312	20,952381
110115210412	19,047619
110115210512	38,095238
110115210612	36,190476
110115210712	21,904762
110115210812	19,047619
110115210912	20,952381
110115211012	24,761905
110115211112	33,333333
110115211212	22,857143
110115211312	28,571429
110115211412	25,714286
110115211512	21,904762
110115211612	24,761905
110115211712	22,857143
110115211812	27,619048
110115211912	27,619048
110115212012	27,619048
110115212112	34,285714
110115212212	33,333333
110115212312	23,809524
110115212412	24,761905
110115212512	22,857143
110115212612	24,761905
110115212712	17,142857
110115212812	22,857143
110115212912	23,809524
110115213012	28,571429
110115213112	19,047619
110115213212	36,190476
110115213312	23,809524
110115213412	29,52381
110115213512	23,809524
110115213612	27,619048
110115213712	21,904762
110115213812	18,095238
110115213912	21,904762
110115214012	26,666667
110115214112	37,142857
110115214212	34,285714
110115214312	29,52381
110115214412	27,619048
110115214512	25,714286
110115214612	31,428571
110115214712	19,047619
110115214812	28,571429
110115214912	32,380952
110115215012	26,666667
110115215112	23,809524
110115215212	38,095238
110115215312	23,809524
110115215412	24,761905
110115215512	31,428571
110115215612	26,666667
110115215712	21,904762
110115215812	32,380952
110115215912	30,47619
110115220012	28,571429
110115220112	29,52381
110115220212	20,952381
110115220312	12,380952
110115220412	20,952381
110115220512	32,380952
110115220612	25,714286
110115220712	23,809524
110115220812	25,714286
110115220912	22,857143
110115221012	15,238095
110115221112	25,714286
110115221212	23,809524
110115221312	29,52381
110115221412	29,52381
110115221512	32,380952
110115221612	26,666667
110115221712	20,00
110115221812	30,47619
110115221912	28,571429
110115222012	23,809524
110115222112	30,47619
110115222212	22,857143
110115222312	23,809524
110115222412	32,380952
110115222512	22,857143
110115222612	23,809524
110115222712	23,809524
110115222812	20,952381
110115222912	29,52381
110115223012	32,380952
110115223112	33,333333
110115223212	32,380952
110115223312	26,666667
110115223412	23,809524
110115223512	24,761905
110115223612	27,619048
110115223712	30,47619
110115223812	32,380952
110115223912	27,619048
110115224012	36,190476
110115224112	24,761905
110115224212	27,619048
110115224312	38,095238
110115224412	26,666667
110115224512	23,809524
110115224612	36,190476
110115224712	33,333333
110115224812	31,428571
110115224912	20,00
110115225012	22,857143
110115225112	27,619048
110115225212	23,809524
110115225312	40,952381
110115225412	22,857143
110115225512	23,809524
110115225612	27,619048
110115225712	29,52381
110115225812	25,714286
110115225912	28,571429
110115230012	34,285714
110115230112	29,52381
110115230212	24,761905
110115230312	23,809524
110115230412	28,571429
110115230512	19,047619
110115230612	20,00
110115230712	20,952381
110115230812	20,00
110115230912	29,52381
110115231012	28,571429
110115231112	30,47619
110115231212	20,00
110115231312	27,619048
110115231412	27,619048
110115231512	25,714286
110115231612	21,904762
110115231712	32,380952
110115231812	30,47619
110115231912	23,809524
110115232012	23,809524
110115232112	21,904762
110115232212	29,52381
110115232312	32,380952
110115232412	29,52381
110115232512	27,619048
110115232612	24,761905
110115232712	24,761905
110115232812	25,714286
110115232912	31,428571
110115233012	21,904762
110115233112	25,714286
110115233212	20,952381
110115233312	22,857143
110115233412	26,666667
110115233512	27,619048
110115233612	30,47619
110115233712	28,571429
110115233812	22,857143
110115233912	31,428571
110115234012	26,666667
110115234112	28,571429
110115234212	26,666667
110115234312	23,809524
110115234412	22,857143
110115234512	25,714286
110115234612	27,619048
110115234712	20,00
110115234812	31,428571
110115234912	16,190476
110115235012	26,666667
110115235112	27,619048
110115235212	25,714286
110115235312	30,47619
110115235412	32,380952
110115235512	17,142857
110115235612	27,619048
110115235712	32,380952
110115235812	33,333333
110115235912	29,52381
110116000012	18,095238
110116000112	29,52381
110116000212	29,52381
110116000312	24,761905
110116000412	28,571429
110116000512	24,761905
110116000612	18,095238
110116000712	19,047619
110116000812	29,52381
110116000912	21,904762
110116001012	24,761905
110116001112	33,333333
110116001212	32,380952
110116001312	21,904762
110116001412	28,571429
110116001512	34,285714
110116001612	21,904762
110116001712	32,380952
110116001812	27,619048
110116001912	16,190476
110116002012	31,428571
110116002112	36,190476
110116002212	23,809524
110116002312	31,428571
110116002412	20,00
110116002512	19,047619
110116002612	33,333333
110116002712	30,47619
110116002812	23,809524
110116002912	27,619048
110116003012	25,714286
110116003112	25,714286
110116003212	29,52381
110116003312	24,761905
110116003412	26,666667
110116003512	35,238095
110116003612	25,714286
110116003712	38,095238
110116003812	21,904762
110116003912	28,571429
110116004012	16,190476
110116004112	27,619048
110116004212	25,714286
110116004312	22,857143
110116004412	30,47619
110116004512	26,666667
110116004612	34,285714
110116004712	31,428571
110116004812	28,571429
110116004912	29,52381
110116005012	27,619048
110116005112	27,619048
110116005212	37,142857
110116005312	33,333333
110116005412	26,666667
110116005512	25,714286
110116005612	33,333333
110116005712	33,333333
110116005812	29,52381
110116005912	31,428571
110116010012	24,761905
110116010112	24,761905
110116010212	26,666667
110116010312	27,619048
110116010412	26,666667
110116010512	17,142857
110116010612	24,761905
110116010712	20,00
110116010812	28,571429
110116010912	36,190476
110116011012	26,666667
110116011112	36,190476
110116011212	26,666667
110116011312	25,714286
110116011412	29,52381
110116011512	30,47619
110116011612	36,190476
110116011712	18,095238
110116011812	30,47619
110116011912	36,190476
110116012012	29,52381
110116012112	25,714286
110116012212	25,714286
110116012312	25,714286
110116012412	20,952381
110116012512	23,809524
110116012612	30,47619
110116012712	23,809524
110116012812	28,571429
110116012912	27,619048
110116013012	36,190476
110116013112	14,285714
110116013212	25,714286
110116013312	25,714286
110116013412	35,238095
110116013512	29,52381
110116013612	21,904762
110116013712	27,619048
110116013812	33,333333
110116013912	29,52381
110116014012	21,904762
110116014112	30,47619
110116014212	29,52381
110116014312	39,047619
110116014412	28,571429
110116014512	22,857143
110116014612	28,571429
110116014712	30,47619
110116014812	26,666667
110116014912	27,619048
110116015012	24,761905
110116015112	28,571429
110116015212	26,666667
110116015312	22,857143
110116015412	31,428571
110116015512	27,619048
110116015612	30,47619
110116015712	28,571429
110116015812	22,857143
110116015912	24,761905
110116020012	27,619048
110116020112	20,952381
110116020212	25,714286
110116020312	25,714286
110116020412	31,428571
110116020512	24,761905
110116020612	28,571429
110116020712	26,666667
110116020812	32,380952
110116020912	19,047619
110116021012	21,904762
110116021112	32,380952
110116021212	32,380952
110116021312	27,619048
110116021412	23,809524
110116021512	25,714286
110116021612	33,333333
110116021712	21,904762
110116021812	32,380952
110116021912	25,714286
110116022012	30,47619
110116022112	29,52381
110116022212	25,714286
110116022312	31,428571
110116022412	31,428571
110116022512	16,190476
110116022612	30,47619
110116022712	21,904762
110116022812	19,047619
110116022912	20,952381
110116023012	14,285714
110116023112	24,761905
110116023212	25,714286
110116023312	31,428571
110116023412	18,095238
110116023512	23,809524
110116023612	19,047619
110116023712	29,52381
110116023812	20,00
110116023912	23,809524
110116024012	31,428571
110116024112	29,52381
110116024212	31,428571
110116024312	21,904762
110116024412	23,809524
110116024512	30,47619
110116024612	19,047619
110116024712	20,00
110116024812	24,761905
110116024912	32,380952
110116025012	26,666667
110116025112	24,761905
110116025212	27,619048
110116025312	23,809524
110116025412	20,00
110116025512	22,857143
110116025612	21,904762
110116025712	21,904762
110116025812	29,52381
110116025912	28,571429
110116030012	31,428571
110116030112	26,666667
110116030212	33,333333
110116030312	20,952381
110116030412	20,952381
110116030512	30,47619
110116030612	27,619048
110116030712	30,47619
110116030812	28,571429
110116030912	31,428571
110116031012	26,666667
110116031112	26,666667
110116031212	19,047619
110116031312	38,095238
110116031412	27,619048
110116031512	30,47619
110116031612	32,380952
110116031712	26,666667
110116031812	23,809524
110116031912	25,714286
110116032012	25,714286
110116032112	33,333333
110116032212	21,904762
110116032312	24,761905
110116032412	24,761905
110116032512	26,666667
110116032612	34,285714
110116032712	21,904762
110116032812	24,761905
110116032912	18,095238
110116033012	38,095238
110116033112	33,333333
110116033212	23,809524
110116033312	19,047619
110116033412	17,142857
110116033512	29,52381
110116033612	29,52381
110116033712	32,380952
110116033812	24,761905
110116033912	25,714286
110116034012	22,857143
110116034112	20,952381
110116034212	29,52381
110116034312	25,714286
110116034412	31,428571
110116034512	23,809524
110116034612	26,666667
110116034712	34,285714
110116034812	24,761905
110116034912	23,809524
110116035012	20,952381
110116035112	20,952381
110116035212	27,619048
110116035312	16,190476
110116035412	34,285714
110116035512	32,380952
110116035612	30,47619
110116035712	30,47619
110116035812	29,52381
110116035912	42,857143
110116040012	26,666667
110116040112	33,333333
110116040212	29,52381
110116040312	29,52381
110116040412	26,666667
110116040512	23,809524
110116040612	29,52381
110116040712	13,333333
110116040812	29,52381
110116040912	20,00
110116041012	24,761905
110116041112	23,809524
110116041212	24,761905
110116041312	21,904762
110116041412	24,761905
110116041512	21,904762
110116041612	20,00
110116041712	33,333333
110116041812	32,380952
110116041912	21,904762
110116042012	30,47619
110116042112	27,619048
110116042212	24,761905
110116042312	27,619048
110116042412	30,47619
110116042512	26,666667
110116042612	25,714286
110116042712	40,00
110116042812	37,142857
110116042912	39,047619
110116043012	25,714286
110116043112	27,619048
110116043212	31,428571
110116043312	30,47619
110116043412	30,47619
110116043512	37,142857
110116043612	33,333333
110116043712	29,52381
110116043812	21,904762
110116043912	30,47619
110116044012	31,428571
110116044112	39,047619
110116044212	32,380952
110116044312	25,714286
110116044412	28,571429
110116044512	24,761905
110116044612	32,380952
110116044712	24,761905
110116044812	25,714286
110116044912	21,904762
110116045012	28,571429
110116045112	30,47619
110116045212	39,047619
110116045312	30,47619
110116045412	25,714286
110116045512	20,952381
110116045612	30,47619
110116045712	20,952381
110116045812	30,47619
110116045912	23,809524
110116050012	31,428571
110116050112	16,190476
110116050212	26,666667
110116050312	18,095238
110116050412	22,857143
110116050512	28,571429
110116050612	35,238095
110116050712	22,857143
110116050812	26,666667
110116050912	25,714286
110116051012	32,380952
110116051112	26,666667
110116051212	31,428571
110116051312	24,761905
110116051412	39,047619
110116051512	29,52381
110116051612	27,619048
110116051712	24,761905
110116051812	25,714286
110116051912	33,333333
110116052012	22,857143
110116052112	28,571429
110116052212	30,47619
110116052312	29,52381
110116052412	34,285714
110116052512	27,619048
110116052612	30,47619
110116052712	25,714286
110116052812	40,00
110116052912	32,380952
110116053012	36,190476
110116053112	20,00
110116053212	23,809524
110116053312	28,571429
110116053412	31,428571
110116053512	34,285714
110116053612	31,428571
110116053712	41,904762
110116053812	24,761905
110116053912	26,666667
110116054012	16,190476
110116054112	20,00
110116054212	28,571429
110116054312	23,809524
110116054412	23,809524
110116054512	20,00
110116054612	27,619048
110116054712	27,619048
110116054812	32,380952
110116054912	27,619048
110116055012	22,857143
110116055112	29,52381
110116055212	25,714286
110116055312	34,285714
110116055412	31,428571
110116055512	27,619048
110116055612	27,619048
110116055712	26,666667
110116055812	25,714286
110116055912	25,714286
110116060012	27,619048
110116060112	25,714286
110116060212	35,238095
110116060312	31,428571
110116060412	23,809524
110116060512	26,666667
110116060612	24,761905
110116060712	26,666667
110116060812	24,761905
110116060912	25,714286
110116061012	24,761905
110116061112	35,238095
110116061212	20,952381
110116061312	24,761905
110116061412	24,761905
110116061512	27,619048
110116061612	26,666667
110116061712	21,904762
110116061812	40,952381
110116061912	36,190476
110116062012	21,904762
110116062112	19,047619
110116062212	20,952381
110116062312	21,904762
110116062412	36,190476
110116062512	29,52381
110116062612	36,190476
110116062712	22,857143
110116062812	22,857143
110116062912	36,190476
110116063012	36,190476
110116063112	27,619048
110116063212	26,666667
110116063312	20,00
110116063412	27,619048
110116063512	32,380952
110116063612	23,809524
110116063712	21,904762
110116063812	31,428571
110116063912	24,761905
110116064012	24,761905
110116064112	28,571429
110116064212	34,285714
110116064312	29,52381
110116064412	26,666667
110116064512	31,428571
110116064612	23,809524
110116064712	34,285714
110116064812	20,952381
110116064912	30,47619
110116065012	35,238095
110116065112	30,47619
110116065212	27,619048
110116065312	26,666667
110116065412	20,00
110116065512	40,00
110116065612	29,52381
110116065712	24,761905
110116065812	24,761905
110116065912	31,428571
110116070012	28,571429
110116070112	20,00
110116070212	31,428571
110116070312	32,380952
110116070412	28,571429
110116070512	28,571429
110116070612	24,761905
110116070712	27,619048
110116070812	25,714286
110116070912	35,238095
110116071012	26,666667
