441.217 83.218
442.031 83.218
442.846 83.218
443.660 83.218
444.475 83.218
445.289 83.218
446.104 83.218
446.918 83.218
447.733 83.218
448.547 83.218
449.361 83.218
450.176 83.218
450.990 83.218
451.805 83.218
452.619 83.218
453.434 83.218
454.248 83.218
455.063 83.218
455.877 83.218
456.692 83.218
457.506 83.218
458.320 83.218
459.135 83.218
459.949 83.218
460.764 83.218
461.578 83.218
462.393 83.218
463.207 83.218
464.022 83.218
464.836 83.218
465.651 83.218
466.465 83.218
467.279 83.218
468.094 83.218
468.908 83.218
469.723 83.218
470.537 83.218
471.352 83.218
472.166 83.218
472.981 83.219
473.795 83.220
474.609 83.221
475.424 83.222
476.238 83.225
477.053 83.230
477.867 83.237
478.682 83.247
479.496 83.263
480.311 83.286
481.125 83.320
481.940 83.371
482.754 83.444
483.568 83.550
484.383 83.700
485.197 83.911
486.012 84.205
486.826 84.611
487.641 85.165
488.455 85.915
489.270 86.920
490.084 88.252
490.898 90.000
491.713 92.271
492.527 95.190
493.342 98.905
494.156 103.581
494.971 109.408
495.785 116.590
496.600 125.350
497.414 135.917
498.229 148.526
499.043 163.404
499.857 180.761
500.672 200.780
501.486 223.600
502.301 249.302
503.115 277.907
503.930 309.365
504.744 343.592
505.559 380.557
506.373 420.506
507.187 464.448
508.002 515.100
508.816 578.675
509.631 668.392
510.445 811.617
511.260 1062.844
512.074 1519.168
512.889 2317.651
513.703 3576.320
514.518 5265.153
515.332 7086.436
516.146 8519.196
516.961 9084.628
517.775 8647.968
518.590 7481.377
519.404 6039.677
520.219 4680.299
521.033 3553.256
521.848 2663.789
522.662 1973.147
523.476 1448.385
524.291 1064.990
525.105 797.854
525.920 618.970
526.734 501.108
527.549 421.913
528.363 365.589
529.178 322.342
529.992 286.766
530.807 256.176
531.621 229.344
532.435 205.725
533.250 185.039
534.064 167.085
534.879 151.664
535.693 138.564
536.508 127.558
537.322 118.413
538.137 110.895
538.951 104.783
539.765 99.865
540.580 95.950
541.394 92.865
542.209 90.461
543.023 88.605
543.838 87.188
544.652 86.117
545.467 85.315
546.281 84.721
547.096 84.285
547.910 83.969
548.724 83.741
549.539 83.579
550.353 83.465
551.168 83.385
551.982 83.330
552.797 83.293
553.611 83.267
554.426 83.250
555.240 83.239
556.055 83.231
556.869 83.226
557.683 83.223
558.498 83.221
559.312 83.220
560.127 83.219
560.941 83.218
561.756 83.218
562.570 83.218
563.385 83.218
564.199 83.218
565.013 83.218
565.828 83.218
566.642 83.218
567.457 83.218
568.271 83.218
569.086 83.218
569.900 83.218
570.715 83.218
571.529 83.218
572.344 83.218
573.158 83.218
573.972 83.218
574.787 83.218
575.601 83.218
576.416 83.218
