483.737 9.887
484.585 9.936
485.434 9.997
486.282 10.071
487.130 10.160
487.979 10.267
488.827 10.396
489.676 10.549
490.524 10.731
491.372 10.945
492.221 11.197
493.069 11.492
493.917 11.835
494.766 12.232
495.614 12.690
496.463 13.215
497.311 13.817
498.159 14.504
499.008 15.287
499.856 16.183
500.704 17.211
501.553 18.398
502.401 19.786
503.250 21.432
504.098 23.415
504.946 25.848
505.795 28.879
506.643 32.701
507.491 37.555
508.340 43.729
509.188 51.549
510.036 61.369
510.885 73.577
511.733 88.656
512.582 107.417
513.430 131.600
514.278 165.014
515.127 215.142
515.975 294.339
516.823 418.712
517.672 602.438
518.520 847.233
519.369 1131.175
520.217 1405.272
521.065 1604.963
521.914 1674.946
522.762 1594.673
523.610 1388.504
524.459 1113.685
525.307 834.228
526.156 596.892
527.004 421.132
527.852 303.593
528.701 229.531
529.549 183.008
530.397 152.097
531.246 129.703
532.094 112.259
532.942 98.147
533.791 86.606
534.639 77.177
535.488 69.488
536.336 63.202
537.184 58.012
538.033 53.655
538.881 49.914
539.729 46.622
540.578 43.656
541.426 40.930
542.275 38.386
543.123 35.991
543.971 33.724
544.820 31.577
545.668 29.546
546.516 27.630
547.365 25.831
548.213 24.151
549.062 22.589
549.910 21.145
550.758 19.818
551.607 18.606
552.455 17.504
553.303 16.507
554.152 15.612
555.000 14.811
555.848 14.099
556.697 13.469
557.545 12.915
558.394 12.430
559.242 12.007
560.090 11.641
560.939 11.326
561.787 11.055
562.635 10.824
563.484 10.628
564.332 10.462
565.181 10.323
566.029 10.206
566.877 10.109
567.726 10.029
