420.876 406.317
421.843 406.317
422.810 406.317
423.777 406.317
424.745 406.317
425.712 406.317
426.679 406.317
427.646 406.317
428.613 406.317
429.580 406.317
430.548 406.317
431.515 406.317
432.482 406.317
433.449 406.317
434.416 406.317
435.383 406.317
436.351 406.317
437.318 406.317
438.285 406.317
439.252 406.317
440.219 406.317
441.186 406.317
442.154 406.317
443.121 406.317
444.088 406.317
445.055 406.317
446.022 406.317
446.989 406.317
447.956 406.317
448.924 406.317
449.891 406.317
450.858 406.317
451.825 406.317
452.792 406.317
453.759 406.317
454.727 406.317
455.694 406.317
456.661 406.317
457.628 406.317
458.595 406.317
459.562 406.317
460.530 406.317
461.497 406.317
462.464 406.317
463.431 406.317
464.398 406.317
465.365 406.317
466.332 406.317
467.300 406.317
468.267 406.317
469.234 406.317
470.201 406.317
471.168 406.317
472.135 406.317
473.103 406.317
474.070 406.317
475.037 406.317
476.004 406.317
476.971 406.317
477.938 406.317
478.906 406.317
479.873 406.317
480.840 406.317
481.807 406.317
482.774 406.317
483.741 406.318
484.709 406.318
485.676 406.319
486.643 406.320
487.610 406.325
488.577 406.335
489.544 406.357
490.511 406.405
491.479 406.506
492.446 406.714
493.413 407.127
494.380 407.925
495.347 409.428
496.314 412.173
497.282 417.047
498.249 425.455
499.216 439.545
500.183 462.492
501.150 498.846
502.117 554.987
503.085 639.824
504.052 765.898
505.019 950.451
505.986 1213.703
506.953 1567.770
507.920 1992.785
508.887 2424.025
509.855 2817.661
510.822 3339.574
511.789 4542.649
512.756 7214.915
513.723 11775.414
514.690 17662.009
515.658 23378.966
516.625 27280.027
517.592 28427.338
518.559 26890.965
519.526 23465.291
520.493 19180.040
521.461 14918.107
522.428 11234.431
523.395 8344.932
524.362 6218.249
525.329 4699.547
526.296 3611.991
527.264 2812.304
528.231 2205.184
529.198 1734.635
530.165 1368.887
531.132 1088.105
532.099 877.280
533.066 723.241
534.034 613.966
535.001 538.755
535.968 488.535
536.935 455.996
537.902 435.534
538.869 423.042
539.837 415.635
540.804 411.370
541.771 408.984
542.738 407.687
543.705 407.002
544.672 406.651
545.640 406.475
546.607 406.390
547.574 406.350
548.541 406.332
549.508 406.323
550.475 406.320
551.442 406.318
552.410 406.318
553.377 406.318
554.344 406.317
555.311 406.317
556.278 406.317
557.245 406.317
558.213 406.317
559.180 406.317
560.147 406.317
561.114 406.317
562.081 406.317
563.048 406.317
564.016 406.317
564.983 406.317
565.950 406.317
566.917 406.317
567.884 406.317
568.851 406.317
569.819 406.317
570.786 406.317
571.753 406.317
572.720 406.317
573.687 406.317
574.654 406.317
575.621 406.317
576.589 406.317
577.556 406.317
578.523 406.317
579.490 406.317
580.457 406.317
581.424 406.317
