449.693 294.184
450.375 294.184
451.057 294.184
451.739 294.184
452.421 294.184
453.103 294.184
453.786 294.184
454.468 294.184
455.150 294.184
455.832 294.184
456.514 294.184
457.196 294.184
457.878 294.184
458.560 294.184
459.242 294.184
459.924 294.184
460.607 294.184
461.289 294.184
461.971 294.184
462.653 294.184
463.335 294.184
464.017 294.184
464.699 294.184
465.381 294.184
466.063 294.184
466.745 294.184
467.428 294.184
468.110 294.184
468.792 294.184
469.474 294.184
470.156 294.184
470.838 294.184
471.520 294.184
472.202 294.184
472.884 294.184
473.566 294.184
474.248 294.184
474.931 294.184
475.613 294.184
476.295 294.184
476.977 294.184
477.659 294.184
478.341 294.184
479.023 294.184
479.705 294.184
480.387 294.184
481.069 294.184
481.752 294.184
482.434 294.184
483.116 294.184
483.798 294.184
484.480 294.184
485.162 294.184
485.844 294.184
486.526 294.184
487.208 294.184
487.890 294.184
488.572 294.185
489.255 294.186
489.937 294.189
490.619 294.194
491.301 294.205
491.983 294.227
492.665 294.270
493.347 294.355
494.029 294.514
494.711 294.811
495.393 295.350
496.076 296.306
496.758 297.964
497.440 300.770
498.122 305.400
498.804 312.837
499.486 324.446
500.168 342.027
500.850 367.798
501.532 404.271
502.214 453.972
502.897 518.973
503.579 600.284
504.261 697.208
504.943 806.914
505.625 924.541
506.307 1044.206
506.989 1161.150
507.671 1275.037
508.353 1394.078
509.035 1539.533
509.717 1750.260
510.400 2087.387
511.082 2638.696
511.764 3519.415
512.446 4860.418
513.128 6770.967
513.810 9270.869
514.492 12212.425
515.174 15243.359
515.856 17865.223
516.538 19593.256
517.221 20145.972
517.903 19552.497
518.585 18110.704
519.267 16229.627
519.949 14260.515
520.631 12407.077
521.313 10733.256
521.995 9224.877
522.677 7850.267
523.359 6591.690
524.041 5449.326
524.724 4432.378
525.406 3549.470
526.088 2803.268
526.770 2189.260
527.452 1696.960
528.134 1311.980
528.816 1018.105
529.498 798.977
530.180 639.289
530.862 525.508
531.545 446.214
532.227 392.152
532.909 356.084
533.591 332.533
534.273 317.479
534.955 308.059
535.637 302.287
536.319 298.824
537.001 296.789
537.683 295.618
538.365 294.958
539.048 294.594
539.730 294.397
540.412 294.292
541.094 294.238
541.776 294.210
542.458 294.197
543.140 294.190
543.822 294.187
544.504 294.185
545.186 294.185
545.869 294.184
546.551 294.184
547.233 294.184
547.915 294.184
548.597 294.184
549.279 294.184
549.961 294.184
550.643 294.184
551.325 294.184
552.007 294.184
552.690 294.184
553.372 294.184
554.054 294.184
554.736 294.184
555.418 294.184
556.100 294.184
556.782 294.184
557.464 294.184
558.146 294.184
558.828 294.184
559.510 294.184
560.193 294.184
560.875 294.184
561.557 294.184
562.239 294.184
562.921 294.184
