434.437 364.075
435.272 364.075
436.107 364.075
436.941 364.075
437.776 364.075
438.611 364.075
439.446 364.075
440.281 364.075
441.115 364.075
441.950 364.075
442.785 364.075
443.620 364.075
444.455 364.075
445.290 364.075
446.124 364.075
446.959 364.075
447.794 364.075
448.629 364.075
449.464 364.075
450.298 364.075
451.133 364.075
451.968 364.075
452.803 364.075
453.638 364.075
454.472 364.075
455.307 364.075
456.142 364.075
456.977 364.075
457.812 364.075
458.647 364.076
459.481 364.076
460.316 364.077
461.151 364.079
461.986 364.081
462.821 364.084
463.655 364.089
464.490 364.096
465.325 364.106
466.160 364.120
466.995 364.140
467.829 364.169
468.664 364.210
469.499 364.267
470.334 364.347
471.169 364.458
472.003 364.609
472.838 364.817
473.673 365.098
474.508 365.477
475.343 365.985
476.178 366.659
477.012 367.550
477.847 368.718
478.682 370.239
479.517 372.206
480.352 374.733
481.186 377.957
482.021 382.042
482.856 387.182
483.691 393.605
484.526 401.573
485.360 411.390
486.195 423.399
487.030 437.985
487.865 455.575
488.700 476.634
489.535 501.664
490.369 531.194
491.204 565.777
492.039 605.976
492.874 652.350
493.709 705.439
494.543 765.747
495.378 833.718
496.213 909.715
497.048 994.000
497.883 1086.710
498.717 1187.840
499.552 1297.236
500.387 1414.612
501.222 1539.601
502.057 1671.905
502.891 1811.603
503.726 1959.848
504.561 2120.349
505.396 2302.490
506.231 2527.444
507.066 2838.786
507.900 3317.731
508.735 4098.513
509.570 5371.648
510.405 7355.881
511.240 10223.287
512.074 13985.158
512.909 18384.682
513.744 22870.049
514.579 26703.948
515.414 29193.475
516.248 29938.838
517.083 28968.539
517.918 26688.402
518.753 23683.580
519.588 20492.831
520.423 17467.892
521.257 14756.441
522.092 12370.247
522.927 10271.013
523.762 8426.367
524.597 6825.712
525.431 5470.762
526.266 4360.247
527.101 3480.594
527.936 2805.026
528.771 2298.240
529.605 1922.723
530.440 1643.988
531.275 1433.602
532.110 1270.113
532.945 1138.503
533.779 1028.919
534.614 935.228
535.449 853.751
536.284 782.298
537.119 719.511
537.954 664.465
538.788 616.433
539.623 574.779
540.458 538.903
541.293 508.222
542.128 482.176
542.962 460.224
543.797 441.857
544.632 426.600
545.467 414.018
546.302 403.715
547.136 395.338
547.971 388.576
548.806 383.154
549.641 378.839
550.476 375.427
551.311 372.748
552.145 370.659
552.980 369.042
553.815 367.798
554.650 366.848
555.485 366.128
556.319 365.585
557.154 365.178
557.989 364.876
558.824 364.653
559.659 364.489
560.493 364.370
561.328 364.284
562.163 364.222
562.998 364.177
563.833 364.146
564.667 364.124
565.502 364.108
566.337 364.098
567.172 364.090
568.007 364.085
568.842 364.082
569.676 364.079
570.511 364.078
571.346 364.077
572.181 364.076
573.016 364.075
