432.742 375.001
433.587 375.001
434.432 375.001
435.277 375.001
436.122 375.001
436.967 375.001
437.812 375.001
438.657 375.001
439.502 375.001
440.347 375.001
441.192 375.001
442.037 375.001
442.882 375.001
443.727 375.001
444.572 375.001
445.417 375.001
446.262 375.001
447.107 375.001
447.952 375.001
448.797 375.001
449.642 375.001
450.487 375.001
451.332 375.001
452.177 375.001
453.022 375.001
453.867 375.001
454.712 375.001
455.557 375.001
456.402 375.001
457.247 375.001
458.092 375.001
458.937 375.001
459.782 375.001
460.627 375.001
461.472 375.001
462.317 375.001
463.162 375.001
464.007 375.001
464.852 375.001
465.697 375.001
466.542 375.001
467.387 375.001
468.232 375.001
469.077 375.001
469.922 375.001
470.767 375.001
471.612 375.001
472.457 375.001
473.302 375.002
474.147 375.002
474.992 375.003
475.837 375.004
476.682 375.005
477.527 375.009
478.372 375.014
479.216 375.023
480.062 375.038
480.906 375.062
481.751 375.100
482.596 375.161
483.441 375.257
484.286 375.406
485.131 375.633
485.976 375.977
486.821 376.490
487.666 377.246
488.511 378.346
489.356 379.926
490.201 382.167
491.046 385.305
491.891 389.642
492.736 395.560
493.581 403.531
494.426 414.126
495.271 428.024
496.116 446.013
496.961 468.984
497.806 497.923
498.651 533.878
499.496 577.934
500.341 631.156
501.186 694.533
502.031 768.911
502.876 854.924
503.721 952.943
504.566 1063.078
505.411 1185.320
506.256 1320.065
507.101 1469.632
507.946 1642.205
508.791 1860.767
509.636 2179.601
510.481 2706.480
511.326 3616.101
512.171 5124.106
513.016 7391.386
513.861 10370.649
514.706 13683.458
515.551 16656.468
516.396 18569.428
517.241 18996.101
518.086 18007.053
518.931 16087.166
519.776 13841.960
520.621 11714.259
521.466 9879.069
522.311 8315.192
523.156 6938.493
524.001 5693.112
524.846 4572.484
525.691 3597.659
526.536 2789.125
527.381 2151.048
528.226 1669.496
529.071 1318.613
529.916 1068.546
530.761 891.551
531.606 765.202
532.451 673.136
533.296 604.295
534.141 551.587
534.986 510.566
535.831 478.397
536.676 453.171
537.521 433.501
538.366 418.302
539.211 406.688
540.056 397.921
540.901 391.385
541.746 386.576
542.591 383.082
543.436 380.577
544.281 378.803
545.126 377.563
545.971 376.707
546.816 376.123
547.661 375.731
548.506 375.470
549.351 375.299
550.196 375.188
551.041 375.117
551.886 375.072
552.731 375.044
553.576 375.027
554.421 375.016
555.266 375.010
556.111 375.006
556.956 375.004
557.801 375.003
558.646 375.002
559.491 375.002
560.336 375.001
561.181 375.001
562.026 375.001
562.871 375.001
563.716 375.001
564.561 375.001
565.406 375.001
566.251 375.001
567.096 375.001
567.941 375.001
568.786 375.001
569.631 375.001
570.476 375.001
571.321 375.001
572.166 375.001
573.010 375.001
