8200000000.0000	  -0.3027	  -0.3343	   0.0865	  -0.8741	   0.0850	  -0.8749	  -0.3463	   0.2918
8221000000.0000	  -0.3015	  -0.3338	   0.0813	  -0.8760	   0.0801	  -0.8734	  -0.3418	   0.2945
8242000000.0000	  -0.3011	  -0.3328	   0.0760	  -0.8762	   0.0736	  -0.8760	  -0.3382	   0.2983
8263000000.0000	  -0.3010	  -0.3317	   0.0702	  -0.8768	   0.0686	  -0.8765	  -0.3330	   0.3019
8284000000.0000	  -0.3007	  -0.3316	   0.0646	  -0.8781	   0.0629	  -0.8752	  -0.3280	   0.3052
8305000000.0000	  -0.3004	  -0.3307	   0.0600	  -0.8766	   0.0577	  -0.8758	  -0.3241	   0.3091
8326000000.0000	  -0.3008	  -0.3300	   0.0558	  -0.8772	   0.0530	  -0.8787	  -0.3211	   0.3126
8347000000.0000	  -0.3001	  -0.3296	   0.0493	  -0.8801	   0.0469	  -0.8792	  -0.3161	   0.3153
8368000000.0000	  -0.2999	  -0.3285	   0.0436	  -0.8811	   0.0417	  -0.8799	  -0.3129	   0.3193
8389000000.0000	  -0.2990	  -0.3277	   0.0369	  -0.8811	   0.0359	  -0.8817	  -0.3075	   0.3222
8410000000.0000	  -0.2982	  -0.3266	   0.0317	  -0.8823	   0.0305	  -0.8799	  -0.3022	   0.3251
8431000000.0000	  -0.2981	  -0.3266	   0.0279	  -0.8822	   0.0253	  -0.8795	  -0.2987	   0.3290
8452000000.0000	  -0.2995	  -0.3255	   0.0224	  -0.8837	   0.0201	  -0.8816	  -0.2948	   0.3312
8473000000.0000	  -0.2989	  -0.3242	   0.0161	  -0.8853	   0.0150	  -0.8824	  -0.2905	   0.3341
8494000000.0000	  -0.2986	  -0.3232	   0.0103	  -0.8838	   0.0095	  -0.8836	  -0.2861	   0.3367
8515000000.0000	  -0.2977	  -0.3235	   0.0036	  -0.8846	   0.0036	  -0.8825	  -0.2821	   0.3396
8536000000.0000	  -0.2981	  -0.3234	  -0.0010	  -0.8848	  -0.0022	  -0.8847	  -0.2763	   0.3416
8557000000.0000	  -0.2980	  -0.3227	  -0.0059	  -0.8831	  -0.0082	  -0.8827	  -0.2725	   0.3452
8578000000.0000	  -0.2980	  -0.3221	  -0.0120	  -0.8853	  -0.0132	  -0.8827	  -0.2682	   0.3478
8599000000.0000	  -0.2973	  -0.3211	  -0.0180	  -0.8878	  -0.0191	  -0.8852	  -0.2641	   0.3503
8620000000.0000	  -0.2970	  -0.3206	  -0.0242	  -0.8873	  -0.0240	  -0.8842	  -0.2592	   0.3524
8641000000.0000	  -0.2962	  -0.3200	  -0.0298	  -0.8860	  -0.0292	  -0.8849	  -0.2548	   0.3548
8662000000.0000	  -0.2964	  -0.3200	  -0.0343	  -0.8854	  -0.0361	  -0.8853	  -0.2502	   0.3573
8683000000.0000	  -0.2979	  -0.3201	  -0.0392	  -0.8844	  -0.0405	  -0.8847	  -0.2458	   0.3599
8704000000.0000	  -0.2972	  -0.3189	  -0.0447	  -0.8843	  -0.0461	  -0.8849	  -0.2422	   0.3619
8725000000.0000	  -0.2969	  -0.3182	  -0.0510	  -0.8850	  -0.0516	  -0.8849	  -0.2379	   0.3645
8746000000.0000	  -0.2967	  -0.3175	  -0.0565	  -0.8853	  -0.0570	  -0.8848	  -0.2337	   0.3665
8767000000.0000	  -0.2970	  -0.3176	  -0.0623	  -0.8841	  -0.0628	  -0.8854	  -0.2286	   0.3674
8788000000.0000	  -0.2967	  -0.3172	  -0.0680	  -0.8849	  -0.0681	  -0.8851	  -0.2245	   0.3704
8809000000.0000	  -0.2976	  -0.3171	  -0.0723	  -0.8846	  -0.0728	  -0.8837	  -0.2202	   0.3732
8830000000.0000	  -0.2974	  -0.3162	  -0.0779	  -0.8845	  -0.0781	  -0.8832	  -0.2158	   0.3749
8851000000.0000	  -0.2979	  -0.3159	  -0.0831	  -0.8856	  -0.0840	  -0.8841	  -0.2120	   0.3773
8872000000.0000	  -0.2977	  -0.3146	  -0.0895	  -0.8842	  -0.0894	  -0.8841	  -0.2079	   0.3793
8893000000.0000	  -0.2974	  -0.3143	  -0.0952	  -0.8834	  -0.0955	  -0.8819	  -0.2035	   0.3799
8914000000.0000	  -0.2973	  -0.3139	  -0.1003	  -0.8810	  -0.1010	  -0.8808	  -0.1990	   0.3821
8935000000.0000	  -0.2981	  -0.3142	  -0.1049	  -0.8818	  -0.1060	  -0.8812	  -0.1949	   0.3842
8956000000.0000	  -0.2988	  -0.3140	  -0.1104	  -0.8815	  -0.1118	  -0.8814	  -0.1906	   0.3865
8977000000.0000	  -0.2989	  -0.3130	  -0.1160	  -0.8817	  -0.1157	  -0.8797	  -0.1870	   0.3888
8998000000.0000	  -0.2984	  -0.3124	  -0.1214	  -0.8796	  -0.1215	  -0.8796	  -0.1827	   0.3903
9019000000.0000	  -0.2975	  -0.3124	  -0.1269	  -0.8779	  -0.1275	  -0.8795	  -0.1775	   0.3911
9040000000.0000	  -0.2986	  -0.3123	  -0.1326	  -0.8780	  -0.1335	  -0.8788	  -0.1726	   0.3918
9061000000.0000	  -0.2990	  -0.3115	  -0.1374	  -0.8791	  -0.1384	  -0.8779	  -0.1687	   0.3937
9082000000.0000	  -0.2995	  -0.3104	  -0.1428	  -0.8774	  -0.1433	  -0.8774	  -0.1653	   0.3960
9103000000.0000	  -0.3003	  -0.3104	  -0.1472	  -0.8776	  -0.1486	  -0.8761	  -0.1610	   0.3971
9124000000.0000	  -0.3007	  -0.3094	  -0.1533	  -0.8765	  -0.1541	  -0.8751	  -0.1572	   0.3988
9145000000.0000	  -0.3007	  -0.3097	  -0.1588	  -0.8739	  -0.1597	  -0.8754	  -0.1529	   0.4012
9166000000.0000	  -0.3014	  -0.3092	  -0.1642	  -0.8731	  -0.1641	  -0.8738	  -0.1480	   0.4012
9187000000.0000	  -0.3013	  -0.3088	  -0.1687	  -0.8714	  -0.1704	  -0.8755	  -0.1429	   0.4022
9208000000.0000	  -0.3007	  -0.3087	  -0.1743	  -0.8712	  -0.1751	  -0.8721	  -0.1386	   0.4037
9229000000.0000	  -0.3017	  -0.3082	  -0.1795	  -0.8705	  -0.1803	  -0.8692	  -0.1348	   0.4057
9250000000.0000	  -0.3021	  -0.3076	  -0.1842	  -0.8698	  -0.1857	  -0.8679	  -0.1309	   0.4068
9271000000.0000	  -0.3024	  -0.3072	  -0.1903	  -0.8697	  -0.1910	  -0.8690	  -0.1275	   0.4086
9292000000.0000	  -0.3022	  -0.3067	  -0.1956	  -0.8683	  -0.1971	  -0.8683	  -0.1233	   0.4101
9313000000.0000	  -0.3026	  -0.3064	  -0.2010	  -0.8658	  -0.2004	  -0.8655	  -0.1185	   0.4108
9334000000.0000	  -0.3031	  -0.3065	  -0.2056	  -0.8645	  -0.2067	  -0.8641	  -0.1136	   0.4104
9355000000.0000	  -0.3034	  -0.3065	  -0.2094	  -0.8632	  -0.2113	  -0.8641	  -0.1097	   0.4130
9376000000.0000	  -0.3039	  -0.3054	  -0.2153	  -0.8626	  -0.2172	  -0.8638	  -0.1060	   0.4138
9397000000.0000	  -0.3039	  -0.3050	  -0.2217	  -0.8625	  -0.2227	  -0.8617	  -0.1018	   0.4145
9418000000.0000	  -0.3043	  -0.3045	  -0.2261	  -0.8606	  -0.2273	  -0.8594	  -0.0981	   0.4159
9439000000.0000	  -0.3040	  -0.3037	  -0.2320	  -0.8609	  -0.2323	  -0.8588	  -0.0934	   0.4172
9460000000.0000	  -0.3051	  -0.3036	  -0.2353	  -0.8572	  -0.2365	  -0.8563	  -0.0880	   0.4180
9481000000.0000	  -0.3050	  -0.3029	  -0.2413	  -0.8573	  -0.2411	  -0.8570	  -0.0842	   0.4193
9502000000.0000	  -0.3059	  -0.3024	  -0.2457	  -0.8560	  -0.2477	  -0.8558	  -0.0798	   0.4194
9523000000.0000	  -0.3069	  -0.3028	  -0.2508	  -0.8543	  -0.2531	  -0.8532	  -0.0760	   0.4215
9544000000.0000	  -0.3072	  -0.3016	  -0.2568	  -0.8533	  -0.2591	  -0.8520	  -0.0729	   0.4217
9565000000.0000	  -0.3074	  -0.3009	  -0.2622	  -0.8512	  -0.2639	  -0.8510	  -0.0690	   0.4227
9586000000.0000	  -0.3069	  -0.3002	  -0.2665	  -0.8477	  -0.2681	  -0.8497	  -0.0640	   0.4236
9607000000.0000	  -0.3072	  -0.2997	  -0.2723	  -0.8494	  -0.2734	  -0.8482	  -0.0585	   0.4233
9628000000.0000	  -0.3074	  -0.2997	  -0.2750	  -0.8446	  -0.2775	  -0.8456	  -0.0545	   0.4251
9649000000.0000	  -0.3084	  -0.3001	  -0.2794	  -0.8452	  -0.2835	  -0.8464	  -0.0495	   0.4255
9670000000.0000	  -0.3090	  -0.2998	  -0.2855	  -0.8435	  -0.2898	  -0.8439	  -0.0458	   0.4258
9691000000.0000	  -0.3096	  -0.2987	  -0.2912	  -0.8431	  -0.2942	  -0.8408	  -0.0417	   0.4268
9712000000.0000	  -0.3102	  -0.2982	  -0.2975	  -0.8415	  -0.2987	  -0.8390	  -0.0378	   0.4271
9733000000.0000	  -0.3109	  -0.2981	  -0.3014	  -0.8362	  -0.3032	  -0.8365	  -0.0328	   0.4288
9754000000.0000	  -0.3106	  -0.2980	  -0.3055	  -0.8359	  -0.3080	  -0.8342	  -0.0273	   0.4287
9775000000.0000	  -0.3101	  -0.2969	  -0.3101	  -0.8332	  -0.3128	  -0.8330	  -0.0220	   0.4295
9796000000.0000	  -0.3113	  -0.2973	  -0.3137	  -0.8313	  -0.3177	  -0.8325	  -0.0176	   0.4299
9817000000.0000	  -0.3125	  -0.2967	  -0.3212	  -0.8312	  -0.3245	  -0.8295	  -0.0127	   0.4298
9838000000.0000	  -0.3134	  -0.2962	  -0.3270	  -0.8288	  -0.3298	  -0.8278	  -0.0091	   0.4302
9859000000.0000	  -0.3141	  -0.2958	  -0.3318	  -0.8259	  -0.3348	  -0.8250	  -0.0054	   0.4304
9880000000.0000	  -0.3147	  -0.2953	  -0.3361	  -0.8233	  -0.3394	  -0.8224	  -0.0010	   0.4316
9901000000.0000	  -0.3152	  -0.2950	  -0.3398	  -0.8223	  -0.3427	  -0.8204	   0.0038	   0.4322
9922000000.0000	  -0.3156	  -0.2948	  -0.3442	  -0.8204	  -0.3479	  -0.8181	   0.0090	   0.4318
9943000000.0000	  -0.3162	  -0.2945	  -0.3496	  -0.8205	  -0.3525	  -0.8172	   0.0135	   0.4318
9964000000.0000	  -0.3165	  -0.2945	  -0.3554	  -0.8179	  -0.3578	  -0.8153	   0.0176	   0.4313
9985000000.0000	  -0.3169	  -0.2936	  -0.3603	  -0.8146	  -0.3634	  -0.8130	   0.0217	   0.4312
10006000000.0000	  -0.3176	  -0.2928	  -0.3640	  -0.8121	  -0.3680	  -0.8101	   0.0261	   0.4312
10027000000.0000	  -0.3183	  -0.2928	  -0.3671	  -0.8109	  -0.3714	  -0.8077	   0.0306	   0.4310
10048000000.0000	  -0.3189	  -0.2923	  -0.3722	  -0.8098	  -0.3760	  -0.8054	   0.0361	   0.4311
10069000000.0000	  -0.3197	  -0.2917	  -0.3777	  -0.8089	  -0.3805	  -0.8038	   0.0416	   0.4311
10090000000.0000	  -0.3202	  -0.2915	  -0.3843	  -0.8055	  -0.3860	  -0.8018	   0.0463	   0.4300
10111000000.0000	  -0.3211	  -0.2912	  -0.3890	  -0.8022	  -0.3907	  -0.7997	   0.0503	   0.4294
10132000000.0000	  -0.3219	  -0.2903	  -0.3927	  -0.7998	  -0.3957	  -0.7968	   0.0540	   0.4291
10153000000.0000	  -0.3222	  -0.2903	  -0.3961	  -0.7977	  -0.4010	  -0.7937	   0.0577	   0.4289
10174000000.0000	  -0.3233	  -0.2902	  -0.4013	  -0.7970	  -0.4045	  -0.7914	   0.0621	   0.4289
10195000000.0000	  -0.3240	  -0.2895	  -0.4064	  -0.7944	  -0.4090	  -0.7887	   0.0673	   0.4281
10216000000.0000	  -0.3246	  -0.2891	  -0.4116	  -0.7903	  -0.4133	  -0.7862	   0.0725	   0.4269
10237000000.0000	  -0.3248	  -0.2895	  -0.4161	  -0.7869	  -0.4182	  -0.7848	   0.0772	   0.4256
10258000000.0000	  -0.3254	  -0.2886	  -0.4199	  -0.7855	  -0.4221	  -0.7822	   0.0820	   0.4248
10279000000.0000	  -0.3262	  -0.2888	  -0.4238	  -0.7831	  -0.4276	  -0.7794	   0.0864	   0.4246
10300000000.0000	  -0.3267	  -0.2880	  -0.4279	  -0.7814	  -0.4310	  -0.7765	   0.0905	   0.4243
10321000000.0000	  -0.3274	  -0.2869	  -0.4332	  -0.7795	  -0.4350	  -0.7742	   0.0948	   0.4238
10342000000.0000	  -0.3281	  -0.2860	  -0.4387	  -0.7774	  -0.4392	  -0.7719	   0.0997	   0.4228
10363000000.0000	  -0.3285	  -0.2850	  -0.4440	  -0.7735	  -0.4443	  -0.7684	   0.1040	   0.4215
10384000000.0000	  -0.3285	  -0.2848	  -0.4478	  -0.7697	  -0.4477	  -0.7658	   0.1082	   0.4202
10405000000.0000	  -0.3287	  -0.2849	  -0.4501	  -0.7673	  -0.4522	  -0.7632	   0.1122	   0.4190
10426000000.0000	  -0.3297	  -0.2849	  -0.4534	  -0.7666	  -0.4568	  -0.7618	   0.1165	   0.4179
10447000000.0000	  -0.3306	  -0.2840	  -0.4588	  -0.7648	  -0.4611	  -0.7599	   0.1201	   0.4171
10468000000.0000	  -0.3303	  -0.2831	  -0.4650	  -0.7628	  -0.4667	  -0.7563	   0.1242	   0.4151
10489000000.0000	  -0.3312	  -0.2819	  -0.4710	  -0.7584	  -0.4706	  -0.7521	   0.1279	   0.4134
10510000000.0000	  -0.3312	  -0.2812	  -0.4752	  -0.7539	  -0.4752	  -0.7483	   0.1324	   0.4124
10531000000.0000	  -0.3311	  -0.2807	  -0.4764	  -0.7516	  -0.4774	  -0.7459	   0.1371	   0.4111
10552000000.0000	  -0.3326	  -0.2806	  -0.4801	  -0.7496	  -0.4814	  -0.7439	   0.1413	   0.4092
10573000000.0000	  -0.3335	  -0.2793	  -0.4859	  -0.7475	  -0.4871	  -0.7429	   0.1454	   0.4087
10594000000.0000	  -0.3338	  -0.2793	  -0.4922	  -0.7447	  -0.4913	  -0.7394	   0.1504	   0.4063
10615000000.0000	  -0.3331	  -0.2789	  -0.4967	  -0.7416	  -0.4960	  -0.7364	   0.1533	   0.4042
10636000000.0000	  -0.3335	  -0.2782	  -0.5003	  -0.7366	  -0.5004	  -0.7316	   0.1576	   0.4033
10657000000.0000	  -0.3332	  -0.2776	  -0.5026	  -0.7325	  -0.5032	  -0.7274	   0.1618	   0.4015
10678000000.0000	  -0.3340	  -0.2776	  -0.5067	  -0.7298	  -0.5062	  -0.7260	   0.1655	   0.4002
10699000000.0000	  -0.3358	  -0.2773	  -0.5100	  -0.7287	  -0.5104	  -0.7235	   0.1697	   0.3996
10720000000.0000	  -0.3353	  -0.2762	  -0.5142	  -0.7278	  -0.5139	  -0.7213	   0.1731	   0.3972
10741000000.0000	  -0.3375	  -0.2756	  -0.5205	  -0.7242	  -0.5186	  -0.7195	   0.1767	   0.3960
10762000000.0000	  -0.3371	  -0.2755	  -0.5244	  -0.7200	  -0.5227	  -0.7163	   0.1802	   0.3946
10783000000.0000	  -0.3369	  -0.2750	  -0.5285	  -0.7168	  -0.5281	  -0.7120	   0.1843	   0.3921
10804000000.0000	  -0.3371	  -0.2744	  -0.5310	  -0.7127	  -0.5304	  -0.7079	   0.1886	   0.3905
10825000000.0000	  -0.3377	  -0.2745	  -0.5341	  -0.7096	  -0.5337	  -0.7041	   0.1924	   0.3883
10846000000.0000	  -0.3398	  -0.2748	  -0.5382	  -0.7082	  -0.5382	  -0.7028	   0.1950	   0.3866
10867000000.0000	  -0.3408	  -0.2743	  -0.5427	  -0.7061	  -0.5409	  -0.7008	   0.1989	   0.3855
10888000000.0000	  -0.3410	  -0.2724	  -0.5484	  -0.7011	  -0.5453	  -0.6977	   0.2027	   0.3841
10909000000.0000	  -0.3403	  -0.2724	  -0.5528	  -0.6991	  -0.5482	  -0.6936	   0.2068	   0.3814
10930000000.0000	  -0.3402	  -0.2725	  -0.5539	  -0.6925	  -0.5527	  -0.6896	   0.2113	   0.3798
10951000000.0000	  -0.3404	  -0.2724	  -0.5578	  -0.6909	  -0.5573	  -0.6869	   0.2160	   0.3771
10972000000.0000	  -0.3411	  -0.2718	  -0.5621	  -0.6902	  -0.5597	  -0.6835	   0.2194	   0.3749
10993000000.0000	  -0.3417	  -0.2713	  -0.5651	  -0.6856	  -0.5638	  -0.6795	   0.2224	   0.3722
11014000000.0000	  -0.3424	  -0.2708	  -0.5699	  -0.6832	  -0.5680	  -0.6774	   0.2256	   0.3709
11035000000.0000	  -0.3437	  -0.2704	  -0.5736	  -0.6783	  -0.5720	  -0.6745	   0.2280	   0.3709
11056000000.0000	  -0.3433	  -0.2692	  -0.5773	  -0.6753	  -0.5753	  -0.6721	   0.2323	   0.3683
11077000000.0000	  -0.3440	  -0.2685	  -0.5823	  -0.6721	  -0.5789	  -0.6694	   0.2366	   0.3664
11098000000.0000	  -0.3445	  -0.2686	  -0.5848	  -0.6681	  -0.5828	  -0.6641	   0.2403	   0.3629
11119000000.0000	  -0.3448	  -0.2685	  -0.5893	  -0.6657	  -0.5848	  -0.6619	   0.2437	   0.3608
11140000000.0000	  -0.3456	  -0.2683	  -0.5908	  -0.6619	  -0.5906	  -0.6582	   0.2481	   0.3582
11161000000.0000	  -0.3470	  -0.2681	  -0.5955	  -0.6601	  -0.5927	  -0.6547	   0.2496	   0.3564
11182000000.0000	  -0.3477	  -0.2667	  -0.6003	  -0.6568	  -0.5958	  -0.6518	   0.2542	   0.3555
11203000000.0000	  -0.3477	  -0.2657	  -0.6039	  -0.6507	  -0.6011	  -0.6494	   0.2570	   0.3529
11224000000.0000	  -0.3483	  -0.2657	  -0.6068	  -0.6462	  -0.6043	  -0.6455	   0.2610	   0.3504
11245000000.0000	  -0.3481	  -0.2665	  -0.6101	  -0.6447	  -0.6070	  -0.6408	   0.2643	   0.3471
11266000000.0000	  -0.3495	  -0.2665	  -0.6118	  -0.6419	  -0.6099	  -0.6390	   0.2685	   0.3448
11287000000.0000	  -0.3496	  -0.2651	  -0.6158	  -0.6390	  -0.6145	  -0.6355	   0.2718	   0.3422
11308000000.0000	  -0.3513	  -0.2645	  -0.6197	  -0.6356	  -0.6175	  -0.6321	   0.2743	   0.3391
11329000000.0000	  -0.3514	  -0.2633	  -0.6249	  -0.6313	  -0.6204	  -0.6277	   0.2781	   0.3369
11350000000.0000	  -0.3509	  -0.2633	  -0.6266	  -0.6269	  -0.6248	  -0.6244	   0.2813	   0.3344
11371000000.0000	  -0.3522	  -0.2637	  -0.6304	  -0.6248	  -0.6288	  -0.6200	   0.2843	   0.3313
11392000000.0000	  -0.3531	  -0.2629	  -0.6343	  -0.6215	  -0.6312	  -0.6183	   0.2887	   0.3297
11413000000.0000	  -0.3545	  -0.2626	  -0.6364	  -0.6163	  -0.6343	  -0.6139	   0.2919	   0.3271
11434000000.0000	  -0.3534	  -0.2611	  -0.6416	  -0.6131	  -0.6380	  -0.6110	   0.2947	   0.3236
11455000000.0000	  -0.3542	  -0.2612	  -0.6443	  -0.6096	  -0.6400	  -0.6070	   0.2982	   0.3206
11476000000.0000	  -0.3536	  -0.2610	  -0.6480	  -0.6075	  -0.6443	  -0.6036	   0.3003	   0.3175
11497000000.0000	  -0.3551	  -0.2607	  -0.6513	  -0.6024	  -0.6481	  -0.5991	   0.3028	   0.3155
11518000000.0000	  -0.3553	  -0.2601	  -0.6549	  -0.5992	  -0.6504	  -0.5959	   0.3056	   0.3126
11539000000.0000	  -0.3561	  -0.2594	  -0.6583	  -0.5942	  -0.6533	  -0.5916	   0.3099	   0.3114
11560000000.0000	  -0.3563	  -0.2596	  -0.6593	  -0.5916	  -0.6568	  -0.5883	   0.3133	   0.3079
11581000000.0000	  -0.3576	  -0.2586	  -0.6641	  -0.5878	  -0.6625	  -0.5862	   0.3173	   0.3037
11602000000.0000	  -0.3571	  -0.2575	  -0.6691	  -0.5843	  -0.6635	  -0.5816	   0.3189	   0.3003
11623000000.0000	  -0.3575	  -0.2576	  -0.6707	  -0.5794	  -0.6661	  -0.5781	   0.3219	   0.2961
11644000000.0000	  -0.3587	  -0.2586	  -0.6740	  -0.5750	  -0.6694	  -0.5740	   0.3238	   0.2955
11665000000.0000	  -0.3601	  -0.2581	  -0.6757	  -0.5726	  -0.6724	  -0.5695	   0.3269	   0.2938
11686000000.0000	  -0.3616	  -0.2554	  -0.6794	  -0.5689	  -0.6756	  -0.5663	   0.3303	   0.2921
11707000000.0000	  -0.3619	  -0.2551	  -0.6823	  -0.5637	  -0.6791	  -0.5626	   0.3334	   0.2886
11728000000.0000	  -0.3617	  -0.2545	  -0.6865	  -0.5607	  -0.6829	  -0.5570	   0.3372	   0.2847
11749000000.0000	  -0.3622	  -0.2548	  -0.6892	  -0.5553	  -0.6851	  -0.5547	   0.3391	   0.2810
11770000000.0000	  -0.3625	  -0.2550	  -0.6920	  -0.5524	  -0.6877	  -0.5510	   0.3400	   0.2763
11791000000.0000	  -0.3638	  -0.2544	  -0.6939	  -0.5496	  -0.6910	  -0.5466	   0.3434	   0.2740
11812000000.0000	  -0.3642	  -0.2532	  -0.6978	  -0.5448	  -0.6928	  -0.5413	   0.3477	   0.2721
11833000000.0000	  -0.3642	  -0.2519	  -0.7001	  -0.5396	  -0.6965	  -0.5386	   0.3507	   0.2686
11854000000.0000	  -0.3647	  -0.2511	  -0.7040	  -0.5358	  -0.7009	  -0.5355	   0.3544	   0.2656
11875000000.0000	  -0.3647	  -0.2505	  -0.7065	  -0.5316	  -0.7010	  -0.5299	   0.3559	   0.2614
11896000000.0000	  -0.3660	  -0.2507	  -0.7077	  -0.5289	  -0.7047	  -0.5267	   0.3580	   0.2581
11917000000.0000	  -0.3671	  -0.2497	  -0.7105	  -0.5235	  -0.7090	  -0.5237	   0.3601	   0.2555
11938000000.0000	  -0.3681	  -0.2492	  -0.7126	  -0.5193	  -0.7097	  -0.5185	   0.3626	   0.2525
11959000000.0000	  -0.3697	  -0.2472	  -0.7158	  -0.5155	  -0.7124	  -0.5141	   0.3663	   0.2490
11980000000.0000	  -0.3702	  -0.2459	  -0.7175	  -0.5119	  -0.7130	  -0.5094	   0.3701	   0.2460
12001000000.0000	  -0.3704	  -0.2441	  -0.7196	  -0.5058	  -0.7154	  -0.5052	   0.3737	   0.2413
12022000000.0000	  -0.3680	  -0.2420	  -0.7198	  -0.5023	  -0.7169	  -0.5010	   0.3762	   0.2366
12043000000.0000	  -0.3666	  -0.2420	  -0.7194	  -0.5010	  -0.7186	  -0.4990	   0.3778	   0.2309
12064000000.0000	  -0.3636	  -0.2427	  -0.7225	  -0.4992	  -0.7209	  -0.4987	   0.3774	   0.2264
12085000000.0000	  -0.3631	  -0.2443	  -0.7256	  -0.4976	  -0.7246	  -0.4971	   0.3779	   0.2243
12106000000.0000	  -0.3642	  -0.2454	  -0.7313	  -0.4953	  -0.7284	  -0.4933	   0.3794	   0.2216
12127000000.0000	  -0.3647	  -0.2456	  -0.7350	  -0.4906	  -0.7315	  -0.4880	   0.3801	   0.2192
12148000000.0000	  -0.3653	  -0.2461	  -0.7378	  -0.4856	  -0.7359	  -0.4833	   0.3826	   0.2163
12169000000.0000	  -0.3666	  -0.2461	  -0.7401	  -0.4814	  -0.7395	  -0.4803	   0.3853	   0.2127
12190000000.0000	  -0.3683	  -0.2466	  -0.7430	  -0.4765	  -0.7416	  -0.4755	   0.3876	   0.2093
12211000000.0000	  -0.3690	  -0.2459	  -0.7460	  -0.4731	  -0.7436	  -0.4712	   0.3900	   0.2062
12232000000.0000	  -0.3702	  -0.2456	  -0.7488	  -0.4695	  -0.7482	  -0.4677	   0.3919	   0.2021
12253000000.0000	  -0.3706	  -0.2453	  -0.7520	  -0.4641	  -0.7485	  -0.4616	   0.3929	   0.1989
12274000000.0000	  -0.3716	  -0.2448	  -0.7549	  -0.4589	  -0.7520	  -0.4582	   0.3956	   0.1963
12295000000.0000	  -0.3722	  -0.2448	  -0.7578	  -0.4561	  -0.7546	  -0.4545	   0.3980	   0.1935
12316000000.0000	  -0.3726	  -0.2435	  -0.7588	  -0.4519	  -0.7578	  -0.4504	   0.4007	   0.1903
12337000000.0000	  -0.3723	  -0.2426	  -0.7621	  -0.4477	  -0.7587	  -0.4458	   0.4024	   0.1848
12358000000.0000	  -0.3730	  -0.2428	  -0.7645	  -0.4432	  -0.7602	  -0.4413	   0.4033	   0.1814
12379000000.0000	  -0.3744	  -0.2429	  -0.7667	  -0.4383	  -0.7634	  -0.4376	   0.4052	   0.1773
12400000000.0000	  -0.3749	  -0.2427	  -0.7688	  -0.4353	  -0.7655	  -0.4329	   0.4073	   0.1741