No Ascii Message
Window Title: 3"x3" NaI Aw-Radw Exec # 1
Com Port: 1  TBU: 60 sec.  TBUs Averaged per Line: 1
Calibration Factor: 0.00 Detector Dead Time: 4 microsecs. Time: Fri Dec 24 09:42:23 2010
101224094223 69875.00
101224094323 71200.00
101224094423 72638.00
101224094523 72970.00
101224094623 72984.00
101224094723 73384.00
101224094823 73369.00
101224094923 75145.00
101224095023 74858.00
101224095123 74607.00
101224095223 74485.00
101224095323 75942.00
101224095423 73718.00
101224095523 73864.00
101224095623 76955.00
101224095723 75850.00
101224095823 75369.00
101224095923 74948.00
101224100023 77848.00
101224100123 77562.00
101224100223 76861.00
101224100323 76544.00
101224100423 76542.00
101224100523 75912.00
101224100623 76678.00
101224100723 76428.00
101224100823 77404.00
101224100923 76149.00
101224101023 75081.00
101224101123 75438.00
101224101223 77118.00
101224101323 77266.00
101224101423 79126.00
101224101523 76890.00
101224101623 78080.00
101224101723 77379.00
101224101823 77252.00
101224101923 76767.00
101224102023 77026.00
101224102123 76582.00
101224102223 78217.00
101224102323 77622.00
101224102423 77574.00
101224102523 77323.00
101224102623 78250.00
101224102723 76808.00
101224102823 78254.00
101224102923 78478.00
101224103023 78262.00
101224103123 78595.00
101224103223 77479.00
101224103323 77673.00
101224103423 76674.00
101224103523 77864.00
101224103623 78875.00
101224103723 77856.00
101224103823 77930.00
101224103923 77790.00
101224104023 77268.00
101224104123 79251.00
101224104223 81264.00
101224104323 78552.00
101224104423 77326.00
101224104523 77818.00
101224104623 77759.00
101224104723 78709.00
101224104823 77162.00
101224104923 78805.00
101224105023 80772.00
101224105123 78376.00
101224105223 78248.00
101224105323 77806.00
101224105423 80151.00
101224105523 76518.00
101224105623 78270.00
101224105723 78186.00
101224105823 78010.00
101224105923 78790.00
101224110023 80087.00
101224110123 75904.00
101224110223 76543.00
101224110323 76844.00
101224110423 77632.00
101224110523 77602.00
101224110623 79587.00
101224110723 77317.00
101224110823 78070.00
101224110923 76494.00
101224111023 79024.00
101224111123 77879.00
101224111223 80223.00
101224111323 75951.00
101224111423 78703.00
101224111523 78041.00
101224111623 76056.00
101224111723 78104.00
101224111823 76705.00
101224111923 78621.00
101224112023 77627.00
101224112123 75938.00
101224112223 76809.00
101224112323 77056.00
101224112423 76716.00
101224112523 79043.00
101224112623 79156.00
101224112723 77894.00
101224112823 77263.00
101224112923 79277.00
101224113023 79415.00
101224113123 76483.00
101224113223 76360.00
101224113323 77616.00
101224113423 79893.00
101224113523 77421.00
101224113623 79336.00
101224113723 77624.00
101224113823 77724.00
101224113923 77171.00
101224114023 78304.00
101224114123 79575.00
101224114223 77128.00
101224114323 78649.00
101224114423 79874.00
101224114523 76757.00
101224114623 78680.00
101224114723 78462.00
101224114823 78995.00
101224114923 78743.00
101224115023 78213.00
101224115123 78256.00
101224115223 78724.00
101224115323 77963.00
101224115423 81209.00
101224115523 80286.00
101224115623 78082.00
101224115723 77667.00
101224115823 80518.00
101224115923 78763.00
101224120023 78653.00
101224120123 78215.00
101224120223 82198.00
101224120323 79151.00
101224120423 79234.00
101224120523 79207.00
101224120623 78713.00
101224120723 79037.00
101224120823 79590.00
101224120923 78887.00
101224121023 78816.00
101224121123 78213.00
101224121223 79730.00
101224121323 78947.00
101224121423 78143.00
101224121523 79438.00
101224121623 79268.00
101224121723 80199.00
101224121823 79387.00
101224121923 81223.00
101224122023 78590.00
101224122123 79141.00
101224122223 79706.00
101224122323 80572.00
101224122423 80129.00
101224122523 81354.00
101224122623 81048.00
101224122723 78671.00
101224122823 79697.00
101224122923 79456.00
101224123023 80607.00
101224123123 78943.00
101224123223 78827.00
101224123323 79667.00
101224123423 81779.00
101224123523 79060.00
101224123623 81472.00
101224123723 79676.00
101224123823 81070.00
101224123923 79785.00
101224124023 80499.00
101224124123 78864.00
101224124223 78906.00
101224124323 80112.00
101224124423 78681.00
101224124523 80654.00
101224124623 78447.00
101224124723 79223.00
101224124823 82128.00
101224124923 79004.00
101224125023 77961.00
101224125123 80709.00
101224125223 78239.00
101224125323 77119.00
101224125423 79504.00
101224125523 77994.00
101224125623 77366.00
101224125723 79372.00
101224125823 79911.00
101224125923 77452.00
101224130023 79065.00
101224130123 80693.00
101224130223 79016.00
101224130323 80143.00
101224130423 78430.00
101224130523 79238.00
101224130623 78845.00
101224130723 78526.00
101224130823 78088.00
101224130923 77722.00
101224131023 79232.00
101224131123 77900.00
101224131223 78503.00
101224131323 78807.00
101224131423 77427.00
101224131523 77757.00
101224131623 77497.00
101224131723 78912.00
101224131823 78787.00
101224131923 78062.00
101224132023 79981.00
101224132123 78039.00
101224132223 77812.00
101224132323 78632.00
101224132423 78706.00
101224132523 80378.00
101224132623 80512.00
101224132723 77545.00
101224132823 77378.00
101224132923 77125.00
101224133023 77858.00
101224133123 78673.00
101224133223 78365.00
101224133323 78180.00
101224133423 77683.00
101224133523 77885.00
101224133623 78872.00
101224133723 77071.00
