No Ascii Message
Window Title: 3"x3" NaI Aw-Radw Exec # 1
Com Port: 1  TBU: 60 sec.  TBUs Averaged per Line: 1
Calibration Factor: 0.00 Detector Dead Time: 4 microsecs. Time: Thu Dec 23 14:55:52 2010
101223145552 137844.00
101223145652 139822.00
101223145752 143696.00
101223145852 144437.00
101223145952 141092.00
101223150052 145503.00
101223150152 148416.00
101223150252 138817.00
101223150352 140726.00
101223150452 142594.00
101223150552 137697.00
101223150652 132316.00
101223150752 131433.00
101223150852 129594.00
101223150952 128818.00
101223151052 126601.00
101223151152 127192.00
101223151252 129339.00
101223151352 130056.00
101223151452 124886.00
101223151552 130788.00
101223151652 139723.00
101223151752 135884.00
101223151852 133979.00
101223151952 130230.00
101223152052 132803.00
101223152152 130458.00
101223152252 130798.00
101223152352 131457.00
101223152452 129544.00
101223152552 126211.00
101223152652 130495.00
101223152752 126849.00
101223152852 127764.00
101223152952 131677.00
101223153052 130789.00
101223153152 138331.00
101223153252 135739.00
101223153352 132811.00
101223153452 134377.00
101223153552 132678.00
101223153652 128260.00
101223153752 131275.00
101223153852 130970.00
101223153952 127082.00
101223154052 130988.00
101223154152 141184.00
101223154252 135417.00
101223154352 132985.00
101223154452 134808.00
101223154552 135221.00
101223154652 133731.00
101223154752 135561.00
101223154852 141678.00
101223154952 134400.00
101223155052 132393.00
101223155152 135597.00
101223155252 136576.00
101223155352 133478.00
101223155452 139145.00
101223155552 133965.00
101223155652 138162.00
101223155752 133821.00
101223155852 135833.00
101223155952 132121.00
101223160052 134470.00
101223160152 140547.00
101223160252 148550.00
101223160352 141915.00
101223160452 138773.00
101223160552 131675.00
101223160652 140706.00
101223160752 136296.00
101223160852 137805.00
101223160952 140362.00
101223161052 140076.00
101223161152 134727.00
101223161252 135531.00
101223161352 137429.00
101223161452 136259.00
101223161552 137723.00
101223161652 142111.00
101223161752 137264.00
101223161852 132927.00
101223161952 141991.00
101223162052 139520.00
101223162152 140513.00
101223162252 136189.00
101223162352 138602.00
101223162452 137479.00
101223162552 138601.00
101223162652 141363.00
101223162752 142891.00
101223162852 146606.00
101223162952 137596.00
101223163052 139841.00
101223163152 141121.00
101223163252 146281.00
101223163352 143930.00
101223163452 137267.00
101223163552 131922.00
101223163652 138560.00
101223163752 136253.00
101223163852 142129.00
101223163952 137664.00
101223164052 137910.00
101223164152 138344.00
101223164252 145342.00
101223164352 140701.00
101223164452 144008.00
101223164552 141231.00
101223164652 145179.00
101223164752 138883.00
101223164852 138732.00
101223164952 135570.00
101223165052 138917.00
101223165152 136211.00
101223165252 132313.00
101223165352 138024.00
101223165452 138969.00
101223165552 135446.00
101223165652 141206.00
101223165752 145909.00
101223165852 147063.00
101223165952 146577.00
101223170052 149022.00
101223170152 144248.00
101223170252 139300.00
101223170352 146682.00
101223170452 141665.00
101223170552 142625.00
101223170652 148016.00
101223170752 146156.00
101223170852 140634.00
101223170952 141199.00
101223171052 142789.00
101223171152 137248.00
101223171252 142000.00
101223171352 140478.00
101223171452 136594.00
101223171552 141829.00
101223171652 143501.00
101223171752 141216.00
101223171852 134426.00
101223171952 137952.00
101223172052 143941.00
101223172152 144254.00
101223172252 145316.00
101223172352 142006.00
101223172452 145839.00
101223172552 148078.00
101223172652 152674.00
101223172752 149313.00
101223172852 145379.00
101223172952 142792.00
101223173052 143856.00
101223173152 147675.00
101223173252 145780.00
101223173352 147206.00
101223173452 146825.00
101223173552 154721.00
101223173652 149208.00
101223173752 145740.00
101223173852 148600.00
101223173952 145443.00
101223174052 149390.00
101223174152 144724.00
101223174252 149839.00
101223174352 146436.00
101223174452 145774.00
101223174552 150468.00
101223174652 152989.00
101223174752 142565.00
101223174852 152280.00
101223174952 152259.00
101223175052 145176.00
101223175152 147199.00
101223175252 153562.00
101223175352 158136.00
101223175452 155013.00
101223175552 148005.00
101223175652 148246.00
101223175752 149810.00
101223175852 150577.00
101223175952 152344.00
101223180052 149635.00
101223180152 145051.00
101223180252 143165.00
101223180352 152427.00
101223180452 152398.00
101223180552 151763.00
101223180652 149487.00
101223180752 144410.00
101223180852 149746.00
101223180952 143729.00
101223181052 148824.00
101223181152 144970.00
101223181252 145148.00
101223181352 145883.00
101223181452 144952.00
101223181552 146031.00
101223181652 144590.00
101223181752 140943.00
101223181852 146267.00
101223181952 142425.00
101223182052 145779.00
101223182152 145083.00
101223182252 153760.00
101223182352 152489.00
101223182452 153262.00
101223182552 145838.00
101223182652 145982.00
101223182752 143474.00
101223182852 144412.00
101223182952 148398.00
101223183052 148715.00
101223183152 139424.00
101223183252 147829.00
101223183352 142362.00
101223183452 147526.00
101223183552 146452.00
101223183652 145531.00
101223183752 152143.00
101223183852 156146.00
101223183952 145033.00
101223184052 145633.00
101223184152 154063.00
101223184252 150854.00
101223184352 146095.00
101223184452 148410.00
101223184552 152686.00
101223184652 152306.00
101223184752 151922.00
101223184852 149859.00
101223184952 148071.00
101223185052 155560.00
101223185152 144536.00
101223185252 147062.00
101223185352 146977.00
101223185452 156607.00
101223185552 146906.00
101223185652 148472.00
101223185752 145224.00
101223185852 150751.00
101223185952 148218.00
101223190052 138441.00
101223190152 141322.00
101223190252 139456.00
101223190352 135053.00
101223190452 142480.00
101223190552 147790.00
101223190652 146205.00
101223190752 142421.00
101223190852 141314.00
101223190952 147717.00
101223191052 143072.00
101223191152 146690.00
101223191252 140682.00
101223191352 141751.00
101223191452 145047.00
101223191552 140264.00
101223191652 140676.00
101223191752 139762.00
101223191852 141008.00
101223191952 139476.00
101223192052 138497.00
101223192152 138297.00
101223192252 139215.00
101223192352 143302.00
101223192452 137873.00
101223192552 147746.00
101223192652 145367.00
101223192752 145647.00
101223192852 145366.00
101223192952 138403.00
101223193052 140943.00
101223193152 141461.00
101223193252 144138.00
101223193352 140971.00
101223193452 140759.00
101223193552 142013.00
101223193652 150773.00
101223193752 143233.00
101223193852 142571.00
101223193952 151900.00
101223194052 154489.00
101223194152 147157.00
101223194252 153385.00
101223194352 146419.00
101223194452 147077.00
101223194552 148936.00
101223194652 146989.00
101223194752 146804.00
101223194852 144893.00
101223194952 140002.00
101223195052 147690.00
101223195152 144526.00
101223195252 144644.00
101223195352 148382.00
101223195452 147853.00
101223195552 146956.00
101223195652 143926.00
101223195752 150560.00
101223195852 147540.00
101223195952 149280.00
101223200052 146553.00
101223200152 152755.00
101223200252 144917.00
101223200352 152153.00
101223200452 144795.00
101223200552 146072.00
101223200652 146381.00
101223200752 145321.00
101223200852 143942.00
101223200952 152611.00
101223201052 147937.00
101223201152 149610.00
101223201252 145421.00
101223201352 140696.00
101223201452 147168.00
101223201552 148848.00
101223201652 153000.00
101223201752 145938.00
101223201852 143297.00
101223201952 140731.00
101223202052 144787.00
101223202152 146814.00
101223202252 141454.00
101223202352 140867.00
101223202452 152621.00
101223202552 149194.00
101223202652 151019.00
101223202752 153140.00
101223202852 147720.00
101223202952 149665.00
101223203052 153794.00
101223203152 146643.00
101223203252 146858.00
101223203352 156540.00
101223203452 152990.00
101223203552 149421.00
101223203652 155948.00
101223203752 152168.00
101223203852 144510.00
101223203952 158318.00
101223204052 153221.00
101223204152 150964.00
101223204252 153662.00
101223204352 149173.00
101223204452 151635.00
101223204552 156151.00
101223204652 151352.00
101223204752 154355.00
101223204852 148324.00
101223204952 143684.00
101223205052 147629.00
101223205152 144144.00
101223205252 147255.00
101223205352 160271.00
101223205452 158222.00
101223205552 151053.00
101223205652 146457.00
101223205752 147066.00
101223205852 149847.00
101223205952 149893.00
101223210052 156859.00
101223210152 153189.00
101223210252 149614.00
101223210352 157481.00
101223210452 148622.00
101223210552 149494.00
101223210652 147205.00
101223210752 150395.00
101223210852 150798.00
101223210952 146508.00
101223211052 153231.00
101223211152 150434.00
101223211252 154097.00
101223211352 146018.00
101223211452 143757.00
101223211552 147391.00
101223211652 144081.00
101223211752 144282.00
101223211852 148933.00
101223211952 147755.00
101223212052 146243.00
101223212152 141301.00
101223212252 141320.00
101223212352 146009.00
101223212452 150389.00
101223212552 145898.00
101223212652 145610.00
101223212752 147454.00
101223212852 151621.00
101223212952 151356.00
101223213052 143648.00
101223213152 148298.00
101223213252 149977.00
101223213352 153294.00
101223213452 155833.00
101223213552 153800.00
101223213652 158204.00
101223213752 154156.00
101223213852 154589.00
101223213952 149704.00
101223214052 143489.00
101223214152 148918.00
101223214252 149342.00
101223214352 154935.00
101223214452 152020.00
101223214552 150206.00
101223214652 150564.00
101223214752 151698.00
101223214852 154012.00
101223214952 156848.00
101223215052 158053.00
101223215152 153148.00
101223215252 148741.00
101223215352 153469.00
101223215452 158047.00
101223215552 153768.00
101223215652 156129.00
101223215752 161315.00
101223215852 155941.00
101223215952 162790.00
101223220052 155702.00
101223220152 160375.00
101223220252 155081.00
101223220352 159696.00
101223220452 157506.00
101223220552 151014.00
101223220652 146326.00
101223220752 150803.00
101223220852 152544.00
101223220952 154004.00
101223221052 160068.00
101223221152 155359.00
101223221252 147378.00
101223221352 151349.00
101223221452 148380.00
101223221552 147830.00
101223221652 144778.00
101223221752 148679.00
101223221852 147669.00
101223221952 147008.00
101223222052 156066.00
101223222152 161798.00
101223222252 159215.00
101223222352 147763.00
101223222452 148274.00
101223222552 153156.00
101223222652 149110.00
101223222752 151911.00
101223222852 152832.00
101223222952 149057.00
101223223052 147660.00
101223223152 153050.00
101223223252 151599.00
101223223352 150654.00
101223223452 159204.00
101223223552 157361.00
101223223652 154619.00
101223223752 150617.00
101223223852 152685.00
101223223952 158252.00
101223224052 152530.00
101223224152 149343.00
101223224252 149611.00
101223224352 152579.00
101223224452 157475.00
101223224552 156592.00
101223224652 150537.00
101223224752 153313.00
101223224852 151388.00
101223224952 151341.00
101223225052 157854.00
101223225152 154503.00
101223225252 155959.00
101223225352 152434.00
101223225452 151265.00
101223225552 148545.00
101223225652 149416.00
101223225752 142631.00
101223225852 148080.00
101223225952 155792.00
101223230052 148163.00
101223230152 150607.00
101223230252 152692.00
101223230352 147269.00
101223230452 147347.00
101223230552 147278.00
101223230652 154346.00
101223230752 151140.00
101223230852 148475.00
101223230952 152254.00
101223231052 146979.00
101223231152 147080.00
101223231252 149555.00
101223231352 150227.00
101223231452 156959.00
101223231552 156647.00
101223231652 155282.00
101223231752 155705.00
101223231852 154405.00
101223231952 150791.00
101223232052 149398.00
101223232152 148356.00
101223232252 146372.00
101223232352 154932.00
101223232452 155882.00
101223232552 158205.00
101223232652 151388.00
101223232752 147608.00
101223232852 148376.00
101223232952 148025.00
101223233052 152332.00
101223233152 150047.00
101223233252 154827.00
101223233352 148731.00
101223233452 148033.00
101223233552 153265.00
101223233652 155342.00
101223233752 153809.00
101223233852 155644.00
101223233952 149658.00
101223234052 153707.00
101223234152 146398.00
101223234252 156434.00
101223234352 147192.00
101223234452 148313.00
101223234552 155597.00
101223234652 155300.00
101223234752 152184.00
101223234852 147468.00
101223234952 150924.00
101223235052 153700.00
101223235152 151409.00
101223235252 150061.00
101223235352 149737.00
101223235452 152533.00
101223235552 153538.00
101223235652 145117.00
101223235752 155490.00
101223235852 151522.00
101223235952 167077.00
101224000052 152865.00
101224000152 155497.00
101224000252 155231.00
101224000352 151839.00
101224000452 145473.00
101224000552 151689.00
101224000652 153362.00
101224000752 152112.00
101224000852 150352.00
101224000952 149420.00
101224001052 150082.00
101224001152 145312.00
101224001252 154443.00
101224001352 154350.00
101224001452 153680.00
101224001552 148613.00
101224001652 146471.00
101224001752 152959.00
101224001852 155323.00
101224001952 153216.00
101224002052 152864.00
101224002152 153947.00
101224002252 158081.00
101224002352 158118.00
101224002452 156883.00
101224002552 153300.00
101224002652 148249.00
101224002752 149312.00
101224002852 154501.00
101224002952 156759.00
101224003052 153280.00
101224003152 157897.00
101224003252 161497.00
101224003352 158393.00
101224003452 153981.00
101224003552 154181.00
101224003652 150850.00
101224003752 146404.00
101224003852 146309.00
101224003952 150813.00
101224004052 155778.00
101224004152 150606.00
101224004252 145208.00
101224004352 152284.00
101224004452 153693.00
101224004552 150112.00
101224004652 153931.00
101224004752 149826.00
101224004852 151959.00
101224004952 153527.00
101224005052 158179.00
101224005152 153259.00
101224005252 154835.00
101224005352 148494.00
101224005452 153122.00
101224005552 148953.00
101224005652 146597.00
101224005752 149629.00
101224005852 155039.00
101224005952 148654.00
101224010052 144931.00
101224010152 147931.00
101224010252 153444.00
101224010352 149283.00
101224010452 149400.00
101224010552 157361.00
101224010652 152222.00
101224010752 152068.00
101224010852 152306.00
101224010952 149210.00
101224011052 148416.00
101224011152 147212.00
101224011252 150326.00
101224011352 152189.00
101224011452 148321.00
101224011552 150079.00
101224011652 146336.00
101224011752 150706.00
101224011852 146441.00
101224011952 151594.00
101224012052 154501.00
101224012152 151330.00
101224012252 151120.00
101224012352 149018.00
101224012452 162073.00
101224012552 154901.00
101224012652 154308.00
101224012752 152365.00
101224012852 152638.00
101224012952 152071.00
101224013052 155948.00
101224013152 150967.00
101224013252 148945.00
101224013352 152951.00
101224013452 153334.00
101224013552 154289.00
101224013652 153466.00
101224013752 152752.00
101224013852 151506.00
101224013952 149741.00
101224014052 157049.00
101224014152 153366.00
101224014252 154814.00
101224014352 153546.00
101224014452 151236.00
101224014552 148504.00
101224014652 152566.00
101224014752 154579.00
101224014852 154569.00
101224014952 157758.00
101224015052 158627.00
101224015152 154485.00
101224015252 159686.00
101224015352 158221.00
101224015452 160860.00
101224015552 158701.00
101224015652 159922.00
101224015752 162061.00
101224015852 158493.00
101224015952 157929.00
101224020052 157862.00
101224020152 153711.00
101224020252 151680.00
101224020352 151533.00
101224020452 150551.00
101224020552 160569.00
101224020652 150162.00
101224020752 155018.00
101224020852 155651.00
101224020952 152049.00
101224021052 152368.00
101224021152 155260.00
101224021252 143853.00
101224021352 148242.00
101224021452 153634.00
101224021552 148541.00
101224021652 156097.00
101224021752 153219.00
101224021852 159982.00
101224021952 151408.00
101224022052 164974.00
101224022152 158559.00
101224022252 166729.00
101224022352 162157.00
101224022452 160802.00
101224022552 158108.00
101224022652 152968.00
101224022752 158051.00
101224022852 151291.00
101224022952 160126.00
101224023052 153335.00
101224023152 153867.00
101224023252 155160.00
101224023352 159492.00
101224023452 148215.00
101224023552 153505.00
101224023652 162549.00
101224023752 157577.00
101224023852 154815.00
101224023952 155954.00
101224024052 152817.00
101224024152 154989.00
101224024252 157032.00
101224024352 161515.00
101224024452 154299.00
101224024552 152524.00
101224024652 153303.00
101224024752 157314.00
101224024852 157205.00
101224024952 156683.00
101224025052 155411.00
101224025152 151853.00
101224025252 153741.00
101224025352 158715.00
101224025452 155283.00
101224025552 148933.00
101224025652 157244.00
101224025752 156071.00
101224025852 163099.00
101224025952 154760.00
101224030052 154972.00
101224030152 160581.00
101224030252 153381.00
101224030352 154660.00
101224030452 148585.00
101224030552 153799.00
101224030652 153016.00
101224030752 148220.00
101224030852 152985.00
101224030952 153005.00
101224031052 145245.00
101224031152 150638.00
101224031252 151299.00
101224031352 157418.00
101224031452 158288.00
101224031552 158395.00
101224031652 164823.00
101224031752 160582.00
101224031852 160567.00
101224031952 154094.00
101224032052 156400.00
101224032152 155508.00
101224032252 155766.00
101224032352 154969.00
101224032452 157964.00
101224032552 159940.00
101224032652 150023.00
101224032752 156607.00
101224032852 155433.00
101224032952 148154.00
101224033052 152578.00
101224033152 157596.00
101224033252 154873.00
101224033352 150408.00
101224033452 156027.00
101224033552 153253.00
101224033652 158603.00
101224033752 157001.00
101224033852 156214.00
101224033952 154391.00
101224034052 158810.00
101224034152 159178.00
101224034252 154981.00
101224034352 166150.00
101224034452 156954.00
101224034552 151575.00
101224034652 165533.00
101224034752 160042.00
101224034852 156576.00
101224034952 165269.00
101224035052 157399.00
101224035152 158400.00
101224035252 180817.00
101224035352 166583.00
101224035452 176100.00
101224035552 167672.00
101224035652 169701.00
101224035752 174627.00
101224035852 169129.00
101224035952 166042.00
101224040052 167700.00
101224040152 159874.00
101224040252 170347.00
101224040352 168763.00
101224040452 179216.00
101224040552 173629.00
101224040652 168177.00
101224040752 170219.00
101224040852 161102.00
101224040952 167017.00
101224041052 158747.00
101224041152 156587.00
101224041252 171409.00
101224041352 166912.00
101224041452 160940.00
101224041552 161282.00
101224041652 168208.00
101224041752 168085.00
101224041852 170004.00
101224041952 172428.00
101224042052 177776.00
101224042152 169972.00
101224042252 168018.00
101224042352 165695.00
101224042452 169934.00
101224042552 165988.00
101224042652 162405.00
101224042752 169537.00
101224042852 173165.00
101224042952 166100.00
101224043052 159169.00
101224043152 160460.00
101224043252 165641.00
101224043352 162471.00
101224043452 168400.00
101224043552 174544.00
101224043652 168578.00
101224043752 167105.00
101224043852 160588.00
101224043952 167392.00
101224044052 163152.00
101224044152 163462.00
101224044252 163951.00
101224044352 163834.00
101224044452 162989.00
101224044552 166011.00
101224044652 162220.00
101224044752 168824.00
101224044852 163900.00
101224044952 160410.00
101224045052 158192.00
101224045152 159032.00
101224045252 149555.00
101224045352 154005.00
101224045452 158934.00
101224045552 160021.00
101224045652 155344.00
101224045752 159200.00
101224045852 159650.00
101224045952 158975.00
101224050052 159577.00
101224050152 169476.00
101224050252 163153.00
101224050352 167121.00
101224050452 164610.00
101224050552 160995.00
101224050652 163110.00
101224050752 164423.00
101224050852 164291.00
101224050952 164471.00
101224051052 159720.00
101224051152 162933.00
101224051252 167655.00
101224051352 163678.00
101224051452 169178.00
101224051552 179302.00
101224051652 168534.00
101224051752 163735.00
101224051852 161926.00
101224051952 158112.00
101224052052 159139.00
101224052152 166663.00
101224052252 169323.00
101224052352 162395.00
101224052452 154959.00
101224052552 158591.00
101224052652 165484.00
101224052752 161299.00
101224052852 165057.00
101224052952 160286.00
101224053052 154247.00
101224053152 165103.00
101224053252 160661.00
101224053352 153216.00
101224053452 157020.00
101224053552 153798.00
101224053652 162379.00
101224053752 157975.00
101224053852 157663.00
101224053952 159850.00
101224054052 160646.00
101224054152 167184.00
101224054252 167611.00
101224054352 165549.00
101224054452 162806.00
101224054552 158652.00
101224054652 154475.00
101224054752 157197.00
101224054852 159598.00
101224054952 161568.00
101224055052 154606.00
101224055152 159865.00
101224055252 159725.00
101224055352 153534.00
101224055452 161800.00
101224055552 157988.00
101224055652 158954.00
101224055752 152654.00
101224055852 154893.00
101224055952 156819.00
101224060052 157171.00
101224060152 159921.00
101224060252 155269.00
101224060352 163291.00
101224060452 160026.00
101224060552 159008.00
101224060652 155805.00
101224060752 162862.00
101224060852 159910.00
101224060952 168893.00
101224061052 162776.00
101224061152 164388.00
101224061252 159440.00
101224061352 156452.00
101224061452 160362.00
101224061552 160656.00
101224061652 154941.00
101224061752 162873.00
101224061852 159751.00
101224061952 159266.00
101224062052 167469.00
101224062152 155318.00
101224062252 160126.00
101224062352 160974.00
101224062452 159288.00
101224062552 161812.00
101224062652 159730.00
101224062752 171331.00
101224062852 168194.00
101224062952 166934.00
101224063052 167794.00
101224063152 168667.00
101224063252 158078.00
101224063352 166613.00
101224063452 167312.00
101224063552 158859.00
101224063652 166825.00
101224063752 166568.00
101224063852 165923.00
101224063952 162015.00
101224064052 172585.00
101224064152 170205.00
101224064252 169378.00
101224064352 164508.00
101224064452 161927.00
101224064552 156508.00
101224064652 161445.00
101224064752 166294.00
101224064852 162795.00
101224064952 172193.00
101224065052 159036.00
101224065152 162996.00
101224065252 157209.00
101224065352 159788.00
101224065452 161554.00
101224065552 156936.00
101224065652 156869.00
101224065752 163347.00
101224065852 154856.00
101224065952 152256.00
101224070052 157334.00
101224070152 157575.00
101224070252 155349.00
101224070352 154090.00
101224070452 154633.00
101224070552 155850.00
101224070652 165995.00
101224070752 162244.00
101224070852 155411.00
101224070952 153744.00
101224071052 153828.00
101224071152 154716.00
101224071252 179209.00
101224071352 169539.00
101224071452 159226.00
101224071552 167188.00
101224071652 165840.00
101224071752 170341.00
101224071852 159279.00
101224071952 156679.00
101224072052 164749.00
101224072152 162640.00
101224072252 158511.00
101224072352 166861.00
101224072452 161943.00
101224072552 160111.00
101224072652 167107.00
101224072752 169986.00
101224072852 166945.00
101224072952 163340.00
101224073052 160202.00
101224073152 165081.00
101224073252 167420.00
101224073352 166574.00
101224073452 167331.00
101224073552 164994.00
101224073652 171456.00
101224073752 166876.00
101224073852 159254.00
101224073952 163253.00
101224074052 160012.00
101224074152 155411.00
101224074252 157859.00
101224074352 157805.00
101224074452 156288.00
101224074552 154176.00
101224074652 163841.00
101224074752 164973.00
101224074852 159407.00
101224074952 162284.00
101224075052 151470.00
101224075152 157933.00
101224075252 162089.00
101224075352 158839.00
101224075452 156560.00
101224075552 171053.00
101224075652 166417.00
101224075752 161726.00
101224075852 160178.00
101224075952 158081.00
101224080052 162221.00
101224080152 158195.00
101224080252 158076.00
101224080352 157904.00
101224080452 166167.00
101224080552 159338.00
101224080652 156356.00
101224080752 151930.00
101224080852 155889.00
101224080952 153445.00
101224081052 158737.00
101224081152 158539.00
101224081252 156712.00
101224081352 158107.00
101224081452 160441.00
101224081552 156684.00
101224081652 157742.00
101224081752 160220.00
101224081852 158219.00
101224081952 151623.00
101224082052 156344.00
101224082152 153342.00
101224082252 163293.00
101224082352 158453.00
101224082452 159498.00
101224082552 151883.00
101224082652 155281.00
101224082752 152529.00
101224082852 164277.00
