Window Title:  Aw-Radw Exec # 1
Com Port: 1  TBU: 60 sec.  TBUs Averaged per Line: 1
Calibration Factor: 105.00 Detector Dead Time: 35 microsecs. Time: Thu Oct 07 07:51:16 2010
101007075116 33.333333
101007075216 31.428571
101007075316 18.095238
101007075416 22.857143
101007075516 24.761905
101007075616 23.809524
101007075716 17.142857
101007075816 21.904762
101007075916 20.952381
101007080016 26.666667
101007080116 25.714286
101007080216 22.857143
101007080316 19.047619
101007080416 21.904762
101007080516 32.380952
101007080616 21.904762
101007080716 22.857143
101007080816 30.47619
101007080916 15.238095
101007081016 25.714286
101007081116 24.761905
101007081216 22.857143
101007081316 23.809524
101007081416 26.666667
101007081516 20.00
101007081616 28.571429
101007081716 21.904762
101007081816 19.047619
101007081916 23.809524
101007082016 34.285714
101007082116 18.095238
101007082216 15.238095
101007082316 19.047619
101007082416 20.952381
101007082516 18.095238
101007082616 25.714286
101007082716 20.952381
101007082816 23.809524
101007082916 20.952381
101007083016 20.00
101007083116 20.00
101007083216 23.809524
101007083316 19.047619
101007083416 20.952381
101007083516 19.047619
101007083616 20.00
101007083716 25.714286
101007083816 29.52381
101007083916 24.761905
101007084016 16.190476
101007084116 33.333333
101007084216 15.238095
101007084316 31.428571
101007084416 26.666667
101007084516 20.952381
101007084616 21.904762
101007084716 24.761905
101007084816 19.047619
101007084916 21.904762
101007085016 17.142857
101007085116 26.666667
101007085216 18.095238
101007085316 29.52381
101007085416 25.714286
101007085516 25.714286
101007085616 24.761905
101007085716 26.666667
101007085816 24.761905
101007085916 22.857143
101007090016 23.809524
101007090116 29.52381
101007090216 24.761905
101007090316 26.666667
101007090416 17.142857
101007090516 16.190476
101007090616 19.047619
101007090716 22.857143
101007090816 20.00
101007090916 28.571429
101007091016 24.761905
101007091116 13.333333
101007091216 27.619048
101007091316 20.00
101007091416 18.095238
101007091516 19.047619
101007091616 24.761905
101007091716 21.904762
101007091816 30.47619
101007091916 20.00
101007092016 20.952381
101007092116 18.095238
101007092216 26.666667
101007092316 18.095238
101007092416 23.809524
101007092516 31.428571
101007092616 23.809524
101007092716 24.761905
101007092816 24.761905
101007092916 27.619048
101007093016 21.904762
101007093116 22.857143
101007093216 28.571429
101007093316 26.666667
101007093416 22.857143
101007093516 23.809524
101007093616 24.761905
101007093716 28.571429
101007093816 21.904762
101007093916 20.952381
101007094016 20.952381
101007094116 19.047619
101007094216 27.619048
101007094316 38.095238
101007094416 24.761905
101007094516 24.761905
101007094616 25.714286
101007094716 23.809524
101007094816 20.00
101007094916 18.095238
101007095016 20.00
101007095116 19.047619
101007095216 27.619048
101007095316 23.809524
101007095416 21.904762
101007095516 27.619048
101007095616 27.619048
101007095716 23.809524
101007095816 24.761905
101007095916 20.952381
101007100016 29.52381
101007100116 28.571429
101007100216 19.047619
101007100316 15.238095
101007100416 22.857143
101007100516 21.904762
101007100616 29.52381
101007100716 20.952381
101007100816 25.714286
101007100916 30.47619
101007101016 21.904762
101007101116 18.095238
101007101216 13.333333
101007101316 33.333333
101007101416 25.714286
101007101516 27.619048
101007101616 24.761905
101007101716 29.52381
101007101816 22.857143
101007101916 25.714286
101007102016 24.761905
101007102116 32.380952
101007102216 14.285714
101007102316 23.809524
101007102416 22.857143
101007102516 29.52381
101007102616 28.571429
101007102716 26.666667
101007102816 20.00
101007102916 14.285714
101007103016 18.095238
101007103116 19.047619
101007103216 15.238095
101007103316 21.904762
101007103416 18.095238
101007103516 27.619048
101007103616 20.00
101007103716 18.095238
101007103816 20.952381
101007103916 19.047619
101007104016 23.809524
101007104116 27.619048
101007104216 18.095238
101007104316 23.809524
101007104416 24.761905
101007104516 12.380952
101007104616 23.809524
101007104716 20.00
101007104816 26.666667
101007104916 18.095238
101007105016 23.809524
101007105116 24.761905
101007105216 29.52381
101007105316 14.285714
101007105416 24.761905
101007105516 36.190476
101007105616 28.571429
101007105716 23.809524
101007105816 21.904762
101007105916 25.714286
101007110016 22.857143
101007110116 20.952381
101007110216 19.047619
101007110316 16.190476
101007110416 27.619048
101007110516 29.52381
101007110616 29.52381
101007110716 28.571429
101007110816 20.952381
101007110916 17.142857
101007111016 26.666667
101007111116 29.52381
101007111216 13.333333
101007111316 21.904762
101007111416 22.857143
101007111516 20.952381
101007111616 20.952381
101007111716 23.809524
101007111816 28.571429
101007111916 30.47619
101007112016 22.857143
101007112116 20.952381
101007112216 32.380952
101007112316 21.904762
101007112416 20.00
101007112516 20.952381
101007112616 26.666667
101007112716 24.761905
101007112816 24.761905
101007112916 27.619048
101007113016 27.619048
101007113116 20.00
101007113216 18.095238
101007113316 29.52381
101007113416 25.714286
101007113516 22.857143
101007113616 20.00
101007113716 19.047619
101007113816 23.809524
101007113916 28.571429
101007114016 24.761905
101007114116 20.952381
101007114216 21.904762
101007114316 31.428571
101007114416 23.809524
101007114516 16.190476
101007114616 21.904762
101007114716 18.095238
101007114816 20.952381
101007114916 28.571429
101007115016 19.047619
101007115116 23.809524
101007115216 21.904762
101007115316 26.666667
101007115416 25.714286
101007115516 16.190476
101007115616 30.47619
101007115716 21.904762
101007115816 24.761905
101007115916 23.809524
101007120016 23.809524
101007120116 24.761905
101007120216 24.761905
101007120316 20.00
101007120416 24.761905
101007120516 22.857143
101007120616 17.142857
101007120716 19.047619
101007120816 19.047619
101007120916 27.619048
101007121016 28.571429
101007121116 31.428571
101007121216 16.190476
101007121316 20.00
101007121416 14.285714
101007121516 22.857143
101007121616 22.857143
101007121716 20.952381
101007121816 28.571429
101007121916 17.142857
101007122016 15.238095
101007122116 16.190476
101007122216 18.095238
101007122316 20.952381
101007122416 21.904762
101007122516 20.00
101007122616 30.47619
101007122716 16.190476
101007122816 20.952381
101007122916 18.095238
101007123016 22.857143
101007123116 22.857143
101007123216 38.095238
101007123316 27.619048
101007123416 13.333333
101007123516 23.809524
101007123616 19.047619
101007123716 19.047619
101007123816 20.00
101007123916 19.047619
101007124016 17.142857
101007124116 16.190476
101007124216 22.857143
101007124316 20.00
101007124416 19.047619
101007124516 32.380952
101007124616 22.857143
101007124716 30.47619
101007124816 23.809524
101007124916 33.333333
101007125016 20.00
101007125116 28.571429
101007125216 22.857143
101007125316 22.857143
101007125416 19.047619
101007125516 21.904762
101007125616 34.285714
101007125716 19.047619
101007125816 24.761905
101007125916 18.095238
101007130016 24.761905
101007130116 18.095238
101007130216 24.761905
101007130316 19.047619
101007130416 20.00
101007130516 22.857143
101007130616 29.52381
101007130716 20.952381
101007130816 23.809524
101007130916 23.809524
101007131016 21.904762
101007131116 20.952381
101007131216 38.095238
101007131316 23.809524
101007131416 22.857143
101007131516 23.809524
101007131616 21.904762
101007131716 19.047619
101007131816 23.809524
101007131916 26.666667
101007132016 31.428571
101007132116 31.428571
101007132216 17.142857
101007132316 22.857143
101007132416 15.238095
101007132516 20.00
101007132616 24.761905
101007132716 27.619048
101007132816 14.285714
101007132916 12.380952
101007133016 23.809524
101007133116 23.809524
101007133216 21.904762
101007133316 28.571429
101007133416 20.952381
101007133516 25.714286
101007133616 25.714286
101007133716 18.095238
101007133816 20.952381
101007133916 19.047619
101007134016 25.714286
101007134116 18.095238
101007134216 28.571429
101007134316 23.809524
101007134416 20.00
101007134516 33.333333
101007134616 15.238095
101007134716 22.857143
101007134816 32.380952
101007134916 28.571429
101007135016 15.238095
101007135116 21.904762
101007135216 21.904762
101007135316 27.619048
101007135416 20.00
101007135516 28.571429
101007135616 12.380952
101007135716 27.619048
101007135816 18.095238
101007135916 23.809524
101007140016 34.285714
101007140116 25.714286
101007140216 24.761905
101007140316 16.190476
101007140416 24.761905
101007140516 26.666667
101007140616 24.761905
101007140716 28.571429
101007140816 21.904762
101007140916 28.571429
101007141016 18.095238
101007141116 16.190476
101007141216 20.00
101007141316 31.428571
101007141416 20.00
101007141516 27.619048
101007141616 20.00
101007141716 21.904762
101007141816 19.047619
101007141916 26.666667
101007142016 26.666667
101007142116 16.190476
101007142216 20.00
101007142316 22.857143
101007142416 19.047619
101007142516 25.714286
101007142616 18.095238
101007142716 17.142857
101007142816 22.857143
101007142916 18.095238
101007143016 20.952381
101007143116 24.761905
101007143216 30.47619
101007143316 18.095238
101007143416 20.00
101007143516 17.142857
101007143616 19.047619
101007143716 17.142857
101007143816 29.52381
101007143916 22.857143
101007144016 25.714286
101007144116 24.761905
101007144216 21.904762
101007144316 26.666667
101007144416 28.571429
101007144516 17.142857
101007144616 23.809524
101007144716 27.619048
101007144816 21.904762
101007144916 24.761905
101007145016 30.47619
101007145116 30.47619
101007145216 22.857143
101007145316 20.00
101007145416 31.428571
101007145516 25.714286
101007145616 12.380952
101007145716 19.047619
101007145816 29.52381
101007145916 22.857143
101007150016 28.571429
101007150116 29.52381
101007150216 27.619048
101007150316 22.857143
101007150416 22.857143
101007150516 13.333333
101007150616 25.714286
101007150716 21.904762
101007150816 15.238095
101007150916 24.761905
101007151016 17.142857
101007151116 27.619048
101007151216 26.666667
101007151316 15.238095
101007151416 36.190476
101007151516 27.619048
101007151616 20.00
101007151716 30.47619
101007151816 21.904762
101007151916 27.619048
101007152016 19.047619
101007152116 26.666667
101007152216 22.857143
101007152316 33.333333
101007152416 21.904762
101007152516 24.761905
101007152616 31.428571
101007152716 18.095238
101007152816 33.333333
101007152916 25.714286
101007153016 16.190476
101007153116 27.619048
101007153216 28.571429
101007153316 17.142857
101007153416 21.904762
101007153516 23.809524
101007153616 23.809524
101007153716 20.952381
101007153816 19.047619
101007153916 29.52381
101007154016 20.952381
101007154116 31.428571
101007154216 19.047619
101007154316 19.047619
101007154416 24.761905
101007154516 27.619048
101007154616 19.047619
101007154716 17.142857
101007154816 18.095238
101007154916 20.00
101007155016 17.142857
101007155116 20.00
101007155216 26.666667
101007155316 23.809524
101007155416 19.047619
101007155516 27.619048
101007155616 25.714286
101007155716 21.904762
101007155816 19.047619
101007155916 21.904762
101007160016 17.142857
101007160116 30.47619
101007160216 25.714286
101007160316 27.619048
101007160416 20.00
101007160516 24.761905
101007160616 20.952381
101007160716 21.904762
101007160816 22.857143
101007160916 19.047619
101007161016 34.285714
101007161116 20.00
101007161216 28.571429
101007161316 14.285714
101007161416 23.809524
101007161516 33.333333
101007161616 20.00
101007161716 22.857143
101007161816 22.857143
101007161916 20.00
101007162016 20.952381
101007162116 24.761905
101007162216 22.857143
101007162316 18.095238
101007162416 29.52381
101007162516 23.809524
101007162616 26.666667
101007162716 29.52381
101007162816 26.666667
101007162916 22.857143
101007163016 20.952381
101007163116 28.571429
101007163216 15.238095
101007163316 28.571429
101007163416 25.714286
101007163516 29.52381
101007163616 19.047619
101007163716 20.00
101007163816 19.047619
101007163916 19.047619
101007164016 20.952381
101007164116 23.809524
101007164216 31.428571
101007164316 21.904762
101007164416 20.00
101007164516 26.666667
101007164616 24.761905
101007164716 25.714286
101007164816 20.952381
101007164916 23.809524
101007165016 20.00
101007165116 24.761905
101007165216 18.095238
101007165316 23.809524
101007165416 19.047619
101007165516 29.52381
101007165616 18.095238
101007165716 28.571429
101007165816 26.666667
101007165916 19.047619
101007170016 21.904762
101007170116 21.904762
101007170216 11.428571
101007170316 21.904762
101007170416 26.666667
101007170516 32.380952
101007170616 22.857143
101007170716 24.761905
101007170816 22.857143
101007170916 15.238095
101007171016 25.714286
101007171116 21.904762
101007171216 21.904762
101007171316 20.00
101007171416 22.857143
101007171516 21.904762
101007171616 19.047619
101007171716 35.238095
101007171816 25.714286
101007171916 15.238095
101007172016 20.00
101007172116 33.333333
101007172216 25.714286
101007172316 24.761905
101007172416 17.142857
101007172516 20.952381
101007172616 22.857143
101007172716 28.571429
101007172816 20.952381
101007172916 17.142857
101007173016 23.809524
101007173116 30.47619
101007173216 23.809524
101007173316 20.00
101007173416 26.666667
101007173516 27.619048
101007173616 16.190476
101007173716 20.00
101007173816 20.952381
101007173916 16.190476
101007174016 26.666667
101007174116 33.333333
101007174216 22.857143
101007174316 20.952381
101007174416 20.952381
101007174516 27.619048
101007174616 29.52381
101007174716 24.761905
101007174816 20.00
101007174916 25.714286
101007175016 30.47619
101007175116 24.761905
101007175216 27.619048
101007175316 28.571429
101007175416 20.952381
101007175516 23.809524
101007175616 23.809524
101007175716 23.809524
101007175816 30.47619
101007175916 18.095238
101007180016 20.00
101007180116 25.714286
101007180216 24.761905
101007180316 22.857143
101007180416 20.952381
101007180516 16.190476
101007180616 20.00
101007180716 25.714286
101007180816 25.714286
101007180916 20.952381
101007181016 20.00
101007181116 20.00
101007181216 26.666667
101007181316 20.952381
101007181416 19.047619
101007181516 24.761905
101007181616 21.904762
101007181716 21.904762
101007181816 22.857143
101007181916 28.571429
101007182016 22.857143
101007182116 24.761905
101007182216 24.761905
101007182316 26.666667
101007182416 18.095238
101007182516 25.714286
101007182616 20.952381
101007182716 27.619048
101007182816 26.666667
101007182916 34.285714
101007183016 20.00
101007183116 24.761905
101007183216 20.00
101007183316 18.095238
101007183416 33.333333
101007183516 17.142857
101007183616 28.571429
101007183716 20.952381
101007183816 31.428571
101007183916 20.952381
101007184016 25.714286
101007184116 31.428571
101007184216 26.666667
101007184316 20.00
101007184416 23.809524
101007184516 28.571429
101007184616 26.666667
101007184716 18.095238
101007184816 20.952381
101007184916 28.571429
101007185016 25.714286
101007185116 25.714286
101007185216 23.809524
101007185316 14.285714
101007185416 21.904762
101007185516 21.904762
101007185616 23.809524
101007185716 25.714286
101007185816 19.047619
101007185916 22.857143
101007190016 27.619048
101007190116 26.666667
101007190216 29.52381
101007190316 25.714286
101007190416 20.00
101007190516 27.619048
101007190616 17.142857
101007190716 19.047619
101007190816 15.238095
101007190916 25.714286
101007191016 20.952381
101007191116 19.047619
101007191216 21.904762
101007191316 28.571429
101007191416 28.571429
101007191516 22.857143
101007191616 20.952381
101007191716 19.047619
101007191816 20.952381
101007191916 23.809524
101007192016 25.714286
101007192116 21.904762
101007192216 26.666667
101007192316 26.666667
101007192416 23.809524
101007192516 23.809524
101007192616 17.142857
101007192716 12.380952
101007192816 20.952381
101007192916 19.047619
101007193016 25.714286
101007193116 25.714286
101007193216 10.47619
101007193316 12.380952
101007193416 21.904762
101007193516 20.00
101007193616 17.142857
101007193716 20.00
101007193816 18.095238
101007193916 27.619048
101007194016 19.047619
101007194116 15.238095
101007194216 20.952381
101007194316 21.904762
101007194416 25.714286
101007194516 24.761905
101007194616 28.571429
101007194716 26.666667
101007194816 20.952381
101007194916 18.095238
101007195016 27.619048
101007195116 28.571429
101007195216 18.095238
101007195316 21.904762
101007195416 21.904762
101007195516 24.761905
101007195616 21.904762
101007195716 16.190476
101007195816 25.714286
101007195916 25.714286
101007200016 21.904762
101007200116 23.809524
101007200216 20.00
101007200316 17.142857
101007200416 24.761905
101007200516 18.095238
101007200616 23.809524
101007200716 36.190476
101007200816 31.428571
101007200916 22.857143
101007201016 25.714286
101007201116 29.52381
101007201216 15.238095
101007201316 33.333333
101007201416 28.571429
101007201516 20.952381
101007201616 24.761905
101007201716 25.714286
101007201816 14.285714
101007201916 20.00
101007202016 17.142857
101007202116 22.857143
101007202216 23.809524
101007202316 26.666667
101007202416 17.142857
101007202516 22.857143
101007202616 22.857143
101007202716 20.952381
101007202816 20.00
101007202916 20.00
101007203016 19.047619
101007203116 20.952381
101007203216 20.00
101007203316 27.619048
101007203416 23.809524
101007203516 28.571429
101007203616 21.904762
101007203716 21.904762
101007203816 16.190476
101007203916 21.904762
101007204016 17.142857
101007204116 20.00
101007204216 29.52381
101007204316 21.904762
101007204416 19.047619
101007204516 23.809524
101007204616 18.095238
101007204716 30.47619
101007204816 17.142857
101007204916 22.857143
101007205016 29.52381
101007205116 25.714286
101007205216 20.952381
101007205316 20.00
101007205416 24.761905
101007205516 19.047619
101007205616 19.047619
101007205716 24.761905
101007205816 27.619048
101007205916 29.52381
101007210016 29.52381
101007210116 26.666667
101007210216 25.714286
101007210316 19.047619
101007210416 26.666667
101007210516 28.571429
101007210616 20.952381
101007210716 16.190476
101007210816 24.761905
101007210916 29.52381
101007211016 26.666667
101007211116 16.190476
101007211216 23.809524
101007211316 27.619048
101007211416 22.857143
101007211516 13.333333
101007211616 21.904762
101007211716 24.761905
101007211816 24.761905
101007211916 16.190476
101007212016 20.00
101007212116 35.238095
101007212216 20.00
101007212316 22.857143
101007212416 17.142857
101007212516 17.142857
101007212616 21.904762
101007212716 20.952381
101007212816 15.238095
101007212916 25.714286
101007213016 24.761905
101007213116 28.571429
101007213216 20.00
101007213316 21.904762
101007213416 19.047619
101007213516 17.142857
101007213616 12.380952
101007213716 19.047619
101007213816 27.619048
101007213916 10.47619
101007214016 25.714286
101007214116 30.47619
101007214216 20.952381
101007214316 20.00
101007214416 20.00
101007214516 30.47619
101007214616 33.333333
101007214716 25.714286
101007214816 20.952381
101007214916 19.047619
101007215016 26.666667
101007215116 29.52381
101007215216 16.190476
101007215316 27.619048
101007215416 16.190476
101007215516 23.809524
101007215616 33.333333
101007215716 20.952381
101007215816 25.714286
101007215916 17.142857
101007220016 23.809524
101007220116 23.809524
101007220216 20.00
101007220316 22.857143
101007220416 19.047619
101007220516 20.00
101007220616 17.142857
101007220716 22.857143
101007220816 19.047619
101007220916 20.952381
101007221016 17.142857
101007221116 27.619048
101007221216 29.52381
101007221316 22.857143
101007221416 17.142857
101007221516 29.52381
101007221616 14.285714
101007221716 23.809524
101007221816 21.904762
101007221916 24.761905
101007222016 32.380952
101007222116 18.095238
101007222216 28.571429
101007222316 25.714286
101007222416 17.142857
101007222516 20.00
101007222616 25.714286
101007222716 28.571429
101007222816 20.00
101007222916 17.142857
101007223016 20.00
101007223116 25.714286
101007223216 19.047619
101007223316 24.761905
101007223416 25.714286
101007223516 34.285714
101007223616 21.904762
101007223716 15.238095
101007223816 27.619048
101007223916 18.095238
101007224016 26.666667
101007224116 22.857143
101007224216 18.095238
101007224316 20.952381
101007224416 30.47619
101007224516 20.00
101007224616 14.285714
101007224716 33.333333
101007224816 20.00
101007224916 27.619048
101007225016 22.857143
101007225116 20.952381
101007225216 19.047619
101007225316 22.857143
101007225416 20.00
101007225516 23.809524
101007225616 33.333333
101007225716 18.095238
101007225816 21.904762
101007225916 21.904762
101007230016 25.714286
101007230116 20.00
101007230216 18.095238
101007230316 23.809524
101007230416 21.904762
101007230516 21.904762
101007230616 21.904762
101007230716 25.714286
101007230816 20.00
101007230916 22.857143
101007231016 24.761905
101007231116 10.47619
101007231216 19.047619
101007231316 22.857143
101007231416 24.761905
101007231516 22.857143
101007231616 20.952381
101007231716 20.952381
101007231816 36.190476
101007231916 27.619048
101007232016 31.428571
101007232116 20.952381
101007232216 25.714286
101007232316 25.714286
101007232416 23.809524
101007232516 20.952381
101007232616 19.047619
101007232716 20.00
101007232816 27.619048
101007232916 26.666667
101007233016 25.714286
101007233116 20.00
101007233216 18.095238
101007233316 22.857143
101007233416 14.285714
101007233516 23.809524
101007233616 21.904762
101007233716 20.00
101007233816 20.00
101007233916 19.047619
101007234016 15.238095
101007234116 15.238095
101007234216 25.714286
101007234316 17.142857
101007234416 28.571429
101007234516 34.285714
101007234616 23.809524
101007234716 18.095238
101007234816 27.619048
101007234916 32.380952
101007235016 29.52381
101007235116 21.904762
101007235216 27.619048
101007235316 22.857143
101007235416 15.238095
101007235516 27.619048
101007235616 15.238095
101007235716 33.333333
101007235816 24.761905
101007235916 20.952381
101008000016 21.904762
101008000116 20.952381
101008000216 24.761905
101008000316 24.761905
101008000416 23.809524
101008000516 20.00
101008000616 27.619048
101008000716 23.809524
101008000816 25.714286
101008000916 23.809524
101008001016 16.190476
101008001116 23.809524
101008001216 28.571429
101008001316 21.904762
101008001416 19.047619
101008001516 28.571429
101008001616 26.666667
101008001716 23.809524
101008001816 23.809524
101008001916 21.904762
101008002016 24.761905
101008002116 19.047619
101008002216 21.904762
101008002316 28.571429
101008002416 25.714286
101008002516 21.904762
101008002616 24.761905
101008002716 20.00
101008002816 23.809524
101008002916 16.190476
101008003016 21.904762
101008003116 24.761905
101008003216 12.380952
101008003316 19.047619
101008003416 20.00
101008003516 28.571429
101008003616 34.285714
101008003716 27.619048
101008003816 23.809524
101008003916 15.238095
101008004016 22.857143
101008004116 22.857143
101008004216 19.047619
101008004316 22.857143
101008004416 20.00
101008004516 20.00
101008004616 17.142857
101008004716 26.666667
101008004816 19.047619
101008004916 20.952381
101008005016 29.52381
101008005116 26.666667
101008005216 26.666667
101008005316 19.047619
101008005416 24.761905
101008005516 22.857143
101008005616 26.666667
101008005716 22.857143
101008005816 14.285714
101008005916 23.809524
101008010016 26.666667
101008010116 25.714286
101008010216 28.571429
101008010316 25.714286
101008010416 16.190476
101008010516 27.619048
101008010616 32.380952
101008010716 21.904762
101008010816 18.095238
101008010916 31.428571
101008011016 24.761905
101008011116 32.380952
101008011216 15.238095
101008011316 18.095238
101008011416 32.380952
101008011516 26.666667
101008011616 24.761905
101008011716 22.857143
101008011816 20.00
101008011916 25.714286
101008012016 21.904762
101008012116 25.714286
101008012216 19.047619
101008012316 22.857143
101008012416 15.238095
101008012516 19.047619
101008012616 35.238095
101008012716 18.095238
101008012816 21.904762
101008012916 28.571429
101008013016 23.809524
101008013116 22.857143
101008013216 28.571429
101008013316 24.761905
101008013416 29.52381
101008013516 26.666667
101008013616 31.428571
101008013716 28.571429
101008013816 20.952381
101008013916 26.666667
101008014016 22.857143
101008014116 27.619048
101008014216 30.47619
101008014316 29.52381
101008014416 19.047619
101008014516 17.142857
101008014616 25.714286
101008014716 27.619048
101008014816 22.857143
101008014916 21.904762
101008015016 22.857143
101008015116 25.714286
101008015216 13.333333
101008015316 19.047619
101008015416 21.904762
101008015516 29.52381
101008015616 12.380952
101008015716 20.00
101008015816 27.619048
101008015916 25.714286
101008020016 23.809524
101008020116 18.095238
101008020216 35.238095
101008020316 22.857143
101008020416 25.714286
101008020516 19.047619
101008020616 19.047619
101008020716 26.666667
101008020816 23.809524
101008020916 25.714286
101008021016 19.047619
101008021116 16.190476
101008021216 25.714286
101008021316 24.761905
101008021416 19.047619
101008021516 21.904762
101008021616 23.809524
101008021716 29.52381
101008021816 28.571429
101008021916 21.904762
101008022016 28.571429
101008022116 20.00
101008022216 19.047619
101008022316 20.00
101008022416 17.142857
101008022516 31.428571
101008022616 15.238095
101008022716 28.571429
101008022816 21.904762
101008022916 23.809524
101008023016 20.952381
101008023116 17.142857
101008023216 21.904762
101008023316 19.047619
101008023416 23.809524
101008023516 15.238095
101008023616 31.428571
101008023716 26.666667
101008023816 29.52381
101008023916 17.142857
101008024016 22.857143
101008024116 20.952381
101008024216 24.761905
101008024316 15.238095
101008024416 25.714286
101008024516 19.047619
101008024616 28.571429
101008024716 27.619048
101008024816 30.47619
101008024916 21.904762
101008025016 24.761905
101008025116 18.095238
101008025216 21.904762
101008025316 22.857143
101008025416 28.571429
101008025516 16.190476
101008025616 24.761905
101008025716 24.761905
101008025816 17.142857
101008025916 25.714286
101008030016 24.761905
101008030116 21.904762
101008030216 24.761905
101008030316 19.047619
101008030416 25.714286
101008030516 19.047619
101008030616 20.00
101008030716 20.00
101008030816 14.285714
101008030916 18.095238
101008031016 29.52381
101008031116 20.952381
101008031216 25.714286
101008031316 26.666667
101008031416 24.761905
101008031516 25.714286
101008031616 25.714286
101008031716 19.047619
101008031816 28.571429
101008031916 23.809524
101008032016 27.619048
101008032116 22.857143
101008032216 27.619048
101008032316 34.285714
101008032416 30.47619
101008032516 35.238095
101008032616 18.095238
101008032716 13.333333
101008032816 20.952381
101008032916 29.52381
101008033016 25.714286
101008033116 26.666667
101008033216 31.428571
101008033316 19.047619
101008033416 19.047619
101008033516 16.190476
101008033616 22.857143
101008033716 25.714286
101008033816 29.52381
101008033916 25.714286
101008034016 20.00
101008034116 24.761905
101008034216 19.047619
101008034316 20.00
101008034416 21.904762
101008034516 13.333333
101008034616 22.857143
101008034716 17.142857
101008034816 26.666667
101008034916 26.666667
101008035016 23.809524
101008035116 19.047619
101008035216 27.619048
101008035316 21.904762
101008035416 19.047619
101008035516 17.142857
101008035616 22.857143
101008035716 14.285714
101008035816 24.761905
101008035916 22.857143
101008040016 20.952381
101008040116 20.952381
101008040216 23.809524
101008040316 26.666667
101008040416 32.380952
101008040516 34.285714
101008040616 22.857143
101008040716 20.00
101008040816 26.666667
101008040916 20.952381
101008041016 35.238095
101008041116 21.904762
101008041216 26.666667
101008041316 27.619048
101008041416 20.952381
101008041516 27.619048
101008041616 29.52381
101008041716 20.00
101008041816 17.142857
101008041916 27.619048
101008042016 24.761905
101008042116 19.047619
101008042216 20.952381
101008042316 25.714286
101008042416 17.142857
101008042516 17.142857
101008042616 28.571429
101008042716 20.952381
101008042816 19.047619
101008042916 29.52381
101008043016 19.047619
101008043116 31.428571
101008043216 16.190476
101008043316 24.761905
101008043416 17.142857
101008043516 26.666667
101008043616 21.904762
101008043716 32.380952
101008043816 24.761905
101008043916 18.095238
101008044016 24.761905
101008044116 29.52381
101008044216 13.333333
101008044316 22.857143
101008044416 33.333333
101008044516 21.904762
101008044616 20.00
101008044716 17.142857
101008044816 15.238095
101008044916 31.428571
101008045016 14.285714
101008045116 18.095238
101008045216 33.333333
101008045316 20.00
101008045416 20.00
101008045516 24.761905
101008045616 24.761905
101008045716 20.00
101008045816 28.571429
101008045916 22.857143
101008050016 27.619048
101008050116 24.761905
101008050216 27.619048
101008050316 24.761905
101008050416 23.809524
101008050516 16.190476
101008050616 14.285714
101008050716 27.619048
101008050816 21.904762
101008050916 23.809524
101008051016 20.952381
101008051116 23.809524
101008051216 19.047619
101008051316 29.52381
101008051416 7.619048
101008051516 25.714286
101008051616 21.904762
101008051716 23.809524
101008051816 25.714286
101008051916 16.190476
101008052016 25.714286
101008052116 33.333333
101008052216 28.571429
101008052316 27.619048
101008052416 24.761905
101008052516 23.809524
101008052616 26.666667
101008052716 23.809524
101008052816 20.00
101008052916 25.714286
101008053016 15.238095
101008053116 19.047619
101008053216 26.666667
101008053316 23.809524
101008053416 16.190476
101008053516 24.761905
101008053616 24.761905
101008053716 17.142857
101008053816 19.047619
101008053916 26.666667
101008054016 21.904762
101008054116 20.00
101008054216 31.428571
101008054316 16.190476
101008054416 16.190476
101008054516 24.761905
101008054616 30.47619
101008054716 28.571429
101008054816 24.761905
101008054916 22.857143
101008055016 31.428571
101008055116 21.904762
101008055216 19.047619
101008055316 22.857143
101008055416 21.904762
101008055516 22.857143
101008055616 18.095238
101008055716 28.571429
101008055816 26.666667
101008055916 21.904762
101008060016 22.857143
101008060116 23.809524
101008060216 30.47619
101008060316 19.047619
101008060416 20.952381
101008060516 24.761905
101008060616 26.666667
101008060716 28.571429
101008060816 30.47619
101008060916 21.904762
101008061016 20.00
101008061116 26.666667
101008061216 19.047619
101008061316 14.285714
101008061416 30.47619
101008061516 20.00
101008061616 27.619048
101008061716 19.047619
101008061816 19.047619
101008061916 23.809524
101008062016 11.428571
101008062116 21.904762
101008062216 25.714286
101008062316 28.571429
101008062416 25.714286
101008062516 32.380952
101008062616 20.952381
101008062716 20.952381
101008062816 29.52381
101008062916 21.904762
101008063016 17.142857
101008063116 22.857143
101008063216 24.761905
101008063316 28.571429
101008063416 20.00
101008063516 21.904762
101008063616 29.52381
101008063716 18.095238
101008063816 23.809524
101008063916 24.761905
101008064016 18.095238
101008064116 15.238095
101008064216 18.095238
101008064316 15.238095
101008064416 30.47619
101008064516 26.666667
101008064616 26.666667
101008064716 23.809524
101008064816 16.190476
101008064916 23.809524
101008065016 20.952381
101008065116 25.714286
101008065216 20.952381
101008065316 26.666667
101008065416 20.952381
101008065516 25.714286
101008065616 22.857143
101008065716 24.761905
101008065816 22.857143
101008065916 20.00
101008070016 25.714286
101008070116 36.190476
101008070216 19.047619
101008070316 27.619048
101008070416 22.857143
101008070516 32.380952
101008070616 20.952381
101008070716 21.904762
101008070816 21.904762
101008070916 13.333333
101008071016 23.809524
101008071116 15.238095
101008071216 31.428571
101008071316 19.047619
101008071416 29.52381
101008071516 19.047619
101008071616 22.857143
101008071716 25.714286
101008071816 19.047619
101008071916 26.666667
101008072016 26.666667
101008072116 21.904762
101008072216 27.619048
101008072316 27.619048
101008072416 23.809524
101008072516 28.571429
101008072616 27.619048
101008072716 25.714286
101008072816 27.619048
101008072916 24.761905
101008073016 19.047619
101008073116 18.095238
101008073216 28.571429
101008073316 18.095238
101008073416 20.00
101008073516 29.52381
101008073616 23.809524
101008073716 18.095238
101008073816 29.52381
101008073916 17.142857
101008074016 21.904762
101008074116 27.619048
101008074216 28.571429
101008074316 26.666667
101008074416 26.666667
101008074516 24.761905
101008074616 24.761905
101008074716 29.52381
101008074816 15.238095
101008074916 23.809524
101008075016 15.238095
101008075116 29.52381
101008075216 26.666667
101008075316 24.761905
101008075416 25.714286
101008075516 22.857143
101008075616 21.904762
101008075716 17.142857
101008075816 14.285714
101008075916 30.47619
101008080016 31.428571
101008080116 23.809524
101008080216 20.952381
101008080316 34.285714
101008080416 23.809524
101008080516 23.809524
101008080616 22.857143
101008080716 18.095238
101008080816 18.095238
101008080916 24.761905
101008081016 23.809524
101008081116 25.714286
101008081216 22.857143
101008081316 20.00
101008081416 20.952381
101008081516 22.857143
101008081616 27.619048
101008081716 26.666667
101008081816 23.809524
101008081916 25.714286
101008082016 20.00
101008082116 21.904762
101008082216 20.00
101008082316 24.761905
101008082416 19.047619
101008082516 25.714286
101008082616 21.904762
101008082716 22.857143
101008082816 21.904762
101008082916 20.00
101008083016 30.47619
101008083116 26.666667
101008083216 23.809524
101008083316 20.952381
101008083416 25.714286
101008083516 30.47619
101008083616 19.047619
101008083716 15.238095
101008083816 22.857143
101008083916 22.857143
101008084016 26.666667
101008084116 21.904762
101008084216 17.142857
101008084316 27.619048
101008084416 20.00
101008084516 21.904762
101008084616 22.857143
101008084716 27.619048
101008084816 21.904762
101008084916 28.571429
101008085016 22.857143
101008085116 29.52381
101008085216 30.47619
101008085316 20.952381
101008085416 14.285714
101008085516 27.619048
101008085616 24.761905
101008085716 20.00
101008085816 19.047619
101008085916 25.714286
101008090016 25.714286
101008090116 21.904762
101008090216 21.904762
101008090316 24.761905
101008090416 30.47619
101008090516 22.857143
101008090616 20.952381
101008090716 23.809524
101008090816 27.619048
101008090916 15.238095
101008091016 26.666667
101008091116 21.904762
101008091216 13.333333
101008091316 18.095238
101008091416 30.47619
101008091516 17.142857
101008091616 13.333333
101008091716 31.428571
101008091816 28.571429
101008091916 17.142857
101008092016 14.285714
101008092116 25.714286
101008092216 19.047619
101008092316 23.809524
101008092416 28.571429
101008092516 14.285714
101008092616 26.666667
101008092716 21.904762
101008092816 24.761905
101008092916 17.142857
101008093016 28.571429
101008093116 20.952381
101008093216 13.333333
101008093316 11.428571
101008093416 21.904762
101008093516 17.142857
101008093616 21.904762
101008093716 20.952381
101008093816 20.952381
101008093916 37.142857
101008094016 16.190476
101008094116 23.809524
101008094216 24.761905
101008094316 19.047619
101008094416 15.238095
101008094516 17.142857
101008094616 19.047619
101008094716 17.142857
101008094816 23.809524
101008094916 20.00
101008095016 24.761905
101008095116 18.095238
101008095216 23.809524
101008095316 26.666667
101008095416 20.952381
101008095516 21.904762
101008095616 20.00
101008095716 28.571429
101008095816 25.714286
101008095916 22.857143
101008100016 29.52381
101008100116 24.761905
101008100216 26.666667
101008100316 23.809524
101008100416 31.428571
101008100516 26.666667
101008100616 20.952381
101008100716 21.904762
101008100816 29.52381
101008100916 28.571429
101008101016 21.904762
101008101116 17.142857
101008101216 27.619048
101008101316 21.904762
101008101416 18.095238
101008101516 31.428571
101008101616 29.52381
101008101716 12.380952
101008101816 18.095238
101008101916 29.52381
101008102016 15.238095
101008102116 22.857143
101008102216 23.809524
101008102316 23.809524
101008102416 19.047619
101008102516 23.809524
101008102616 28.571429
101008102716 24.761905
101008102816 24.761905
101008102916 24.761905
101008103016 17.142857
101008103116 21.904762
101008103216 27.619048
101008103316 18.095238
101008103416 20.00
101008103516 20.00
101008103616 28.571429
101008103716 20.00
101008103816 20.00
101008103916 21.904762
101008104016 13.333333
101008104116 21.904762
101008104216 22.857143
101008104316 19.047619
101008104416 27.619048
101008104516 22.857143
101008104616 22.857143
101008104716 30.47619
101008104816 20.952381
101008104916 21.904762
101008105016 16.190476
101008105116 18.095238
101008105216 31.428571
101008105316 20.00
101008105416 22.857143
101008105516 24.761905
101008105616 23.809524
101008105716 17.142857
101008105816 21.904762
101008105916 18.095238
101008110016 25.714286
101008110116 19.047619
101008110216 21.904762
