Window Title:  Aw-Radw Exec # 1
Com Port: 1  TBU: 60 sec.  TBUs Averaged per Line: 1
Calibration Factor: 105.00 Detector Dead Time: 35 microsecs. Time: Wed Oct 13 14:30:30 2010
101013143030 19.047619
101013143130 26.666667
101013143230 17.142857
101013143330 16.190476
101013143430 16.190476
101013143530 19.047619
101013143630 28.571429
101013143730 20.00
101013143830 21.904762
101013143930 22.857143
101013144030 24.761905
101013144130 21.904762
101013144230 21.904762
101013144330 29.52381
101013144430 27.619048
101013144530 18.095238
101013144630 25.714286
101013144730 20.952381
101013144830 13.333333
101013144930 20.00
101013145030 20.00
101013145130 15.238095
101013145230 31.428571
101013145330 15.238095
101013145430 20.00
101013145530 19.047619
101013145630 20.952381
101013145730 20.00
101013145830 25.714286
101013145930 18.095238
101013150030 23.809524
101013150130 33.333333
101013150230 21.904762
101013150330 22.857143
101013150430 22.857143
101013150530 15.238095
101013150630 28.571429
101013150730 25.714286
101013150830 33.333333
101013150930 21.904762
101013151030 27.619048
101013151130 20.952381
101013151230 19.047619
101013151330 18.095238
101013151430 23.809524
101013151530 26.666667
101013151630 17.142857
101013151730 29.52381
101013151830 24.761905
101013151930 20.00
101013152030 15.238095
101013152130 16.190476
101013152230 25.714286
101013152330 22.857143
101013152430 19.047619
101013152530 16.190476
101013152630 18.095238
101013152730 16.190476
101013152830 26.666667
101013152930 32.380952
101013153030 15.238095
101013153130 18.095238
101013153230 26.666667
101013153330 24.761905
101013153430 14.285714
101013153530 22.857143
101013153630 20.00
101013153730 20.952381
101013153830 24.761905
101013153930 25.714286
101013154030 20.952381
101013154130 20.952381
101013154230 27.619048
101013154330 24.761905
101013154430 20.00
101013154530 22.857143
101013154630 23.809524
101013154730 16.190476
101013154830 23.809524
101013154930 21.904762
101013155030 20.00
101013155130 24.761905
101013155230 20.952381
101013155330 24.761905
101013155430 24.761905
101013155530 16.190476
101013155630 17.142857
101013155730 23.809524
101013155830 15.238095
101013155930 16.190476
101013160030 22.857143
101013160130 32.380952
101013160230 20.952381
101013160330 21.904762
101013160430 22.857143
101013160530 11.428571
101013160630 17.142857
101013160730 20.952381
101013160830 22.857143
101013160930 25.714286
101013161030 18.095238
101013161130 24.761905
101013161230 13.333333
101013161330 27.619048
101013161430 24.761905
101013161530 18.095238
101013161630 27.619048
101013161730 21.904762
101013161830 24.761905
101013161930 22.857143
101013162030 22.857143
101013162130 24.761905
101013162230 28.571429
101013162330 32.380952
101013162430 24.761905
101013162530 21.904762
101013162630 22.857143
101013162730 26.666667
101013162830 24.761905
101013162930 25.714286
101013163030 21.904762
101013163130 25.714286
101013163230 23.809524
101013163330 23.809524
101013163430 25.714286
101013163530 20.952381
101013163630 26.666667
101013163730 17.142857
101013163830 25.714286
101013163930 29.52381
101013164030 20.952381
101013164130 23.809524
101013164230 22.857143
101013164330 17.142857
101013164430 20.952381
101013164530 23.809524
101013164630 17.142857
101013164730 21.904762
101013164830 24.761905
101013164930 23.809524
101013165030 24.761905
101013165130 22.857143
101013165230 33.333333
101013165330 13.333333
101013165430 19.047619
101013165530 20.00
101013165630 13.333333
101013165730 20.00
101013165830 21.904762
101013165930 15.238095
101013170030 23.809524
101013170130 16.190476
101013170230 20.952381
101013170330 16.190476
101013170430 25.714286
101013170530 18.095238
101013170630 23.809524
101013170730 21.904762
101013170830 21.904762
101013170930 16.190476
101013171030 22.857143
101013171130 20.952381
101013171230 19.047619
101013171330 23.809524
101013171430 21.904762
101013171530 18.095238
101013171630 21.904762
101013171730 24.761905
101013171830 17.142857
101013171930 20.00
101013172030 12.380952
101013172130 23.809524
101013172230 14.285714
101013172330 23.809524
101013172430 20.952381
101013172530 24.761905
101013172630 14.285714
101013172730 22.857143
101013172830 20.00
101013172930 29.52381
101013173030 13.333333
101013173130 24.761905
101013173230 25.714286
101013173330 21.904762
101013173430 20.00
101013173530 20.952381
101013173630 27.619048
101013173730 20.952381
101013173830 25.714286
101013173930 23.809524
101013174030 29.52381
101013174130 20.00
101013174230 20.00
101013174330 16.190476
101013174430 24.761905
101013174530 18.095238
101013174630 27.619048
101013174730 28.571429
101013174830 12.380952
101013174930 17.142857
101013175030 19.047619
101013175130 19.047619
101013175230 20.952381
101013175330 23.809524
101013175430 30.47619
101013175530 24.761905
101013175630 20.00
101013175730 22.857143
101013175830 15.238095
101013175930 27.619048
101013180030 25.714286
101013180130 25.714286
101013180230 21.904762
101013180330 20.952381
101013180430 12.380952
101013180530 20.952381
101013180630 23.809524
101013180730 20.00
101013180830 30.47619
101013180930 19.047619
101013181030 26.666667
101013181130 23.809524
101013181230 21.904762
101013181330 25.714286
101013181430 20.00
101013181530 17.142857
101013181630 27.619048
101013181730 19.047619
101013181830 22.857143
101013181930 22.857143
101013182030 28.571429
101013182130 20.952381
101013182230 14.285714
101013182330 15.238095
101013182430 25.714286
101013182530 25.714286
101013182630 20.952381
101013182730 18.095238
101013182830 32.380952
101013182930 25.714286
101013183030 18.095238
101013183130 18.095238
101013183230 22.857143
101013183330 20.952381
101013183430 25.714286
101013183530 20.00
101013183630 25.714286
101013183730 20.952381
101013183830 20.00
101013183930 26.666667
101013184030 23.809524
101013184130 19.047619
101013184230 18.095238
101013184330 24.761905
101013184430 27.619048
101013184530 19.047619
101013184630 23.809524
101013184730 28.571429
101013184830 19.047619
101013184930 12.380952
101013185030 19.047619
101013185130 23.809524
101013185230 21.904762
101013185330 30.47619
101013185430 16.190476
101013185530 25.714286
101013185630 29.52381
101013185730 18.095238
101013185830 17.142857
101013185930 24.761905
101013190030 20.952381
101013190130 17.142857
101013190230 22.857143
101013190330 21.904762
101013190430 15.238095
101013190530 17.142857
101013190630 24.761905
101013190730 26.666667
101013190830 24.761905
101013190930 20.952381
101013191030 20.00
101013191130 12.380952
101013191230 15.238095
101013191330 23.809524
101013191430 16.190476
101013191530 18.095238
101013191630 19.047619
101013191730 16.190476
101013191830 18.095238
101013191930 16.190476
101013192030 26.666667
101013192130 21.904762
101013192230 13.333333
101013192330 19.047619
101013192430 20.952381
101013192530 23.809524
101013192630 22.857143
101013192730 19.047619
101013192830 27.619048
101013192930 21.904762
101013193030 25.714286
101013193130 21.904762
101013193230 26.666667
101013193330 24.761905
101013193430 16.190476
101013193530 24.761905
101013193630 35.238095
101013193730 21.904762
101013193830 12.380952
101013193930 19.047619
101013194030 23.809524
101013194130 17.142857
101013194230 16.190476
101013194330 21.904762
101013194430 24.761905
101013194530 30.47619
101013194630 21.904762
101013194730 21.904762
101013194830 22.857143
101013194930 27.619048
101013195030 15.238095
101013195130 20.952381
101013195230 22.857143
101013195330 27.619048
101013195430 36.190476
101013195530 19.047619
101013195630 20.00
101013195730 24.761905
101013195830 26.666667
101013195930 24.761905
101013200030 20.952381
101013200130 24.761905
101013200230 25.714286
101013200330 23.809524
101013200430 20.00
101013200530 27.619048
101013200630 29.52381
101013200730 26.666667
101013200830 20.952381
101013200930 13.333333
101013201030 16.190476
101013201130 20.00
101013201230 29.52381
101013201330 20.952381
101013201430 25.714286
101013201530 20.00
101013201630 28.571429
101013201730 25.714286
101013201830 20.00
101013201930 18.095238
101013202030 20.00
101013202130 27.619048
101013202230 30.47619
101013202330 16.190476
101013202430 19.047619
101013202530 17.142857
101013202630 28.571429
101013202730 20.952381
101013202830 23.809524
101013202930 18.095238
101013203030 18.095238
101013203130 21.904762
101013203230 21.904762
101013203330 18.095238
101013203430 22.857143
101013203530 21.904762
101013203630 20.952381
101013203730 20.952381
101013203830 29.52381
101013203930 21.904762
101013204030 30.47619
101013204130 15.238095
101013204230 20.00
101013204330 17.142857
101013204430 18.095238
101013204530 20.952381
101013204630 18.095238
101013204730 28.571429
101013204830 23.809524
101013204930 20.00
101013205030 22.857143
101013205130 18.095238
101013205230 22.857143
101013205330 25.714286
101013205430 19.047619
101013205530 16.190476
101013205630 23.809524
101013205730 20.952381
101013205830 20.00
101013205930 23.809524
101013210030 18.095238
101013210130 21.904762
101013210230 20.00
101013210330 22.857143
101013210430 12.380952
101013210530 23.809524
101013210630 21.904762
101013210730 26.666667
101013210830 21.904762
101013210930 28.571429
101013211030 18.095238
101013211130 26.666667
101013211230 30.47619
101013211330 24.761905
101013211430 25.714286
101013211530 17.142857
101013211630 26.666667
101013211730 20.00
101013211830 24.761905
101013211930 23.809524
101013212030 22.857143
101013212130 23.809524
101013212230 24.761905
101013212330 11.428571
101013212430 23.809524
101013212530 21.904762
101013212630 19.047619
101013212730 16.190476
101013212830 17.142857
101013212930 32.380952
101013213030 25.714286
101013213130 30.47619
101013213230 24.761905
101013213330 27.619048
101013213430 22.857143
101013213530 27.619048
101013213630 20.952381
101013213730 21.904762
101013213830 21.904762
101013213930 24.761905
101013214030 27.619048
101013214130 19.047619
101013214230 24.761905
101013214330 20.00
101013214430 24.761905
101013214530 17.142857
101013214630 25.714286
101013214730 23.809524
101013214830 26.666667
101013214930 25.714286
101013215030 15.238095
101013215130 22.857143
101013215230 21.904762
101013215330 24.761905
101013215430 17.142857
101013215530 20.00
101013215630 21.904762
101013215730 24.761905
101013215830 24.761905
101013215930 19.047619
101013220030 29.52381
101013220130 21.904762
101013220230 20.00
101013220330 22.857143
101013220430 20.952381
101013220530 28.571429
101013220630 20.952381
101013220730 37.142857
101013220830 23.809524
101013220930 26.666667
101013221030 18.095238
101013221130 24.761905
101013221230 26.666667
101013221330 20.952381
101013221430 26.666667
101013221530 25.714286
101013221630 20.00
101013221730 25.714286
101013221830 20.952381
101013221930 20.00
101013222030 22.857143
101013222130 23.809524
101013222230 18.095238
101013222330 25.714286
101013222430 26.666667
101013222530 20.952381
101013222630 12.380952
101013222730 23.809524
101013222830 28.571429
101013222930 20.00
101013223030 29.52381
101013223130 18.095238
101013223230 35.238095
101013223330 24.761905
101013223430 17.142857
101013223530 17.142857
101013223630 24.761905
101013223730 26.666667
101013223830 16.190476
101013223930 20.00
101013224030 21.904762
101013224130 20.952381
101013224230 29.52381
101013224330 19.047619
101013224430 24.761905
101013224530 24.761905
101013224630 23.809524
101013224730 22.857143
101013224830 20.952381
101013224930 31.428571
101013225030 24.761905
101013225130 19.047619
101013225230 13.333333
101013225330 24.761905
101013225430 20.952381
101013225530 24.761905
101013225630 18.095238
101013225730 23.809524
101013225830 20.952381
101013225930 20.00
101013230030 19.047619
101013230130 17.142857
101013230230 31.428571
101013230330 26.666667
101013230430 15.238095
101013230530 26.666667
101013230630 20.952381
101013230730 19.047619
101013230830 19.047619
101013230930 20.952381
101013231030 36.190476
101013231130 17.142857
101013231230 27.619048
101013231330 30.47619
101013231430 21.904762
101013231530 18.095238
101013231630 25.714286
101013231730 20.952381
101013231830 16.190476
101013231930 23.809524
101013232030 20.952381
101013232130 24.761905
101013232230 26.666667
101013232330 21.904762
101013232430 20.00
101013232530 14.285714
101013232630 20.00
101013232730 22.857143
101013232830 20.952381
101013232930 22.857143
101013233030 22.857143
101013233130 21.904762
101013233230 22.857143
101013233330 21.904762
101013233430 27.619048
101013233530 20.952381
101013233630 16.190476
101013233730 22.857143
101013233830 20.952381
101013233930 22.857143
101013234030 20.952381
101013234130 22.857143
101013234230 23.809524
101013234330 19.047619
101013234430 20.00
101013234530 27.619048
101013234630 16.190476
101013234730 20.952381
101013234830 28.571429
101013234930 20.00
101013235030 29.52381
101013235130 27.619048
101013235230 18.095238
101013235330 26.666667
101013235430 29.52381
101013235530 20.00
101013235630 29.52381
101013235730 23.809524
101013235830 23.809524
101013235930 24.761905
101014000030 35.238095
101014000130 20.952381
101014000230 26.666667
101014000330 23.809524
101014000430 22.857143
101014000530 24.761905
101014000630 20.00
101014000730 40.952381
101014000830 20.952381
101014000930 26.666667
101014001030 29.52381
101014001130 23.809524
101014001230 30.47619
101014001330 31.428571
101014001430 19.047619
101014001530 22.857143
101014001630 18.095238
101014001730 15.238095
101014001830 20.952381
101014001930 19.047619
101014002030 15.238095
101014002130 18.095238
101014002230 18.095238
101014002330 25.714286
101014002430 26.666667
101014002530 20.00
101014002630 18.095238
101014002730 20.952381
101014002830 23.809524
101014002930 20.00
101014003030 19.047619
101014003130 24.761905
101014003230 20.952381
101014003330 36.190476
101014003430 20.952381
101014003530 22.857143
101014003630 19.047619
101014003730 25.714286
101014003830 30.47619
101014003930 22.857143
101014004030 25.714286
101014004130 21.904762
101014004230 21.904762
101014004330 24.761905
101014004430 20.00
101014004530 24.761905
101014004630 25.714286
101014004730 25.714286
101014004830 23.809524
101014004930 21.904762
101014005030 21.904762
101014005130 27.619048
101014005230 22.857143
101014005330 38.095238
101014005430 22.857143
101014005530 22.857143
101014005630 30.47619
101014005730 16.190476
101014005830 31.428571
101014005930 20.952381
101014010030 23.809524
101014010130 22.857143
101014010230 17.142857
101014010330 24.761905
101014010430 24.761905
101014010530 23.809524
101014010630 16.190476
101014010730 26.666667
101014010830 23.809524
101014010930 17.142857
101014011030 25.714286
101014011130 29.52381
101014011230 26.666667
101014011330 18.095238
101014011430 18.095238
101014011530 21.904762
101014011630 24.761905
101014011730 24.761905
101014011830 20.952381
101014011930 19.047619
101014012030 29.52381
101014012130 16.190476
101014012230 29.52381
101014012330 18.095238
101014012430 24.761905
101014012530 19.047619
101014012630 15.238095
101014012730 25.714286
101014012830 29.52381
101014012930 20.00
101014013030 21.904762
101014013130 21.904762
101014013230 20.00
101014013330 16.190476
101014013430 20.00
101014013530 24.761905
101014013630 23.809524
101014013730 25.714286
101014013830 17.142857
101014013930 23.809524
101014014030 22.857143
101014014130 25.714286
101014014230 35.238095
101014014330 31.428571
101014014430 19.047619
101014014530 24.761905
101014014630 28.571429
101014014730 20.952381
101014014830 22.857143
101014014930 15.238095
101014015030 20.952381
101014015130 30.47619
101014015230 22.857143
101014015330 19.047619
101014015430 32.380952
101014015530 14.285714
101014015630 22.857143
101014015730 25.714286
101014015830 18.095238
101014015930 26.666667
101014020030 19.047619
101014020130 28.571429
101014020230 18.095238
101014020330 21.904762
101014020430 16.190476
101014020530 21.904762
101014020630 23.809524
101014020730 27.619048
101014020830 17.142857
101014020930 18.095238
101014021030 13.333333
101014021130 22.857143
101014021230 19.047619
101014021330 24.761905
101014021430 22.857143
101014021530 24.761905
101014021630 32.380952
101014021730 20.00
101014021830 19.047619
101014021930 12.380952
101014022030 28.571429
101014022130 29.52381
101014022230 20.00
101014022330 26.666667
101014022430 20.952381
101014022530 28.571429
101014022630 25.714286
101014022730 25.714286
101014022830 22.857143
101014022930 18.095238
101014023030 18.095238
101014023130 17.142857
101014023230 35.238095
101014023330 23.809524
101014023430 29.52381
101014023530 17.142857
101014023630 24.761905
101014023730 15.238095
101014023830 26.666667
101014023930 24.761905
101014024030 27.619048
101014024130 22.857143
101014024230 20.952381
101014024330 30.47619
101014024430 19.047619
101014024530 21.904762
101014024630 17.142857
101014024730 19.047619
101014024830 20.952381
101014024930 27.619048
101014025030 20.00
101014025130 29.52381
101014025230 23.809524
101014025330 20.00
101014025430 16.190476
101014025530 19.047619
101014025630 19.047619
101014025730 34.285714
101014025830 26.666667
101014025930 24.761905
101014030030 21.904762
101014030130 22.857143
101014030230 19.047619
101014030330 29.52381
101014030430 25.714286
101014030530 22.857143
101014030630 20.952381
101014030730 29.52381
101014030830 19.047619
101014030930 19.047619
101014031030 21.904762
101014031130 20.952381
101014031230 20.00
101014031330 21.904762
101014031430 28.571429
101014031530 22.857143
101014031630 20.952381
101014031730 20.00
101014031830 23.809524
101014031930 31.428571
101014032030 13.333333
101014032130 25.714286
101014032230 20.00
101014032330 23.809524
101014032430 26.666667
101014032530 24.761905
101014032630 22.857143
101014032730 23.809524
101014032830 22.857143
101014032930 20.00
101014033030 26.666667
101014033130 20.00
101014033230 33.333333
101014033330 28.571429
101014033430 30.47619
101014033530 14.285714
101014033630 34.285714
101014033730 26.666667
101014033830 20.00
101014033930 21.904762
101014034030 26.666667
101014034130 26.666667
101014034230 20.952381
101014034330 20.952381
101014034430 22.857143
101014034530 15.238095
101014034630 24.761905
101014034730 16.190476
101014034830 25.714286
101014034930 29.52381
101014035030 20.00
101014035130 20.00
101014035230 17.142857
101014035330 19.047619
101014035430 27.619048
101014035530 21.904762
101014035630 25.714286
101014035730 21.904762
101014035830 18.095238
101014035930 26.666667
101014040030 22.857143
101014040130 23.809524
101014040230 19.047619
101014040330 28.571429
101014040430 22.857143
101014040530 19.047619
101014040630 23.809524
101014040730 19.047619
101014040830 11.428571
101014040930 26.666667
101014041030 23.809524
101014041130 36.190476
101014041230 27.619048
101014041330 26.666667
101014041430 21.904762
101014041530 28.571429
101014041630 20.952381
101014041730 26.666667
101014041830 24.761905
101014041930 25.714286
101014042030 22.857143
101014042130 20.00
101014042230 19.047619
101014042330 26.666667
101014042430 20.952381
101014042530 14.285714
101014042630 17.142857
101014042730 28.571429
101014042830 30.47619
101014042930 16.190476
101014043030 40.952381
101014043130 11.428571
101014043230 25.714286
101014043330 22.857143
101014043430 19.047619
101014043530 22.857143
101014043630 30.47619
101014043730 20.00
101014043830 25.714286
101014043930 33.333333
101014044030 21.904762
101014044130 20.952381
101014044230 22.857143
101014044330 22.857143
101014044430 20.952381
101014044530 25.714286
101014044630 21.904762
101014044730 18.095238
101014044830 20.00
101014044930 16.190476
101014045030 20.952381
101014045130 19.047619
101014045230 20.952381
101014045330 21.904762
101014045430 16.190476
101014045530 15.238095
101014045630 30.47619
101014045730 19.047619
101014045830 20.952381
101014045930 17.142857
101014050030 23.809524
101014050130 21.904762
101014050230 20.952381
101014050330 20.00
101014050430 22.857143
101014050530 29.52381
101014050630 19.047619
101014050730 25.714286
101014050830 22.857143
101014050930 22.857143
101014051030 29.52381
101014051130 23.809524
101014051230 35.238095
101014051330 22.857143
101014051430 26.666667
101014051530 21.904762
101014051630 23.809524
101014051730 22.857143
101014051830 24.761905
101014051930 22.857143
101014052030 21.904762
101014052130 18.095238
101014052230 23.809524
101014052330 25.714286
101014052430 15.238095
101014052530 23.809524
101014052630 15.238095
101014052730 20.952381
101014052830 23.809524
101014052930 22.857143
101014053030 20.952381
101014053130 20.952381
101014053230 21.904762
101014053330 24.761905
101014053430 21.904762
101014053530 23.809524
101014053630 25.714286
101014053730 24.761905
101014053830 32.380952
101014053930 17.142857
101014054030 28.571429
101014054130 25.714286
101014054230 32.380952
101014054330 22.857143
101014054430 19.047619
101014054530 20.00
101014054630 22.857143
101014054730 18.095238
101014054830 18.095238
101014054930 26.666667
101014055030 20.00
101014055130 23.809524
101014055230 21.904762
101014055330 14.285714
101014055430 23.809524
101014055530 13.333333
101014055630 24.761905
101014055730 22.857143
101014055830 20.952381
101014055930 17.142857
101014060030 28.571429
101014060130 23.809524
101014060230 28.571429
101014060330 21.904762
101014060430 17.142857
101014060530 22.857143
101014060630 19.047619
101014060730 19.047619
101014060830 31.428571
101014060930 33.333333
101014061030 18.095238
101014061130 20.952381
101014061230 21.904762
101014061330 20.952381
101014061430 23.809524
101014061530 23.809524
101014061630 20.952381
101014061730 18.095238
101014061830 27.619048
101014061930 17.142857
101014062030 24.761905
101014062130 21.904762
101014062230 24.761905
101014062330 24.761905
101014062430 21.904762
101014062530 27.619048
101014062630 20.00
101014062730 21.904762
101014062830 23.809524
101014062930 31.428571
101014063030 21.904762
101014063130 20.952381
101014063230 15.238095
101014063330 27.619048
101014063430 20.952381
101014063530 21.904762
101014063630 24.761905
101014063730 23.809524
101014063830 18.095238
101014063930 27.619048
101014064030 26.666667
101014064130 27.619048
101014064230 13.333333
101014064330 25.714286
101014064430 32.380952
101014064530 21.904762
101014064630 21.904762
101014064730 26.666667
101014064830 21.904762
101014064930 24.761905
101014065030 22.857143
101014065130 23.809524
101014065230 21.904762
101014065330 19.047619
101014065430 25.714286
101014065530 24.761905
101014065630 26.666667
101014065730 19.047619
101014065830 22.857143
101014065930 16.190476
101014070030 33.333333
101014070130 16.190476
101014070230 21.904762
101014070330 32.380952
101014070430 21.904762
101014070530 20.952381
101014070630 19.047619
101014070730 17.142857
101014070830 25.714286
101014070930 20.00
101014071030 24.761905
101014071130 22.857143
101014071230 18.095238
101014071330 19.047619
101014071430 17.142857
101014071530 19.047619
101014071630 18.095238
101014071730 24.761905
101014071830 23.809524
101014071930 19.047619
101014072030 21.904762
101014072130 24.761905
101014072230 19.047619
101014072330 25.714286
101014072430 29.52381
101014072530 20.952381
101014072630 25.714286
101014072730 19.047619
101014072830 13.333333
101014072930 22.857143
101014073030 22.857143
101014073130 23.809524
101014073230 25.714286
101014073330 24.761905
101014073430 20.00
101014073530 28.571429
101014073630 22.857143
101014073730 18.095238
101014073830 26.666667
101014073930 24.761905
101014074030 21.904762
101014074130 25.714286
101014074230 19.047619
101014074330 23.809524
101014074430 17.142857
101014074530 24.761905
101014074630 33.333333
101014074730 25.714286
101014074830 22.857143
101014074930 25.714286
101014075030 29.52381
101014075130 30.47619
101014075230 19.047619
101014075330 27.619048
101014075430 23.809524
101014075530 19.047619
101014075630 18.095238
101014075730 18.095238
101014075830 20.00
101014075930 17.142857
101014080030 15.238095
101014080130 19.047619
101014080230 20.00
101014080330 25.714286
101014080430 25.714286
101014080530 20.00
101014080630 19.047619
101014080730 21.904762
101014080830 20.00
101014080930 15.238095
101014081030 23.809524
101014081130 20.952381
101014081230 21.904762
