Window Title:  Aw-Radw Exec # 1
Com Port: 1  TBU: 60 sec.  TBUs Averaged per Line: 1
Calibration Factor: 105.00 Detector Dead Time: 35 microsecs. Time: Tue Oct 12 18:33:00 2010
101012183300 23.809524
101012183400 24.761905
101012183500 28.571429
101012183600 37.142857
101012183700 28.571429
101012183800 33.333333
101012183900 23.809524
101012184000 25.714286
101012184100 24.761905
101012184200 26.666667
101012184300 20.00
101012184400 21.904762
101012184500 29.52381
101012184600 26.666667
101012184700 24.761905
101012184800 25.714286
101012184900 21.904762
101012185000 22.857143
101012185100 20.00
101012185200 17.142857
101012185300 22.857143
101012185400 15.238095
101012185500 32.380952
101012185600 24.761905
101012185700 23.809524
101012185800 20.00
101012185900 27.619048
101012190000 37.142857
101012190100 32.380952
101012190200 25.714286
101012190300 29.52381
101012190400 27.619048
101012190500 22.857143
101012190600 28.571429
101012190700 28.571429
101012190800 24.761905
101012190900 21.904762
101012191000 23.809524
101012191100 21.904762
101012191200 30.47619
101012191300 29.52381
101012191400 24.761905
101012191500 20.952381
101012191600 19.047619
101012191700 22.857143
101012191800 25.714286
101012191900 32.380952
101012192000 23.809524
101012192100 22.857143
101012192200 29.52381
101012192300 30.47619
101012192400 30.47619
101012192500 26.666667
101012192600 36.190476
101012192700 26.666667
101012192800 31.428571
101012192900 24.761905
101012193000 27.619048
101012193100 27.619048
101012193200 27.619048
101012193300 20.00
101012193400 27.619048
101012193500 20.952381
101012193600 37.142857
101012193700 28.571429
101012193800 24.761905
101012193900 27.619048
101012194000 36.190476
101012194100 24.761905
101012194200 33.333333
101012194300 20.952381
101012194400 30.47619
101012194500 24.761905
101012194600 23.809524
101012194700 20.00
101012194800 24.761905
101012194900 27.619048
101012195000 25.714286
101012195100 25.714286
101012195200 18.095238
101012195300 21.904762
101012195400 29.52381
101012195500 30.47619
101012195600 26.666667
101012195700 22.857143
101012195800 17.142857
101012195900 33.333333
101012200000 31.428571
101012200100 23.809524
101012200200 24.761905
101012200300 21.904762
101012200400 20.952381
101012200500 24.761905
101012200600 26.666667
101012200700 31.428571
101012200800 18.095238
101012200900 24.761905
101012201000 29.52381
101012201100 20.952381
101012201200 26.666667
101012201300 29.52381
101012201400 24.761905
101012201500 19.047619
101012201600 27.619048
101012201700 20.00
101012201800 23.809524
101012201900 32.380952
101012202000 32.380952
101012202100 29.52381
101012202200 31.428571
101012202300 28.571429
101012202400 24.761905
101012202500 20.952381
101012202600 24.761905
101012202700 26.666667
101012202800 20.952381
101012202900 23.809524
101012203000 27.619048
101012203100 19.047619
101012203200 33.333333
101012203300 19.047619
101012203400 25.714286
101012203500 29.52381
101012203600 43.809524
101012203700 28.571429
101012203800 20.00
101012203900 29.52381
101012204000 28.571429
101012204100 40.00
101012204200 19.047619
101012204300 27.619048
101012204400 26.666667
101012204500 27.619048
101012204600 33.333333
101012204700 25.714286
101012204800 21.904762
101012204900 21.904762
101012205000 28.571429
101012205100 30.47619
101012205200 22.857143
101012205300 20.952381
101012205400 17.142857
101012205500 30.47619
101012205600 26.666667
101012205700 20.952381
101012205800 24.761905
101012205900 20.952381
101012210000 27.619048
101012210100 22.857143
101012210200 23.809524
101012210300 24.761905
101012210400 23.809524
101012210500 36.190476
101012210600 25.714286
101012210700 29.52381
101012210800 24.761905
101012210900 25.714286
101012211000 24.761905
101012211100 23.809524
101012211200 24.761905
101012211300 32.380952
101012211400 23.809524
101012211500 23.809524
101012211600 19.047619
101012211700 32.380952
101012211800 31.428571
101012211900 17.142857
101012212000 29.52381
101012212100 24.761905
101012212200 33.333333
101012212300 19.047619
101012212400 22.857143
101012212500 22.857143
101012212600 20.952381
101012212700 24.761905
101012212800 28.571429
101012212900 22.857143
101012213000 26.666667
101012213100 23.809524
101012213200 23.809524
101012213300 31.428571
101012213400 23.809524
101012213500 29.52381
101012213600 22.857143
101012213700 20.00
101012213800 24.761905
101012213900 32.380952
101012214000 17.142857
101012214100 28.571429
101012214200 27.619048
101012214300 23.809524
101012214400 31.428571
101012214500 29.52381
101012214600 27.619048
101012214700 20.952381
101012214800 20.952381
101012214900 17.142857
101012215000 33.333333
101012215100 24.761905
101012215200 22.857143
101012215300 39.047619
101012215400 26.666667
101012215500 27.619048
101012215600 35.238095
101012215700 24.761905
101012215800 37.142857
101012215900 30.47619
101012220000 27.619048
101012220100 26.666667
101012220200 28.571429
101012220300 13.333333
101012220400 32.380952
101012220500 32.380952
101012220600 28.571429
101012220700 29.52381
101012220800 29.52381
101012220900 32.380952
101012221000 26.666667
101012221100 25.714286
101012221200 23.809524
101012221300 19.047619
101012221400 23.809524
101012221500 26.666667
101012221600 31.428571
101012221700 27.619048
101012221800 23.809524
101012221900 35.238095
101012222000 39.047619
101012222100 21.904762
101012222200 30.47619
101012222300 26.666667
101012222400 30.47619
101012222500 30.47619
101012222600 25.714286
101012222700 23.809524
101012222800 25.714286
101012222900 36.190476
101012223000 24.761905
101012223100 18.095238
101012223200 23.809524
101012223300 20.00
101012223400 40.00
101012223500 30.47619
101012223600 20.952381
101012223700 26.666667
101012223800 32.380952
101012223900 37.142857
101012224000 29.52381
101012224100 32.380952
101012224200 24.761905
101012224300 28.571429
101012224400 34.285714
101012224500 24.761905
101012224600 29.52381
101012224700 39.047619
101012224800 32.380952
101012224900 31.428571
101012225000 19.047619
101012225100 27.619048
101012225200 20.952381
101012225300 26.666667
101012225400 22.857143
101012225500 25.714286
101012225600 31.428571
101012225700 32.380952
101012225800 32.380952
101012225900 24.761905
101012230000 26.666667
101012230100 27.619048
101012230200 20.952381
101012230300 28.571429
101012230400 24.761905
101012230500 34.285714
101012230600 31.428571
101012230700 34.285714
101012230800 31.428571
101012230900 28.571429
101012231000 28.571429
101012231100 21.904762
101012231200 35.238095
101012231300 32.380952
101012231400 24.761905
101012231500 23.809524
101012231600 25.714286
101012231700 25.714286
101012231800 21.904762
101012231900 29.52381
101012232000 25.714286
101012232100 23.809524
101012232200 32.380952
101012232300 21.904762
101012232400 28.571429
101012232500 30.47619
101012232600 37.142857
101012232700 31.428571
101012232800 29.52381
101012232900 22.857143
101012233000 18.095238
101012233100 24.761905
101012233200 22.857143
101012233300 23.809524
101012233400 27.619048
101012233500 24.761905
101012233600 25.714286
101012233700 34.285714
101012233800 33.333333
101012233900 29.52381
101012234000 21.904762
101012234100 28.571429
101012234200 23.809524
101012234300 22.857143
101012234400 28.571429
101012234500 24.761905
101012234600 19.047619
101012234700 27.619048
101012234800 27.619048
101012234900 27.619048
101012235000 21.904762
101012235100 32.380952
101012235200 28.571429
101012235300 25.714286
101012235400 19.047619
101012235500 28.571429
101012235600 28.571429
101012235700 26.666667
101012235800 22.857143
101012235900 21.904762
101013000000 36.190476
101013000100 22.857143
101013000200 28.571429
101013000300 21.904762
101013000400 17.142857
101013000500 28.571429
101013000600 27.619048
101013000700 40.952381
101013000800 28.571429
101013000900 28.571429
101013001000 22.857143
101013001100 30.47619
101013001200 31.428571
101013001300 20.952381
101013001400 32.380952
101013001500 26.666667
101013001600 30.47619
101013001700 27.619048
101013001800 27.619048
101013001900 24.761905
101013002000 25.714286
101013002100 26.666667
101013002200 17.142857
101013002300 24.761905
101013002400 25.714286
101013002500 30.47619
101013002600 22.857143
101013002700 28.571429
101013002800 23.809524
101013002900 28.571429
101013003000 22.857143
101013003100 20.952381
101013003200 26.666667
101013003300 28.571429
101013003400 29.52381
101013003500 23.809524
101013003600 33.333333
101013003700 36.190476
101013003800 28.571429
101013003900 25.714286
101013004000 24.761905
101013004100 31.428571
101013004200 26.666667
101013004300 32.380952
101013004400 31.428571
101013004500 35.238095
101013004600 29.52381
101013004700 22.857143
101013004800 28.571429
101013004900 31.428571
101013005000 20.00
101013005100 27.619048
101013005200 23.809524
101013005300 26.666667
101013005400 20.00
101013005500 30.47619
101013005600 24.761905
101013005700 14.285714
101013005800 17.142857
101013005900 23.809524
101013010000 22.857143
101013010100 29.52381
101013010200 38.095238
101013010300 16.190476
101013010400 28.571429
101013010500 22.857143
101013010600 23.809524
101013010700 25.714286
101013010800 23.809524
101013010900 23.809524
101013011000 30.47619
101013011100 31.428571
101013011200 21.904762
101013011300 19.047619
101013011400 26.666667
101013011500 26.666667
101013011600 27.619048
101013011700 19.047619
101013011800 20.952381
101013011900 35.238095
101013012000 31.428571
101013012100 25.714286
101013012200 27.619048
101013012300 34.285714
101013012400 20.952381
101013012500 26.666667
101013012600 28.571429
101013012700 24.761905
101013012800 27.619048
101013012900 34.285714
101013013000 31.428571
101013013100 38.095238
101013013200 27.619048
101013013300 23.809524
101013013400 27.619048
101013013500 30.47619
101013013600 34.285714
101013013700 20.952381
101013013800 32.380952
101013013900 31.428571
101013014000 23.809524
101013014100 27.619048
101013014200 28.571429
101013014300 27.619048
101013014400 31.428571
101013014500 22.857143
101013014600 32.380952
101013014700 20.952381
101013014800 32.380952
101013014900 20.952381
101013015000 35.238095
101013015100 27.619048
101013015200 13.333333
101013015300 35.238095
101013015400 29.52381
101013015500 28.571429
101013015600 29.52381
101013015700 25.714286
101013015800 17.142857
101013015900 23.809524
101013020000 31.428571
101013020100 28.571429
101013020200 33.333333
101013020300 26.666667
101013020400 25.714286
101013020500 23.809524
101013020600 26.666667
101013020700 29.52381
101013020800 28.571429
101013020900 15.238095
101013021000 29.52381
101013021100 26.666667
101013021200 28.571429
101013021300 24.761905
101013021400 31.428571
101013021500 29.52381
101013021600 28.571429
101013021700 24.761905
101013021800 29.52381
101013021900 29.52381
101013022000 30.47619
101013022100 34.285714
101013022200 20.952381
101013022300 30.47619
101013022400 24.761905
101013022500 30.47619
101013022600 29.52381
101013022700 38.095238
101013022800 27.619048
101013022900 35.238095
101013023000 26.666667
101013023100 16.190476
101013023200 36.190476
101013023300 34.285714
101013023400 26.666667
101013023500 22.857143
101013023600 26.666667
101013023700 20.952381
101013023800 18.095238
101013023900 21.904762
101013024000 32.380952
101013024100 25.714286
101013024200 24.761905
101013024300 36.190476
101013024400 29.52381
101013024500 26.666667
101013024600 32.380952
101013024700 24.761905
101013024800 24.761905
101013024900 26.666667
101013025000 25.714286
101013025100 20.952381
101013025200 33.333333
101013025300 25.714286
101013025400 21.904762
101013025500 28.571429
101013025600 25.714286
101013025700 16.190476
101013025800 26.666667
101013025900 34.285714
101013030000 21.904762
101013030100 26.666667
101013030200 23.809524
101013030300 27.619048
101013030400 27.619048
101013030500 19.047619
101013030600 29.52381
101013030700 33.333333
101013030800 29.52381
101013030900 32.380952
101013031000 31.428571
101013031100 21.904762
101013031200 32.380952
101013031300 25.714286
101013031400 27.619048
101013031500 21.904762
101013031600 26.666667
101013031700 20.00
101013031800 25.714286
101013031900 30.47619
101013032000 22.857143
101013032100 20.00
101013032200 17.142857
101013032300 24.761905
101013032400 20.952381
101013032500 20.00
101013032600 34.285714
101013032700 27.619048
101013032800 22.857143
101013032900 30.47619
101013033000 27.619048
101013033100 30.47619
101013033200 19.047619
101013033300 38.095238
101013033400 26.666667
101013033500 27.619048
101013033600 27.619048
101013033700 29.52381
101013033800 23.809524
101013033900 24.761905
101013034000 17.142857
101013034100 28.571429
101013034200 19.047619
101013034300 26.666667
101013034400 22.857143
101013034500 24.761905
101013034600 29.52381
101013034700 35.238095
101013034800 28.571429
101013034900 31.428571
101013035000 20.952381
101013035100 21.904762
101013035200 36.190476
101013035300 20.00
101013035400 23.809524
101013035500 29.52381
101013035600 38.095238
101013035700 25.714286
101013035800 30.47619
101013035900 12.380952
101013040000 25.714286
101013040100 28.571429
101013040200 35.238095
101013040300 26.666667
101013040400 25.714286
101013040500 39.047619
101013040600 32.380952
101013040700 25.714286
101013040800 26.666667
101013040900 22.857143
101013041000 28.571429
101013041100 27.619048
101013041200 24.761905
101013041300 27.619048
101013041400 22.857143
101013041500 39.047619
101013041600 29.52381
101013041700 28.571429
101013041800 25.714286
101013041900 32.380952
101013042000 20.00
101013042100 27.619048
101013042200 31.428571
101013042300 38.095238
101013042400 23.809524
101013042500 25.714286
101013042600 20.952381
101013042700 23.809524
101013042800 24.761905
101013042900 26.666667
101013043000 35.238095
101013043100 28.571429
101013043200 27.619048
101013043300 25.714286
101013043400 22.857143
101013043500 20.00
101013043600 31.428571
101013043700 24.761905
101013043800 25.714286
101013043900 29.52381
101013044000 31.428571
101013044100 27.619048
101013044200 31.428571
101013044300 29.52381
101013044400 30.47619
101013044500 20.952381
101013044600 21.904762
101013044700 23.809524
101013044800 41.904762
101013044900 21.904762
101013045000 29.52381
101013045100 27.619048
101013045200 22.857143
101013045300 20.952381
101013045400 25.714286
101013045500 27.619048
101013045600 22.857143
101013045700 21.904762
101013045800 33.333333
101013045900 22.857143
101013050000 19.047619
101013050100 21.904762
101013050200 35.238095
101013050300 27.619048
101013050400 21.904762
101013050500 35.238095
101013050600 28.571429
101013050700 26.666667
101013050800 28.571429
101013050900 26.666667
101013051000 33.333333
101013051100 20.00
101013051200 30.47619
101013051300 19.047619
101013051400 29.52381
101013051500 32.380952
101013051600 23.809524
101013051700 33.333333
101013051800 23.809524
101013051900 25.714286
101013052000 22.857143
101013052100 22.857143
101013052200 28.571429
101013052300 19.047619
101013052400 24.761905
101013052500 24.761905
101013052600 24.761905
101013052700 23.809524
101013052800 23.809524
101013052900 22.857143
101013053000 23.809524
101013053100 22.857143
101013053200 20.952381
101013053300 30.47619
101013053400 23.809524
101013053500 27.619048
101013053600 20.952381
101013053700 28.571429
101013053800 25.714286
101013053900 33.333333
101013054000 24.761905
101013054100 33.333333
101013054200 21.904762
101013054300 34.285714
101013054400 37.142857
101013054500 28.571429
101013054600 33.333333
101013054700 20.952381
101013054800 26.666667
101013054900 20.952381
101013055000 35.238095
101013055100 34.285714
101013055200 28.571429
101013055300 22.857143
101013055400 34.285714
101013055500 30.47619
101013055600 34.285714
101013055700 28.571429
101013055800 29.52381
101013055900 21.904762
101013060000 23.809524
101013060100 33.333333
101013060200 22.857143
101013060300 27.619048
101013060400 28.571429
101013060500 34.285714
101013060600 25.714286
101013060700 34.285714
101013060800 21.904762
101013060900 23.809524
101013061000 21.904762
101013061100 23.809524
101013061200 29.52381
101013061300 23.809524
101013061400 20.00
101013061500 23.809524
101013061600 34.285714
101013061700 24.761905
101013061800 33.333333
101013061900 28.571429
101013062000 28.571429
101013062100 25.714286
101013062200 29.52381
101013062300 22.857143
101013062400 21.904762
101013062500 26.666667
101013062600 32.380952
101013062700 27.619048
101013062800 34.285714
101013062900 31.428571
101013063000 29.52381
101013063100 30.47619
101013063200 24.761905
101013063300 25.714286
101013063400 22.857143
101013063500 26.666667
101013063600 28.571429
101013063700 26.666667
101013063800 29.52381
101013063900 29.52381
101013064000 23.809524
101013064100 24.761905
101013064200 28.571429
101013064300 31.428571
101013064400 35.238095
101013064500 33.333333
101013064600 20.952381
101013064700 32.380952
101013064800 33.333333
101013064900 20.952381
101013065000 30.47619
101013065100 32.380952
101013065200 29.52381
101013065300 36.190476
101013065400 25.714286
101013065500 32.380952
101013065600 28.571429
101013065700 24.761905
101013065800 27.619048
101013065900 25.714286
101013070000 28.571429
101013070100 15.238095
101013070200 27.619048
101013070300 23.809524
101013070400 25.714286
101013070500 29.52381
101013070600 24.761905
101013070700 27.619048
101013070800 32.380952
101013070900 31.428571
101013071000 25.714286
