Window Title:  Aw-Radw Exec # 1
Com Port: 1  TBU: 60 sec.  TBUs Averaged per Line: 1
Calibration Factor: 105.00 Detector Dead Time: 35 microsecs. Time: Tue Jan 19 11:19:19 2010
100119111919 21.904762
100119112019 24.761905
100119112119 16.190476
100119112219 17.142857
100119112319 19.047619
100119112419 20.952381
100119112519 22.857143
100119112619 16.190476
100119112719 15.238095
100119112819 20.00
100119112919 20.00
100119113019 15.238095
100119113119 20.00
100119113219 13.333333
100119113319 29.52381
100119113419 12.380952
100119113519 25.714286
100119113619 20.00
100119113719 25.714286
100119113819 12.380952
100119113919 19.047619
100119114019 15.238095
100119114119 15.238095
100119114219 20.952381
100119114319 20.00
100119114419 24.761905
100119114519 20.952381
100119114619 24.761905
100119114719 21.904762
100119114819 15.238095
100119114919 20.00
100119115019 26.666667
100119115119 29.52381
100119115219 19.047619
100119115319 18.095238
100119115419 20.00
100119115519 20.00
100119115619 19.047619
100119115719 24.761905
100119115819 24.761905
100119115919 20.952381
100119120019 23.809524
100119120119 15.238095
100119120219 27.619048
100119120319 18.095238
100119120419 15.238095
100119120519 18.095238
100119120619 23.809524
100119120719 22.857143
100119120819 18.095238
100119120919 21.904762
100119121019 18.095238
100119121119 20.00
100119121219 20.952381
100119121319 16.190476
100119121419 20.952381
100119121519 8.571429
100119121619 28.571429
100119121719 29.52381
100119121819 21.904762
100119121919 30.47619
100119122019 20.952381
100119122119 22.857143
100119122219 24.761905
100119122319 22.857143
100119122419 9.52381
100119122519 16.190476
100119122619 28.571429
100119122719 21.904762
100119122819 23.809524
100119122919 22.857143
100119123019 23.809524
100119123119 21.904762
100119123219 24.761905
100119123319 23.809524
100119123419 7.619048
100119123519 22.857143
100119123619 18.095238
100119123719 25.714286
100119123819 27.619048
100119123919 27.619048
100119124019 19.047619
100119124119 13.333333
100119124219 18.095238
100119124319 24.761905
100119124419 23.809524
100119124519 22.857143
100119124619 20.952381
100119124719 17.142857
100119124819 26.666667
100119124919 20.00
100119125019 21.904762
100119125119 28.571429
100119125219 20.00
100119125319 22.857143
100119125419 21.904762
100119125519 22.857143
100119125619 29.52381
100119125719 24.761905
100119125819 23.809524
100119125919 20.952381
100119130019 14.285714
100119130119 19.047619
100119130219 27.619048
100119130319 26.666667
100119130419 20.00
100119130519 17.142857
100119130619 26.666667
100119130719 21.904762
100119130819 24.761905
100119130919 19.047619
100119131019 20.952381
100119131119 20.952381
100119131219 22.857143
100119131319 28.571429
100119131419 22.857143
100119131519 21.904762
100119131619 20.00
100119131719 17.142857
100119131819 20.00
100119131919 26.666667
100119132019 26.666667
100119132119 19.047619
100119132219 17.142857
100119132319 20.952381
100119132419 17.142857
100119132519 26.666667
100119132619 23.809524
100119132719 23.809524
100119132819 27.619048
100119132919 20.952381
100119133019 19.047619
100119133119 19.047619
100119133219 18.095238
100119133319 20.00
100119133419 22.857143
100119133519 16.190476
100119133619 29.52381
100119133719 33.333333
100119133819 20.952381
100119133919 19.047619
100119134019 27.619048
100119134119 24.761905
100119134219 21.904762
100119134319 23.809524
100119134419 20.00
100119134519 10.47619
100119134619 21.904762
100119134719 26.666667
100119134819 18.095238
100119134919 31.428571
100119135019 14.285714
100119135119 30.47619
100119135219 14.285714
100119135319 18.095238
100119135419 20.00
100119135519 23.809524
100119135619 19.047619
100119135719 22.857143
100119135819 21.904762
100119135919 14.285714
100119140019 22.857143
100119140119 22.857143
100119140219 17.142857
100119140319 22.857143
100119140419 17.142857
100119140519 20.952381
100119140619 17.142857
100119140719 26.666667
100119140819 20.00
100119140919 19.047619
100119141019 20.952381
100119141119 20.00
100119141219 22.857143
100119141319 16.190476
100119141419 18.095238
100119141519 24.761905
100119141619 15.238095
100119141719 21.904762
100119141819 21.904762
100119141919 31.428571
100119142019 20.00
100119142119 21.904762
100119142219 21.904762
100119142319 14.285714
100119142419 28.571429
100119142519 27.619048
100119142619 19.047619
100119142719 19.047619
100119142819 22.857143
100119142919 21.904762
100119143019 21.904762
100119143119 19.047619
100119143219 23.809524
100119143319 21.904762
100119143419 17.142857
100119143519 25.714286
100119143619 28.571429
100119143719 24.761905
100119143819 16.190476
100119143919 30.47619
100119144019 20.952381
100119144119 17.142857
100119144219 15.238095
100119144319 21.904762
100119144419 23.809524
100119144519 25.714286
100119144619 24.761905
100119144719 31.428571
100119144819 19.047619
100119144919 21.904762
100119145019 25.714286
100119145119 25.714286
100119145219 20.952381
100119145319 18.095238
100119145419 22.857143
100119145519 23.809524
100119145619 15.238095
100119145719 17.142857
100119145819 19.047619
100119145919 15.238095
100119150019 27.619048
100119150119 19.047619
100119150219 20.952381
100119150319 24.761905
100119150419 20.00
100119150519 24.761905
100119150619 30.47619
100119150719 17.142857
100119150819 22.857143
100119150919 22.857143
100119151019 19.047619
100119151119 22.857143
100119151219 13.333333
100119151319 28.571429
100119151419 16.190476
100119151519 21.904762
100119151619 20.00
100119151719 22.857143
100119151819 25.714286
100119151919 23.809524
100119152019 21.904762
100119152119 27.619048
100119152219 20.952381
100119152319 31.428571
100119152419 22.857143
100119152519 25.714286
100119152619 28.571429
100119152719 19.047619
100119152819 23.809524
100119152919 25.714286
100119153019 20.952381
100119153119 27.619048
100119153219 20.00
100119153319 26.666667
100119153419 20.952381
100119153519 19.047619
100119153619 19.047619
100119153719 14.285714
100119153819 20.00
100119153919 24.761905
100119154019 25.714286
100119154119 24.761905
100119154219 19.047619
100119154319 24.761905
100119154419 25.714286
100119154519 20.952381
100119154619 29.52381
100119154719 22.857143
100119154819 22.857143
100119154919 18.095238
100119155019 27.619048
100119155119 24.761905
100119155219 20.952381
100119155319 14.285714
100119155419 21.904762
100119155519 28.571429
100119155619 26.666667
100119155719 20.00
100119155819 19.047619
100119155919 23.809524
100119160019 20.952381
100119160119 18.095238
100119160219 23.809524
100119160319 20.952381
100119160419 30.47619
100119160519 18.095238
100119160619 19.047619
100119160719 18.095238
100119160819 26.666667
100119160919 20.00
100119161019 17.142857
100119161119 30.47619
100119161219 21.904762
100119161319 17.142857
100119161419 26.666667
100119161519 22.857143
100119161619 32.380952
100119161719 24.761905
100119161819 26.666667
100119161919 20.00
100119162019 18.095238
100119162119 16.190476
100119162219 19.047619
100119162319 24.761905
100119162419 27.619048
100119162519 31.428571
100119162619 25.714286
100119162719 23.809524
100119162819 14.285714
100119162919 24.761905
100119163019 26.666667
100119163119 25.714286
100119163219 19.047619
100119163319 19.047619
100119163419 15.238095
100119163519 21.904762
100119163619 24.761905
100119163719 25.714286
100119163819 25.714286
100119163919 23.809524
100119164019 20.952381
100119164119 28.571429
100119164219 20.00
100119164319 18.095238
100119164419 23.809524
100119164519 20.00
100119164619 26.666667
100119164719 15.238095
100119164819 20.00
100119164919 23.809524
100119165019 24.761905
100119165119 22.857143
100119165219 24.761905
100119165319 16.190476
100119165419 25.714286
100119165519 19.047619
100119165619 19.047619
100119165719 21.904762
100119165819 20.952381
100119165919 25.714286
100119170019 17.142857
100119170119 32.380952
100119170219 19.047619
100119170319 33.333333
100119170419 16.190476
100119170519 36.190476
100119170619 35.238095
100119170719 16.190476
100119170819 23.809524
100119170919 25.714286
100119171019 24.761905
100119171119 18.095238
100119171219 24.761905
100119171319 24.761905
100119171419 26.666667
100119171519 25.714286
100119171619 20.00
100119171719 22.857143
100119171819 20.952381
100119171919 32.380952
100119172019 22.857143
100119172119 21.904762
100119172219 18.095238
100119172319 19.047619
100119172419 21.904762
100119172519 24.761905
100119172619 26.666667
100119172719 22.857143
100119172819 19.047619
100119172919 22.857143
100119173019 27.619048
100119173119 20.952381
100119173219 21.904762
100119173319 22.857143
100119173419 19.047619
100119173519 22.857143
100119173619 23.809524
100119173719 19.047619
100119173819 20.952381
100119173919 26.666667
100119174019 19.047619
100119174119 27.619048
100119174219 26.666667
100119174319 25.714286
100119174419 30.47619
100119174519 14.285714
100119174619 16.190476
100119174719 20.952381
100119174819 16.190476
100119174919 28.571429
100119175019 24.761905
100119175119 35.238095
100119175219 20.952381
100119175319 18.095238
100119175419 20.00
100119175519 28.571429
100119175619 19.047619
100119175719 20.952381
100119175819 16.190476
100119175919 22.857143
100119180019 18.095238
100119180119 20.00
100119180219 23.809524
100119180319 20.00
100119180419 20.952381
100119180519 22.857143
100119180619 22.857143
100119180719 28.571429
100119180819 24.761905
100119180919 22.857143
100119181019 27.619048
100119181119 16.190476
100119181219 16.190476
100119181319 22.857143
100119181419 18.095238
100119181519 24.761905
100119181619 24.761905
100119181719 28.571429
100119181819 24.761905
100119181919 20.00
100119182019 15.238095
100119182119 14.285714
100119182219 20.00
100119182319 31.428571
100119182419 20.952381
100119182519 15.238095
100119182619 19.047619
100119182719 23.809524
100119182819 20.952381
100119182919 24.761905
100119183019 25.714286
100119183119 20.952381
100119183219 20.00
100119183319 22.857143
100119183419 18.095238
100119183519 21.904762
100119183619 30.47619
100119183719 18.095238
100119183819 21.904762
100119183919 17.142857
100119184019 18.095238
100119184119 19.047619
100119184219 24.761905
100119184319 26.666667
100119184419 30.47619
100119184519 25.714286
100119184619 16.190476
100119184719 16.190476
100119184819 22.857143
100119184919 19.047619
100119185019 23.809524
100119185119 22.857143
100119185219 24.761905
100119185319 17.142857
100119185419 19.047619
100119185519 20.00
100119185619 22.857143
100119185719 26.666667
100119185819 18.095238
100119185919 29.52381
100119190019 18.095238
100119190119 24.761905
100119190219 20.952381
100119190319 28.571429
100119190419 30.47619
100119190519 24.761905
100119190619 29.52381
100119190719 24.761905
100119190819 15.238095
100119190919 25.714286
100119191019 16.190476
100119191119 18.095238
100119191219 26.666667
100119191319 27.619048
100119191419 16.190476
100119191519 17.142857
100119191619 19.047619
100119191719 28.571429
100119191819 29.52381
100119191919 24.761905
100119192019 20.00
100119192119 23.809524
100119192219 21.904762
100119192319 19.047619
100119192419 20.00
100119192519 21.904762
100119192619 22.857143
100119192719 20.952381
100119192819 21.904762
100119192919 15.238095
100119193019 23.809524
100119193119 23.809524
100119193219 27.619048
100119193319 11.428571
100119193419 19.047619
100119193519 14.285714
100119193619 25.714286
100119193719 20.00
100119193819 20.952381
100119193919 21.904762
100119194019 24.761905
100119194119 15.238095
100119194219 24.761905
100119194319 19.047619
100119194419 20.00
100119194519 15.238095
100119194619 22.857143
100119194719 26.666667
100119194819 25.714286
100119194919 20.952381
100119195019 25.714286
100119195119 16.190476
100119195219 15.238095
100119195319 22.857143
100119195419 23.809524
100119195519 21.904762
100119195619 22.857143
100119195719 22.857143
100119195819 19.047619
100119195919 24.761905
100119200019 21.904762
100119200119 26.666667
100119200219 23.809524
100119200319 18.095238
100119200419 21.904762
100119200519 20.00
100119200619 17.142857
100119200719 22.857143
100119200819 20.00
100119200919 22.857143
100119201019 12.380952
100119201119 15.238095
100119201219 34.285714
100119201319 20.00
100119201419 27.619048
100119201519 27.619048
100119201619 20.00
100119201719 37.142857
100119201819 23.809524
100119201919 24.761905
100119202019 29.52381
100119202119 20.952381
100119202219 14.285714
100119202319 26.666667
100119202419 25.714286
100119202519 23.809524
100119202619 17.142857
100119202719 21.904762
100119202819 30.47619
100119202919 23.809524
100119203019 19.047619
100119203119 31.428571
100119203219 25.714286
100119203319 21.904762
100119203419 19.047619
100119203519 22.857143
100119203619 24.761905
100119203719 15.238095
100119203819 24.761905
100119203919 18.095238
100119204019 21.904762
100119204119 13.333333
100119204219 23.809524
100119204319 21.904762
100119204419 24.761905
100119204519 18.095238
100119204619 27.619048
100119204719 21.904762
100119204819 16.190476
100119204919 19.047619
100119205019 18.095238
100119205119 21.904762
100119205219 24.761905
100119205319 26.666667
100119205419 22.857143
100119205519 21.904762
100119205619 18.095238
100119205719 23.809524
100119205819 20.952381
100119205919 19.047619
100119210019 18.095238
100119210119 26.666667
100119210219 25.714286
100119210319 32.380952
100119210419 20.00
100119210519 25.714286
100119210619 21.904762
100119210719 20.00
100119210819 21.904762
100119210919 21.904762
100119211019 21.904762
100119211119 14.285714
100119211219 15.238095
100119211319 23.809524
100119211419 23.809524
100119211519 20.00
100119211619 13.333333
100119211719 20.952381
100119211819 26.666667
100119211919 22.857143
100119212019 20.00
100119212119 25.714286
100119212219 21.904762
100119212319 16.190476
100119212419 22.857143
100119212519 25.714286
100119212619 22.857143
100119212719 23.809524
100119212819 19.047619
100119212919 31.428571
100119213019 22.857143
100119213119 27.619048
100119213219 21.904762
100119213319 24.761905
100119213419 13.333333
100119213519 25.714286
100119213619 17.142857
100119213719 26.666667
100119213819 15.238095
100119213919 28.571429
100119214019 20.00
100119214119 26.666667
100119214219 14.285714
100119214319 24.761905
100119214419 25.714286
100119214519 21.904762
100119214619 15.238095
100119214719 26.666667
100119214819 20.952381
100119214919 20.952381
100119215019 22.857143
100119215119 28.571429
100119215219 15.238095
100119215319 27.619048
100119215419 20.00
100119215519 23.809524
100119215619 16.190476
100119215719 25.714286
100119215819 17.142857
100119215919 15.238095
100119220019 23.809524
100119220119 20.00
100119220219 19.047619
100119220319 28.571429
100119220419 19.047619
100119220519 26.666667
100119220619 16.190476
100119220719 23.809524
100119220819 26.666667
100119220919 16.190476
100119221019 22.857143
100119221119 15.238095
100119221219 18.095238
100119221319 22.857143
100119221419 19.047619
100119221519 28.571429
100119221619 19.047619
100119221719 24.761905
100119221819 19.047619
100119221919 21.904762
100119222019 31.428571
100119222119 20.00
100119222219 20.952381
100119222319 27.619048
100119222419 22.857143
100119222519 23.809524
100119222619 23.809524
100119222719 25.714286
100119222819 20.00
100119222919 27.619048
100119223019 23.809524
100119223119 21.904762
100119223219 22.857143
100119223319 27.619048
100119223419 23.809524
100119223519 22.857143
100119223619 27.619048
100119223719 20.00
100119223819 20.00
100119223919 19.047619
100119224019 18.095238
100119224119 20.00
100119224219 18.095238
100119224319 21.904762
100119224419 28.571429
100119224519 26.666667
100119224619 30.47619
100119224719 19.047619
100119224819 15.238095
100119224919 25.714286
100119225019 26.666667
100119225119 30.47619
100119225219 25.714286
100119225319 24.761905
100119225419 23.809524
100119225519 20.00
100119225619 23.809524
100119225719 24.761905
100119225819 20.952381
100119225919 27.619048
100119230019 15.238095
100119230119 25.714286
100119230219 29.52381
100119230319 24.761905
100119230419 15.238095
100119230519 27.619048
100119230619 29.52381
100119230719 21.904762
100119230819 17.142857
100119230919 19.047619
100119231019 20.00
100119231119 23.809524
100119231219 24.761905
100119231319 17.142857
100119231419 14.285714
100119231519 32.380952
100119231619 25.714286
100119231719 15.238095
100119231819 23.809524
100119231919 28.571429
100119232019 23.809524
100119232119 22.857143
100119232219 25.714286
100119232319 37.142857
100119232419 23.809524
100119232519 16.190476
100119232619 18.095238
100119232719 22.857143
100119232819 22.857143
100119232919 16.190476
100119233019 16.190476
100119233119 14.285714
100119233219 24.761905
100119233319 34.285714
100119233419 17.142857
100119233519 20.00
100119233619 26.666667
100119233719 22.857143
100119233819 22.857143
100119233919 16.190476
100119234019 21.904762
100119234119 21.904762
100119234219 21.904762
100119234319 22.857143
100119234419 21.904762
100119234519 21.904762
100119234619 11.428571
100119234719 16.190476
100119234819 19.047619
100119234919 22.857143
100119235019 26.666667
100119235119 16.190476
100119235219 28.571429
100119235319 20.00
100119235419 21.904762
100119235519 13.333333
100119235619 15.238095
100119235719 15.238095
100119235819 25.714286
100119235919 20.00
100120000019 25.714286
100120000119 20.952381
100120000219 20.00
100120000319 25.714286
100120000419 26.666667
100120000519 12.380952
100120000619 18.095238
100120000719 18.095238
100120000819 17.142857
100120000919 25.714286
100120001019 22.857143
100120001119 22.857143
100120001219 26.666667
100120001319 22.857143
100120001419 25.714286
100120001519 20.00
100120001619 19.047619
100120001719 21.904762
100120001819 28.571429
100120001919 22.857143
100120002019 20.952381
100120002119 32.380952
100120002219 23.809524
100120002319 18.095238
100120002419 22.857143
100120002519 24.761905
100120002619 17.142857
100120002719 15.238095
100120002819 24.761905
100120002919 25.714286
100120003019 27.619048
100120003119 22.857143
100120003219 23.809524
100120003319 23.809524
100120003419 20.952381
100120003519 19.047619
100120003619 23.809524
100120003719 33.333333
100120003819 20.952381
100120003919 20.952381
100120004019 23.809524
100120004119 24.761905
100120004219 24.761905
100120004319 29.52381
100120004419 31.428571
100120004519 18.095238
100120004619 21.904762
100120004719 17.142857
100120004819 23.809524
100120004919 20.952381
100120005019 24.761905
100120005119 18.095238
100120005219 25.714286
100120005319 20.952381
100120005419 21.904762
100120005519 23.809524
100120005619 21.904762
100120005719 21.904762
100120005819 20.00
100120005919 18.095238
100120010019 22.857143
100120010119 20.952381
100120010219 15.238095
100120010319 27.619048
100120010419 25.714286
100120010519 16.190476
100120010619 20.00
100120010719 18.095238
100120010819 26.666667
100120010919 23.809524
100120011019 16.190476
100120011119 27.619048
100120011219 20.952381
100120011319 30.47619
100120011419 25.714286
100120011519 20.00
100120011619 20.952381
100120011719 15.238095
100120011819 23.809524
100120011919 27.619048
100120012019 18.095238
100120012119 24.761905
100120012219 24.761905
100120012319 22.857143
100120012419 21.904762
100120012519 18.095238
100120012619 34.285714
100120012719 21.904762
100120012819 21.904762
100120012919 15.238095
100120013019 17.142857
100120013119 20.952381
100120013219 27.619048
100120013319 27.619048
100120013419 32.380952
100120013519 27.619048
100120013619 15.238095
100120013719 24.761905
100120013819 14.285714
100120013919 32.380952
100120014019 20.952381
100120014119 21.904762
100120014219 25.714286
100120014319 24.761905
100120014419 17.142857
100120014519 26.666667
100120014619 29.52381
100120014719 27.619048
100120014819 26.666667
100120014919 23.809524
100120015019 18.095238
100120015119 19.047619
100120015219 21.904762
100120015319 16.190476
100120015419 25.714286
100120015519 20.00
100120015619 21.904762
100120015719 22.857143
100120015819 20.952381
100120015919 19.047619
100120020019 16.190476
100120020119 21.904762
100120020219 20.00
100120020319 17.142857
100120020419 20.952381
100120020519 22.857143
100120020619 22.857143
100120020719 29.52381
100120020819 23.809524
100120020919 27.619048
100120021019 18.095238
100120021119 23.809524
100120021219 31.428571
100120021319 18.095238
100120021419 21.904762
100120021519 13.333333
100120021619 25.714286
100120021719 26.666667
100120021819 20.952381
100120021919 18.095238
100120022019 27.619048
100120022119 22.857143
100120022219 31.428571
100120022319 27.619048
100120022419 22.857143
100120022519 27.619048
100120022619 22.857143
100120022719 23.809524
100120022819 21.904762
100120022919 30.47619
100120023019 26.666667
100120023119 19.047619
100120023219 17.142857
100120023319 28.571429
100120023419 31.428571
100120023519 19.047619
100120023619 29.52381
100120023719 22.857143
100120023819 26.666667
100120023919 20.952381
100120024019 16.190476
100120024119 21.904762
100120024219 20.00
100120024319 20.952381
100120024419 29.52381
100120024519 31.428571
100120024619 25.714286
100120024719 20.952381
100120024819 15.238095
100120024919 18.095238
100120025019 26.666667
100120025119 22.857143
100120025219 23.809524
100120025319 17.142857
100120025419 28.571429
100120025519 24.761905
100120025619 21.904762
100120025719 21.904762
100120025819 19.047619
100120025919 23.809524
100120030019 20.952381
100120030119 28.571429
100120030219 22.857143
100120030319 18.095238
100120030419 20.952381
100120030519 18.095238
100120030619 15.238095
100120030719 22.857143
100120030819 27.619048
100120030919 19.047619
100120031019 20.00
100120031119 20.952381
100120031219 19.047619
100120031319 25.714286
100120031419 26.666667
100120031519 29.52381
100120031619 21.904762
100120031719 27.619048
100120031819 24.761905
100120031919 26.666667
100120032019 20.952381
100120032119 19.047619
100120032219 28.571429
100120032319 12.380952
100120032419 24.761905
100120032519 29.52381
100120032619 26.666667
100120032719 20.952381
100120032819 20.00
100120032919 19.047619
100120033019 24.761905
100120033119 20.00
100120033219 24.761905
100120033319 20.00
100120033419 32.380952
100120033519 26.666667
100120033619 17.142857
100120033719 19.047619
100120033819 19.047619
100120033919 29.52381
100120034019 26.666667
100120034119 22.857143
100120034219 29.52381
100120034319 20.00
100120034419 22.857143
100120034519 17.142857
100120034619 24.761905
100120034719 20.00
100120034819 20.00
100120034919 14.285714
100120035019 23.809524
100120035119 17.142857
100120035219 19.047619
100120035319 21.904762
100120035419 24.761905
100120035519 28.571429
100120035619 20.952381
100120035719 17.142857
100120035819 23.809524
100120035919 22.857143
100120040019 20.00
100120040119 18.095238
100120040219 27.619048
100120040319 22.857143
100120040419 18.095238
100120040519 17.142857
100120040619 20.952381
100120040719 30.47619
100120040819 22.857143
100120040919 25.714286
100120041019 28.571429
100120041119 30.47619
100120041219 21.904762
100120041319 29.52381
100120041419 18.095238
100120041519 13.333333
100120041619 19.047619
100120041719 18.095238
100120041819 27.619048
100120041919 16.190476
100120042019 25.714286
100120042119 34.285714
100120042219 20.952381
100120042319 21.904762
100120042419 23.809524
100120042519 20.00
100120042619 23.809524
100120042719 20.00
100120042819 18.095238
100120042919 31.428571
100120043019 30.47619
100120043119 25.714286
100120043219 19.047619
100120043319 23.809524
100120043419 20.00
100120043519 21.904762
100120043619 20.952381
100120043719 25.714286
100120043819 25.714286
100120043919 31.428571
100120044019 20.00
100120044119 20.00
100120044219 27.619048
100120044319 24.761905
100120044419 23.809524
100120044519 23.809524
100120044619 16.190476
100120044719 18.095238
100120044819 21.904762
100120044919 18.095238
100120045019 21.904762
100120045119 21.904762
100120045219 21.904762
100120045319 20.952381
100120045419 21.904762
100120045519 27.619048
100120045619 19.047619
100120045719 25.714286
100120045819 14.285714
100120045919 29.52381
100120050019 19.047619
100120050119 21.904762
100120050219 24.761905
100120050319 16.190476
100120050419 22.857143
100120050519 20.00
100120050619 13.333333
100120050719 26.666667
100120050819 18.095238
100120050919 28.571429
100120051019 23.809524
100120051119 29.52381
100120051219 30.47619
100120051319 26.666667
100120051419 29.52381
100120051519 21.904762
100120051619 26.666667
100120051719 24.761905
100120051819 23.809524
100120051919 27.619048
100120052019 22.857143
100120052119 23.809524
100120052219 26.666667
100120052319 21.904762
100120052419 18.095238
100120052519 28.571429
100120052619 20.952381
100120052719 32.380952
100120052819 15.238095
100120052919 25.714286
100120053019 23.809524
100120053119 27.619048
100120053219 21.904762
100120053319 21.904762
100120053419 21.904762
100120053519 21.904762
100120053619 19.047619
100120053719 26.666667
100120053819 20.952381
100120053919 23.809524
100120054019 20.00
100120054119 20.00
100120054219 23.809524
100120054319 19.047619
100120054419 16.190476
100120054519 23.809524
100120054619 24.761905
100120054719 20.952381
100120054819 33.333333
100120054919 20.952381
100120055019 21.904762
100120055119 20.952381
100120055219 16.190476
100120055319 21.904762
100120055419 25.714286
100120055519 20.00
100120055619 20.00
100120055719 30.47619
100120055819 22.857143
100120055919 24.761905
100120060019 13.333333
100120060119 24.761905
100120060219 31.428571
100120060319 16.190476
100120060419 19.047619
100120060519 26.666667
100120060619 23.809524
100120060719 27.619048
100120060819 18.095238
100120060919 17.142857
100120061019 24.761905
100120061119 18.095238
100120061219 15.238095
100120061319 20.00
100120061419 27.619048
100120061519 23.809524
100120061619 29.52381
100120061719 19.047619
100120061819 21.904762
100120061919 17.142857
100120062019 20.00
100120062119 20.952381
100120062219 26.666667
100120062319 17.142857
100120062419 20.952381
100120062519 22.857143
100120062619 20.00
100120062719 20.00
100120062819 24.761905
100120062919 21.904762
100120063019 25.714286
100120063119 30.47619
100120063219 27.619048
100120063319 18.095238
100120063419 22.857143
100120063519 20.00
100120063619 21.904762
100120063719 23.809524
100120063819 22.857143
100120063919 20.952381
100120064019 24.761905
100120064119 29.52381
100120064219 29.52381
100120064319 17.142857
100120064419 25.714286
100120064519 26.666667
100120064619 21.904762
100120064719 27.619048
100120064819 38.095238
100120064919 21.904762
100120065019 17.142857
100120065119 20.952381
100120065219 21.904762
100120065319 18.095238
100120065419 20.00
100120065519 14.285714
100120065619 24.761905
100120065719 28.571429
100120065819 19.047619
100120065919 20.00
100120070019 20.00
100120070119 31.428571
100120070219 21.904762
100120070319 23.809524
100120070419 18.095238
100120070519 21.904762
100120070619 20.952381
100120070719 19.047619
100120070819 14.285714
100120070919 19.047619
100120071019 13.333333
100120071119 25.714286
100120071219 34.285714
100120071319 22.857143
100120071419 15.238095
100120071519 20.00
100120071619 27.619048
100120071719 16.190476
100120071819 16.190476
100120071919 25.714286
100120072019 20.952381
100120072119 27.619048
100120072219 20.952381
100120072319 24.761905
100120072419 20.952381
100120072519 29.52381
100120072619 16.190476
100120072719 20.952381
100120072819 20.952381
100120072919 17.142857
100120073019 20.952381
100120073119 19.047619
100120073219 28.571429
100120073319 19.047619
100120073419 23.809524
100120073519 20.952381
100120073619 16.190476
100120073719 20.00
100120073819 20.952381
100120073919 34.285714
100120074019 21.904762
100120074119 27.619048
100120074219 24.761905
100120074319 25.714286
100120074419 18.095238
100120074519 21.904762
100120074619 26.666667
100120074719 20.952381
100120074819 19.047619
100120074919 21.904762
100120075019 26.666667
100120075119 21.904762
100120075219 20.952381
100120075319 17.142857
100120075419 22.857143
100120075519 20.952381
100120075619 21.904762
100120075719 22.857143
100120075819 27.619048
100120075919 22.857143
100120080019 20.952381
100120080119 23.809524
100120080219 18.095238
100120080319 25.714286
100120080419 25.714286
100120080519 20.952381
100120080619 23.809524
100120080719 21.904762
100120080819 23.809524
100120080919 16.190476
100120081019 21.904762
100120081119 21.904762
100120081219 21.904762
100120081319 19.047619
100120081419 23.809524
100120081519 20.952381
100120081619 20.00
100120081719 13.333333
100120081819 21.904762
100120081919 19.047619
100120082019 19.047619
100120082119 16.190476
100120082219 18.095238
100120082319 19.047619
100120082419 22.857143
100120082519 12.380952
100120082619 20.952381
100120082719 20.952381
100120082819 22.857143
100120082919 30.47619
100120083019 17.142857
100120083119 14.285714
100120083219 12.380952
100120083319 27.619048
100120083419 27.619048
100120083519 25.714286
100120083619 28.571429
100120083719 24.761905
100120083819 20.952381
100120083919 22.857143
100120084019 18.095238
100120084119 23.809524
100120084219 12.380952
100120084319 21.904762
100120084419 18.095238
100120084519 20.00
100120084619 22.857143
100120084719 25.714286
100120084819 22.857143
100120084919 18.095238
100120085019 30.47619
100120085119 16.190476
100120085219 23.809524
100120085319 22.857143
100120085419 16.190476
100120085519 16.190476
100120085619 20.00
100120085719 17.142857
100120085819 21.904762
100120085919 27.619048
100120090019 27.619048
100120090119 21.904762
100120090219 20.952381
100120090319 14.285714
100120090419 24.761905
100120090519 23.809524
100120090619 20.00
100120090719 26.666667
100120090819 15.238095
100120090919 18.095238
100120091019 24.761905
100120091119 22.857143
100120091219 23.809524
100120091319 26.666667
100120091419 22.857143
100120091519 28.571429
100120091619 22.857143
100120091719 25.714286
100120091819 20.00
100120091919 27.619048
100120092019 20.952381
100120092119 25.714286
100120092219 20.952381
100120092319 18.095238
100120092419 17.142857
100120092519 18.095238
100120092619 25.714286
100120092719 33.333333
100120092819 24.761905
100120092919 20.00
100120093019 20.00
100120093119 17.142857
100120093219 24.761905
100120093319 20.00
100120093419 19.047619
100120093519 25.714286
100120093619 19.047619
100120093719 19.047619
100120093819 25.714286
100120093919 29.52381
100120094019 17.142857
100120094119 29.52381
100120094219 17.142857
100120094319 25.714286
100120094419 17.142857
100120094519 20.952381
100120094619 20.952381
100120094719 20.00
100120094819 18.095238
100120094919 16.190476
100120095019 21.904762
100120095119 20.952381
100120095219 26.666667
100120095319 25.714286
100120095419 20.00
100120095519 20.952381
100120095619 17.142857
100120095719 21.904762
100120095819 17.142857
100120095919 25.714286
100120100019 16.190476
100120100119 15.238095
100120100219 26.666667
100120100319 27.619048
100120100419 23.809524
100120100519 20.952381
100120100619 31.428571
100120100719 15.238095
100120100819 24.761905
100120100919 23.809524
100120101019 21.904762
100120101119 30.47619
100120101219 24.761905
100120101319 20.00
100120101419 20.952381
100120101519 21.904762
100120101619 20.00
100120101719 21.904762
100120101819 22.857143
100120101919 20.952381
100120102019 23.809524
100120102119 13.333333
100120102219 27.619048
100120102319 26.666667
100120102419 14.285714
100120102519 22.857143
100120102619 18.095238
100120102719 19.047619
100120102819 18.095238
100120102919 24.761905
100120103019 19.047619
100120103119 21.904762
100120103219 22.857143
100120103319 22.857143
100120103419 28.571429
100120103519 22.857143
100120103619 20.00
100120103719 20.952381
100120103819 18.095238
100120103919 21.904762
100120104019 18.095238
100120104119 21.904762
100120104219 26.666667
100120104319 16.190476
100120104419 30.47619
100120104519 26.666667
100120104619 31.428571
100120104719 34.285714
100120104819 20.952381
100120104919 22.857143
100120105019 26.666667
100120105119 17.142857
100120105219 28.571429
100120105319 24.761905
100120105419 15.238095
100120105519 20.00
100120105619 21.904762
100120105719 20.952381
100120105819 22.857143
100120105919 20.00
100120110019 21.904762
100120110119 19.047619
100120110219 21.904762
100120110319 24.761905
100120110419 23.809524
100120110519 20.952381
100120110619 20.952381
100120110719 30.47619
100120110819 13.333333
100120110919 19.047619
100120111019 21.904762
100120111119 18.095238
100120111219 19.047619
100120111319 28.571429
100120111419 24.761905
100120111519 18.095238
100120111619 21.904762
100120111719 27.619048
100120111819 30.47619
100120111919 19.047619
100120112019 21.904762
100120112119 26.666667
100120112219 19.047619
100120112319 20.00
100120112419 21.904762
100120112519 19.047619
100120112619 20.952381
100120112719 27.619048
100120112819 27.619048
100120112919 25.714286
100120113019 24.761905
100120113119 32.380952
100120113219 24.761905
100120113319 21.904762
100120113419 18.095238
100120113519 19.047619
100120113619 20.952381
100120113719 26.666667
100120113819 18.095238
100120113919 26.666667
100120114019 18.095238
100120114119 15.238095
100120114219 18.095238
100120114319 27.619048
100120114419 17.142857
100120114519 21.904762
100120114619 23.809524
100120114719 25.714286
100120114819 21.904762
100120114919 20.952381
100120115019 25.714286
100120115119 24.761905
100120115219 20.00
100120115319 23.809524
100120115419 19.047619
100120115519 19.047619
100120115619 30.47619
100120115719 32.380952
100120115819 16.190476
100120115919 20.952381
100120120019 19.047619
100120120119 18.095238
100120120219 20.952381
100120120319 24.761905
100120120419 28.571429
100120120519 25.714286
100120120619 20.00
100120120719 14.285714
100120120819 17.142857
100120120919 21.904762
100120121019 20.952381
100120121119 29.52381
100120121219 19.047619
100120121319 29.52381
100120121419 18.095238
100120121519 18.095238
100120121619 24.761905
100120121719 23.809524
100120121819 20.00
100120121919 20.952381
100120122019 20.00
100120122119 17.142857
100120122219 18.095238
100120122319 21.904762
100120122419 22.857143
100120122519 27.619048
100120122619 24.761905
100120122719 33.333333
100120122819 17.142857
100120122919 16.190476
100120123019 20.00
100120123119 32.380952
100120123219 20.952381
100120123319 21.904762
100120123419 19.047619
100120123519 22.857143
100120123619 20.00
100120123719 20.00
100120123819 23.809524
100120123919 25.714286
100120124019 22.857143
100120124119 27.619048
100120124219 20.952381
100120124319 19.047619
100120124419 23.809524
100120124519 23.809524
100120124619 28.571429
100120124719 14.285714
100120124819 18.095238
100120124919 20.952381
100120125019 18.095238
100120125119 20.952381
100120125219 24.761905
100120125319 20.00
100120125419 26.666667
100120125519 31.428571
100120125619 16.190476
100120125719 23.809524
100120125819 21.904762
100120125919 31.428571
100120130019 24.761905
100120130119 20.00
100120130219 23.809524
100120130319 17.142857
100120130419 23.809524
100120130519 27.619048
100120130619 26.666667
100120130719 21.904762
100120130819 20.00
100120130919 24.761905
100120131019 17.142857
100120131119 22.857143
100120131219 20.00
100120131319 20.952381
100120131419 27.619048
100120131519 14.285714
100120131619 22.857143
100120131719 31.428571
100120131819 24.761905
100120131919 16.190476
100120132019 20.952381
100120132119 22.857143
100120132219 21.904762
100120132319 24.761905
100120132419 11.428571
100120132519 20.952381
100120132619 25.714286
100120132719 20.00
100120132819 27.619048
100120132919 15.238095
100120133019 18.095238
100120133119 20.00
100120133219 16.190476
100120133319 30.47619
100120133419 20.952381
100120133519 28.571429
100120133619 27.619048
100120133719 22.857143
100120133819 15.238095
100120133919 22.857143
100120134019 20.952381
100120134119 22.857143
100120134219 22.857143
100120134319 22.857143
100120134419 20.00
100120134519 23.809524
100120134619 22.857143
100120134719 28.571429
100120134819 20.00
100120134919 23.809524
100120135019 28.571429
100120135119 18.095238
100120135219 19.047619
100120135319 23.809524
100120135419 14.285714
100120135519 17.142857
100120135619 20.952381
100120135719 25.714286
100120135819 27.619048
100120135919 20.00
100120140019 23.809524
100120140119 13.333333
100120140219 27.619048
100120140319 20.952381
100120140419 21.904762
100120140519 22.857143
100120140619 25.714286
100120140719 19.047619
100120140819 20.952381
100120140919 24.761905
100120141019 20.00
100120141119 14.285714
100120141219 19.047619
100120141319 21.904762
100120141419 11.428571
100120141519 17.142857
100120141619 26.666667
100120141719 23.809524
100120141819 21.904762
100120141919 22.857143
100120142019 20.952381
100120142119 18.095238
100120142219 23.809524
100120142319 19.047619
100120142419 19.047619
100120142519 18.095238
100120142619 18.095238
100120142719 8.571429
100120142819 15.238095
100120142919 19.047619
100120143019 20.00
100120143119 22.857143
100120143219 9.52381
100120143319 21.904762
100120143419 22.857143
100120143519 29.52381
100120143619 22.857143
100120143719 20.00
100120143819 9.52381
100120143919 20.00
100120144019 18.095238
100120144119 24.761905
100120144219 21.904762
100120144319 23.809524
100120144419 20.00
100120144519 24.761905
100120144619 18.095238
100120144719 31.428571
100120144819 14.285714
100120144919 21.904762
100120145019 20.00
100120145119 29.52381
100120145219 23.809524
100120145319 23.809524
100120145419 21.904762
100120145519 11.428571
100120145619 17.142857
100120145719 17.142857
100120145819 27.619048
100120145919 24.761905
100120150019 21.904762
100120150119 20.00
100120150219 24.761905
100120150319 22.857143
100120150419 30.47619
100120150519 13.333333
100120150619 19.047619
100120150719 19.047619
100120150819 26.666667
100120150919 16.190476
100120151019 19.047619
100120151119 25.714286
100120151219 30.47619
100120151319 24.761905
100120151419 27.619048
100120151519 15.238095
100120151619 33.333333
100120151719 24.761905
100120151819 20.00
100120151919 20.952381
100120152019 17.142857
100120152119 22.857143
100120152219 22.857143
100120152319 29.52381
100120152419 20.00
100120152519 21.904762
100120152619 20.952381
100120152719 17.142857
100120152819 24.761905
100120152919 16.190476
100120153019 19.047619
100120153119 27.619048
100120153219 20.00
100120153319 20.952381
100120153419 12.380952
100120153519 20.00
100120153619 15.238095
100120153719 26.666667
100120153819 21.904762
100120153919 17.142857
100120154019 21.904762
100120154119 23.809524
100120154219 20.00
100120154319 25.714286
100120154419 27.619048
100120154519 20.952381
100120154619 23.809524
100120154719 22.857143
100120154819 22.857143
100120154919 20.952381
100120155019 24.761905
100120155119 19.047619
100120155219 23.809524
100120155319 13.333333
100120155419 19.047619
100120155519 21.904762
100120155619 27.619048
100120155719 15.238095
100120155819 24.761905
100120155919 22.857143
100120160019 22.857143
100120160119 28.571429
100120160219 24.761905
100120160319 21.904762
100120160419 20.952381
100120160519 22.857143
100120160619 12.380952
100120160719 19.047619
100120160819 24.761905
100120160919 30.47619
100120161019 24.761905
100120161119 25.714286
100120161219 20.00
100120161319 23.809524
100120161419 24.761905
100120161519 18.095238
100120161619 24.761905
100120161719 16.190476
100120161819 27.619048
100120161919 20.00
100120162019 24.761905
100120162119 26.666667
100120162219 23.809524
100120162319 23.809524
100120162419 25.714286
100120162519 19.047619
100120162619 20.952381
100120162719 22.857143
100120162819 19.047619
100120162919 22.857143
100120163019 22.857143
100120163119 19.047619
100120163219 18.095238
100120163319 25.714286
100120163419 14.285714
100120163519 19.047619
100120163619 23.809524
100120163719 18.095238
100120163819 15.238095
100120163919 19.047619
100120164019 21.904762
100120164119 22.857143
100120164219 32.380952
100120164319 17.142857
100120164419 20.00
100120164519 23.809524
100120164619 13.333333
100120164719 17.142857
100120164819 22.857143
100120164919 28.571429
100120165019 21.904762
100120165119 20.00
100120165219 20.00
100120165319 27.619048
100120165419 24.761905
100120165519 18.095238
100120165619 15.238095
100120165719 21.904762
100120165819 19.047619
100120165919 28.571429
100120170019 18.095238
100120170119 21.904762
100120170219 20.952381
100120170319 19.047619
100120170419 23.809524
100120170519 23.809524
100120170619 20.952381
100120170719 15.238095
100120170819 26.666667
100120170919 21.904762
100120171019 22.857143
100120171119 25.714286
100120171219 20.952381
100120171319 22.857143
100120171419 22.857143
100120171519 21.904762
100120171619 29.52381
100120171719 20.00
100120171819 22.857143
100120171919 20.952381
100120172019 26.666667
100120172119 22.857143
100120172219 27.619048
100120172319 17.142857
100120172419 16.190476
100120172519 18.095238
100120172619 25.714286
100120172719 18.095238
100120172819 26.666667
100120172919 19.047619
100120173019 23.809524
100120173119 27.619048
100120173219 18.095238
100120173319 25.714286
100120173419 22.857143
100120173519 17.142857
100120173619 21.904762
100120173719 17.142857
100120173819 26.666667
100120173919 20.00
100120174019 25.714286
100120174119 31.428571
100120174219 25.714286
100120174319 30.47619
100120174419 20.952381
100120174519 22.857143
100120174619 19.047619
100120174719 18.095238
100120174819 25.714286
100120174919 18.095238
100120175019 18.095238
100120175119 32.380952
100120175219 27.619048
100120175319 24.761905
100120175419 18.095238
100120175519 18.095238
100120175619 19.047619
100120175719 20.952381
100120175819 18.095238
100120175919 23.809524
100120180019 19.047619
100120180119 16.190476
100120180219 18.095238
100120180319 25.714286
100120180419 18.095238
100120180519 26.666667
100120180619 26.666667
100120180719 24.761905
100120180819 23.809524
100120180919 16.190476
100120181019 26.666667
100120181119 30.47619
100120181219 23.809524
100120181319 29.52381
100120181419 22.857143
100120181519 25.714286
100120181619 22.857143
100120181719 18.095238
100120181819 28.571429
100120181919 26.666667
100120182019 27.619048
100120182119 21.904762
100120182219 18.095238
100120182319 21.904762
100120182419 23.809524
100120182519 20.952381
100120182619 23.809524
100120182719 20.00
100120182819 17.142857
100120182919 20.00
100120183019 15.238095
100120183119 18.095238
100120183219 29.52381
100120183319 20.952381
100120183419 23.809524
100120183519 29.52381
100120183619 24.761905
100120183719 20.00
100120183819 27.619048
100120183919 21.904762
100120184019 20.952381
100120184119 25.714286
100120184219 27.619048
100120184319 20.952381
100120184419 31.428571
100120184519 28.571429
100120184619 18.095238
100120184719 19.047619
100120184819 17.142857
100120184919 24.761905
100120185019 19.047619
100120185119 31.428571
100120185219 21.904762
100120185319 20.00
100120185419 25.714286
100120185519 29.52381
100120185619 21.904762
100120185719 25.714286
100120185819 17.142857
100120185919 20.952381
100120190019 21.904762
100120190119 21.904762
100120190219 20.00
100120190319 26.666667
100120190419 21.904762
100120190519 21.904762
100120190619 26.666667
100120190719 20.952381
100120190819 26.666667
100120190919 24.761905
100120191019 17.142857
100120191119 20.952381
100120191219 21.904762
100120191319 18.095238
100120191419 13.333333
100120191519 14.285714
100120191619 19.047619
100120191719 27.619048
100120191819 21.904762
100120191919 14.285714
100120192019 18.095238
100120192119 25.714286
100120192219 23.809524
100120192319 36.190476
100120192419 20.00
100120192519 21.904762
100120192619 23.809524
100120192719 23.809524
100120192819 18.095238
100120192919 19.047619
100120193019 31.428571
100120193119 24.761905
100120193219 15.238095
100120193319 22.857143
100120193419 23.809524
100120193519 24.761905
100120193619 24.761905
100120193719 23.809524
100120193819 23.809524
100120193919 17.142857
100120194019 20.952381
100120194119 22.857143
100120194219 19.047619
100120194319 23.809524
100120194419 30.47619
100120194519 24.761905
100120194619 21.904762
100120194719 20.952381
100120194819 24.761905
100120194919 22.857143
100120195019 29.52381
100120195119 23.809524
100120195219 18.095238
100120195319 26.666667
100120195419 20.00
100120195519 24.761905
100120195619 37.142857
100120195719 11.428571
100120195819 22.857143
100120195919 15.238095
100120200019 30.47619
100120200119 26.666667
100120200219 23.809524
100120200319 22.857143
100120200419 19.047619
100120200519 25.714286
100120200619 13.333333
100120200719 20.00
100120200819 19.047619
100120200919 23.809524
100120201019 22.857143
100120201119 17.142857
100120201219 19.047619
100120201319 15.238095
100120201419 24.761905
100120201519 24.761905
100120201619 21.904762
100120201719 17.142857
100120201819 25.714286
100120201919 18.095238
100120202019 26.666667
100120202119 21.904762
100120202219 21.904762
100120202319 20.00
100120202419 28.571429
100120202519 21.904762
100120202619 26.666667
100120202719 16.190476
100120202819 19.047619
100120202919 19.047619
100120203019 20.952381
100120203119 24.761905
100120203219 20.952381
100120203319 21.904762
100120203419 24.761905
100120203519 19.047619
100120203619 24.761905
100120203719 26.666667
100120203819 24.761905
100120203919 19.047619
100120204019 28.571429
100120204119 20.952381
100120204219 20.952381
100120204319 23.809524
100120204419 23.809524
100120204519 17.142857
100120204619 20.952381
100120204719 20.00
100120204819 18.095238
100120204919 16.190476
100120205019 24.761905
100120205119 15.238095
100120205219 22.857143
100120205319 18.095238
100120205419 27.619048
100120205519 29.52381
100120205619 25.714286
100120205719 24.761905
100120205819 25.714286
100120205919 21.904762
100120210019 27.619048
100120210119 15.238095
100120210219 28.571429
100120210319 17.142857
100120210419 24.761905
100120210519 32.380952
100120210619 22.857143
100120210719 20.00
100120210819 23.809524
100120210919 20.00
100120211019 17.142857
100120211119 16.190476
100120211219 23.809524
100120211319 29.52381
100120211419 12.380952
100120211519 19.047619
100120211619 21.904762
100120211719 27.619048
100120211819 30.47619
100120211919 16.190476
100120212019 20.00
100120212119 26.666667
100120212219 27.619048
100120212319 16.190476
100120212419 19.047619
100120212519 34.285714
100120212619 12.380952
100120212719 23.809524
100120212819 29.52381
100120212919 24.761905
100120213019 24.761905
100120213119 22.857143
100120213219 25.714286
100120213319 20.00
100120213419 20.952381
100120213519 13.333333
100120213619 25.714286
100120213719 23.809524
100120213819 21.904762
100120213919 20.952381
100120214019 16.190476
100120214119 20.952381
100120214219 33.333333
100120214319 23.809524
100120214419 19.047619
100120214519 22.857143
100120214619 17.142857
100120214719 20.00
100120214819 30.47619
100120214919 26.666667
100120215019 20.00
100120215119 24.761905
100120215219 21.904762
100120215319 20.00
100120215419 31.428571
100120215519 21.904762
100120215619 22.857143
100120215719 21.904762
100120215819 28.571429
100120215919 16.190476
100120220019 29.52381
100120220119 21.904762
100120220219 28.571429
100120220319 16.190476
100120220419 16.190476
100120220519 19.047619
100120220619 16.190476
100120220719 20.952381
100120220819 21.904762
100120220919 26.666667
100120221019 23.809524
100120221119 20.952381
100120221219 24.761905
100120221319 26.666667
100120221419 22.857143
100120221519 24.761905
100120221619 25.714286
100120221719 20.00
100120221819 25.714286
100120221919 27.619048
100120222019 17.142857
100120222119 18.095238
100120222219 14.285714
100120222319 20.952381
100120222419 26.666667
100120222519 13.333333
100120222619 14.285714
100120222719 19.047619
100120222819 23.809524
100120222919 20.00
100120223019 20.952381
100120223119 25.714286
100120223219 24.761905
100120223319 26.666667
100120223419 24.761905
100120223519 25.714286
100120223619 21.904762
100120223719 20.952381
100120223819 20.952381
100120223919 21.904762
100120224019 19.047619
100120224119 15.238095
100120224219 17.142857
100120224319 24.761905
100120224419 20.952381
100120224519 19.047619
100120224619 16.190476
100120224719 24.761905
100120224819 18.095238
100120224919 23.809524
100120225019 23.809524
100120225119 25.714286
100120225219 21.904762
100120225319 24.761905
100120225419 38.095238
100120225519 22.857143
100120225619 29.52381
100120225719 22.857143
100120225819 24.761905
100120225919 16.190476
100120230019 26.666667
100120230119 23.809524
100120230219 27.619048
100120230319 18.095238
100120230419 20.00
100120230519 22.857143
100120230619 16.190476
100120230719 25.714286
100120230819 20.00
100120230919 24.761905
100120231019 24.761905
100120231119 14.285714
100120231219 29.52381
100120231319 20.952381
100120231419 20.952381
100120231519 20.00
100120231619 27.619048
100120231719 29.52381
100120231819 26.666667
100120231919 35.238095
100120232019 19.047619
100120232119 23.809524
100120232219 27.619048
100120232319 23.809524
100120232419 21.904762
100120232519 21.904762
100120232619 24.761905
100120232719 20.952381
100120232819 28.571429
100120232919 19.047619
100120233019 19.047619
100120233119 21.904762
100120233219 19.047619
100120233319 21.904762
100120233419 20.00
100120233519 17.142857
100120233619 18.095238
100120233719 20.00
100120233819 21.904762
100120233919 20.952381
100120234019 23.809524
100120234119 27.619048
100120234219 25.714286
100120234319 24.761905
100120234419 20.00
100120234519 20.952381
100120234619 21.904762
100120234719 18.095238
100120234819 20.952381
100120234919 15.238095
100120235019 20.952381
100120235119 18.095238
100120235219 17.142857
100120235319 16.190476
100120235419 15.238095
100120235519 21.904762
100120235619 18.095238
100120235719 15.238095
100120235819 23.809524
100120235919 17.142857
100121000019 22.857143
100121000119 15.238095
100121000219 22.857143
100121000319 28.571429
100121000419 22.857143
100121000519 22.857143
100121000619 24.761905
100121000719 24.761905
100121000819 17.142857
100121000919 17.142857
100121001019 25.714286
100121001119 22.857143
100121001219 28.571429
100121001319 27.619048
100121001419 20.00
100121001519 25.714286
100121001619 18.095238
100121001719 33.333333
100121001819 25.714286
100121001919 17.142857
100121002019 23.809524
100121002119 22.857143
100121002219 28.571429
100121002319 15.238095
100121002419 15.238095
100121002519 25.714286
100121002619 20.00
100121002719 19.047619
100121002819 21.904762
100121002919 32.380952
100121003019 26.666667
100121003119 11.428571
100121003219 23.809524
100121003319 29.52381
100121003419 20.00
100121003519 23.809524
100121003619 24.761905
100121003719 22.857143
100121003819 31.428571
100121003919 25.714286
100121004019 27.619048
100121004119 20.00
100121004219 22.857143
100121004319 21.904762
100121004419 15.238095
100121004519 20.952381
100121004619 14.285714
100121004719 23.809524
100121004819 21.904762
100121004919 23.809524
100121005019 18.095238
100121005119 25.714286
100121005219 20.952381
100121005319 25.714286
100121005419 21.904762
100121005519 20.00
100121005619 20.00
100121005719 24.761905
100121005819 22.857143
100121005919 20.00
100121010019 22.857143
100121010119 21.904762
100121010219 23.809524
100121010319 24.761905
100121010419 14.285714
100121010519 24.761905
100121010619 21.904762
100121010719 24.761905
100121010819 19.047619
100121010919 22.857143
100121011019 22.857143
100121011119 24.761905
100121011219 26.666667
100121011319 35.238095
100121011419 20.952381
100121011519 23.809524
100121011619 15.238095
100121011719 26.666667
100121011819 20.952381
100121011919 20.952381
100121012019 25.714286
100121012119 22.857143
100121012219 22.857143
100121012319 19.047619
100121012419 20.952381
100121012519 30.47619
100121012619 20.00
100121012719 18.095238
100121012819 12.380952
100121012919 31.428571
100121013019 21.904762
100121013119 25.714286
100121013219 19.047619
100121013319 26.666667
100121013419 19.047619
100121013519 20.952381
100121013619 22.857143
100121013719 15.238095
100121013819 16.190476
100121013919 22.857143
100121014019 26.666667
100121014119 20.952381
100121014219 22.857143
100121014319 18.095238
100121014419 16.190476
100121014519 22.857143
100121014619 28.571429
100121014719 26.666667
100121014819 21.904762
100121014919 20.952381
100121015019 23.809524
100121015119 19.047619
100121015219 26.666667
100121015319 22.857143
100121015419 20.952381
100121015519 13.333333
100121015619 28.571429
100121015719 19.047619
100121015819 21.904762
100121015919 22.857143
100121020019 11.428571
100121020119 29.52381
100121020219 11.428571
100121020319 18.095238
100121020419 29.52381
100121020519 20.952381
100121020619 24.761905
100121020719 15.238095
100121020819 23.809524
100121020919 20.00
100121021019 29.52381
100121021119 20.952381
100121021219 26.666667
100121021319 20.952381
100121021419 16.190476
100121021519 18.095238
100121021619 17.142857
100121021719 15.238095
100121021819 20.952381
100121021919 21.904762
100121022019 25.714286
100121022119 29.52381
100121022219 19.047619
100121022319 22.857143
100121022419 17.142857
100121022519 20.952381
100121022619 20.952381
100121022719 19.047619
100121022819 20.00
100121022919 21.904762
100121023019 17.142857
100121023119 20.952381
100121023219 19.047619
100121023319 20.952381
100121023419 20.00
100121023519 26.666667
100121023619 25.714286
100121023719 20.00
100121023819 23.809524
100121023919 20.00
100121024019 20.952381
100121024119 19.047619
100121024219 23.809524
100121024319 20.952381
100121024419 23.809524
100121024519 20.00
100121024619 27.619048
100121024719 24.761905
100121024819 19.047619
100121024919 20.00
100121025019 20.00
100121025119 17.142857
100121025219 22.857143
100121025319 23.809524
100121025419 19.047619
100121025519 28.571429
100121025619 25.714286
100121025719 25.714286
100121025819 18.095238
100121025919 21.904762
100121030019 23.809524
100121030119 23.809524
100121030219 21.904762
100121030319 18.095238
100121030419 22.857143
100121030519 20.952381
100121030619 17.142857
100121030719 23.809524
100121030819 23.809524
100121030919 20.00
100121031019 23.809524
100121031119 24.761905
100121031219 23.809524
100121031319 18.095238
100121031419 19.047619
100121031519 27.619048
100121031619 26.666667
100121031719 20.952381
100121031819 20.952381
100121031919 20.952381
100121032019 22.857143
100121032119 26.666667
100121032219 20.00
100121032319 16.190476
100121032419 27.619048
100121032519 20.952381
100121032619 29.52381
100121032719 16.190476
100121032819 23.809524
100121032919 16.190476
100121033019 15.238095
100121033119 22.857143
100121033219 18.095238
100121033319 22.857143
100121033419 29.52381
100121033519 19.047619
100121033619 31.428571
100121033719 23.809524
100121033819 19.047619
100121033919 24.761905
100121034019 20.952381
100121034119 27.619048
100121034219 17.142857
100121034319 21.904762
100121034419 28.571429
100121034519 24.761905
100121034619 25.714286
100121034719 20.00
100121034819 16.190476
100121034919 19.047619
100121035019 21.904762
100121035119 18.095238
100121035219 18.095238
100121035319 19.047619
100121035419 24.761905
100121035519 28.571429
100121035619 31.428571
100121035719 16.190476
100121035819 24.761905
100121035919 21.904762
100121040019 12.380952
100121040119 15.238095
100121040219 27.619048
100121040319 21.904762
100121040419 21.904762
100121040519 20.952381
100121040619 16.190476
100121040719 20.952381
100121040819 20.952381
100121040919 22.857143
100121041019 22.857143
100121041119 25.714286
100121041219 20.00
100121041319 21.904762
100121041419 20.00
100121041519 21.904762
100121041619 23.809524
100121041719 17.142857
100121041819 28.571429
100121041919 19.047619
100121042019 20.952381
100121042119 29.52381
100121042219 19.047619
100121042319 13.333333
100121042419 17.142857
100121042519 20.00
100121042619 25.714286
100121042719 20.952381
100121042819 15.238095
100121042919 29.52381
100121043019 23.809524
100121043119 19.047619
100121043219 21.904762
100121043319 24.761905
100121043419 21.904762
100121043519 22.857143
100121043619 25.714286
100121043719 24.761905
100121043819 27.619048
100121043919 17.142857
100121044019 20.00
100121044119 28.571429
100121044219 17.142857
100121044319 16.190476
100121044419 19.047619
100121044519 23.809524
100121044619 31.428571
100121044719 20.952381
100121044819 22.857143
100121044919 22.857143
100121045019 20.952381
100121045119 15.238095
100121045219 19.047619
100121045319 22.857143
100121045419 20.952381
100121045519 28.571429
100121045619 23.809524
100121045719 21.904762
100121045819 28.571429
100121045919 17.142857
100121050019 20.952381
100121050119 21.904762
100121050219 23.809524
100121050319 33.333333
100121050419 18.095238
100121050519 21.904762
100121050619 19.047619
100121050719 20.00
100121050819 17.142857
100121050919 21.904762
100121051019 15.238095
100121051119 16.190476
100121051219 25.714286
100121051319 37.142857
100121051419 20.952381
100121051519 15.238095
100121051619 14.285714
100121051719 24.761905
100121051819 34.285714
100121051919 32.380952
100121052019 25.714286
100121052119 24.761905
100121052219 25.714286
100121052319 17.142857
100121052419 27.619048
100121052519 18.095238
100121052619 20.00
100121052719 21.904762
100121052819 14.285714
100121052919 30.47619
100121053019 15.238095
100121053119 25.714286
100121053219 23.809524
100121053319 23.809524
100121053419 25.714286
100121053519 28.571429
100121053619 27.619048
100121053719 21.904762
100121053819 16.190476
100121053919 17.142857
100121054019 22.857143
100121054119 26.666667
100121054219 25.714286
100121054319 25.714286
100121054419 18.095238
100121054519 19.047619
100121054619 20.952381
100121054719 26.666667
100121054819 22.857143
100121054919 17.142857
100121055019 19.047619
100121055119 17.142857
100121055219 20.952381
100121055319 20.00
100121055419 13.333333
100121055519 31.428571
100121055619 21.904762
100121055719 31.428571
100121055819 25.714286
100121055919 31.428571
100121060019 19.047619
100121060119 24.761905
100121060219 18.095238
100121060319 20.00
100121060419 16.190476
100121060519 29.52381
100121060619 27.619048
100121060719 21.904762
100121060819 17.142857
100121060919 20.952381
100121061019 13.333333
100121061119 25.714286
100121061219 17.142857
100121061319 25.714286
100121061419 20.00
100121061519 20.00
100121061619 22.857143
100121061719 27.619048
100121061819 20.952381
100121061919 18.095238
100121062019 21.904762
100121062119 25.714286
100121062219 25.714286
100121062319 23.809524
100121062419 17.142857
100121062519 17.142857
100121062619 17.142857
100121062719 21.904762
100121062819 20.952381
100121062919 20.00
100121063019 20.00
100121063119 16.190476
100121063219 20.00
100121063319 26.666667
100121063419 20.952381
100121063519 26.666667
100121063619 17.142857
100121063719 25.714286
100121063819 20.952381
100121063919 14.285714
100121064019 28.571429
100121064119 23.809524
100121064219 21.904762
100121064319 24.761905
100121064419 17.142857
100121064519 21.904762
100121064619 25.714286
100121064719 30.47619
100121064819 27.619048
100121064919 24.761905
100121065019 28.571429
100121065119 27.619048
100121065219 26.666667
100121065319 21.904762
100121065419 21.904762
100121065519 20.952381
100121065619 21.904762
100121065719 26.666667
100121065819 26.666667
100121065919 20.952381
100121070019 18.095238
100121070119 17.142857
100121070219 20.00
100121070319 26.666667
100121070419 27.619048
100121070519 17.142857
100121070619 24.761905
100121070719 20.00
100121070819 20.00
100121070919 26.666667
100121071019 18.095238
100121071119 23.809524
100121071219 24.761905
100121071319 17.142857
100121071419 24.761905
100121071519 21.904762
100121071619 26.666667
100121071719 27.619048
100121071819 29.52381
100121071919 28.571429
100121072019 24.761905
100121072119 20.00
100121072219 19.047619
100121072319 16.190476
100121072419 25.714286
100121072519 16.190476
100121072619 25.714286
100121072719 23.809524
100121072819 27.619048
100121072919 25.714286
100121073019 18.095238
100121073119 21.904762
100121073219 22.857143
100121073319 14.285714
100121073419 17.142857
100121073519 24.761905
100121073619 17.142857
100121073719 20.952381
100121073819 24.761905
100121073919 18.095238
100121074019 20.00
100121074119 21.904762
100121074219 20.00
100121074319 15.238095
100121074419 24.761905
100121074519 18.095238
100121074619 19.047619
100121074719 21.904762
100121074819 24.761905
100121074919 26.666667
100121075019 22.857143
100121075119 20.952381
100121075219 17.142857
100121075319 23.809524
100121075419 20.952381
100121075519 24.761905
100121075619 24.761905
100121075719 27.619048
100121075819 28.571429
100121075919 18.095238
100121080019 19.047619
100121080119 20.00
100121080219 19.047619
100121080319 20.952381
100121080419 17.142857
100121080519 20.00
100121080619 18.095238
100121080719 29.52381
100121080819 22.857143
100121080919 17.142857
100121081019 21.904762
100121081119 26.666667
100121081219 14.285714
100121081319 20.952381
100121081419 25.714286
100121081519 20.952381
100121081619 19.047619
100121081719 24.761905
100121081819 21.904762
100121081919 25.714286
100121082019 23.809524
100121082119 22.857143
100121082219 28.571429
100121082319 23.809524
100121082419 19.047619
100121082519 23.809524
100121082619 18.095238
100121082719 22.857143
100121082819 27.619048
100121082919 10.47619
100121083019 24.761905
100121083119 22.857143
100121083219 21.904762
100121083319 30.47619
100121083419 31.428571
100121083519 25.714286
100121083619 21.904762
100121083719 22.857143
100121083819 16.190476
100121083919 19.047619
100121084019 20.00
100121084119 28.571429
100121084219 20.952381
100121084319 28.571429
100121084419 20.952381
100121084519 20.00
100121084619 26.666667
100121084719 25.714286
100121084819 31.428571
100121084919 11.428571
100121085019 21.904762
100121085119 22.857143
100121085219 19.047619
100121085319 33.333333
100121085419 19.047619
100121085519 25.714286
100121085619 21.904762
100121085719 13.333333
100121085819 14.285714
100121085919 27.619048
100121090019 26.666667
