Window Title:  Aw-Radw Exec # 1
Com Port: 1  TBU: 60 sec.  TBUs Averaged per Line: 1
Calibration Factor: 105.00 Detector Dead Time: 35 microsecs. Time: Thu Oct 14 15:21:01 2010
101014152101 25.714286
101014152201 20.00
101014152301 25.714286
101014152401 21.904762
101014152501 17.142857
101014152601 19.047619
101014152701 24.761905
101014152801 26.666667
101014152901 23.809524
101014153001 21.904762
101014153101 16.190476
101014153201 26.666667
101014153301 20.00
101014153401 25.714286
101014153501 31.428571
101014153601 24.761905
101014153701 11.428571
101014153801 21.904762
101014153901 20.952381
101014154001 16.190476
101014154101 31.428571
101014154201 21.904762
101014154301 20.00
101014154401 20.00
101014154501 20.00
101014154601 16.190476
101014154701 16.190476
101014154801 20.00
101014154901 27.619048
101014155001 10.47619
101014155101 18.095238
101014155201 21.904762
101014155301 26.666667
101014155401 24.761905
101014155501 24.761905
101014155601 21.904762
101014155701 21.904762
101014155801 26.666667
101014155901 23.809524
101014160001 24.761905
101014160101 22.857143
101014160201 20.00
101014160301 20.952381
101014160401 27.619048
101014160501 22.857143
101014160601 22.857143
101014160701 21.904762
101014160801 18.095238
101014160901 19.047619
101014161001 21.904762
101014161101 18.095238
101014161201 18.095238
101014161301 21.904762
101014161401 30.47619
101014161501 20.952381
101014161601 28.571429
101014161701 17.142857
101014161801 14.285714
101014161901 17.142857
101014162001 20.952381
101014162101 21.904762
101014162201 27.619048
101014162301 18.095238
101014162401 20.00
101014162501 27.619048
101014162601 21.904762
101014162701 20.952381
101014162801 18.095238
101014162901 22.857143
101014163001 22.857143
101014163101 16.190476
101014163201 15.238095
101014163301 23.809524
101014163401 17.142857
101014163501 24.761905
101014163601 31.428571
101014163701 25.714286
101014163801 26.666667
101014163901 23.809524
101014164001 19.047619
101014164101 30.47619
101014164201 21.904762
101014164301 18.095238
101014164401 28.571429
101014164501 25.714286
101014164601 28.571429
101014164701 28.571429
101014164801 26.666667
101014164901 24.761905
101014165001 21.904762
101014165101 18.095238
101014165201 20.00
101014165301 19.047619
101014165401 25.714286
101014165501 26.666667
101014165601 27.619048
101014165701 25.714286
101014165801 15.238095
101014165901 14.285714
101014170001 21.904762
101014170101 26.666667
101014170201 23.809524
101014170301 32.380952
101014170401 13.333333
101014170501 28.571429
101014170601 20.952381
101014170701 28.571429
101014170801 35.238095
101014170901 20.00
101014171001 24.761905
101014171101 20.00
101014171201 18.095238
101014171301 19.047619
101014171401 20.00
101014171501 23.809524
101014171601 19.047619
101014171701 19.047619
101014171801 19.047619
101014171901 23.809524
101014172001 18.095238
101014172101 21.904762
101014172201 23.809524
101014172301 23.809524
101014172401 20.00
101014172501 19.047619
101014172601 20.00
101014172701 18.095238
101014172801 14.285714
101014172901 20.00
101014173001 16.190476
101014173101 26.666667
101014173201 28.571429
101014173301 34.285714
101014173401 28.571429
101014173501 20.952381
101014173601 22.857143
101014173701 19.047619
101014173801 17.142857
101014173901 31.428571
101014174001 23.809524
101014174101 21.904762
101014174201 25.714286
101014174301 21.904762
101014174401 20.952381
101014174501 21.904762
101014174601 23.809524
101014174701 17.142857
101014174801 16.190476
101014174901 15.238095
101014175001 30.47619
101014175101 15.238095
101014175201 28.571429
101014175301 30.47619
101014175401 24.761905
101014175501 18.095238
101014175601 25.714286
101014175701 20.952381
101014175801 18.095238
101014175901 26.666667
101014180001 30.47619
101014180101 25.714286
101014180201 16.190476
101014180301 14.285714
101014180401 30.47619
101014180501 16.190476
101014180601 22.857143
101014180701 30.47619
101014180801 22.857143
101014180901 24.761905
101014181001 18.095238
101014181101 24.761905
101014181201 27.619048
101014181301 22.857143
101014181401 26.666667
101014181501 19.047619
101014181601 28.571429
101014181701 18.095238
101014181801 26.666667
101014181901 21.904762
101014182001 19.047619
101014182101 21.904762
101014182201 24.761905
101014182301 20.952381
101014182401 26.666667
101014182501 19.047619
101014182601 23.809524
101014182701 20.00
101014182801 16.190476
101014182901 31.428571
101014183001 20.952381
101014183101 20.00
101014183201 26.666667
101014183301 15.238095
101014183401 16.190476
101014183501 25.714286
101014183601 21.904762
101014183701 28.571429
101014183801 20.00
101014183901 25.714286
101014184001 19.047619
101014184101 24.761905
101014184201 18.095238
101014184301 25.714286
101014184401 31.428571
101014184501 21.904762
101014184601 29.52381
101014184701 20.00
101014184801 28.571429
101014184901 21.904762
101014185001 21.904762
101014185101 21.904762
101014185201 30.47619
101014185301 23.809524
101014185401 21.904762
101014185501 20.952381
101014185601 16.190476
101014185701 21.904762
101014185801 18.095238
101014185901 18.095238
101014190001 26.666667
101014190101 20.952381
101014190201 24.761905
101014190301 21.904762
101014190401 18.095238
101014190501 21.904762
101014190601 18.095238
101014190701 22.857143
101014190801 20.952381
101014190901 18.095238
101014191001 17.142857
101014191101 28.571429
101014191201 22.857143
101014191301 19.047619
101014191401 29.52381
101014191501 12.380952
101014191601 18.095238
101014191701 27.619048
101014191801 25.714286
101014191901 29.52381
101014192001 14.285714
101014192101 20.00
101014192201 20.952381
101014192301 15.238095
101014192401 30.47619
101014192501 27.619048
101014192601 19.047619
101014192701 25.714286
101014192801 21.904762
101014192901 23.809524
101014193001 15.238095
101014193101 17.142857
101014193201 19.047619
101014193301 16.190476
101014193401 27.619048
101014193501 18.095238
101014193601 15.238095
101014193701 20.00
101014193801 19.047619
101014193901 32.380952
101014194001 22.857143
101014194101 30.47619
101014194201 20.952381
101014194301 18.095238
101014194401 16.190476
101014194501 28.571429
101014194601 30.47619
101014194701 12.380952
101014194801 21.904762
101014194901 23.809524
101014195001 23.809524
101014195101 22.857143
101014195201 28.571429
101014195301 17.142857
101014195401 28.571429
101014195501 17.142857
101014195601 21.904762
101014195701 28.571429
101014195801 18.095238
101014195901 18.095238
101014200001 16.190476
101014200101 16.190476
101014200201 22.857143
101014200301 32.380952
101014200401 15.238095
101014200501 22.857143
101014200601 17.142857
101014200701 28.571429
101014200801 22.857143
101014200901 13.333333
101014201001 30.47619
101014201101 30.47619
101014201201 27.619048
101014201301 20.00
101014201401 20.952381
101014201501 27.619048
101014201601 20.00
101014201701 27.619048
101014201801 27.619048
101014201901 18.095238
101014202001 12.380952
101014202101 27.619048
101014202201 24.761905
101014202301 28.571429
101014202401 23.809524
101014202501 19.047619
101014202601 22.857143
101014202701 27.619048
101014202801 29.52381
101014202901 23.809524
101014203001 16.190476
101014203101 17.142857
101014203201 23.809524
101014203301 19.047619
101014203401 20.952381
101014203501 18.095238
101014203601 18.095238
101014203701 39.047619
101014203801 29.52381
101014203901 33.333333
101014204001 19.047619
101014204101 19.047619
101014204201 20.952381
101014204301 32.380952
101014204401 16.190476
101014204501 27.619048
101014204601 31.428571
101014204701 25.714286
101014204801 20.952381
101014204901 17.142857
101014205001 20.00
101014205101 20.00
101014205201 20.952381
101014205301 20.952381
101014205401 22.857143
101014205501 31.428571
101014205601 21.904762
101014205701 16.190476
101014205801 34.285714
101014205901 16.190476
101014210001 20.952381
101014210101 23.809524
101014210201 32.380952
101014210301 22.857143
101014210401 28.571429
101014210501 25.714286
101014210601 16.190476
101014210701 19.047619
101014210801 20.00
101014210901 25.714286
101014211001 14.285714
101014211101 20.952381
101014211201 22.857143
101014211301 22.857143
101014211401 29.52381
101014211501 17.142857
101014211601 23.809524
101014211701 27.619048
101014211801 30.47619
101014211901 25.714286
101014212001 20.00
101014212101 20.952381
101014212201 17.142857
101014212301 25.714286
101014212401 29.52381
101014212501 19.047619
101014212601 9.52381
101014212701 26.666667
101014212801 25.714286
101014212901 24.761905
101014213001 22.857143
101014213101 17.142857
101014213201 21.904762
101014213301 27.619048
101014213401 26.666667
101014213501 29.52381
101014213601 20.952381
101014213701 25.714286
101014213801 21.904762
101014213901 26.666667
101014214001 31.428571
101014214101 22.857143
101014214201 20.952381
101014214301 18.095238
101014214401 20.952381
101014214501 26.666667
101014214601 18.095238
101014214701 21.904762
101014214801 25.714286
101014214901 19.047619
101014215001 33.333333
101014215101 24.761905
101014215201 27.619048
101014215301 32.380952
101014215401 32.380952
101014215501 26.666667
101014215601 24.761905
101014215701 22.857143
101014215801 22.857143
101014215901 14.285714
101014220001 17.142857
101014220101 23.809524
101014220201 25.714286
101014220301 26.666667
101014220401 15.238095
101014220501 25.714286
101014220601 30.47619
101014220701 21.904762
101014220801 14.285714
101014220901 20.00
101014221001 23.809524
101014221101 20.00
101014221201 24.761905
101014221301 17.142857
101014221401 15.238095
101014221501 27.619048
101014221601 21.904762
101014221701 27.619048
101014221801 25.714286
101014221901 25.714286
101014222001 18.095238
101014222101 28.571429
101014222201 38.095238
101014222301 18.095238
101014222401 19.047619
101014222501 24.761905
101014222601 25.714286
101014222701 20.00
101014222801 22.857143
101014222901 16.190476
101014223001 29.52381
101014223101 20.952381
101014223201 25.714286
101014223301 18.095238
101014223401 14.285714
101014223501 20.00
101014223601 20.952381
101014223701 20.952381
101014223801 21.904762
101014223901 17.142857
101014224001 20.952381
101014224101 21.904762
101014224201 21.904762
101014224301 15.238095
101014224401 21.904762
101014224501 18.095238
101014224601 33.333333
101014224701 17.142857
101014224801 27.619048
101014224901 27.619048
101014225001 19.047619
101014225101 22.857143
101014225201 19.047619
101014225301 28.571429
101014225401 28.571429
101014225501 18.095238
101014225601 25.714286
101014225701 21.904762
101014225801 25.714286
101014225901 15.238095
101014230001 19.047619
101014230101 26.666667
101014230201 22.857143
101014230301 21.904762
101014230401 15.238095
101014230501 20.952381
101014230601 23.809524
101014230701 19.047619
101014230801 25.714286
101014230901 20.952381
101014231001 20.952381
101014231101 28.571429
101014231201 30.47619
101014231301 15.238095
101014231401 20.952381
101014231501 25.714286
101014231601 19.047619
101014231701 14.285714
101014231801 30.47619
101014231901 30.47619
101014232001 18.095238
101014232101 16.190476
101014232201 21.904762
101014232301 28.571429
101014232401 18.095238
101014232501 29.52381
101014232601 25.714286
101014232701 26.666667
101014232801 19.047619
101014232901 25.714286
101014233001 28.571429
101014233101 16.190476
101014233201 27.619048
101014233301 23.809524
101014233401 24.761905
101014233501 23.809524
101014233601 30.47619
101014233701 15.238095
101014233801 23.809524
101014233901 20.952381
101014234001 22.857143
101014234101 21.904762
101014234201 28.571429
101014234301 24.761905
101014234401 25.714286
101014234501 15.238095
101014234601 20.952381
101014234701 18.095238
101014234801 21.904762
101014234901 20.952381
101014235001 25.714286
101014235101 26.666667
101014235201 22.857143
101014235301 22.857143
101014235401 27.619048
101014235501 33.333333
101014235601 25.714286
101014235701 20.00
101014235801 16.190476
101014235901 21.904762
101015000001 16.190476
101015000101 17.142857
101015000201 17.142857
101015000301 19.047619
101015000401 22.857143
101015000501 19.047619
101015000601 21.904762
101015000701 16.190476
101015000801 23.809524
101015000901 20.952381
101015001001 14.285714
101015001101 29.52381
101015001201 23.809524
101015001301 13.333333
101015001401 21.904762
101015001501 24.761905
101015001601 29.52381
101015001701 18.095238
101015001801 27.619048
101015001901 20.00
101015002001 23.809524
101015002101 28.571429
101015002201 28.571429
101015002301 21.904762
101015002401 21.904762
101015002501 13.333333
101015002601 22.857143
101015002701 18.095238
101015002801 29.52381
101015002901 25.714286
101015003001 23.809524
101015003101 25.714286
101015003201 31.428571
101015003301 24.761905
101015003401 13.333333
101015003501 24.761905
101015003601 23.809524
101015003701 21.904762
101015003801 20.00
101015003901 19.047619
101015004001 22.857143
101015004101 17.142857
101015004201 21.904762
101015004301 30.47619
101015004401 21.904762
101015004501 33.333333
101015004601 25.714286
101015004701 18.095238
101015004801 19.047619
101015004901 23.809524
101015005001 20.00
101015005101 18.095238
101015005201 13.333333
101015005301 18.095238
101015005401 21.904762
101015005501 22.857143
101015005601 20.00
101015005701 18.095238
101015005801 20.00
101015005901 24.761905
101015010001 18.095238
101015010101 20.00
101015010201 18.095238
101015010301 27.619048
101015010401 22.857143
101015010501 20.952381
101015010601 20.00
101015010701 24.761905
101015010801 25.714286
101015010901 18.095238
101015011001 20.952381
101015011101 15.238095
101015011201 15.238095
101015011301 27.619048
101015011401 24.761905
101015011501 25.714286
101015011601 27.619048
101015011701 16.190476
101015011801 25.714286
101015011901 20.00
101015012001 21.904762
101015012101 32.380952
101015012201 22.857143
101015012301 24.761905
101015012401 20.952381
101015012501 26.666667
101015012601 23.809524
101015012701 27.619048
101015012801 22.857143
101015012901 20.952381
101015013001 32.380952
101015013101 22.857143
101015013201 27.619048
101015013301 17.142857
101015013401 30.47619
101015013501 29.52381
101015013601 18.095238
101015013701 20.952381
101015013801 27.619048
101015013901 18.095238
101015014001 16.190476
101015014101 22.857143
101015014201 25.714286
101015014301 28.571429
101015014401 30.47619
101015014501 26.666667
101015014601 22.857143
101015014701 18.095238
101015014801 26.666667
101015014901 25.714286
101015015001 24.761905
101015015101 18.095238
101015015201 20.00
101015015301 23.809524
101015015401 27.619048
101015015501 23.809524
101015015601 31.428571
101015015701 19.047619
101015015801 18.095238
101015015901 22.857143
101015020001 25.714286
101015020101 20.952381
101015020201 26.666667
101015020301 20.00
101015020401 18.095238
101015020501 26.666667
101015020601 17.142857
101015020701 23.809524
101015020801 20.00
101015020901 19.047619
101015021001 16.190476
101015021101 23.809524
101015021201 23.809524
101015021301 19.047619
101015021401 23.809524
101015021501 24.761905
101015021601 17.142857
101015021701 23.809524
101015021801 19.047619
101015021901 22.857143
101015022001 15.238095
101015022101 18.095238
101015022201 24.761905
101015022301 20.00
101015022401 22.857143
101015022501 27.619048
101015022601 21.904762
101015022701 23.809524
101015022801 25.714286
101015022901 20.00
101015023001 32.380952
101015023101 20.00
101015023201 29.52381
101015023301 17.142857
101015023401 15.238095
101015023501 18.095238
101015023601 20.952381
101015023701 13.333333
101015023801 18.095238
101015023901 20.00
101015024001 19.047619
101015024101 18.095238
101015024201 23.809524
101015024301 34.285714
101015024401 13.333333
101015024501 17.142857
101015024601 19.047619
101015024701 20.00
101015024801 19.047619
101015024901 29.52381
101015025001 29.52381
101015025101 20.952381
101015025201 20.952381
101015025301 22.857143
101015025401 20.00
101015025501 22.857143
101015025601 25.714286
101015025701 35.238095
101015025801 21.904762
101015025901 29.52381
101015030001 21.904762
101015030101 18.095238
101015030201 18.095238
101015030301 18.095238
101015030401 22.857143
101015030501 17.142857
101015030601 32.380952
101015030701 20.00
101015030801 25.714286
101015030901 26.666667
101015031001 18.095238
101015031101 26.666667
101015031201 21.904762
101015031301 20.952381
101015031401 31.428571
101015031501 25.714286
101015031601 34.285714
101015031701 20.00
101015031801 20.00
101015031901 25.714286
101015032001 22.857143
101015032101 21.904762
101015032201 21.904762
101015032301 22.857143
101015032401 31.428571
101015032501 27.619048
101015032601 23.809524
101015032701 20.952381
101015032801 24.761905
101015032901 16.190476
101015033001 21.904762
101015033101 24.761905
101015033201 21.904762
101015033301 14.285714
101015033401 28.571429
101015033501 16.190476
101015033601 20.952381
101015033701 18.095238
101015033801 24.761905
101015033901 20.00
101015034001 14.285714
101015034101 17.142857
101015034201 22.857143
101015034301 20.952381
101015034401 17.142857
101015034501 27.619048
101015034601 18.095238
101015034701 20.00
101015034801 20.00
101015034901 21.904762
101015035001 22.857143
101015035101 24.761905
101015035201 30.47619
101015035301 18.095238
101015035401 27.619048
101015035501 19.047619
101015035601 23.809524
101015035701 33.333333
101015035801 18.095238
101015035901 23.809524
101015040001 21.904762
101015040101 20.952381
101015040201 20.952381
101015040301 26.666667
101015040401 17.142857
101015040501 18.095238
101015040601 22.857143
101015040701 16.190476
101015040801 24.761905
101015040901 20.00
101015041001 30.47619
101015041101 14.285714
101015041201 19.047619
101015041301 19.047619
101015041401 24.761905
101015041501 13.333333
101015041601 19.047619
101015041701 21.904762
101015041801 19.047619
101015041901 20.00
101015042001 17.142857
101015042101 27.619048
101015042201 18.095238
101015042301 23.809524
101015042401 29.52381
101015042501 22.857143
101015042601 23.809524
101015042701 21.904762
101015042801 15.238095
101015042901 17.142857
101015043001 19.047619
101015043101 18.095238
101015043201 19.047619
101015043301 24.761905
101015043401 21.904762
101015043501 23.809524
101015043601 24.761905
101015043701 20.00
101015043801 18.095238
101015043901 20.952381
101015044001 24.761905
101015044101 25.714286
101015044201 20.952381
101015044301 15.238095
101015044401 28.571429
101015044501 22.857143
101015044601 33.333333
101015044701 15.238095
101015044801 25.714286
101015044901 21.904762
101015045001 27.619048
101015045101 19.047619
101015045201 22.857143
101015045301 10.47619
101015045401 21.904762
101015045501 26.666667
101015045601 19.047619
101015045701 23.809524
101015045801 23.809524
101015045901 24.761905
101015050001 32.380952
101015050101 33.333333
101015050201 16.190476
101015050301 19.047619
101015050401 24.761905
101015050501 19.047619
101015050601 19.047619
101015050701 21.904762
101015050801 26.666667
101015050901 23.809524
101015051001 16.190476
101015051101 24.761905
101015051201 15.238095
101015051301 22.857143
101015051401 20.952381
101015051501 23.809524
101015051601 23.809524
101015051701 20.952381
101015051801 23.809524
101015051901 18.095238
101015052001 23.809524
101015052101 17.142857
101015052201 27.619048
101015052301 17.142857
101015052401 20.952381
101015052501 25.714286
101015052601 27.619048
101015052701 21.904762
101015052801 21.904762
101015052901 18.095238
101015053001 22.857143
101015053101 29.52381
101015053201 28.571429
101015053301 17.142857
101015053401 19.047619
101015053501 27.619048
101015053601 21.904762
101015053701 31.428571
101015053801 20.952381
101015053901 26.666667
101015054001 17.142857
101015054101 23.809524
101015054201 20.00
101015054301 15.238095
101015054401 14.285714
101015054501 11.428571
101015054601 19.047619
101015054701 26.666667
101015054801 24.761905
101015054901 22.857143
101015055001 15.238095
101015055101 19.047619
101015055201 31.428571
101015055301 23.809524
101015055401 23.809524
101015055501 20.00
101015055601 24.761905
101015055701 24.761905
101015055801 28.571429
101015055901 19.047619
101015060001 22.857143
101015060101 24.761905
101015060201 19.047619
101015060301 23.809524
101015060401 32.380952
101015060501 25.714286
101015060601 24.761905
101015060701 18.095238
101015060801 17.142857
101015060901 20.00
101015061001 24.761905
101015061101 25.714286
101015061201 20.952381
101015061301 24.761905
101015061401 20.952381
101015061501 20.00
101015061601 27.619048
101015061701 26.666667
101015061801 20.00
101015061901 25.714286
101015062001 16.190476
101015062101 20.952381
101015062201 18.095238
101015062301 29.52381
101015062401 19.047619
101015062501 21.904762
101015062601 26.666667
101015062701 15.238095
101015062801 26.666667
101015062901 25.714286
101015063001 25.714286
101015063101 34.285714
101015063201 22.857143
101015063301 32.380952
101015063401 28.571429
101015063501 17.142857
101015063601 22.857143
101015063701 19.047619
101015063801 21.904762
101015063901 20.952381
101015064001 28.571429
101015064101 25.714286
101015064201 19.047619
101015064301 30.47619
101015064401 29.52381
101015064501 22.857143
101015064601 20.00
101015064701 16.190476
101015064801 30.47619
101015064901 26.666667
101015065001 18.095238
101015065101 20.00
101015065201 20.952381
101015065301 26.666667
101015065401 33.333333
101015065501 26.666667
101015065601 23.809524
101015065701 17.142857
101015065801 18.095238
101015065901 22.857143
101015070001 23.809524
101015070101 20.00
101015070201 30.47619
101015070301 23.809524
101015070401 14.285714
101015070501 15.238095
101015070601 25.714286
101015070701 25.714286
101015070801 29.52381
101015070901 19.047619
101015071001 25.714286
101015071101 20.00
101015071201 15.238095
101015071301 23.809524
101015071401 16.190476
101015071501 29.52381
101015071601 15.238095
101015071701 18.095238
101015071801 26.666667
101015071901 19.047619
101015072001 20.952381
101015072101 23.809524
101015072201 20.952381
101015072301 34.285714
101015072401 16.190476
101015072501 15.238095
101015072601 16.190476
101015072701 26.666667
101015072801 16.190476
101015072901 15.238095
101015073001 21.904762
101015073101 19.047619
101015073201 18.095238
101015073301 15.238095
101015073401 22.857143
101015073501 12.380952
101015073601 25.714286
101015073701 20.952381
101015073801 25.714286
101015073901 14.285714
101015074001 16.190476
101015074101 24.761905
101015074201 28.571429
101015074301 23.809524
101015074401 25.714286
101015074501 16.190476
101015074601 24.761905
101015074701 20.00
101015074801 15.238095
101015074901 29.52381
101015075001 12.380952
101015075101 23.809524
101015075201 15.238095
101015075301 20.00
101015075401 22.857143
101015075501 22.857143
101015075601 21.904762
101015075701 26.666667
101015075801 18.095238
101015075901 24.761905
101015080001 20.00
101015080101 23.809524
101015080201 17.142857
101015080301 19.047619
101015080401 30.47619
101015080501 24.761905
101015080601 27.619048
101015080701 21.904762
101015080801 24.761905
101015080901 31.428571
101015081001 18.095238
101015081101 28.571429
101015081201 26.666667
101015081301 23.809524
101015081401 28.571429
101015081501 24.761905
101015081601 18.095238
101015081701 28.571429
101015081801 29.52381
101015081901 23.809524
101015082001 21.904762
101015082101 22.857143
101015082201 18.095238
101015082301 13.333333
101015082401 18.095238
101015082501 22.857143
101015082601 20.952381
101015082701 25.714286
101015082801 16.190476
101015082901 31.428571
101015083001 22.857143
101015083101 25.714286
101015083201 31.428571
101015083301 28.571429
101015083401 20.00
101015083501 18.095238
101015083601 23.809524
101015083701 18.095238
101015083801 21.904762
101015083901 32.380952
101015084001 17.142857
101015084101 17.142857
101015084201 25.714286
101015084301 17.142857
101015084401 27.619048
101015084501 34.285714
101015084601 16.190476
101015084701 25.714286
101015084801 14.285714
101015084901 25.714286
101015085001 30.47619
101015085101 24.761905
101015085201 21.904762
101015085301 22.857143
101015085401 19.047619
101015085501 23.809524
101015085601 18.095238
101015085701 21.904762
101015085801 22.857143
101015085901 34.285714
101015090001 14.285714
101015090101 24.761905
101015090201 28.571429
101015090301 15.238095
101015090401 20.952381
101015090501 25.714286
101015090601 17.142857
101015090701 16.190476
101015090801 23.809524
101015090901 8.571429
101015091001 22.857143
101015091101 19.047619
101015091201 26.666667
101015091301 21.904762
101015091401 29.52381
101015091501 23.809524
101015091601 21.904762
101015091701 27.619048
101015091801 19.047619
101015091901 19.047619
101015092001 23.809524
101015092101 15.238095
101015092201 17.142857
101015092301 18.095238
101015092401 27.619048
101015092501 23.809524
101015092601 26.666667
101015092701 18.095238
101015092801 23.809524
101015092901 25.714286
101015093001 18.095238
101015093101 23.809524
101015093201 20.00
101015093301 32.380952
101015093401 28.571429
101015093501 15.238095
101015093601 28.571429
101015093701 22.857143
101015093801 13.333333
101015093901 18.095238
101015094001 17.142857
101015094101 21.904762
101015094201 21.904762
101015094301 27.619048
101015094401 27.619048
101015094501 23.809524
101015094601 23.809524
101015094701 16.190476
101015094801 20.00
101015094901 19.047619
101015095001 29.52381
101015095101 25.714286
101015095201 18.095238
101015095301 21.904762
101015095401 14.285714
101015095501 23.809524
101015095601 14.285714
101015095701 15.238095
101015095801 28.571429
101015095901 19.047619
101015100001 23.809524
101015100101 18.095238
101015100201 20.00
101015100301 17.142857
101015100401 24.761905
101015100501 19.047619
101015100601 21.904762
101015100701 31.428571
101015100801 22.857143
101015100901 30.47619
101015101001 20.00
101015101101 19.047619
101015101201 25.714286
101015101301 28.571429
101015101401 17.142857
101015101501 16.190476
101015101601 22.857143
101015101701 20.952381
101015101801 18.095238
101015101901 37.142857
101015102001 33.333333
101015102101 17.142857
101015102201 19.047619
101015102301 25.714286
101015102401 19.047619
101015102501 20.00
101015102601 20.00
101015102701 28.571429
101015102801 22.857143
101015102901 23.809524
101015103001 14.285714
101015103101 20.952381
101015103201 23.809524
101015103301 26.666667
101015103401 16.190476
101015103501 17.142857
101015103601 20.952381
101015103701 17.142857
101015103801 28.571429
101015103901 18.095238
101015104001 17.142857
101015104101 32.380952
101015104201 17.142857
101015104301 23.809524
101015104401 17.142857
101015104501 31.428571
101015104601 22.857143
101015104701 18.095238
101015104801 23.809524
101015104901 20.952381
101015105001 21.904762
101015105101 25.714286
101015105201 15.238095
101015105301 19.047619
101015105401 18.095238
101015105501 16.190476
101015105601 29.52381
101015105701 21.904762
101015105801 15.238095
101015105901 16.190476
101015110001 29.52381
101015110101 32.380952
101015110201 27.619048
101015110301 20.00
101015110401 20.952381
