Window Title:  Aw-Radw Exec # 1
Com Port: 1  TBU: 10 sec.  TBUs Averaged per Line: 1
Calibration Factor: 105.00 Detector Dead Time: 35 microsecs. Time: Wed Oct 06 19:41:07 2010
101006194107 51.428571
101006194117 57.142857
101006194127 28.571429
101006194137 11.428571
101006194147 45.714286
101006194157 28.571429
101006194207 28.571429
101006194217 17.142857
101006194227 40.00
101006194237 22.857143
101006194247 34.285714
101006194257 34.285714
101006194307 17.142857
101006194317 22.857143
101006194327 51.428571
101006194337 17.142857
101006194347 34.285714
101006194357 40.00
101006194407 34.285714
101006194417 57.142857
101006194427 22.857143
101006194437 22.857143
101006194447 51.428571
101006194457 40.00
101006194507 11.428571
101006194517 22.857143
101006194527 40.00
101006194537 34.285714
101006194547 28.571429
101006194557 57.142857
101006194607 17.142857
101006194617 22.857143
101006194627 28.571429
101006194637 45.714286
101006194647 45.714286
101006194657 45.714286
101006194707 28.571429
101006194717 17.142857
101006194727 22.857143
101006194737 5.714286
101006194747 28.571429
101006194757 45.714286
101006194807 34.285714
101006194817 57.142857
101006194827 51.428571
101006194837 57.142857
101006194847 45.714286
101006194857 74.285714
101006194907 45.714286
101006194917 68.571429
101006194927 57.142857
101006194937 68.571429
101006194947 62.857143
101006194957 51.428571
101006195007 28.571429
101006195017 102.857143
101006195027 34.285714
101006195037 85.714286
101006195047 62.857143
101006195057 85.714286
101006195107 62.857143
101006195117 97.142857
101006195127 80.00
101006195137 74.285714
101006195147 102.857143
101006195157 80.00
101006195207 40.00
101006195217 91.428571
101006195227 80.00
101006195237 74.285714
101006195247 125.714286
101006195257 62.857143
101006195307 74.285714
101006195317 57.142857
101006195327 97.142857
101006195337 85.714286
101006195347 62.857143
101006195357 85.714286
101006195407 91.428571
101006195417 68.571429
101006195427 97.142857
101006195437 85.714286
101006195447 108.571429
101006195457 80.00
101006195507 34.285714
101006195517 80.00
101006195527 57.142857
101006195537 102.857143
101006195547 85.714286
101006195557 45.714286
101006195607 80.00
101006195617 74.285714
101006195627 62.857143
101006195637 28.571429
101006195647 22.857143
101006195657 17.142857
101006195707 40.00
101006195717 34.285714
101006195727 51.428571
101006195737 34.285714
101006195747 34.285714
101006195757 45.714286
101006195807 28.571429
101006195817 28.571429
101006195827 51.428571
101006195837 22.857143
101006195847 11.428571
101006195857 28.571429
101006195907 28.571429
101006195917 28.571429
101006195927 34.285714
101006195937 40.00
101006195947 28.571429
101006195957 22.857143
101006200007 34.285714
101006200017 22.857143
101006200027 5.714286
101006200037 28.571429
101006200047 22.857143
101006200057 40.00
101006200107 22.857143
101006200117 40.00
101006200127 40.00
101006200137 28.571429
101006200147 22.857143
101006200157 28.571429
101006200207 11.428571
101006200217 17.142857
101006200227 40.00
101006200237 34.285714
101006200247 45.714286
101006200257 34.285714
101006200307 22.857143
101006200317 51.428571
101006200327 22.857143
101006200337 45.714286
101006200347 34.285714
101006200357 5.714286
101006200407 28.571429
101006200417 28.571429
101006200427 40.00
101006200437 40.00
101006200447 40.00
101006200457 34.285714
101006200507 57.142857
101006200517 28.571429
101006200527 11.428571
101006200537 22.857143
101006200547 45.714286
101006200557 28.571429
