Window Title:  Aw-Radw Exec # 1
Com Port: 1  TBU: 60 sec.  TBUs Averaged per Line: 1
Calibration Factor: 105.00 Detector Dead Time: 35 microsecs. Time: Thu Nov 04 14:22:29 2010
101104142229 22.857143
101104142329 16.190476
101104142429 20.952381
101104142529 20.952381
101104142629 20.00
101104142729 18.095238
101104142829 29.52381
101104142929 15.238095
101104143029 22.857143
101104143129 15.238095
101104143229 20.00
101104143329 22.857143
101104143429 27.619048
101104143529 19.047619
101104143629 28.571429
101104143729 20.952381
101104143829 20.952381
101104143929 18.095238
101104144029 23.809524
101104144129 27.619048
101104144229 27.619048
101104144329 26.666667
101104144429 19.047619
101104144529 20.952381
101104144629 20.00
101104144729 23.809524
101104144829 24.761905
101104144929 20.00
101104145029 20.00
101104145129 25.714286
101104145229 20.00
101104145329 25.714286
101104145429 20.952381
101104145529 25.714286
101104145629 19.047619
101104145729 22.857143
101104145829 25.714286
101104145929 16.190476
101104150029 22.857143
101104150129 19.047619
101104150229 15.238095
101104150329 21.904762
101104150429 16.190476
101104150529 21.904762
101104150629 19.047619
101104150729 20.952381
101104150829 15.238095
101104150929 25.714286
101104151029 33.333333
101104151129 26.666667
101104151229 23.809524
101104151329 27.619048
101104151429 18.095238
101104151529 23.809524
101104151629 20.00
101104151729 20.952381
101104151829 20.00
101104151929 27.619048
101104152029 13.333333
101104152129 33.333333
101104152229 23.809524
101104152329 19.047619
101104152429 22.857143
101104152529 19.047619
101104152629 21.904762
101104152729 22.857143
101104152829 27.619048
101104152929 16.190476
101104153029 20.952381
101104153129 16.190476
101104153229 26.666667
101104153329 25.714286
101104153429 23.809524
101104153529 24.761905
101104153629 18.095238
101104153729 24.761905
101104153829 25.714286
101104153929 13.333333
101104154029 23.809524
101104154129 20.00
101104154229 26.666667
101104154329 22.857143
101104154429 23.809524
101104154529 22.857143
101104154629 21.904762
101104154729 23.809524
101104154829 20.952381
101104154929 18.095238
101104155029 22.857143
101104155129 25.714286
101104155229 27.619048
101104155329 22.857143
101104155429 17.142857
101104155529 24.761905
101104155629 22.857143
101104155729 19.047619
101104155829 24.761905
101104155929 24.761905
101104160029 14.285714
101104160129 24.761905
101104160229 32.380952
101104160329 20.00
101104160429 27.619048
101104160529 24.761905
101104160629 27.619048
101104160729 30.47619
101104160829 25.714286
101104160929 21.904762
101104161029 23.809524
101104161129 22.857143
101104161229 22.857143
101104161329 22.857143
101104161429 17.142857
101104161529 16.190476
101104161629 25.714286
101104161729 31.428571
101104161829 16.190476
101104161929 36.190476
101104162029 28.571429
101104162129 17.142857
101104162229 24.761905
101104162329 26.666667
101104162429 21.904762
101104162529 20.952381
101104162629 13.333333
101104162729 18.095238
101104162829 28.571429
101104162929 20.00
101104163029 17.142857
101104163129 20.00
101104163229 20.00
101104163329 20.00
101104163429 21.904762
101104163529 19.047619
101104163629 21.904762
101104163729 14.285714
101104163829 19.047619
101104163929 23.809524
101104164029 15.238095
101104164129 11.428571
101104164229 18.095238
101104164329 20.952381
101104164429 23.809524
101104164529 24.761905
101104164629 18.095238
101104164729 19.047619
101104164829 24.761905
101104164929 20.00
101104165029 20.952381
101104165129 31.428571
101104165229 23.809524
101104165329 21.904762
101104165429 23.809524
101104165529 20.952381
101104165629 21.904762
101104165729 27.619048
101104165829 28.571429
101104165929 21.904762
101104170029 21.904762
101104170129 23.809524
101104170229 20.00
101104170329 23.809524
101104170429 28.571429
101104170529 24.761905
101104170629 25.714286
101104170729 22.857143
101104170829 32.380952
101104170929 30.47619
101104171029 23.809524
101104171129 28.571429
101104171229 27.619048
101104171329 22.857143
101104171429 21.904762
101104171529 20.952381
101104171629 26.666667
101104171729 20.00
101104171829 15.238095
101104171929 29.52381
101104172029 15.238095
101104172129 20.952381
101104172229 20.952381
101104172329 22.857143
101104172429 20.952381
101104172529 24.761905
101104172629 29.52381
101104172729 30.47619
101104172829 18.095238
101104172929 24.761905
101104173029 20.00
101104173129 20.952381
101104173229 18.095238
101104173329 24.761905
101104173429 30.47619
101104173529 29.52381
101104173629 22.857143
101104173729 21.904762
101104173829 19.047619
101104173929 27.619048
101104174029 21.904762
101104174129 20.952381
101104174229 21.904762
101104174329 23.809524
101104174429 18.095238
101104174529 33.333333
101104174629 16.190476
101104174729 21.904762
101104174829 24.761905
101104174929 31.428571
101104175029 26.666667
101104175129 19.047619
101104175229 21.904762
101104175329 25.714286
101104175429 14.285714
101104175529 19.047619
101104175629 23.809524
101104175729 26.666667
101104175829 18.095238
101104175929 19.047619
101104180029 19.047619
101104180129 16.190476
101104180229 32.380952
101104180329 22.857143
101104180429 17.142857
101104180529 33.333333
101104180629 22.857143
101104180729 20.952381
101104180829 14.285714
101104180929 23.809524
101104181029 18.095238
101104181129 21.904762
101104181229 20.00
101104181329 24.761905
101104181429 24.761905
101104181529 27.619048
101104181629 37.142857
101104181729 22.857143
101104181829 24.761905
101104181929 27.619048
101104182029 23.809524
101104182129 24.761905
101104182229 25.714286
101104182329 23.809524
101104182429 27.619048
101104182529 20.00
101104182629 26.666667
101104182729 27.619048
101104182829 27.619048
101104182929 28.571429
101104183029 22.857143
101104183129 20.952381
101104183229 20.00
101104183329 23.809524
101104183429 27.619048
101104183529 21.904762
101104183629 23.809524
101104183729 17.142857
101104183829 19.047619
101104183929 21.904762
101104184029 16.190476
101104184129 20.00
101104184229 27.619048
101104184329 28.571429
101104184429 20.952381
101104184529 26.666667
101104184629 18.095238
101104184729 26.666667
101104184829 23.809524
101104184929 29.52381
101104185029 26.666667
101104185129 25.714286
101104185229 21.904762
101104185329 17.142857
101104185429 20.952381
101104185529 20.00
101104185629 26.666667
101104185729 25.714286
101104185829 25.714286
101104185929 20.952381
101104190029 16.190476
101104190129 26.666667
101104190229 28.571429
101104190329 24.761905
101104190429 24.761905
101104190529 23.809524
101104190629 19.047619
101104190729 24.761905
101104190829 20.00
101104190929 22.857143
101104191029 30.47619
101104191129 19.047619
101104191229 36.190476
101104191329 19.047619
101104191429 21.904762
101104191529 24.761905
101104191629 30.47619
101104191729 20.952381
101104191829 24.761905
101104191929 19.047619
101104192029 25.714286
101104192129 20.00
101104192229 32.380952
101104192329 31.428571
101104192429 19.047619
101104192529 19.047619
101104192629 25.714286
101104192729 18.095238
101104192829 25.714286
101104192929 25.714286
101104193029 26.666667
101104193129 25.714286
101104193229 28.571429
101104193329 22.857143
101104193429 29.52381
101104193529 23.809524
101104193629 28.571429
101104193729 28.571429
101104193829 17.142857
101104193929 15.238095
101104194029 19.047619
101104194129 36.190476
101104194229 15.238095
101104194329 28.571429
101104194429 27.619048
101104194529 22.857143
101104194629 25.714286
101104194729 27.619048
101104194829 20.00
101104194929 26.666667
101104195029 23.809524
101104195129 28.571429
101104195229 25.714286
101104195329 29.52381
101104195429 26.666667
101104195529 23.809524
101104195629 30.47619
101104195729 23.809524
101104195829 28.571429
101104195929 19.047619
101104200029 18.095238
101104200129 19.047619
101104200229 29.52381
101104200329 22.857143
101104200429 22.857143
101104200529 26.666667
101104200629 12.380952
101104200729 24.761905
101104200829 26.666667
101104200929 30.47619
101104201029 24.761905
101104201129 16.190476
101104201229 27.619048
101104201329 22.857143
101104201429 21.904762
101104201529 20.952381
101104201629 14.285714
101104201729 31.428571
101104201829 27.619048
101104201929 26.666667
101104202029 27.619048
101104202129 16.190476
101104202229 16.190476
101104202329 13.333333
101104202429 21.904762
101104202529 19.047619
101104202629 21.904762
101104202729 20.952381
101104202829 21.904762
101104202929 20.952381
101104203029 18.095238
101104203129 23.809524
101104203229 24.761905
101104203329 29.52381
101104203429 21.904762
101104203529 17.142857
101104203629 20.00
101104203729 27.619048
101104203829 22.857143
101104203929 21.904762
101104204029 22.857143
101104204129 20.952381
101104204229 23.809524
101104204329 24.761905
101104204429 30.47619
101104204529 20.00
101104204629 27.619048
101104204729 32.380952
101104204829 18.095238
101104204929 19.047619
101104205029 21.904762
101104205129 20.952381
101104205229 18.095238
101104205329 24.761905
101104205429 29.52381
101104205529 20.00
101104205629 18.095238
101104205729 20.952381
101104205829 21.904762
101104205929 22.857143
101104210029 20.952381
101104210129 30.47619
101104210229 18.095238
101104210329 30.47619
101104210429 24.761905
101104210529 28.571429
101104210629 21.904762
101104210729 23.809524
101104210829 22.857143
101104210929 23.809524
101104211029 24.761905
101104211129 17.142857
101104211229 24.761905
101104211329 21.904762
101104211429 25.714286
101104211529 27.619048
101104211629 29.52381
101104211729 25.714286
101104211829 21.904762
101104211929 18.095238
101104212029 18.095238
101104212129 24.761905
101104212229 34.285714
101104212329 22.857143
101104212429 19.047619
101104212529 20.00
101104212629 27.619048
101104212729 28.571429
101104212829 19.047619
101104212929 28.571429
101104213029 18.095238
101104213129 24.761905
101104213229 16.190476
101104213329 24.761905
101104213429 15.238095
101104213529 24.761905
101104213629 28.571429
101104213729 21.904762
101104213829 25.714286
101104213929 18.095238
101104214029 25.714286
101104214129 20.952381
101104214229 24.761905
101104214329 11.428571
101104214429 21.904762
101104214529 34.285714
101104214629 21.904762
101104214729 26.666667
101104214829 20.00
101104214929 30.47619
101104215029 24.761905
101104215129 31.428571
101104215229 22.857143
101104215329 16.190476
101104215429 28.571429
101104215529 27.619048
101104215629 17.142857
101104215729 23.809524
101104215829 23.809524
101104215929 21.904762
101104220029 28.571429
101104220129 16.190476
101104220229 21.904762
101104220329 24.761905
101104220429 25.714286
101104220529 24.761905
101104220629 20.00
101104220729 32.380952
101104220829 31.428571
101104220929 20.952381
101104221029 24.761905
101104221129 23.809524
101104221229 25.714286
101104221329 23.809524
101104221429 13.333333
101104221529 20.952381
101104221629 17.142857
101104221729 22.857143
101104221829 19.047619
101104221929 16.190476
101104222029 22.857143
101104222129 20.00
101104222229 35.238095
101104222329 30.47619
101104222429 20.952381
101104222529 17.142857
101104222629 29.52381
101104222729 24.761905
101104222829 19.047619
101104222929 22.857143
101104223029 21.904762
101104223129 14.285714
101104223229 14.285714
101104223329 18.095238
101104223429 23.809524
101104223529 24.761905
101104223629 26.666667
101104223729 24.761905
101104223829 17.142857
101104223929 21.904762
101104224029 15.238095
101104224129 23.809524
101104224229 14.285714
101104224329 21.904762
101104224429 28.571429
101104224529 26.666667
101104224629 18.095238
101104224729 26.666667
101104224829 26.666667
101104224929 22.857143
101104225029 22.857143
101104225129 22.857143
101104225229 18.095238
101104225329 25.714286
101104225429 24.761905
101104225529 30.47619
101104225629 15.238095
101104225729 26.666667
101104225829 23.809524
101104225929 22.857143
101104230029 28.571429
101104230129 26.666667
101104230229 27.619048
101104230329 26.666667
101104230429 25.714286
101104230529 29.52381
101104230629 28.571429
101104230729 25.714286
101104230829 21.904762
101104230929 32.380952
101104231029 20.952381
101104231129 20.952381
101104231229 20.952381
101104231329 25.714286
101104231429 22.857143
101104231529 22.857143
101104231629 32.380952
101104231729 24.761905
101104231829 20.00
101104231929 18.095238
101104232029 20.952381
101104232129 23.809524
101104232229 23.809524
101104232329 33.333333
101104232429 25.714286
101104232529 20.952381
101104232629 27.619048
101104232729 27.619048
101104232829 26.666667
101104232929 15.238095
101104233029 20.952381
101104233129 16.190476
101104233229 21.904762
101104233329 20.00
101104233429 17.142857
101104233529 16.190476
101104233629 26.666667
101104233729 16.190476
101104233829 23.809524
101104233929 26.666667
101104234029 25.714286
101104234129 23.809524
101104234229 24.761905
101104234329 32.380952
101104234429 22.857143
101104234529 17.142857
101104234629 27.619048
101104234729 18.095238
101104234829 18.095238
101104234929 27.619048
101104235029 31.428571
101104235129 25.714286
101104235229 20.00
101104235329 22.857143
101104235429 33.333333
101104235529 28.571429
101104235629 25.714286
101104235729 23.809524
101104235829 20.952381
101104235929 22.857143
101105000029 23.809524
101105000129 26.666667
101105000229 27.619048
101105000329 17.142857
101105000429 21.904762
101105000529 23.809524
101105000629 20.952381
101105000729 20.952381
101105000829 31.428571
101105000929 22.857143
101105001029 24.761905
101105001129 22.857143
101105001229 24.761905
101105001329 21.904762
101105001429 22.857143
101105001529 21.904762
101105001629 21.904762
101105001729 24.761905
101105001829 21.904762
101105001929 26.666667
101105002029 19.047619
101105002129 20.00
101105002229 20.00
101105002329 19.047619
101105002429 23.809524
101105002529 19.047619
101105002629 19.047619
101105002729 21.904762
101105002829 28.571429
101105002929 26.666667
101105003029 25.714286
101105003129 22.857143
101105003229 15.238095
101105003329 21.904762
101105003429 28.571429
101105003529 22.857143
101105003629 21.904762
101105003729 23.809524
101105003829 25.714286
101105003929 18.095238
101105004029 27.619048
101105004129 16.190476
101105004229 26.666667
101105004329 32.380952
101105004429 23.809524
101105004529 30.47619
101105004629 16.190476
101105004729 16.190476
101105004829 20.952381
101105004929 19.047619
101105005029 18.095238
101105005129 23.809524
101105005229 14.285714
101105005329 22.857143
101105005429 18.095238
101105005529 23.809524
101105005629 20.00
101105005729 20.952381
101105005829 32.380952
101105005929 20.952381
101105010029 27.619048
101105010129 19.047619
101105010229 20.952381
101105010329 23.809524
101105010429 29.52381
101105010529 18.095238
101105010629 24.761905
101105010729 18.095238
101105010829 21.904762
101105010929 22.857143
101105011029 20.00
101105011129 16.190476
101105011229 30.47619
101105011329 20.00
101105011429 22.857143
101105011529 23.809524
101105011629 20.952381
101105011729 28.571429
101105011829 23.809524
101105011929 26.666667
101105012029 23.809524
101105012129 27.619048
101105012229 19.047619
101105012329 15.238095
101105012429 18.095238
101105012529 21.904762
101105012629 20.00
101105012729 20.00
101105012829 12.380952
101105012929 24.761905
101105013029 20.952381
101105013129 25.714286
101105013229 30.47619
101105013329 19.047619
101105013429 24.761905
101105013529 25.714286
101105013629 21.904762
101105013729 22.857143
101105013829 25.714286
101105013929 25.714286
101105014029 22.857143
101105014129 22.857143
101105014229 18.095238
101105014329 12.380952
101105014429 20.00
101105014529 29.52381
101105014629 20.00
101105014729 19.047619
101105014829 18.095238
101105014929 20.00
101105015029 24.761905
101105015129 21.904762
101105015229 19.047619
101105015329 25.714286
101105015429 27.619048
101105015529 27.619048
101105015629 19.047619
101105015729 19.047619
101105015829 32.380952
101105015929 17.142857
101105020029 21.904762
101105020129 21.904762
101105020229 20.952381
101105020329 24.761905
101105020429 27.619048
101105020529 14.285714
101105020629 22.857143
101105020729 25.714286
101105020829 23.809524
101105020929 14.285714
101105021029 18.095238
101105021129 29.52381
101105021229 20.952381
101105021329 31.428571
101105021429 21.904762
101105021529 33.333333
101105021629 34.285714
101105021729 20.00
101105021829 19.047619
101105021929 24.761905
101105022029 22.857143
101105022129 15.238095
101105022229 27.619048
101105022329 28.571429
101105022429 29.52381
101105022529 23.809524
101105022629 26.666667
101105022729 29.52381
101105022829 27.619048
101105022929 20.952381
101105023029 24.761905
101105023129 33.333333
101105023229 23.809524
101105023329 34.285714
101105023429 22.857143
101105023529 28.571429
101105023629 16.190476
101105023729 29.52381
101105023829 18.095238
101105023929 20.00
101105024029 20.952381
101105024129 24.761905
101105024229 19.047619
101105024329 26.666667
101105024429 23.809524
101105024529 21.904762
101105024629 25.714286
101105024729 21.904762
101105024829 22.857143
101105024929 22.857143
101105025029 24.761905
101105025129 17.142857
101105025229 14.285714
101105025329 32.380952
101105025429 22.857143
101105025529 18.095238
101105025629 20.952381
101105025729 29.52381
101105025829 40.952381
101105025929 21.904762
101105030029 31.428571
101105030129 30.47619
101105030229 22.857143
101105030329 25.714286
101105030429 24.761905
101105030529 18.095238
101105030629 20.952381
101105030729 23.809524
101105030829 22.857143
101105030929 23.809524
101105031029 23.809524
101105031129 25.714286
101105031229 17.142857
101105031329 24.761905
101105031429 26.666667
101105031529 18.095238
101105031629 28.571429
101105031729 37.142857
101105031829 21.904762
101105031929 23.809524
101105032029 30.47619
101105032129 20.952381
101105032229 20.952381
101105032329 20.00
101105032429 18.095238
101105032529 26.666667
101105032629 23.809524
101105032729 26.666667
101105032829 23.809524
101105032929 16.190476
101105033029 28.571429
101105033129 22.857143
101105033229 25.714286
101105033329 26.666667
101105033429 22.857143
101105033529 21.904762
101105033629 20.00
101105033729 18.095238
101105033829 27.619048
101105033929 30.47619
101105034029 26.666667
101105034129 28.571429
101105034229 22.857143
101105034329 22.857143
101105034429 20.952381
101105034529 16.190476
101105034629 25.714286
101105034729 22.857143
101105034829 20.00
101105034929 25.714286
101105035029 20.00
101105035129 29.52381
101105035229 29.52381
101105035329 23.809524
101105035429 21.904762
101105035529 25.714286
101105035629 30.47619
101105035729 20.00
101105035829 27.619048
101105035929 20.952381
101105040029 23.809524
101105040129 18.095238
101105040229 28.571429
101105040329 20.00
101105040429 21.904762
101105040529 31.428571
101105040629 19.047619
101105040729 20.952381
101105040829 23.809524
101105040929 26.666667
101105041029 29.52381
101105041129 18.095238
101105041229 16.190476
101105041329 19.047619
101105041429 29.52381
101105041529 20.952381
101105041629 21.904762
101105041729 25.714286
101105041829 25.714286
101105041929 20.952381
101105042029 20.952381
101105042129 34.285714
101105042229 34.285714
101105042329 19.047619
101105042429 24.761905
101105042529 23.809524
101105042629 17.142857
101105042729 23.809524
101105042829 26.666667
101105042929 19.047619
101105043029 24.761905
101105043129 20.952381
101105043229 30.47619
101105043329 21.904762
101105043429 27.619048
101105043529 24.761905
101105043629 26.666667
101105043729 19.047619
101105043829 18.095238
101105043929 27.619048
101105044029 26.666667
101105044129 23.809524
101105044229 15.238095
101105044329 22.857143
101105044429 20.952381
101105044529 23.809524
101105044629 23.809524
101105044729 26.666667
101105044829 24.761905
101105044929 20.952381
101105045029 21.904762
101105045129 24.761905
101105045229 26.666667
101105045329 20.952381
101105045429 16.190476
101105045529 22.857143
101105045629 20.00
101105045729 20.952381
101105045829 14.285714
101105045929 19.047619
101105050029 24.761905
101105050129 25.714286
101105050229 23.809524
101105050329 21.904762
101105050429 21.904762
101105050529 21.904762
101105050629 17.142857
101105050729 26.666667
101105050829 22.857143
101105050929 23.809524
101105051029 29.52381
101105051129 21.904762
101105051229 30.47619
101105051329 16.190476
101105051429 17.142857
101105051529 18.095238
101105051629 22.857143
101105051729 21.904762
101105051829 32.380952
101105051929 31.428571
101105052029 23.809524
101105052129 20.952381
101105052229 20.952381
101105052329 19.047619
101105052429 24.761905
101105052529 33.333333
101105052629 28.571429
101105052729 18.095238
101105052829 23.809524
101105052929 24.761905
101105053029 31.428571
101105053129 19.047619
101105053229 19.047619
101105053329 21.904762
101105053429 29.52381
101105053529 21.904762
101105053629 17.142857
101105053729 27.619048
101105053829 21.904762
101105053929 19.047619
101105054029 23.809524
101105054129 22.857143
101105054229 24.761905
101105054329 26.666667
101105054429 24.761905
101105054529 29.52381
101105054629 17.142857
101105054729 17.142857
101105054829 21.904762
101105054929 21.904762
101105055029 21.904762
101105055129 34.285714
101105055229 28.571429
101105055329 19.047619
101105055429 16.190476
101105055529 22.857143
101105055629 21.904762
101105055729 29.52381
101105055829 25.714286
101105055929 20.00
101105060029 22.857143
101105060129 22.857143
101105060229 20.00
101105060329 25.714286
101105060429 29.52381
101105060529 24.761905
101105060629 24.761905
101105060729 33.333333
101105060829 21.904762
101105060929 27.619048
101105061029 23.809524
101105061129 27.619048
101105061229 25.714286
101105061329 17.142857
101105061429 21.904762
101105061529 22.857143
101105061629 17.142857
101105061729 22.857143
101105061829 18.095238
101105061929 13.333333
101105062029 22.857143
101105062129 19.047619
101105062229 19.047619
101105062329 28.571429
101105062429 20.952381
101105062529 20.952381
101105062629 25.714286
101105062729 16.190476
101105062829 20.952381
101105062929 19.047619
101105063029 14.285714
101105063129 24.761905
101105063229 18.095238
101105063329 20.952381
101105063429 20.952381
101105063529 19.047619
101105063629 20.952381
101105063729 26.666667
101105063829 32.380952
101105063929 23.809524
101105064029 20.952381
101105064129 21.904762
101105064229 24.761905
101105064329 30.47619
101105064429 16.190476
101105064529 17.142857
101105064629 23.809524
101105064729 29.52381
101105064829 23.809524
101105064929 11.428571
101105065029 20.952381
101105065129 12.380952
101105065229 23.809524
101105065329 33.333333
101105065429 25.714286
101105065529 20.952381
101105065629 22.857143
101105065729 23.809524
101105065829 15.238095
101105065929 32.380952
101105070029 22.857143
101105070129 25.714286
101105070229 20.952381
101105070329 26.666667
101105070429 26.666667
101105070529 18.095238
101105070629 20.00
101105070729 33.333333
101105070829 29.52381
101105070929 17.142857
101105071029 20.00
101105071129 20.00
101105071229 23.809524
101105071329 18.095238
101105071429 32.380952
101105071529 20.952381
101105071629 16.190476
101105071729 26.666667
101105071829 21.904762
101105071929 19.047619
101105072029 27.619048
101105072129 22.857143
101105072229 25.714286
101105072329 21.904762
101105072429 28.571429
101105072529 25.714286
101105072629 23.809524
101105072729 21.904762
101105072829 27.619048
101105072929 19.047619
101105073029 17.142857
101105073129 22.857143
101105073229 23.809524
101105073329 25.714286
101105073429 20.00
101105073529 33.333333
101105073629 29.52381
101105073729 12.380952
101105073829 19.047619
101105073929 18.095238
101105074029 32.380952
101105074129 20.952381
101105074229 20.952381
101105074329 24.761905
101105074429 24.761905
101105074529 16.190476
101105074629 27.619048
101105074729 20.952381
101105074829 19.047619
101105074929 24.761905
101105075029 18.095238
101105075129 24.761905
101105075229 28.571429
101105075329 19.047619
101105075429 26.666667
101105075529 20.00
101105075629 26.666667
101105075729 18.095238
101105075829 25.714286
101105075929 17.142857
101105080029 20.952381
101105080129 23.809524
101105080229 19.047619
101105080329 15.238095
101105080429 25.714286
101105080529 21.904762
101105080629 24.761905
101105080729 20.00
101105080829 30.47619
101105080929 24.761905
101105081029 26.666667
101105081129 31.428571
101105081229 32.380952
101105081329 22.857143
101105081429 21.904762
101105081529 22.857143
101105081629 28.571429
101105081729 23.809524
101105081829 15.238095
101105081929 28.571429
101105082029 11.428571
101105082129 21.904762
101105082229 18.095238
101105082329 23.809524
101105082429 16.190476
101105082529 18.095238
101105082629 21.904762
101105082729 21.904762
101105082829 22.857143
101105082929 25.714286
101105083029 22.857143
101105083129 20.952381
101105083229 20.00
101105083329 24.761905
101105083429 21.904762
101105083529 19.047619
101105083629 28.571429
101105083729 20.00
101105083829 25.714286
101105083929 25.714286
101105084029 19.047619
101105084129 21.904762
101105084229 21.904762
101105084329 19.047619
101105084429 27.619048
101105084529 21.904762
101105084629 32.380952
101105084729 20.00
101105084829 23.809524
101105084929 23.809524
101105085029 21.904762
101105085129 18.095238
101105085229 17.142857
101105085329 24.761905
101105085429 25.714286
101105085529 20.952381
101105085629 20.00
101105085729 23.809524
101105085829 25.714286
101105085929 29.52381
101105090029 22.857143
101105090129 17.142857
101105090229 28.571429
101105090329 25.714286
101105090429 14.285714
101105090529 26.666667
101105090629 25.714286
101105090729 16.190476
101105090829 19.047619
101105090929 20.952381
101105091029 23.809524
101105091129 15.238095
101105091229 24.761905
101105091329 20.952381
101105091429 23.809524
101105091529 28.571429
101105091629 23.809524
101105091729 20.00
101105091829 32.380952
101105091929 17.142857
101105092029 19.047619
101105092129 26.666667
101105092229 23.809524
101105092329 20.00
101105092429 23.809524
101105092529 27.619048
101105092629 22.857143
101105092729 24.761905
101105092829 20.952381
101105092929 20.952381
101105093029 22.857143
101105093129 26.666667
101105093229 23.809524
101105093329 16.190476
101105093429 27.619048
101105093529 25.714286
101105093629 28.571429
101105093729 23.809524
101105093829 26.666667
101105093929 20.952381
101105094029 28.571429
101105094129 12.380952
101105094229 19.047619
