Window Title:  Aw-Radw Exec # 1
Com Port: 1  TBU: 60 sec.  TBUs Averaged per Line: 1
Calibration Factor: 105.00 Detector Dead Time: 35 microsecs. Time: Fri Nov 05 19:43:58 2010
101105194358 29.52381
101105194458 36.190476
101105194558 18.095238
101105194658 21.904762
101105194758 24.761905
101105194858 27.619048
101105194958 29.52381
101105195058 32.380952
101105195158 27.619048
101105195258 32.380952
101105195358 24.761905
101105195458 16.190476
101105195558 36.190476
101105195658 26.666667
101105195758 27.619048
101105195858 25.714286
101105195958 34.285714
101105200058 29.52381
101105200158 32.380952
101105200258 33.333333
101105200358 27.619048
101105200458 27.619048
101105200558 33.333333
101105200658 16.190476
101105200758 23.809524
101105200858 28.571429
101105200958 34.285714
101105201058 30.47619
101105201158 26.666667
101105201258 34.285714
101105201358 21.904762
101105201458 32.380952
101105201558 27.619048
101105201658 24.761905
101105201758 29.52381
101105201858 24.761905
101105201958 29.52381
101105202058 26.666667
101105202158 27.619048
101105202258 31.428571
101105202358 31.428571
101105202458 31.428571
101105202558 30.47619
101105202658 22.857143
101105202758 35.238095
101105202858 26.666667
101105202958 29.52381
101105203058 25.714286
101105203158 25.714286
101105203258 23.809524
101105203358 33.333333
101105203458 20.00
101105203558 24.761905
101105203658 24.761905
101105203758 31.428571
101105203858 24.761905
101105203958 27.619048
101105204058 35.238095
101105204158 24.761905
101105204258 30.47619
101105204358 22.857143
101105204458 21.904762
101105204558 23.809524
101105204658 26.666667
101105204758 38.095238
101105204858 26.666667
101105204958 30.47619
101105205058 33.333333
101105205158 25.714286
101105205258 22.857143
101105205358 34.285714
101105205458 21.904762
101105205558 31.428571
101105205658 21.904762
101105205758 24.761905
101105205858 27.619048
101105205958 32.380952
101105210058 27.619048
101105210158 28.571429
101105210258 26.666667
101105210358 21.904762
101105210458 28.571429
101105210558 28.571429
101105210658 27.619048
101105210758 29.52381
101105210858 28.571429
101105210958 20.952381
101105211058 29.52381
101105211158 35.238095
101105211258 26.666667
101105211358 28.571429
101105211458 24.761905
101105211558 28.571429
101105211658 35.238095
101105211758 32.380952
101105211858 35.238095
101105211958 34.285714
101105212058 32.380952
101105212158 28.571429
101105212258 21.904762
101105212358 30.47619
101105212458 26.666667
101105212558 34.285714
101105212658 26.666667
101105212758 25.714286
101105212858 28.571429
101105212958 26.666667
101105213058 36.190476
101105213158 39.047619
101105213258 29.52381
101105213358 29.52381
101105213458 36.190476
101105213558 24.761905
101105213658 23.809524
101105213758 31.428571
101105213858 32.380952
101105213958 35.238095
101105214058 26.666667
101105214158 19.047619
101105214258 34.285714
101105214358 30.47619
101105214458 22.857143
101105214558 31.428571
101105214658 32.380952
101105214758 32.380952
101105214858 32.380952
101105214958 24.761905
101105215058 39.047619
101105215158 27.619048
101105215258 34.285714
101105215358 22.857143
101105215458 27.619048
101105215558 30.47619
101105215658 27.619048
101105215758 26.666667
101105215858 28.571429
101105215958 20.952381
101105220058 30.47619
101105220158 28.571429
101105220258 30.47619
101105220358 27.619048
101105220458 30.47619
101105220558 20.952381
101105220658 24.761905
101105220758 27.619048
101105220858 27.619048
101105220958 22.857143
101105221058 25.714286
101105221158 29.52381
101105221258 20.00
101105221358 37.142857
101105221458 36.190476
101105221558 28.571429
101105221658 24.761905
101105221758 34.285714
101105221858 35.238095
101105221958 20.00
101105222058 27.619048
101105222158 28.571429
101105222258 30.47619
101105222358 35.238095
101105222458 24.761905
101105222558 29.52381
101105222658 30.47619
101105222758 24.761905
101105222858 24.761905
101105222958 34.285714
101105223058 30.47619
101105223158 32.380952
101105223258 25.714286
101105223358 25.714286
101105223458 31.428571
101105223558 34.285714
101105223658 21.904762
101105223758 38.095238
101105223858 30.47619
101105223958 23.809524
101105224058 27.619048
101105224158 26.666667
101105224258 34.285714
101105224358 22.857143
101105224458 28.571429
101105224558 38.095238
101105224658 25.714286
101105224758 26.666667
101105224858 28.571429
101105224958 26.666667
101105225058 20.00
101105225158 26.666667
101105225258 26.666667
101105225358 34.285714
101105225458 23.809524
101105225558 28.571429
101105225658 34.285714
101105225758 30.47619
101105225858 13.333333
101105225958 17.142857
101105230058 27.619048
101105230158 19.047619
101105230258 38.095238
101105230358 23.809524
101105230458 24.761905
101105230558 20.952381
101105230658 27.619048
101105230758 32.380952
101105230858 22.857143
101105230958 29.52381
101105231058 41.904762
101105231158 29.52381
101105231258 20.00
101105231358 33.333333
101105231458 24.761905
101105231558 27.619048
101105231658 28.571429
101105231758 23.809524
101105231858 20.952381
101105231958 36.190476
101105232058 30.47619
101105232158 23.809524
101105232258 21.904762
101105232358 19.047619
101105232458 22.857143
101105232558 28.571429
101105232658 27.619048
101105232758 25.714286
101105232858 28.571429
101105232958 30.47619
101105233058 23.809524
101105233158 34.285714
101105233258 34.285714
101105233358 37.142857
101105233458 31.428571
101105233558 30.47619
101105233658 24.761905
101105233758 23.809524
101105233858 23.809524
101105233958 26.666667
101105234058 25.714286
101105234158 34.285714
101105234258 32.380952
101105234358 41.904762
101105234458 22.857143
101105234558 25.714286
101105234658 24.761905
101105234758 27.619048
101105234858 29.52381
101105234958 32.380952
101105235058 34.285714
101105235158 22.857143
101105235258 32.380952
101105235358 26.666667
101105235458 22.857143
101105235558 21.904762
101105235658 33.333333
101105235758 29.52381
101105235858 19.047619
101105235958 30.47619
101106000058 33.333333
101106000158 32.380952
101106000258 40.00
101106000358 19.047619
101106000458 22.857143
101106000558 25.714286
101106000658 22.857143
101106000758 27.619048
101106000858 31.428571
101106000958 28.571429
101106001058 30.47619
101106001158 33.333333
101106001258 28.571429
101106001358 25.714286
101106001458 27.619048
101106001558 24.761905
101106001658 18.095238
101106001758 32.380952
101106001858 35.238095
101106001958 25.714286
101106002058 30.47619
101106002158 32.380952
101106002258 20.00
101106002358 25.714286
101106002458 27.619048
101106002558 26.666667
101106002658 16.190476
101106002758 28.571429
101106002858 38.095238
101106002958 25.714286
101106003058 33.333333
101106003158 26.666667
101106003258 21.904762
101106003358 34.285714
101106003458 19.047619
101106003558 32.380952
101106003658 28.571429
101106003758 30.47619
101106003858 31.428571
101106003958 32.380952
101106004058 25.714286
101106004158 29.52381
101106004258 17.142857
101106004358 22.857143
101106004458 27.619048
101106004558 36.190476
101106004658 30.47619
101106004758 29.52381
101106004858 21.904762
101106004958 23.809524
101106005058 24.761905
101106005158 26.666667
101106005258 33.333333
101106005358 29.52381
101106005458 30.47619
101106005558 15.238095
101106005658 22.857143
101106005758 30.47619
101106005858 27.619048
101106005958 14.285714
101106010058 28.571429
101106010158 25.714286
101106010258 26.666667
101106010358 22.857143
101106010458 22.857143
101106010558 20.952381
101106010658 23.809524
101106010758 23.809524
101106010858 25.714286
101106010958 24.761905
101106011058 26.666667
101106011158 27.619048
101106011258 26.666667
101106011358 17.142857
101106011458 24.761905
101106011558 39.047619
101106011658 19.047619
101106011758 27.619048
101106011858 31.428571
101106011958 23.809524
101106012058 21.904762
101106012158 30.47619
101106012258 30.47619
101106012358 26.666667
101106012458 16.190476
101106012558 24.761905
101106012658 33.333333
101106012758 22.857143
101106012858 25.714286
101106012958 28.571429
101106013058 26.666667
101106013158 21.904762
101106013258 31.428571
101106013358 16.190476
101106013458 26.666667
101106013558 27.619048
101106013658 18.095238
101106013758 34.285714
101106013858 29.52381
101106013958 27.619048
101106014058 43.809524
101106014158 41.904762
101106014258 19.047619
101106014358 33.333333
101106014458 26.666667
101106014558 26.666667
101106014658 28.571429
101106014758 20.952381
101106014858 28.571429
101106014958 21.904762
101106015058 21.904762
101106015158 24.761905
101106015258 21.904762
101106015358 35.238095
101106015458 32.380952
101106015558 31.428571
101106015658 17.142857
101106015758 31.428571
101106015858 24.761905
101106015958 34.285714
101106020058 25.714286
101106020158 30.47619
101106020258 26.666667
101106020358 31.428571
101106020458 24.761905
101106020558 26.666667
101106020658 20.952381
101106020758 27.619048
101106020858 24.761905
101106020958 29.52381
101106021058 14.285714
101106021158 24.761905
101106021258 21.904762
101106021358 16.190476
101106021458 36.190476
101106021558 18.095238
101106021658 29.52381
101106021758 34.285714
101106021858 26.666667
101106021958 22.857143
101106022058 23.809524
101106022158 27.619048
101106022258 34.285714
101106022358 24.761905
101106022458 17.142857
101106022558 36.190476
101106022658 25.714286
101106022758 26.666667
101106022858 26.666667
101106022958 34.285714
101106023058 31.428571
101106023158 24.761905
101106023258 17.142857
101106023358 27.619048
101106023458 35.238095
101106023558 20.00
101106023658 29.52381
101106023758 18.095238
101106023858 25.714286
101106023958 27.619048
101106024058 29.52381
101106024158 29.52381
101106024258 38.095238
101106024358 26.666667
101106024458 23.809524
101106024558 27.619048
101106024658 29.52381
101106024758 34.285714
101106024858 25.714286
101106024958 33.333333
101106025058 17.142857
101106025158 20.952381
101106025258 24.761905
101106025358 33.333333
101106025458 20.952381
101106025558 30.47619
101106025658 27.619048
101106025758 29.52381
101106025858 23.809524
101106025958 24.761905
101106030058 31.428571
101106030158 40.952381
101106030258 25.714286
101106030358 25.714286
101106030458 30.47619
101106030558 27.619048
101106030658 32.380952
101106030758 23.809524
101106030858 29.52381
101106030958 33.333333
101106031058 29.52381
101106031158 29.52381
101106031258 28.571429
101106031358 20.00
101106031458 30.47619
101106031558 34.285714
101106031658 32.380952
101106031758 32.380952
101106031858 22.857143
101106031958 24.761905
101106032058 24.761905
101106032158 23.809524
101106032258 31.428571
101106032358 21.904762
101106032458 35.238095
101106032558 23.809524
101106032658 25.714286
101106032758 24.761905
101106032858 21.904762
101106032958 27.619048
101106033058 25.714286
101106033158 29.52381
101106033258 29.52381
101106033358 27.619048
101106033458 31.428571
101106033558 20.952381
101106033658 20.00
101106033758 35.238095
101106033858 20.00
101106033958 21.904762
101106034058 23.809524
101106034158 18.095238
101106034258 18.095238
101106034358 32.380952
101106034458 32.380952
101106034558 32.380952
101106034658 27.619048
101106034758 33.333333
101106034858 33.333333
101106034958 26.666667
101106035058 23.809524
101106035158 29.52381
101106035258 31.428571
101106035358 25.714286
101106035458 28.571429
101106035558 21.904762
101106035658 31.428571
101106035758 29.52381
101106035858 34.285714
101106035958 39.047619
101106040058 30.47619
101106040158 41.904762
101106040258 39.047619
101106040358 25.714286
101106040458 24.761905
101106040558 25.714286
101106040658 22.857143
101106040758 22.857143
101106040858 29.52381
101106040958 21.904762
101106041058 22.857143
101106041158 31.428571
101106041258 22.857143
101106041358 21.904762
101106041458 14.285714
101106041558 24.761905
101106041658 28.571429
101106041758 33.333333
101106041858 28.571429
101106041958 29.52381
101106042058 26.666667
101106042158 20.00
101106042258 26.666667
101106042358 38.095238
101106042458 21.904762
101106042558 33.333333
101106042658 22.857143
101106042758 33.333333
101106042858 30.47619
101106042958 21.904762
101106043058 24.761905
101106043158 31.428571
101106043258 25.714286
101106043358 25.714286
101106043458 27.619048
101106043558 20.952381
101106043658 20.00
101106043758 32.380952
101106043858 16.190476
101106043958 27.619048
101106044058 23.809524
101106044158 29.52381
101106044258 45.714286
101106044358 25.714286
101106044458 32.380952
101106044558 27.619048
101106044658 30.47619
101106044758 20.952381
101106044858 28.571429
101106044958 26.666667
101106045058 27.619048
101106045158 20.00
101106045258 17.142857
101106045358 29.52381
101106045458 31.428571
101106045558 28.571429
101106045658 32.380952
101106045758 17.142857
101106045858 26.666667
101106045958 25.714286
101106050058 26.666667
101106050158 27.619048
101106050258 34.285714
101106050358 24.761905
101106050458 23.809524
101106050558 21.904762
101106050658 19.047619
101106050758 19.047619
101106050858 35.238095
101106050958 30.47619
101106051058 22.857143
101106051158 29.52381
101106051258 25.714286
101106051358 28.571429
101106051458 34.285714
101106051558 25.714286
101106051658 29.52381
101106051758 22.857143
101106051858 28.571429
101106051958 26.666667
101106052058 19.047619
101106052158 24.761905
101106052258 38.095238
101106052358 23.809524
101106052458 36.190476
101106052558 27.619048
101106052658 26.666667
101106052758 32.380952
101106052858 27.619048
101106052958 20.00
101106053058 36.190476
101106053158 25.714286
101106053258 28.571429
101106053358 36.190476
101106053458 34.285714
101106053558 19.047619
101106053658 20.952381
101106053758 34.285714
101106053858 22.857143
101106053958 42.857143
101106054058 30.47619
101106054158 32.380952
101106054258 29.52381
101106054358 20.00
101106054458 20.00
101106054558 24.761905
101106054658 33.333333
101106054758 29.52381
101106054858 28.571429
101106054958 29.52381
101106055058 26.666667
101106055158 28.571429
101106055258 26.666667
101106055358 36.190476
101106055458 23.809524
101106055558 35.238095
101106055658 28.571429
101106055758 30.47619
101106055858 22.857143
101106055958 29.52381
101106060058 21.904762
101106060158 28.571429
101106060258 26.666667
101106060358 24.761905
101106060458 29.52381
101106060558 28.571429
101106060658 32.380952
101106060758 32.380952
101106060858 27.619048
101106060958 29.52381
101106061058 25.714286
101106061158 21.904762
101106061258 26.666667
101106061358 26.666667
101106061458 25.714286
101106061558 32.380952
101106061658 26.666667
101106061758 36.190476
101106061858 19.047619
101106061958 21.904762
101106062058 22.857143
101106062158 30.47619
101106062258 29.52381
101106062358 31.428571
101106062458 31.428571
101106062558 31.428571
101106062658 29.52381
101106062758 35.238095
101106062858 40.952381
101106062958 20.00
101106063058 24.761905
101106063158 28.571429
101106063258 24.761905
101106063358 24.761905
101106063458 32.380952
101106063558 20.952381
101106063658 25.714286
101106063758 25.714286
101106063858 23.809524
101106063958 18.095238
101106064058 26.666667
101106064158 32.380952
101106064258 36.190476
101106064358 27.619048
101106064458 22.857143
101106064558 24.761905
101106064658 36.190476
101106064758 21.904762
101106064858 23.809524
101106064958 24.761905
101106065058 31.428571
101106065158 22.857143
101106065258 35.238095
101106065358 26.666667
101106065458 25.714286
101106065558 25.714286
101106065658 24.761905
101106065758 32.380952
101106065858 29.52381
101106065958 29.52381
101106070058 29.52381
101106070158 22.857143
101106070258 31.428571
101106070358 31.428571
101106070458 30.47619
101106070558 24.761905
101106070658 22.857143
101106070758 22.857143
101106070858 20.952381
101106070958 30.47619
101106071058 25.714286
101106071158 30.47619
101106071258 28.571429
101106071358 34.285714
101106071458 25.714286
101106071558 30.47619
101106071658 23.809524
101106071758 33.333333
101106071858 18.095238
101106071958 33.333333
101106072058 25.714286
101106072158 25.714286
101106072258 35.238095
101106072358 32.380952
101106072458 20.952381
101106072558 30.47619
101106072658 28.571429
101106072758 29.52381
101106072858 28.571429
101106072958 31.428571
101106073058 23.809524
101106073158 20.00
101106073258 26.666667
101106073358 32.380952
101106073458 25.714286
101106073558 23.809524
101106073658 29.52381
101106073758 28.571429
101106073858 35.238095
101106073958 28.571429
101106074058 20.952381
101106074158 24.761905
101106074258 14.285714
101106074358 38.095238
101106074458 26.666667
101106074558 32.380952
101106074658 23.809524
101106074758 23.809524
101106074858 30.47619
101106074958 28.571429
101106075058 37.142857
101106075158 39.047619
101106075258 23.809524
101106075358 25.714286
101106075458 28.571429
101106075558 20.952381
101106075658 40.00
101106075758 27.619048
101106075858 22.857143
101106075958 25.714286
101106080058 32.380952
101106080158 22.857143
101106080258 29.52381
101106080358 21.904762
101106080458 27.619048
101106080558 40.00
101106080658 30.47619
101106080758 39.047619
101106080858 20.952381
101106080958 24.761905
101106081058 26.666667
101106081158 29.52381
101106081258 26.666667
101106081358 24.761905
101106081458 25.714286
101106081558 22.857143
101106081658 25.714286
101106081758 26.666667
101106081858 26.666667
101106081958 26.666667
101106082058 23.809524
101106082158 36.190476
101106082258 21.904762
101106082358 29.52381
101106082458 24.761905
101106082558 29.52381
101106082658 30.47619
101106082758 37.142857
101106082858 36.190476
101106082958 21.904762
101106083058 21.904762
101106083158 28.571429
101106083258 24.761905
101106083358 26.666667
101106083458 35.238095
101106083558 32.380952
101106083658 25.714286
101106083758 26.666667
101106083858 24.761905
101106083958 27.619048
101106084058 24.761905
101106084158 31.428571
101106084258 24.761905
101106084358 32.380952
101106084458 22.857143
101106084558 35.238095
101106084658 17.142857
101106084758 33.333333
101106084858 33.333333
101106084958 35.238095
101106085058 26.666667
101106085158 24.761905
101106085258 32.380952
101106085358 27.619048
101106085458 35.238095
101106085558 32.380952
101106085658 26.666667
101106085758 30.47619
101106085858 19.047619
101106085958 29.52381
101106090058 26.666667
101106090158 28.571429
101106090258 24.761905
101106090358 22.857143
101106090458 32.380952
101106090558 21.904762
101106090658 36.190476
101106090758 32.380952
101106090858 34.285714
101106090958 32.380952
101106091058 31.428571
101106091158 22.857143
101106091258 37.142857
101106091358 40.952381
101106091458 29.52381
101106091558 25.714286
101106091658 34.285714
101106091758 24.761905
101106091858 29.52381
101106091958 26.666667
101106092058 33.333333
101106092158 34.285714
101106092258 27.619048
101106092358 21.904762
101106092458 22.857143
101106092558 20.952381
101106092658 30.47619
101106092758 25.714286
101106092858 33.333333
101106092958 25.714286
101106093058 22.857143
101106093158 20.952381
101106093258 25.714286
101106093358 24.761905
101106093458 23.809524
101106093558 35.238095
101106093658 21.904762
101106093758 25.714286
101106093858 35.238095
101106093958 35.238095
101106094058 25.714286
101106094158 32.380952
101106094258 24.761905
101106094358 27.619048
101106094458 31.428571
101106094558 29.52381
101106094658 21.904762
101106094758 33.333333
101106094858 36.190476
101106094958 23.809524
101106095058 31.428571
101106095158 31.428571
101106095258 21.904762
101106095358 23.809524
101106095458 20.952381
101106095558 29.52381
101106095658 36.190476
101106095758 23.809524
101106095858 20.00
101106095958 33.333333
101106100058 24.761905
101106100158 31.428571
101106100258 32.380952
101106100358 29.52381
101106100458 29.52381
101106100558 24.761905
101106100658 22.857143
101106100758 26.666667
101106100858 38.095238
101106100958 24.761905
101106101058 33.333333
101106101158 28.571429
101106101258 26.666667
101106101358 24.761905
101106101458 30.47619
101106101558 32.380952
101106101658 24.761905
101106101758 29.52381
101106101858 28.571429
101106101958 25.714286
101106102058 20.952381
101106102158 30.47619
101106102258 18.095238
101106102358 22.857143
101106102458 31.428571
101106102558 24.761905
101106102658 25.714286
101106102758 24.761905
101106102858 31.428571
101106102958 27.619048
101106103058 19.047619
101106103158 22.857143
101106103258 27.619048
101106103358 22.857143
101106103458 23.809524
101106103558 27.619048
101106103658 24.761905
101106103758 25.714286
101106103858 29.52381
101106103958 24.761905
101106104058 23.809524
101106104158 27.619048
101106104258 24.761905
101106104358 29.52381
101106104458 23.809524
101106104558 21.904762
101106104658 34.285714
101106104758 24.761905
101106104858 23.809524
101106104958 24.761905
101106105058 26.666667
101106105158 28.571429
101106105258 24.761905
101106105358 30.47619
101106105458 31.428571
101106105558 30.47619
101106105658 20.952381
101106105758 24.761905
101106105858 32.380952
101106105958 39.047619
101106110058 36.190476
101106110158 22.857143
101106110258 26.666667
101106110358 26.666667
101106110458 29.52381
101106110558 23.809524
101106110658 27.619048
101106110758 26.666667
101106110858 36.190476
101106110958 34.285714
101106111058 14.285714
101106111158 21.904762
101106111258 20.00
101106111358 36.190476
101106111458 32.380952
101106111558 31.428571
101106111658 30.47619
101106111758 30.47619
101106111858 32.380952
101106111958 28.571429
101106112058 26.666667
101106112158 21.904762
101106112258 31.428571
101106112358 22.857143
101106112458 21.904762
101106112558 23.809524
101106112658 14.285714
101106112758 22.857143
101106112858 33.333333
101106112958 30.47619
101106113058 21.904762
101106113158 25.714286
101106113258 30.47619
101106113358 24.761905
101106113458 30.47619
101106113558 31.428571
101106113658 43.809524
101106113758 25.714286
101106113858 30.47619
101106113958 20.952381
101106114058 24.761905
101106114158 26.666667
101106114258 25.714286
101106114358 31.428571
101106114458 14.285714
101106114558 33.333333
101106114658 29.52381
101106114758 26.666667
101106114858 22.857143
101106114958 24.761905
101106115058 32.380952
101106115158 30.47619
101106115258 26.666667
101106115358 22.857143
101106115458 35.238095
101106115558 37.142857
101106115658 28.571429
101106115758 26.666667
101106115858 31.428571
101106115958 24.761905
101106120058 22.857143
101106120158 23.809524
101106120258 25.714286
101106120358 22.857143
101106120458 27.619048
101106120558 33.333333
101106120658 25.714286
101106120758 23.809524
101106120858 22.857143
101106120958 29.52381
101106121058 22.857143
101106121158 29.52381
101106121258 19.047619
101106121358 20.952381
101106121458 31.428571
101106121558 25.714286
101106121658 29.52381
101106121758 28.571429
101106121858 27.619048
101106121958 27.619048
101106122058 29.52381
101106122158 27.619048
101106122258 19.047619
101106122358 27.619048
101106122458 29.52381
101106122558 30.47619
101106122658 28.571429
101106122758 33.333333
101106122858 32.380952
101106122958 25.714286
101106123058 41.904762
101106123158 31.428571
101106123258 26.666667
101106123358 24.761905
101106123458 23.809524
101106123558 24.761905
101106123658 31.428571
101106123758 17.142857
101106123858 29.52381
101106123958 25.714286
101106124058 31.428571
101106124158 23.809524
101106124258 32.380952
101106124358 30.47619
101106124458 33.333333
101106124558 28.571429
101106124658 24.761905
101106124758 23.809524
101106124858 24.761905
101106124958 28.571429
101106125058 30.47619
101106125158 28.571429
101106125258 40.00
101106125358 27.619048
101106125458 31.428571
101106125558 15.238095
101106125658 25.714286
101106125758 20.00
101106125858 30.47619
101106125958 30.47619
101106130058 25.714286
101106130158 23.809524
101106130258 23.809524
101106130358 23.809524
101106130458 22.857143
101106130558 22.857143
101106130658 35.238095
101106130758 24.761905
101106130858 33.333333
101106130958 21.904762
101106131058 30.47619
101106131158 24.761905
101106131258 20.00
101106131358 27.619048
101106131458 20.952381
101106131558 34.285714
101106131658 26.666667
101106131758 36.190476
101106131858 31.428571
101106131958 34.285714
101106132058 27.619048
101106132158 29.52381
101106132258 27.619048
101106132358 21.904762
101106132458 24.761905
101106132558 21.904762
101106132658 26.666667
101106132758 30.47619
101106132858 22.857143
101106132958 37.142857
101106133058 29.52381
101106133158 28.571429
101106133258 29.52381
101106133358 31.428571
101106133458 31.428571
101106133558 21.904762
101106133658 29.52381
101106133758 28.571429
101106133858 20.00
101106133958 29.52381
101106134058 19.047619
101106134158 30.47619
101106134258 20.952381
101106134358 14.285714
101106134458 20.952381
101106134558 29.52381
101106134658 20.00
101106134758 24.761905
101106134858 29.52381
101106134958 31.428571
101106135058 25.714286
101106135158 25.714286
101106135258 28.571429
101106135358 28.571429
101106135458 25.714286
101106135558 24.761905
101106135658 30.47619
101106135758 33.333333
101106135858 29.52381
101106135958 17.142857
101106140058 28.571429
101106140158 29.52381
101106140258 21.904762
101106140358 27.619048
101106140458 25.714286
101106140558 26.666667
101106140658 29.52381
101106140758 29.52381
101106140858 20.00
101106140958 32.380952
101106141058 23.809524
101106141158 25.714286
101106141258 27.619048
101106141358 38.095238
101106141458 20.952381
101106141558 22.857143
101106141658 23.809524
101106141758 24.761905
101106141858 24.761905
101106141958 26.666667
101106142058 20.00
101106142158 25.714286
101106142258 21.904762
101106142358 23.809524
101106142458 21.904762
101106142558 37.142857
101106142658 24.761905
101106142758 27.619048
101106142858 23.809524
101106142958 20.00
101106143058 40.00
101106143158 23.809524
101106143258 27.619048
101106143358 20.00
101106143458 25.714286
101106143558 21.904762
101106143658 32.380952
101106143758 34.285714
101106143858 25.714286
101106143958 28.571429
101106144058 30.47619
101106144158 18.095238
101106144258 33.333333
101106144358 17.142857
101106144458 33.333333
101106144558 24.761905
101106144658 25.714286
101106144758 27.619048
101106144858 30.47619
101106144958 26.666667
101106145058 22.857143
101106145158 28.571429
101106145258 20.952381
101106145358 38.095238
101106145458 25.714286
101106145558 36.190476
101106145658 33.333333
101106145758 30.47619
101106145858 27.619048
101106145958 20.00
101106150058 34.285714
101106150158 32.380952
101106150258 27.619048
101106150358 28.571429
101106150458 33.333333
101106150558 37.142857
101106150658 30.47619
101106150758 25.714286
101106150858 23.809524
101106150958 23.809524
101106151058 20.952381
101106151158 29.52381
101106151258 31.428571
101106151358 26.666667
101106151458 27.619048
101106151558 36.190476
101106151658 20.952381
101106151758 21.904762
101106151858 29.52381
101106151958 29.52381
101106152058 33.333333
101106152158 26.666667
101106152258 29.52381
101106152358 21.904762
101106152458 17.142857
101106152558 28.571429
101106152658 37.142857
101106152758 29.52381
101106152858 26.666667
101106152958 17.142857
101106153058 22.857143
101106153158 21.904762
101106153258 27.619048
101106153358 25.714286
101106153458 28.571429
101106153558 16.190476
101106153658 27.619048
101106153758 34.285714
101106153858 28.571429
101106153958 24.761905
101106154058 20.00
101106154158 20.952381
101106154258 30.47619
101106154358 35.238095
101106154458 23.809524
101106154558 18.095238
101106154658 27.619048
101106154758 26.666667
101106154858 26.666667
101106154958 25.714286
101106155058 30.47619
101106155158 21.904762
101106155258 21.904762
101106155358 21.904762
101106155458 29.52381
101106155558 17.142857
101106155658 22.857143
101106155758 25.714286
101106155858 18.095238
101106155958 25.714286
101106160058 24.761905
101106160158 38.095238
101106160258 27.619048
101106160358 33.333333
101106160458 15.238095
101106160558 32.380952
101106160658 20.952381
101106160758 30.47619
101106160858 31.428571
101106160958 36.190476
101106161058 30.47619
101106161158 18.095238
101106161258 27.619048
101106161358 21.904762
101106161458 29.52381
101106161558 34.285714
101106161658 34.285714
101106161758 42.857143
101106161858 12.380952
101106161958 31.428571
101106162058 24.761905
101106162158 28.571429
101106162258 26.666667
101106162358 28.571429
101106162458 21.904762
101106162558 33.333333
101106162658 29.52381
101106162758 17.142857
101106162858 26.666667
101106162958 25.714286
101106163058 29.52381
101106163158 30.47619
101106163258 26.666667
101106163358 21.904762
101106163458 32.380952
101106163558 30.47619
101106163658 31.428571
101106163758 30.47619
101106163858 30.47619
101106163958 30.47619
101106164058 30.47619
101106164158 20.952381
101106164258 27.619048
101106164358 26.666667
101106164458 31.428571
101106164558 26.666667
101106164658 28.571429
101106164758 24.761905
101106164858 34.285714
101106164958 36.190476
101106165058 29.52381
101106165158 35.238095
101106165258 28.571429
101106165358 27.619048
101106165458 35.238095
101106165558 31.428571
101106165658 24.761905
101106165758 24.761905
101106165858 19.047619
101106165958 21.904762
101106170058 37.142857
101106170158 32.380952
101106170258 31.428571
101106170358 26.666667
101106170458 28.571429
101106170558 38.095238
101106170658 23.809524
101106170758 32.380952
101106170858 19.047619
101106170958 24.761905
101106171058 33.333333
101106171158 35.238095
101106171258 27.619048
101106171358 37.142857
101106171458 24.761905
101106171558 29.52381
101106171658 25.714286
101106171758 25.714286
101106171858 26.666667
101106171958 26.666667
101106172058 29.52381
101106172158 29.52381
101106172258 30.47619
101106172358 36.190476
101106172458 28.571429
101106172558 25.714286
101106172658 24.761905
101106172758 21.904762
101106172858 30.47619
101106172958 35.238095
101106173058 23.809524
101106173158 17.142857
101106173258 29.52381
101106173358 30.47619
101106173458 24.761905
101106173558 25.714286
101106173658 27.619048
101106173758 35.238095
101106173858 28.571429
101106173958 22.857143
101106174058 25.714286
101106174158 27.619048
101106174258 27.619048
101106174358 30.47619
101106174458 22.857143
101106174558 36.190476
101106174658 33.333333
101106174758 32.380952
101106174858 21.904762
101106174958 21.904762
101106175058 17.142857
101106175158 30.47619
101106175258 23.809524
101106175358 19.047619
101106175458 32.380952
101106175558 32.380952
101106175658 27.619048
101106175758 17.142857
101106175858 28.571429
101106175958 25.714286
101106180058 25.714286
101106180158 30.47619
101106180258 21.904762
101106180358 31.428571
101106180458 21.904762
101106180558 19.047619
101106180658 32.380952
101106180758 29.52381
101106180858 21.904762
101106180958 19.047619
101106181058 23.809524
101106181158 29.52381
101106181258 19.047619
101106181358 17.142857
101106181458 21.904762
101106181558 26.666667
101106181658 21.904762
101106181758 30.47619
101106181858 30.47619
101106181958 20.952381
101106182058 30.47619
101106182158 23.809524
101106182258 20.952381
101106182358 39.047619
101106182458 33.333333
101106182558 28.571429
101106182658 29.52381
101106182758 21.904762
101106182858 29.52381
101106182958 33.333333
101106183058 28.571429
101106183158 31.428571
101106183258 26.666667
101106183358 30.47619
101106183458 30.47619
101106183558 37.142857
101106183658 22.857143
101106183758 27.619048
101106183858 20.952381
101106183958 28.571429
101106184058 38.095238
101106184158 40.952381
101106184258 28.571429
101106184358 20.952381
101106184458 29.52381
101106184558 21.904762
101106184658 21.904762
101106184758 20.00
101106184858 35.238095
101106184958 29.52381
101106185058 27.619048
101106185158 23.809524
101106185258 24.761905
101106185358 30.47619
101106185458 31.428571
101106185558 24.761905
101106185658 35.238095
101106185758 38.095238
101106185858 27.619048
101106185958 25.714286
101106190058 26.666667
101106190158 27.619048
101106190258 33.333333
101106190358 23.809524
101106190458 23.809524
101106190558 18.095238
101106190658 37.142857
101106190758 23.809524
101106190858 20.952381
101106190958 24.761905
101106191058 23.809524
101106191158 36.190476
101106191258 33.333333
101106191358 31.428571
101106191458 24.761905
101106191558 25.714286
101106191658 21.904762
101106191758 21.904762
101106191858 28.571429
101106191958 36.190476
101106192058 29.52381
101106192158 27.619048
101106192258 29.52381
101106192358 25.714286
101106192458 33.333333
101106192558 24.761905
101106192658 27.619048
101106192758 16.190476
101106192858 33.333333
101106192958 27.619048
101106193058 32.380952
101106193158 31.428571
101106193258 31.428571
101106193358 24.761905
101106193458 26.666667
101106193558 27.619048
101106193658 29.52381
101106193758 20.952381
101106193858 20.00
101106193958 20.952381
101106194058 31.428571
101106194158 25.714286
101106194258 23.809524
101106194358 32.380952
101106194458 28.571429
101106194558 28.571429
101106194658 29.52381
101106194758 19.047619
101106194858 36.190476
101106194958 27.619048
101106195058 31.428571
101106195158 22.857143
101106195258 26.666667
101106195358 22.857143
101106195458 27.619048
101106195558 22.857143
101106195658 21.904762
101106195758 26.666667
101106195858 24.761905
101106195958 23.809524
101106200058 28.571429
101106200158 23.809524
101106200258 31.428571
101106200358 20.952381
101106200458 34.285714
101106200558 33.333333
101106200658 31.428571
101106200758 20.952381
101106200858 28.571429
101106200958 29.52381
101106201058 25.714286
101106201158 32.380952
101106201258 23.809524
101106201358 14.285714
101106201458 26.666667
101106201558 22.857143
101106201658 23.809524
101106201758 19.047619
101106201858 28.571429
101106201958 30.47619
101106202058 20.00
101106202158 31.428571
101106202258 25.714286
101106202358 25.714286
101106202458 24.761905
101106202558 22.857143
101106202658 35.238095
101106202758 32.380952
101106202858 21.904762
101106202958 30.47619
101106203058 27.619048
101106203158 28.571429
101106203258 38.095238
101106203358 17.142857
101106203458 30.47619
101106203558 22.857143
101106203658 20.952381
101106203758 23.809524
101106203858 27.619048
101106203958 29.52381
101106204058 24.761905
101106204158 18.095238
101106204258 26.666667
101106204358 25.714286
101106204458 25.714286
101106204558 20.00
101106204658 25.714286
101106204758 21.904762
101106204858 24.761905
101106204958 20.952381
101106205058 24.761905
101106205158 26.666667
101106205258 37.142857
101106205358 20.952381
101106205458 17.142857
101106205558 23.809524
101106205658 26.666667
101106205758 26.666667
101106205858 33.333333
101106205958 29.52381
101106210058 27.619048
101106210158 31.428571
101106210258 21.904762
101106210358 26.666667
101106210458 21.904762
101106210558 27.619048
101106210658 24.761905
101106210758 26.666667
101106210858 35.238095
101106210958 24.761905
101106211058 24.761905
101106211158 27.619048
101106211258 28.571429
101106211358 34.285714
101106211458 26.666667
101106211558 25.714286
101106211658 31.428571
101106211758 29.52381
101106211858 33.333333
101106211958 26.666667
101106212058 27.619048
101106212158 35.238095
101106212258 28.571429
101106212358 30.47619
101106212458 30.47619
101106212558 20.00
101106212658 24.761905
101106212758 20.952381
101106212858 21.904762
101106212958 35.238095
101106213058 28.571429
101106213158 23.809524
101106213258 24.761905
101106213358 23.809524
101106213458 24.761905
101106213558 23.809524
101106213658 22.857143
101106213758 34.285714
101106213858 36.190476
101106213958 21.904762
101106214058 21.904762
101106214158 27.619048
101106214258 33.333333
101106214358 19.047619
101106214458 27.619048
101106214558 21.904762
101106214658 20.952381
101106214758 25.714286
101106214858 27.619048
101106214958 26.666667
101106215058 27.619048
101106215158 20.952381
101106215258 30.47619
101106215358 20.00
101106215458 25.714286
101106215558 32.380952
101106215658 32.380952
101106215758 26.666667
101106215858 24.761905
101106215958 31.428571
101106220058 25.714286
101106220158 24.761905
101106220258 25.714286
101106220358 31.428571
101106220458 27.619048
101106220558 17.142857
101106220658 20.00
101106220758 24.761905
101106220858 16.190476
101106220958 23.809524
101106221058 25.714286
101106221158 21.904762
101106221258 29.52381
101106221358 26.666667
101106221458 20.00
101106221558 22.857143
101106221658 22.857143
101106221758 27.619048
101106221858 28.571429
101106221958 19.047619
101106222058 33.333333
101106222158 30.47619
101106222258 29.52381
101106222358 21.904762
101106222458 19.047619
101106222558 21.904762
101106222658 20.00
101106222758 15.238095
101106222858 23.809524
101106222958 31.428571
101106223058 33.333333
101106223158 20.00
101106223258 25.714286
101106223358 28.571429
101106223458 33.333333
101106223558 28.571429
101106223658 37.142857
101106223758 22.857143
101106223858 27.619048
101106223958 39.047619
101106224058 32.380952
101106224158 33.333333
101106224258 31.428571
101106224358 25.714286
101106224458 23.809524
101106224558 26.666667
101106224658 24.761905
101106224758 20.952381
101106224858 28.571429
101106224958 19.047619
101106225058 37.142857
101106225158 20.952381
101106225258 22.857143
101106225358 23.809524
101106225458 28.571429
101106225558 29.52381
101106225658 39.047619
101106225758 29.52381
101106225858 32.380952
101106225958 17.142857
101106230058 33.333333
101106230158 24.761905
101106230258 21.904762
101106230358 26.666667
101106230458 26.666667
101106230558 23.809524
101106230658 33.333333
101106230758 32.380952
101106230858 18.095238
101106230958 17.142857
101106231058 22.857143
101106231158 37.142857
101106231258 23.809524
101106231358 24.761905
101106231458 21.904762
101106231558 28.571429
101106231658 28.571429
101106231758 41.904762
101106231858 19.047619
101106231958 30.47619
101106232058 25.714286
101106232158 24.761905
101106232258 21.904762
101106232358 33.333333
101106232458 24.761905
101106232558 29.52381
101106232658 31.428571
101106232758 25.714286
101106232858 24.761905
101106232958 28.571429
101106233058 24.761905
101106233158 35.238095
101106233258 28.571429
101106233358 26.666667
101106233458 20.952381
101106233558 30.47619
101106233658 23.809524
101106233758 26.666667
101106233858 21.904762
101106233958 25.714286
101106234058 21.904762
101106234158 31.428571
101106234258 31.428571
101106234358 20.00
101106234458 26.666667
101106234558 36.190476
101106234658 22.857143
101106234758 30.47619
101106234858 23.809524
101106234958 24.761905
101106235058 29.52381
101106235158 21.904762
101106235258 23.809524
101106235358 19.047619
101106235458 25.714286
101106235558 28.571429
101106235658 29.52381
101106235758 15.238095
101106235858 21.904762
101106235958 33.333333
101107000058 26.666667
101107000158 23.809524
101107000258 25.714286
101107000358 26.666667
101107000458 26.666667
101107000558 17.142857
101107000658 21.904762
101107000758 24.761905
101107000858 39.047619
101107000958 25.714286
101107001058 31.428571
101107001158 32.380952
101107001258 24.761905
101107001358 19.047619
101107001458 34.285714
101107001558 21.904762
101107001658 33.333333
101107001758 24.761905
101107001858 28.571429
101107001958 29.52381
101107002058 24.761905
101107002158 20.952381
101107002258 31.428571
101107002358 42.857143
101107002458 40.952381
101107002558 29.52381
101107002658 31.428571
101107002758 22.857143
101107002858 27.619048
101107002958 26.666667
101107003058 19.047619
101107003158 33.333333
101107003258 31.428571
101107003358 29.52381
101107003458 30.47619
101107003558 20.952381
101107003658 22.857143
101107003758 18.095238
101107003858 20.952381
101107003958 28.571429
101107004058 20.00
101107004158 25.714286
101107004258 21.904762
101107004358 33.333333
101107004458 37.142857
101107004558 34.285714
101107004658 22.857143
101107004758 30.47619
101107004858 34.285714
101107004958 24.761905
101107005058 20.952381
101107005158 27.619048
101107005258 31.428571
101107005358 19.047619
101107005458 34.285714
101107005558 41.904762
101107005658 27.619048
101107005758 29.52381
101107005858 30.47619
101107005958 27.619048
101107010058 42.857143
101107010158 33.333333
101107010258 31.428571
101107010358 16.190476
101107010458 34.285714
101107010558 26.666667
101107010658 26.666667
101107010758 22.857143
101107010858 27.619048
101107010958 31.428571
101107011058 25.714286
101107011158 22.857143
101107011258 21.904762
101107011358 20.00
101107011458 36.190476
101107011558 31.428571
101107011658 24.761905
101107011758 34.285714
101107011858 30.47619
101107011958 29.52381
101107012058 18.095238
101107012158 29.52381
101107012258 28.571429
101107012358 26.666667
101107012458 27.619048
101107012558 30.47619
101107012658 34.285714
101107012758 27.619048
101107012858 20.00
101107012958 22.857143
101107013058 25.714286
101107013158 23.809524
101107013258 23.809524
101107013358 24.761905
101107013458 26.666667
101107013558 33.333333
101107013658 25.714286
101107013758 31.428571
101107013858 29.52381
101107013958 29.52381
101107014058 47.619048
101107014158 24.761905
101107014258 24.761905
101107014358 28.571429
101107014458 33.333333
101107014558 29.52381
101107014658 24.761905
101107014758 29.52381
101107014858 29.52381
101107014958 28.571429
101107015058 23.809524
101107015158 35.238095
101107015258 32.380952
101107015358 33.333333
101107015458 28.571429
101107015558 31.428571
101107015658 30.47619
101107015758 25.714286
101107015858 36.190476
101107015958 28.571429
101107020058 37.142857
101107020158 21.904762
101107020258 23.809524
101107020358 29.52381
101107020458 31.428571
101107020558 32.380952
101107020658 33.333333
101107020758 24.761905
101107020858 18.095238
101107020958 36.190476
101107021058 25.714286
101107021158 36.190476
101107021258 30.47619
101107021358 26.666667
101107021458 29.52381
101107021558 32.380952
101107021658 26.666667
101107021758 28.571429
101107021858 23.809524
101107021958 33.333333
101107022058 20.952381
101107022158 27.619048
101107022258 25.714286
101107022358 29.52381
101107022458 20.00
101107022558 20.00
101107022658 20.952381
101107022758 20.952381
101107022858 21.904762
101107022958 31.428571
101107023058 23.809524
101107023158 22.857143
101107023258 25.714286
101107023358 22.857143
101107023458 30.47619
101107023558 21.904762
101107023658 40.00
101107023758 26.666667
101107023858 30.47619
101107023958 24.761905
101107024058 23.809524
101107024158 41.904762
101107024258 32.380952
101107024358 31.428571
101107024458 26.666667
101107024558 23.809524
101107024658 24.761905
101107024758 31.428571
101107024858 31.428571
101107024958 31.428571
101107025058 35.238095
101107025158 26.666667
101107025258 25.714286
101107025358 22.857143
101107025458 32.380952
101107025558 38.095238
101107025658 26.666667
101107025758 24.761905
101107025858 27.619048
101107025958 24.761905
101107030058 33.333333
101107030158 30.47619
101107030258 23.809524
101107030358 30.47619
101107030458 20.952381
101107030558 32.380952
101107030658 26.666667
101107030758 25.714286
101107030858 30.47619
101107030958 30.47619
101107031058 29.52381
101107031158 25.714286
101107031258 34.285714
101107031358 31.428571
101107031458 26.666667
101107031558 25.714286
101107031658 33.333333
101107031758 31.428571
101107031858 31.428571
101107031958 40.00
101107032058 39.047619
101107032158 40.00
101107032258 30.47619
101107032358 27.619048
101107032458 25.714286
101107032558 25.714286
101107032658 35.238095
101107032758 28.571429
101107032858 38.095238
101107032958 28.571429
101107033058 21.904762
101107033158 24.761905
101107033258 21.904762
101107033358 21.904762
101107033458 26.666667
101107033558 26.666667
101107033658 26.666667
101107033758 26.666667
101107033858 28.571429
101107033958 40.952381
101107034058 20.00
101107034158 29.52381
101107034258 28.571429
101107034358 27.619048
101107034458 22.857143
101107034558 29.52381
101107034658 24.761905
101107034758 28.571429
101107034858 30.47619
101107034958 26.666667
101107035058 20.00
101107035158 34.285714
101107035258 20.952381
101107035358 26.666667
101107035458 28.571429
101107035558 22.857143
101107035658 22.857143
101107035758 32.380952
101107035858 33.333333
101107035958 21.904762
101107040058 27.619048
101107040158 38.095238
101107040258 23.809524
101107040358 21.904762
101107040458 30.47619
101107040558 20.952381
101107040658 20.952381
101107040758 31.428571
101107040858 24.761905
101107040958 30.47619
101107041058 34.285714
101107041158 27.619048
101107041258 36.190476
101107041358 29.52381
101107041458 36.190476
101107041558 21.904762
101107041658 38.095238
101107041758 27.619048
101107041858 29.52381
101107041958 29.52381
101107042058 21.904762
101107042158 28.571429
101107042258 29.52381
101107042358 16.190476
101107042458 31.428571
101107042558 27.619048
101107042658 23.809524
101107042758 24.761905
101107042858 28.571429
101107042958 31.428571
101107043058 28.571429
101107043158 26.666667
101107043258 29.52381
101107043358 37.142857
101107043458 23.809524
101107043558 31.428571
101107043658 33.333333
101107043758 30.47619
101107043858 25.714286
101107043958 23.809524
101107044058 22.857143
101107044158 24.761905
101107044258 28.571429
101107044358 20.952381
101107044458 26.666667
101107044558 30.47619
101107044658 17.142857
101107044758 23.809524
101107044858 30.47619
101107044958 33.333333
101107045058 33.333333
101107045158 33.333333
101107045258 23.809524
101107045358 25.714286
101107045458 35.238095
101107045558 21.904762
101107045658 34.285714
101107045758 34.285714
101107045858 24.761905
101107045958 21.904762
101107050058 27.619048
101107050158 40.00
101107050258 25.714286
101107050358 28.571429
101107050458 30.47619
101107050558 29.52381
101107050658 25.714286
101107050758 23.809524
101107050858 33.333333
101107050958 30.47619
101107051058 29.52381
101107051158 20.952381
101107051258 34.285714
101107051358 24.761905
101107051458 36.190476
101107051558 30.47619
101107051658 20.00
101107051758 26.666667
101107051858 25.714286
101107051958 27.619048
101107052058 24.761905
101107052158 28.571429
101107052258 37.142857
101107052358 26.666667
101107052458 29.52381
101107052558 20.00
101107052658 23.809524
101107052758 34.285714
101107052858 34.285714
101107052958 25.714286
101107053058 33.333333
101107053158 23.809524
101107053258 29.52381
101107053358 29.52381
101107053458 27.619048
101107053558 31.428571
101107053658 20.00
101107053758 25.714286
101107053858 26.666667
101107053958 27.619048
101107054058 26.666667
101107054158 20.952381
101107054258 20.952381
101107054358 31.428571
101107054458 23.809524
101107054558 27.619048
101107054658 28.571429
101107054758 18.095238
101107054858 26.666667
101107054958 32.380952
101107055058 28.571429
101107055158 28.571429
101107055258 34.285714
101107055358 25.714286
101107055458 40.952381
101107055558 23.809524
101107055658 27.619048
101107055758 30.47619
101107055858 37.142857
101107055958 27.619048
101107060058 34.285714
101107060158 21.904762
101107060258 30.47619
101107060358 24.761905
101107060458 31.428571
101107060558 26.666667
101107060658 32.380952
101107060758 32.380952
101107060858 23.809524
101107060958 25.714286
101107061058 26.666667
101107061158 21.904762
101107061258 31.428571
101107061358 32.380952
101107061458 35.238095
101107061558 21.904762
101107061658 37.142857
101107061758 39.047619
101107061858 31.428571
101107061958 18.095238
101107062058 26.666667
101107062158 22.857143
101107062258 22.857143
101107062358 32.380952
101107062458 24.761905
101107062558 16.190476
101107062658 33.333333
101107062758 22.857143
101107062858 26.666667
101107062958 24.761905
101107063058 28.571429
101107063158 27.619048
101107063258 22.857143
101107063358 31.428571
101107063458 26.666667
101107063558 33.333333
101107063658 28.571429
101107063758 33.333333
101107063858 27.619048
101107063958 29.52381
101107064058 20.00
101107064158 26.666667
101107064258 31.428571
101107064358 32.380952
101107064458 26.666667
101107064558 27.619048
101107064658 20.00
101107064758 27.619048
101107064858 20.952381
101107064958 30.47619
101107065058 24.761905
101107065158 25.714286
101107065258 24.761905
101107065358 28.571429
101107065458 27.619048
101107065558 25.714286
101107065658 34.285714
101107065758 22.857143
101107065858 27.619048
101107065958 33.333333
101107070058 25.714286
101107070158 31.428571
101107070258 28.571429
101107070358 21.904762
101107070458 23.809524
101107070558 32.380952
101107070658 26.666667
101107070758 20.952381
101107070858 25.714286
101107070958 27.619048
101107071058 28.571429
101107071158 24.761905
101107071258 20.952381
101107071358 22.857143
101107071458 26.666667
101107071558 33.333333
101107071658 33.333333
101107071758 36.190476
101107071858 37.142857
101107071958 27.619048
101107072058 20.952381
101107072158 18.095238
101107072258 30.47619
101107072358 22.857143
101107072458 21.904762
101107072558 29.52381
101107072658 29.52381
101107072758 28.571429
101107072858 22.857143
101107072958 28.571429
101107073058 30.47619
101107073158 35.238095
101107073258 19.047619
101107073358 24.761905
101107073458 27.619048
101107073558 24.761905
101107073658 34.285714
101107073758 30.47619
101107073858 26.666667
101107073958 27.619048
101107074058 24.761905
101107074158 26.666667
101107074258 27.619048
101107074358 23.809524
101107074458 26.666667
101107074558 19.047619
101107074658 22.857143
101107074758 25.714286
101107074858 34.285714
101107074958 32.380952
101107075058 28.571429
101107075158 20.00
101107075258 33.333333
101107075358 30.47619
101107075458 17.142857
101107075558 37.142857
101107075658 20.00
101107075758 12.380952
101107075858 22.857143
101107075958 24.761905
101107080058 17.142857
101107080158 26.666667
101107080258 27.619048
101107080358 25.714286
101107080458 29.52381
101107080558 33.333333
101107080658 32.380952
101107080758 29.52381
101107080858 39.047619
101107080958 21.904762
101107081058 21.904762
101107081158 26.666667
101107081258 26.666667
101107081358 31.428571
101107081458 16.190476
101107081558 29.52381
101107081658 20.00
101107081758 25.714286
101107081858 30.47619
101107081958 37.142857
101107082058 40.952381
101107082158 27.619048
101107082258 25.714286
101107082358 23.809524
101107082458 38.095238
101107082558 26.666667
101107082658 22.857143
101107082758 29.52381
101107082858 19.047619
101107082958 33.333333
101107083058 31.428571
101107083158 26.666667
101107083258 26.666667
101107083358 31.428571
101107083458 30.47619
101107083558 29.52381
101107083658 22.857143
101107083758 28.571429
101107083858 21.904762
101107083958 25.714286
101107084058 27.619048
101107084158 30.47619
101107084258 35.238095
101107084358 19.047619
101107084458 37.142857
101107084558 35.238095
101107084658 35.238095
101107084758 20.952381
101107084858 27.619048
101107084958 28.571429
101107085058 24.761905
101107085158 27.619048
101107085258 29.52381
101107085358 21.904762
101107085458 40.00
101107085558 26.666667
101107085658 33.333333
101107085758 28.571429
101107085858 14.285714
101107085958 35.238095
101107090058 21.904762
101107090158 18.095238
101107090258 28.571429
101107090358 30.47619
101107090458 20.952381
101107090558 37.142857
101107090658 23.809524
101107090758 33.333333
101107090858 39.047619
101107090958 28.571429
101107091058 27.619048
101107091158 29.52381
101107091258 21.904762
101107091358 28.571429
101107091458 27.619048
101107091558 31.428571
101107091658 25.714286
101107091758 28.571429
101107091858 27.619048
101107091958 30.47619
101107092058 30.47619
101107092158 20.00
101107092258 23.809524
101107092358 32.380952
101107092458 29.52381
101107092558 24.761905
101107092658 22.857143
101107092758 30.47619
101107092858 29.52381
101107092958 28.571429
101107093058 32.380952
101107093158 30.47619
101107093258 34.285714
101107093358 18.095238
101107093458 28.571429
101107093558 32.380952
101107093658 30.47619
101107093758 25.714286
101107093858 29.52381
101107093958 19.047619
101107094058 37.142857
101107094158 23.809524
101107094258 22.857143
101107094358 39.047619
101107094458 31.428571
101107094558 16.190476
101107094658 36.190476
101107094758 34.285714
101107094858 33.333333
101107094958 33.333333
101107095058 28.571429
101107095158 20.952381
101107095258 28.571429
101107095358 28.571429
101107095458 32.380952
101107095558 18.095238
101107095658 28.571429
101107095758 34.285714
101107095858 21.904762
101107095958 22.857143
101107100058 24.761905
101107100158 34.285714
101107100258 27.619048
101107100358 31.428571
101107100458 35.238095
101107100558 23.809524
101107100658 31.428571
101107100758 25.714286
101107100858 25.714286
101107100958 24.761905
101107101058 27.619048
101107101158 29.52381
101107101258 26.666667
101107101358 30.47619
101107101458 17.142857
101107101558 27.619048
101107101658 29.52381
101107101758 32.380952
101107101858 25.714286
101107101958 22.857143
101107102058 26.666667
101107102158 28.571429
101107102258 24.761905
101107102358 33.333333
101107102458 43.809524
101107102558 13.333333
101107102658 34.285714
101107102758 30.47619
101107102858 30.47619
101107102958 30.47619
101107103058 24.761905
101107103158 29.52381
101107103258 31.428571
101107103358 23.809524
101107103458 27.619048
101107103558 29.52381
101107103658 26.666667
101107103758 24.761905
101107103858 35.238095
101107103958 36.190476
101107104058 28.571429
101107104158 30.47619
101107104258 37.142857
101107104358 23.809524
101107104458 32.380952
101107104558 33.333333
101107104658 23.809524
101107104758 27.619048
101107104858 25.714286
101107104958 20.952381
101107105058 29.52381
101107105158 29.52381
101107105258 23.809524
101107105358 28.571429
101107105458 23.809524
101107105558 20.00
101107105658 32.380952
101107105758 38.095238
101107105858 25.714286
101107105958 26.666667
101107110058 19.047619
101107110158 31.428571
101107110258 29.52381
101107110358 27.619048
101107110458 37.142857
101107110558 26.666667
101107110658 33.333333
101107110758 30.47619
101107110858 29.52381
101107110958 29.52381
101107111058 23.809524
101107111158 31.428571
101107111258 25.714286
101107111358 40.952381
101107111458 22.857143
101107111558 29.52381
101107111658 27.619048
101107111758 36.190476
101107111858 24.761905
101107111958 27.619048
101107112058 34.285714
101107112158 25.714286
101107112258 20.00
101107112358 36.190476
101107112458 27.619048
101107112558 20.952381
101107112658 17.142857
101107112758 28.571429
101107112858 14.285714
101107112958 27.619048
101107113058 33.333333
101107113158 22.857143
101107113258 19.047619
101107113358 33.333333
101107113458 34.285714
101107113558 22.857143
101107113658 23.809524
101107113758 31.428571
101107113858 32.380952
101107113958 22.857143
101107114058 18.095238
101107114158 31.428571
101107114258 31.428571
101107114358 30.47619
101107114458 30.47619
101107114558 23.809524
101107114658 24.761905
101107114758 34.285714
101107114858 20.952381
101107114958 35.238095
101107115058 29.52381
101107115158 34.285714
101107115258 29.52381
101107115358 26.666667
101107115458 27.619048
101107115558 27.619048
101107115658 32.380952
101107115758 17.142857
101107115858 30.47619
101107115958 29.52381
101107120058 33.333333
101107120158 25.714286
101107120258 16.190476
101107120358 33.333333
101107120458 21.904762
101107120558 26.666667
101107120658 26.666667
101107120758 28.571429
101107120858 26.666667
101107120958 30.47619
101107121058 23.809524
101107121158 20.952381
101107121258 19.047619
101107121358 23.809524
101107121458 29.52381
101107121558 27.619048
101107121658 36.190476
101107121758 30.47619
101107121858 33.333333
101107121958 32.380952
101107122058 20.00
101107122158 26.666667
101107122258 19.047619
101107122358 30.47619
101107122458 33.333333
101107122558 32.380952
101107122658 19.047619
101107122758 25.714286
101107122858 21.904762
101107122958 31.428571
101107123058 27.619048
101107123158 30.47619
101107123258 18.095238
101107123358 34.285714
101107123458 23.809524
101107123558 19.047619
101107123658 22.857143
101107123758 24.761905
101107123858 33.333333
101107123958 29.52381
101107124058 28.571429
101107124158 33.333333
101107124258 31.428571
101107124358 40.952381
101107124458 29.52381
101107124558 26.666667
101107124658 34.285714
101107124758 37.142857
101107124858 20.952381
101107124958 31.428571
101107125058 37.142857
101107125158 28.571429
101107125258 36.190476
101107125358 30.47619
101107125458 35.238095
101107125558 27.619048
101107125658 27.619048
101107125758 30.47619
101107125858 35.238095
101107125958 36.190476
101107130058 25.714286
101107130158 21.904762
101107130258 22.857143
101107130358 22.857143
101107130458 18.095238
101107130558 29.52381
101107130658 23.809524
101107130758 25.714286
101107130858 34.285714
101107130958 31.428571
101107131058 31.428571
101107131158 29.52381
101107131258 23.809524
101107131358 28.571429
101107131458 20.952381
101107131558 17.142857
101107131658 25.714286
101107131758 24.761905
101107131858 35.238095
101107131958 25.714286
101107132058 30.47619
101107132158 20.00
101107132258 25.714286
101107132358 24.761905
101107132458 27.619048
101107132558 37.142857
101107132658 22.857143
101107132758 36.190476
101107132858 24.761905
101107132958 20.00
101107133058 33.333333
101107133158 34.285714
101107133258 33.333333
101107133358 28.571429
101107133458 24.761905
101107133558 31.428571
101107133658 30.47619
101107133758 27.619048
101107133858 25.714286
101107133958 36.190476
101107134058 22.857143
101107134158 24.761905
101107134258 35.238095
101107134358 26.666667
101107134458 27.619048
101107134558 36.190476
101107134658 20.952381
101107134758 23.809524
101107134858 25.714286
101107134958 16.190476
101107135058 31.428571
101107135158 20.00
101107135258 29.52381
101107135358 26.666667
101107135458 30.47619
101107135558 32.380952
101107135658 25.714286
101107135758 26.666667
101107135858 20.00
101107135958 21.904762
101107140058 27.619048
101107140158 34.285714
101107140258 28.571429
101107140358 20.952381
101107140458 37.142857
101107140558 21.904762
101107140658 33.333333
101107140758 26.666667
101107140858 22.857143
101107140958 23.809524
101107141058 19.047619
101107141158 31.428571
101107141258 23.809524
101107141358 21.904762
101107141458 24.761905
101107141558 20.952381
101107141658 28.571429
101107141758 25.714286
101107141858 25.714286
101107141958 25.714286
101107142058 35.238095
101107142158 34.285714
101107142258 32.380952
101107142358 25.714286
101107142458 23.809524
101107142558 24.761905
101107142658 28.571429
101107142758 27.619048
101107142858 30.47619
101107142958 35.238095
101107143058 20.00
101107143158 26.666667
101107143258 18.095238
101107143358 22.857143
101107143458 23.809524
101107143558 20.952381
101107143658 25.714286
101107143758 38.095238
101107143858 26.666667
101107143958 28.571429
101107144058 25.714286
101107144158 31.428571
101107144258 25.714286
101107144358 33.333333
101107144458 34.285714
101107144558 28.571429
101107144658 23.809524
101107144758 28.571429
101107144858 19.047619
101107144958 27.619048
101107145058 21.904762
101107145158 26.666667
101107145258 16.190476
101107145358 27.619048
101107145458 22.857143
101107145558 28.571429
101107145658 25.714286
101107145758 25.714286
101107145858 26.666667
101107145958 31.428571
101107150058 21.904762
101107150158 34.285714
101107150258 25.714286
101107150358 25.714286
101107150458 28.571429
101107150558 24.761905
101107150658 14.285714
101107150758 23.809524
101107150858 20.00
101107150958 27.619048
101107151058 23.809524
101107151158 30.47619
101107151258 23.809524
101107151358 35.238095
101107151458 33.333333
101107151558 24.761905
101107151658 25.714286
101107151758 16.190476
101107151858 24.761905
101107151958 27.619048
101107152058 32.380952
101107152158 29.52381
101107152258 31.428571
101107152358 26.666667
101107152458 29.52381
101107152558 22.857143
101107152658 32.380952
101107152758 21.904762
101107152858 20.952381
101107152958 33.333333
101107153058 22.857143
101107153158 29.52381
101107153258 23.809524
101107153358 28.571429
101107153458 15.238095
101107153558 19.047619
101107153658 29.52381
101107153758 29.52381
101107153858 23.809524
101107153958 29.52381
101107154058 30.47619
101107154158 30.47619
101107154258 26.666667
101107154358 24.761905
101107154458 29.52381
101107154558 49.52381
101107154658 25.714286
101107154758 29.52381
101107154858 36.190476
101107154958 18.095238
101107155058 24.761905
101107155158 31.428571
101107155258 28.571429
101107155358 23.809524
101107155458 29.52381
101107155558 30.47619
101107155658 26.666667
101107155758 22.857143
101107155858 20.952381
101107155958 29.52381
101107160058 20.00
101107160158 25.714286
101107160258 20.952381
101107160358 29.52381
101107160458 30.47619
101107160558 20.952381
101107160658 25.714286
101107160758 29.52381
101107160858 26.666667
101107160958 22.857143
101107161058 18.095238
101107161158 24.761905
101107161258 29.52381
101107161358 33.333333
101107161458 25.714286
101107161558 17.142857
101107161658 36.190476
101107161758 32.380952
101107161858 31.428571
101107161958 24.761905
101107162058 27.619048
101107162158 27.619048
101107162258 27.619048
101107162358 29.52381
101107162458 29.52381
101107162558 25.714286
101107162658 18.095238
101107162758 32.380952
101107162858 35.238095
101107162958 23.809524
101107163058 34.285714
101107163158 25.714286
101107163258 40.00
101107163358 37.142857
101107163458 25.714286
101107163558 21.904762
101107163658 21.904762
101107163758 28.571429
101107163858 16.190476
101107163958 32.380952
101107164058 34.285714
101107164158 22.857143
101107164258 25.714286
101107164358 32.380952
101107164458 28.571429
101107164558 27.619048
101107164658 25.714286
101107164758 22.857143
101107164858 30.47619
101107164958 28.571429
101107165058 28.571429
101107165158 31.428571
101107165258 23.809524
101107165358 26.666667
101107165458 21.904762
101107165558 27.619048
101107165658 27.619048
101107165758 28.571429
101107165858 40.00
101107165958 21.904762
101107170058 25.714286
101107170158 30.47619
101107170258 23.809524
101107170358 25.714286
101107170458 21.904762
101107170558 20.00
101107170658 23.809524
101107170758 26.666667
101107170858 23.809524
101107170958 36.190476
101107171058 27.619048
101107171158 26.666667
101107171258 36.190476
101107171358 20.00
101107171458 33.333333
101107171558 26.666667
101107171658 23.809524
101107171758 32.380952
101107171858 33.333333
101107171958 23.809524
101107172058 22.857143
101107172158 24.761905
101107172258 23.809524
101107172358 35.238095
101107172458 40.00
101107172558 22.857143
101107172658 33.333333
101107172758 23.809524
101107172858 30.47619
101107172958 28.571429
101107173058 26.666667
101107173158 20.952381
101107173258 33.333333
101107173358 20.00
101107173458 27.619048
101107173558 29.52381
101107173658 25.714286
101107173758 23.809524
101107173858 29.52381
101107173958 21.904762
101107174058 25.714286
101107174158 26.666667
101107174258 28.571429
101107174358 28.571429
101107174458 32.380952
101107174558 20.952381
101107174658 25.714286
101107174758 16.190476
101107174858 27.619048
101107174958 27.619048
101107175058 33.333333
101107175158 20.00
101107175258 33.333333
101107175358 29.52381
101107175458 32.380952
101107175558 21.904762
101107175658 40.00
101107175758 20.00
101107175858 33.333333
101107175958 20.952381
101107180058 20.00
101107180158 27.619048
101107180258 32.380952
101107180358 27.619048
101107180458 28.571429
101107180558 29.52381
101107180658 29.52381
101107180758 18.095238
101107180858 28.571429
101107180958 19.047619
101107181058 23.809524
101107181158 24.761905
101107181258 29.52381
101107181358 28.571429
101107181458 22.857143
101107181558 34.285714
101107181658 27.619048
101107181758 30.47619
101107181858 19.047619
101107181958 33.333333
101107182058 26.666667
101107182158 24.761905
101107182258 30.47619
101107182358 23.809524
101107182458 21.904762
101107182558 32.380952
101107182658 25.714286
101107182758 26.666667
101107182858 31.428571
101107182958 23.809524
101107183058 26.666667
101107183158 22.857143
101107183258 23.809524
101107183358 25.714286
101107183458 24.761905
101107183558 22.857143
101107183658 31.428571
101107183758 24.761905
101107183858 25.714286
101107183958 32.380952
101107184058 27.619048
101107184158 30.47619
101107184258 23.809524
101107184358 31.428571
101107184458 30.47619
101107184558 27.619048
101107184658 26.666667
101107184758 20.952381
101107184858 25.714286
101107184958 30.47619
101107185058 22.857143
101107185158 30.47619
101107185258 30.47619
101107185358 28.571429
101107185458 21.904762
101107185558 28.571429
101107185658 27.619048
101107185758 23.809524
101107185858 34.285714
101107185958 23.809524
101107190058 29.52381
101107190158 27.619048
101107190258 21.904762
101107190358 31.428571
101107190458 23.809524
101107190558 21.904762
101107190658 22.857143
101107190758 22.857143
101107190858 24.761905
101107190958 20.952381
101107191058 27.619048
101107191158 26.666667
101107191258 33.333333
101107191358 25.714286
101107191458 22.857143
101107191558 34.285714
101107191658 24.761905
101107191758 29.52381
101107191858 27.619048
101107191958 16.190476
101107192058 25.714286
101107192158 26.666667
101107192258 24.761905
101107192358 25.714286
101107192458 26.666667
101107192558 28.571429
101107192658 21.904762
101107192758 17.142857
101107192858 36.190476
101107192958 32.380952
101107193058 27.619048
101107193158 17.142857
101107193258 26.666667
101107193358 25.714286
101107193458 26.666667
101107193558 29.52381
101107193658 24.761905
101107193758 27.619048
101107193858 28.571429
101107193958 20.952381
101107194058 20.952381
101107194158 13.333333
101107194258 26.666667
101107194358 19.047619
101107194458 21.904762
101107194558 24.761905
101107194658 28.571429
101107194758 25.714286
101107194858 33.333333
101107194958 30.47619
101107195058 27.619048
101107195158 28.571429
101107195258 22.857143
101107195358 28.571429
101107195458 24.761905
101107195558 27.619048
101107195658 29.52381
101107195758 23.809524
101107195858 26.666667
101107195958 37.142857
101107200058 24.761905
101107200158 25.714286
101107200258 27.619048
101107200358 25.714286
101107200458 25.714286
101107200558 24.761905
101107200658 25.714286
101107200758 17.142857
101107200858 22.857143
101107200958 26.666667
101107201058 25.714286
101107201158 24.761905
101107201258 22.857143
101107201358 26.666667
101107201458 30.47619
101107201558 21.904762
101107201658 19.047619
101107201758 29.52381
101107201858 21.904762
101107201958 22.857143
101107202058 34.285714
101107202158 34.285714
101107202258 28.571429
101107202358 26.666667
101107202458 33.333333
101107202558 23.809524
101107202658 40.00
101107202758 34.285714
101107202858 37.142857
101107202958 27.619048
101107203058 24.761905
101107203158 26.666667
101107203258 34.285714
101107203358 23.809524
101107203458 32.380952
101107203558 32.380952
101107203658 16.190476
101107203758 20.952381
101107203858 23.809524
101107203958 20.00
101107204058 20.952381
101107204158 31.428571
101107204258 32.380952
101107204358 16.190476
101107204458 28.571429
101107204558 20.00
101107204658 23.809524
101107204758 29.52381
101107204858 24.761905
101107204958 22.857143
101107205058 18.095238
101107205158 41.904762
101107205258 21.904762
101107205358 20.952381
101107205458 32.380952
101107205558 27.619048
101107205658 30.47619
101107205758 25.714286
101107205858 18.095238
101107205958 21.904762
101107210058 20.952381
101107210158 32.380952
101107210258 28.571429
101107210358 28.571429
101107210458 26.666667
101107210558 22.857143
101107210658 28.571429
101107210758 27.619048
101107210858 30.47619
101107210958 33.333333
101107211058 18.095238
101107211158 22.857143
101107211258 27.619048
101107211358 34.285714
101107211458 28.571429
101107211558 20.952381
101107211658 17.142857
101107211758 30.47619
101107211858 31.428571
101107211958 22.857143
101107212058 34.285714
101107212158 33.333333
101107212258 20.00
101107212358 37.142857
101107212458 29.52381
101107212558 27.619048
101107212658 24.761905
101107212758 26.666667
101107212858 36.190476
101107212958 21.904762
101107213058 34.285714
101107213158 19.047619
101107213258 30.47619
101107213358 31.428571
101107213458 24.761905
101107213558 27.619048
101107213658 24.761905
101107213758 29.52381
101107213858 25.714286
101107213958 39.047619
101107214058 19.047619
101107214158 38.095238
101107214258 32.380952
101107214358 32.380952
101107214458 33.333333
101107214558 30.47619
101107214658 35.238095
101107214758 24.761905
101107214858 21.904762
101107214958 26.666667
101107215058 22.857143
101107215158 22.857143
101107215258 30.47619
101107215358 20.952381
101107215458 24.761905
101107215558 23.809524
101107215658 26.666667
101107215758 29.52381
101107215858 16.190476
101107215958 26.666667
101107220058 34.285714
101107220158 25.714286
101107220258 28.571429
101107220358 27.619048
101107220458 28.571429
101107220558 20.952381
101107220658 31.428571
101107220758 25.714286
101107220858 21.904762
101107220958 30.47619
101107221058 29.52381
101107221158 22.857143
101107221258 18.095238
101107221358 25.714286
101107221458 22.857143
101107221558 23.809524
101107221658 29.52381
101107221758 26.666667
101107221858 29.52381
101107221958 23.809524
101107222058 25.714286
101107222158 17.142857
101107222258 32.380952
101107222358 23.809524
101107222458 29.52381
101107222558 24.761905
101107222658 25.714286
101107222758 22.857143
101107222858 31.428571
101107222958 22.857143
101107223058 30.47619
101107223158 20.952381
101107223258 32.380952
101107223358 23.809524
101107223458 22.857143
101107223558 33.333333
101107223658 28.571429
101107223758 25.714286
101107223858 25.714286
101107223958 27.619048
101107224058 28.571429
101107224158 33.333333
101107224258 29.52381
101107224358 29.52381
101107224458 31.428571
101107224558 31.428571
101107224658 23.809524
101107224758 23.809524
101107224858 31.428571
101107224958 26.666667
101107225058 30.47619
101107225158 29.52381
101107225258 30.47619
101107225358 30.47619
101107225458 30.47619
101107225558 36.190476
101107225658 20.00
101107225758 24.761905
101107225858 23.809524
101107225958 28.571429
101107230058 26.666667
101107230158 25.714286
101107230258 20.952381
101107230358 21.904762
101107230458 25.714286
101107230558 20.00
101107230658 29.52381
101107230758 26.666667
101107230858 24.761905
101107230958 20.00
101107231058 28.571429
101107231158 29.52381
101107231258 30.47619
101107231358 25.714286
101107231458 28.571429
101107231558 39.047619
101107231658 20.00
101107231758 28.571429
101107231858 37.142857
101107231958 21.904762
101107232058 28.571429
101107232158 25.714286
101107232258 28.571429
101107232358 25.714286
101107232458 33.333333
101107232558 27.619048
101107232658 33.333333
101107232758 13.333333
101107232858 22.857143
101107232958 24.761905
101107233058 28.571429
101107233158 33.333333
101107233258 20.00
101107233358 24.761905
101107233458 18.095238
101107233558 29.52381
101107233658 29.52381
101107233758 26.666667
101107233858 27.619048
101107233958 21.904762
101107234058 27.619048
101107234158 34.285714
101107234258 23.809524
101107234358 28.571429
101107234458 29.52381
101107234558 25.714286
101107234658 30.47619
101107234758 33.333333
101107234858 26.666667
101107234958 31.428571
101107235058 40.952381
101107235158 21.904762
101107235258 18.095238
101107235358 28.571429
101107235458 27.619048
101107235558 20.952381
101107235658 24.761905
101107235758 28.571429
101107235858 30.47619
101107235958 40.00
101108000058 26.666667
101108000158 32.380952
101108000258 27.619048
101108000358 20.952381
101108000458 32.380952
101108000558 28.571429
101108000658 25.714286
101108000758 35.238095
101108000858 34.285714
101108000958 28.571429
101108001058 35.238095
101108001158 28.571429
101108001258 23.809524
101108001358 33.333333
101108001458 27.619048
101108001558 31.428571
101108001658 33.333333
101108001758 19.047619
101108001858 28.571429
101108001958 31.428571
101108002058 31.428571
101108002158 37.142857
101108002258 20.952381
101108002358 26.666667
101108002458 27.619048
101108002558 28.571429
101108002658 34.285714
101108002758 25.714286
101108002858 27.619048
101108002958 24.761905
101108003058 21.904762
101108003158 34.285714
101108003258 27.619048
101108003358 26.666667
101108003458 23.809524
101108003558 20.952381
101108003658 21.904762
101108003758 23.809524
101108003858 28.571429
101108003958 30.47619
101108004058 27.619048
101108004158 35.238095
101108004258 24.761905
101108004358 23.809524
101108004458 39.047619
101108004558 16.190476
101108004658 24.761905
101108004758 20.00
101108004858 23.809524
101108004958 25.714286
101108005058 20.952381
101108005158 20.952381
101108005258 26.666667
101108005358 29.52381
101108005458 21.904762
101108005558 29.52381
101108005658 27.619048
101108005758 29.52381
101108005858 23.809524
101108005958 24.761905
101108010058 31.428571
101108010158 30.47619
101108010258 30.47619
101108010358 16.190476
101108010458 27.619048
101108010558 26.666667
101108010658 17.142857
101108010758 24.761905
101108010858 24.761905
101108010958 25.714286
101108011058 36.190476
101108011158 24.761905
101108011258 20.952381
101108011358 29.52381
101108011458 37.142857
101108011558 28.571429
101108011658 21.904762
101108011758 19.047619
101108011858 27.619048
101108011958 20.00
101108012058 23.809524
101108012158 35.238095
101108012258 19.047619
101108012358 32.380952
101108012458 28.571429
101108012558 20.952381
101108012658 24.761905
101108012758 28.571429
101108012858 30.47619
101108012958 23.809524
101108013058 29.52381
101108013158 29.52381
101108013258 30.47619
101108013358 22.857143
101108013458 33.333333
101108013558 23.809524
101108013658 20.00
101108013758 26.666667
101108013858 42.857143
101108013958 25.714286
101108014058 23.809524
101108014158 24.761905
101108014258 21.904762
101108014358 26.666667
101108014458 29.52381
101108014558 29.52381
101108014658 34.285714
101108014758 30.47619
101108014858 15.238095
101108014958 25.714286
101108015058 31.428571
101108015158 23.809524
101108015258 34.285714
101108015358 22.857143
101108015458 21.904762
101108015558 22.857143
101108015658 31.428571
101108015758 35.238095
101108015858 27.619048
101108015958 22.857143
101108020058 24.761905
101108020158 27.619048
101108020258 15.238095
101108020358 21.904762
101108020458 24.761905
101108020558 27.619048
101108020658 21.904762
101108020758 25.714286
101108020858 34.285714
101108020958 26.666667
101108021058 22.857143
101108021158 27.619048
101108021258 34.285714
101108021358 27.619048
101108021458 24.761905
101108021558 32.380952
101108021658 28.571429
101108021758 23.809524
101108021858 26.666667
101108021958 31.428571
101108022058 25.714286
101108022158 19.047619
101108022258 25.714286
101108022358 32.380952
101108022458 20.00
101108022558 20.952381
101108022658 26.666667
101108022758 18.095238
101108022858 26.666667
101108022958 24.761905
101108023058 28.571429
101108023158 20.952381
101108023258 30.47619
101108023358 33.333333
101108023458 30.47619
101108023558 30.47619
101108023658 23.809524
101108023758 21.904762
101108023858 16.190476
101108023958 27.619048
101108024058 32.380952
101108024158 24.761905
101108024258 28.571429
101108024358 28.571429
101108024458 22.857143
101108024558 24.761905
101108024658 23.809524
101108024758 22.857143
101108024858 28.571429
101108024958 28.571429
101108025058 26.666667
101108025158 28.571429
101108025258 29.52381
101108025358 25.714286
101108025458 24.761905
101108025558 33.333333
101108025658 25.714286
101108025758 27.619048
101108025858 20.00
101108025958 27.619048
101108030058 34.285714
101108030158 24.761905
101108030258 20.952381
101108030358 31.428571
101108030458 23.809524
101108030558 23.809524
101108030658 32.380952
101108030758 19.047619
101108030858 27.619048
101108030958 21.904762
101108031058 27.619048
101108031158 38.095238
101108031258 34.285714
101108031358 37.142857
101108031458 23.809524
101108031558 24.761905
101108031658 23.809524
101108031758 26.666667
101108031858 29.52381
101108031958 33.333333
101108032058 23.809524
101108032158 34.285714
101108032258 18.095238
101108032358 29.52381
101108032458 30.47619
101108032558 28.571429
101108032658 28.571429
101108032758 22.857143
101108032858 16.190476
101108032958 31.428571
101108033058 20.952381
101108033158 28.571429
101108033258 20.952381
101108033358 27.619048
101108033458 28.571429
101108033558 28.571429
101108033658 35.238095
101108033758 26.666667
101108033858 28.571429
101108033958 31.428571
101108034058 26.666667
101108034158 29.52381
101108034258 20.00
101108034358 23.809524
101108034458 26.666667
101108034558 20.952381
101108034658 24.761905
101108034758 33.333333
101108034858 26.666667
101108034958 28.571429
101108035058 33.333333
101108035158 25.714286
101108035258 22.857143
101108035358 29.52381
101108035458 27.619048
101108035558 28.571429
101108035658 28.571429
101108035758 25.714286
101108035858 15.238095
101108035958 24.761905
101108040058 22.857143
101108040158 37.142857
101108040258 26.666667
101108040358 27.619048
101108040458 25.714286
101108040558 24.761905
101108040658 23.809524
101108040758 17.142857
101108040858 25.714286
101108040958 27.619048
101108041058 36.190476
101108041158 23.809524
101108041258 26.666667
101108041358 28.571429
101108041458 22.857143
101108041558 35.238095
101108041658 19.047619
101108041758 29.52381
101108041858 22.857143
101108041958 24.761905
101108042058 25.714286
101108042158 28.571429
101108042258 34.285714
101108042358 30.47619
101108042458 25.714286
101108042558 20.952381
101108042658 27.619048
101108042758 32.380952
101108042858 29.52381
101108042958 27.619048
101108043058 20.952381
101108043158 28.571429
101108043258 23.809524
101108043358 27.619048
101108043458 34.285714
101108043558 32.380952
101108043658 21.904762
101108043758 24.761905
101108043858 18.095238
101108043958 25.714286
101108044058 24.761905
101108044158 21.904762
101108044258 31.428571
101108044358 27.619048
101108044458 23.809524
101108044558 35.238095
101108044658 19.047619
101108044758 31.428571
101108044858 32.380952
101108044958 26.666667
101108045058 24.761905
101108045158 38.095238
101108045258 18.095238
101108045358 18.095238
101108045458 32.380952
101108045558 27.619048
101108045658 31.428571
101108045758 25.714286
101108045858 35.238095
101108045958 31.428571
101108050058 33.333333
101108050158 40.00
101108050258 24.761905
101108050358 28.571429
101108050458 31.428571
101108050558 26.666667
101108050658 26.666667
101108050758 15.238095
101108050858 39.047619
101108050958 38.095238
101108051058 31.428571
101108051158 33.333333
101108051258 23.809524
101108051358 33.333333
101108051458 36.190476
101108051558 26.666667
101108051658 23.809524
101108051758 39.047619
101108051858 35.238095
101108051958 30.47619
101108052058 36.190476
101108052158 25.714286
101108052258 23.809524
101108052358 25.714286
101108052458 28.571429
101108052558 33.333333
101108052658 31.428571
101108052758 33.333333
101108052858 30.47619
101108052958 27.619048
101108053058 20.952381
101108053158 26.666667
101108053258 26.666667
101108053358 31.428571
101108053458 27.619048
101108053558 34.285714
101108053658 31.428571
101108053758 28.571429
101108053858 24.761905
101108053958 26.666667
101108054058 36.190476
101108054158 36.190476
101108054258 21.904762
101108054358 25.714286
101108054458 20.00
101108054558 27.619048
101108054658 25.714286
101108054758 27.619048
101108054858 33.333333
101108054958 31.428571
101108055058 24.761905
101108055158 26.666667
101108055258 27.619048
101108055358 23.809524
101108055458 27.619048
101108055558 18.095238
101108055658 27.619048
101108055758 24.761905
101108055858 31.428571
101108055958 31.428571
101108060058 24.761905
101108060158 33.333333
101108060258 35.238095
101108060358 27.619048
101108060458 20.00
101108060558 27.619048
101108060658 22.857143
101108060758 27.619048
101108060858 25.714286
101108060958 25.714286
101108061058 27.619048
101108061158 29.52381
101108061258 28.571429
101108061358 16.190476
101108061458 25.714286
101108061558 21.904762
101108061658 21.904762
101108061758 26.666667
101108061858 25.714286
101108061958 31.428571
101108062058 22.857143
101108062158 22.857143
101108062258 21.904762
101108062358 34.285714
101108062458 25.714286
101108062558 27.619048
101108062658 31.428571
101108062758 18.095238
101108062858 34.285714
101108062958 27.619048
101108063058 30.47619
101108063158 24.761905
101108063258 36.190476
101108063358 35.238095
101108063458 27.619048
101108063558 34.285714
101108063658 30.47619
101108063758 25.714286
101108063858 35.238095
101108063958 27.619048
101108064058 29.52381
101108064158 34.285714
101108064258 32.380952
101108064358 33.333333
101108064458 24.761905
101108064558 24.761905
101108064658 16.190476
101108064758 30.47619
101108064858 22.857143
101108064958 27.619048
101108065058 27.619048
101108065158 20.00
101108065258 26.666667
101108065358 19.047619
101108065458 32.380952
101108065558 32.380952
101108065658 25.714286
101108065758 29.52381
101108065858 31.428571
101108065958 27.619048
101108070058 21.904762
101108070158 33.333333
101108070258 24.761905
101108070358 24.761905
101108070458 30.47619
101108070558 37.142857
101108070658 29.52381
101108070758 22.857143
101108070858 23.809524
101108070958 24.761905
101108071058 33.333333
101108071158 32.380952
101108071258 30.47619
101108071358 31.428571
101108071458 25.714286
101108071558 28.571429
101108071658 24.761905
101108071758 27.619048
101108071858 23.809524
101108071958 29.52381
101108072058 24.761905
101108072158 33.333333
101108072258 25.714286
101108072358 21.904762
101108072458 20.952381
101108072558 23.809524
101108072658 28.571429
101108072758 21.904762
101108072858 35.238095
101108072958 22.857143
101108073058 23.809524
101108073158 18.095238
101108073258 20.952381
101108073358 33.333333
101108073458 28.571429
101108073558 28.571429
101108073658 25.714286
101108073758 24.761905
101108073858 30.47619
