GEIGER
Window Title:  Aw-Radw Exec # 1
Com Port: 1  TBU: 60 sec,  TBUs Averaged per Line: 1
Calibration Factor: 105,00 Detector Dead Time: 35 microsecs, Time: Sun Jan 16 16:29:02 2011
110116162902	26,666667
110116163002	28,571429
110116163102	21,904762
110116163202	28,571429
110116163302	20,00
110116163402	28,571429
110116163502	31,428571
110116163602	31,428571
110116163702	22,857143
110116163802	23,809524
110116163902	28,571429
110116164002	28,571429
110116164102	23,809524
110116164202	25,714286
110116164302	30,47619
110116164402	28,571429
110116164502	24,761905
110116164602	26,666667
110116164702	21,904762
110116164802	28,571429
110116164902	29,52381
110116165002	30,47619
110116165102	22,857143
110116165202	21,904762
110116165302	27,619048
110116165402	17,142857
110116165502	26,666667
110116165602	26,666667
110116165702	17,142857
110116165802	27,619048
110116165902	23,809524
110116170002	29,52381
110116170102	24,761905
110116170202	21,904762
110116170302	30,47619
110116170402	34,285714
110116170502	27,619048
110116170602	23,809524
110116170702	30,47619
110116170802	23,809524
110116170902	29,52381
110116171002	28,571429
110116171102	28,571429
110116171202	30,47619
110116171302	28,571429
110116171402	25,714286
110116171502	26,666667
110116171602	26,666667
110116171702	34,285714
110116171802	20,952381
110116171902	26,666667
110116172002	37,142857
110116172102	24,761905
110116172202	17,142857
110116172302	25,714286
110116172402	25,714286
110116172502	35,238095
110116172602	28,571429
110116172702	31,428571
110116172802	25,714286
110116172902	26,666667
110116173002	22,857143
110116173102	26,666667
110116173202	24,761905
110116173302	33,333333
110116173402	25,714286
110116173502	21,904762
110116173602	20,00
110116173702	34,285714
110116173802	26,666667
110116173902	26,666667
110116174002	22,857143
110116174102	18,095238
110116174202	30,47619
110116174302	19,047619
110116174402	31,428571
110116174502	30,47619
110116174602	37,142857
110116174702	25,714286
110116174802	29,52381
110116174902	39,047619
110116175002	35,238095
110116175102	25,714286
110116175202	15,238095
110116175302	27,619048
110116175402	31,428571
110116175502	22,857143
110116175602	34,285714
110116175702	28,571429
110116175802	30,47619
110116175902	29,52381
110116180002	25,714286
110116180102	23,809524
110116180202	29,52381
110116180302	24,761905
110116180402	28,571429
110116180502	22,857143
110116180602	31,428571
110116180702	29,52381
110116180802	28,571429
110116180902	19,047619
110116181002	25,714286
110116181102	26,666667
110116181202	24,761905
110116181302	27,619048
110116181402	23,809524
110116181502	32,380952
110116181602	22,857143
110116181702	30,47619
110116181802	29,52381
110116181902	24,761905
110116182002	23,809524
110116182102	19,047619
110116182202	21,904762
110116182302	25,714286
110116182402	21,904762
110116182502	32,380952
110116182602	24,761905
110116182702	26,666667
110116182802	21,904762
110116182902	22,857143
110116183002	28,571429
110116183102	27,619048
110116183202	33,333333
110116183302	30,47619
110116183402	28,571429
110116183502	28,571429
110116183602	25,714286
110116183702	22,857143
110116183802	27,619048
110116183902	30,47619
110116184002	32,380952
110116184102	20,00
110116184202	29,52381
110116184302	24,761905
110116184402	32,380952
110116184502	32,380952
110116184602	25,714286
110116184702	34,285714
110116184802	23,809524
110116184902	33,333333
110116185002	21,904762
110116185102	20,952381
110116185202	30,47619
110116185302	28,571429
110116185402	23,809524
110116185502	38,095238
110116185602	31,428571
110116185702	22,857143
110116185802	28,571429
110116185902	28,571429
110116190002	32,380952
110116190102	22,857143
110116190202	26,666667
110116190302	29,52381
110116190402	32,380952
110116190502	31,428571
110116190602	23,809524
110116190702	26,666667
110116190802	24,761905
110116190902	29,52381
110116191002	32,380952
110116191102	13,333333
110116191202	27,619048
110116191302	40,00
110116191402	28,571429
110116191502	20,00
110116191602	28,571429
110116191702	30,47619
110116191802	24,761905
110116191902	31,428571
110116192002	20,952381
110116192102	34,285714
110116192202	23,809524
110116192302	29,52381
110116192402	40,00
110116192502	31,428571
110116192602	30,47619
110116192702	27,619048
110116192802	23,809524
110116192902	27,619048
110116193002	23,809524
110116193102	28,571429
110116193202	24,761905
110116193302	28,571429
110116193402	26,666667
110116193502	24,761905
110116193602	24,761905
110116193702	25,714286
110116193802	31,428571
110116193902	24,761905
110116194002	32,380952
110116194102	27,619048
110116194202	20,952381
110116194302	46,666667
110116194402	20,952381
110116194502	20,952381
110116194602	38,095238
110116194702	26,666667
110116194802	26,666667
110116194902	24,761905
110116195002	24,761905
110116195102	24,761905
110116195202	23,809524
110116195302	40,952381
110116195402	21,904762
110116195502	23,809524
110116195602	26,666667
110116195702	30,47619
110116195802	22,857143
110116195902	24,761905
110116200002	27,619048
110116200102	26,666667
110116200202	22,857143
110116200302	19,047619
110116200402	28,571429
110116200502	32,380952
110116200602	27,619048
110116200702	34,285714
110116200802	31,428571
110116200902	25,714286
110116201002	18,095238
110116201102	26,666667
110116201202	19,047619
110116201302	28,571429
110116201402	20,00
110116201502	25,714286
110116201602	35,238095
110116201702	26,666667
110116201802	32,380952
110116201902	33,333333
110116202002	24,761905
110116202102	22,857143
110116202202	32,380952
110116202302	22,857143
110116202402	20,952381
110116202502	26,666667
110116202602	31,428571
110116202702	27,619048
110116202802	18,095238
110116202902	24,761905
110116203002	33,333333
110116203102	34,285714
110116203202	23,809524
110116203302	27,619048
110116203402	25,714286
110116203502	23,809524
110116203602	25,714286
110116203702	29,52381
110116203802	27,619048
110116203902	24,761905
110116204002	28,571429
110116204102	35,238095
110116204202	36,190476
110116204302	35,238095
110116204402	21,904762
110116204502	23,809524
110116204602	24,761905
110116204702	29,52381
110116204802	22,857143
110116204902	29,52381
110116205002	25,714286
110116205102	26,666667
110116205202	28,571429
110116205302	25,714286
110116205402	26,666667
110116205502	19,047619
110116205602	21,904762
110116205702	29,52381
110116205802	31,428571
110116205902	23,809524
110116210002	29,52381
110116210102	27,619048
110116210202	33,333333
110116210302	27,619048
110116210402	20,00
110116210502	21,904762
110116210602	26,666667
110116210702	26,666667
110116210802	22,857143
110116210902	26,666667
110116211002	38,095238
110116211102	17,142857
110116211202	36,190476
