00.05 0.353
00.15 0.352
00.25 0.327
00.35 0.303
00.45 0.315
00.55 0.332
01.05 0.333
01.15 0.301
01.25 0.313
01.35 0.322
01.45 0.345
01.55 0.325
02.05 0.340
02.15 0.306
02.25 0.312
02.35 0.358
02.45 0.296
02.55 0.317
03.05 0.331
03.15 0.328
03.25 0.305
03.35 0.342
03.45 0.330
03.55 0.344
04.05 0.352
04.15 0.337
04.25 0.325
04.35 0.344
04.45 0.334
04.55 0.325
05.05 0.332
05.15 0.318
05.25 0.333
05.35 0.359
05.45 0.344
05.55 0.365
06.05 0.353
06.15 0.321
06.25 0.355
06.35 0.343
06.45 0.300
06.55 0.380
07.05 0.351
07.15 0.379
07.25 0.352
07.35 0.295
07.45 0.328
07.55 0.311
08.05 0.337
08.15 0.334
08.25 0.375
08.35 0.349
08.45 0.344
08.55 0.354
09.05 0.322
09.15 0.349
09.25 0.341
09.35 0.351
09.45 0.333
09.55 0.341
10.05 0.345
10.15 0.305
10.25 0.333
10.35 0.330
10.45 0.339
10.55 0.307
11.05 0.334
11.15 0.312
11.25 0.371
11.35 0.331
11.45 0.337
11.55 0.340
12.05 0.347
12.15 0.346
12.25 0.334
12.35 0.359
12.45 0.321
12.55 0.360
13.05 0.330
13.15 0.306
13.25 0.334
13.35 0.357
13.45 0.342
13.55 0.321
14.05 0.360
14.15 0.333
14.25 0.324
14.35 0.328
14.45 0.331
14.55 0.346
15.05 0.337
15.15 0.352
15.25 0.325
15.35 0.346
15.45 0.354
15.55 0.370
16.05 0.341
16.15 0.345
16.25 0.347
16.35 0.338
16.45 0.320
16.55 0.347
17.05 0.330
17.15 0.326
17.25 0.337
17.35 0.337
17.45 0.336
17.55 0.337
18.05 0.295
18.15 0.315
18.25 0.327
18.35 0.345
18.45 0.320
18.55 0.354
19.05 0.356
19.15 0.325
19.25 0.309
19.35 0.328
19.45 0.325
19.55 0.379
20.05 0.355
20.15 0.347
20.25 0.344
20.35 0.324
20.45 0.339
20.55 0.366
21.05 0.370
21.15 0.342
21.25 0.366
21.35 0.299
21.45 0.322
22.02 0.349
22.12 0.317
22.22 0.324
22.32 0.327
22.42 0.329
22.52 0.342
23.02 0.356
23.12 0.333
23.22 0.334
23.32 0.347
23.42 0.321
23.52 0.307
00.02 0.306
00.12 0.353
00.22 0.353
00.32 0.343
00.42 0.339
00.52 0.318
01.02 0.342
01.12 0.329
01.22 0.307
01.32 0.371
01.42 0.334
01.52 0.362
02.02 0.353
02.12 0.302
02.22 0.325
02.32 0.324
02.42 0.364
02.52 0.339
03.02 0.341
03.12 0.368
03.22 0.349
03.32 0.362
03.42 0.349
03.52 0.346
04.02 0.322
04.12 0.322
04.22 0.321
04.32 0.355
04.42 0.313
04.52 0.320
05.02 0.295
05.12 0.333
05.22 0.340
05.32 0.345
05.42 0.344
05.52 0.346
06.02 0.355
06.12 0.336
06.22 0.292
06.32 0.324
06.42 0.327
06.52 0.338
07.02 0.346
07.12 0.360
07.22 0.339
07.32 0.337
07.42 0.352
07.52 0.341
08.02 0.341
08.12 0.343
08.22 0.317
08.32 0.303
08.42 0.322
08.52 0.313
09.02 0.346
09.12 0.346
09.22 0.340
09.32 0.333
09.42 0.354
09.52 0.312
10.02 0.344
10.12 0.366
10.22 0.325
10.32 0.356
10.42 0.326
10.52 0.332
11.02 0.352
11.12 0.315
11.22 0.327
11.32 0.314
11.42 0.359
11.52 0.325
12.02 0.300
12.12 0.355
12.22 0.315
12.32 0.326
12.42 0.331
12.52 0.349
13.02 0.339
13.12 0.320
13.22 0.315
13.32 0.313
13.42 0.331
13.52 0.362
14.02 0.316
14.12 0.356
14.22 0.358
14.32 0.367
14.42 0.343
14.52 0.324
15.02 0.353
15.12 0.354
15.22 0.316
15.32 0.315
15.42 0.337
15.52 0.341
16.02 0.339
16.12 0.342
16.22 0.355
16.32 0.345
16.42 0.343
16.52 0.320
17.02 0.329
17.12 0.328
17.22 0.344
17.32 0.350
17.42 0.312
17.52 0.324
18.02 0.324
18.12 0.367
18.22 0.313
18.32 0.369
18.42 0.282
18.52 0.328
19.02 0.321
19.12 0.346
19.22 0.351
19.32 0.332
19.42 0.353
19.52 0.319
20.02 0.359
20.12 0.308
20.22 0.347
20.32 0.311
20.42 0.375
20.52 0.326
21.02 0.365
21.12 0.369
21.22 0.334
21.38 0.332
21.48 0.351
21.58 0.374
22.08 0.406
22.18 0.352
22.28 0.325
22.38 0.313
22.48 0.345
22.58 0.357
23.08 0.352
23.18 0.332
23.28 0.337
23.38 0.355
23.48 0.370
23.58 0.336