10.22 ---
10.23 ---
10.24 ---
10.25 0.337
10.26 0.423
10.27 0.206
10.28 0.347
10.29 0.391
10.30 0.304
10.31 0.369
10.32 0.369
10.33 0.293
10.34 0.369
10.35 0.239
10.36 0.293
10.37 0.489
10.38 0.456
10.39 0.423
10.40 0.402
10.41 0.304
10.42 0.261
10.43 ---
10.44 0.402
10.45 0.326
10.46 0.304
10.47 0.282
10.48 0.337
10.49 0.358
10.50 0.456
10.51 0.282
10.52 0.228
10.53 0.261
10.54 ---
10.55 ---
10.56 ---
10.57 0.282
10.58 ---
10.59 ---
11.00 ---
11.01 ---
11.02 ---
11.03 ---
11.04 ---
11.05 0.206
11.06 ---
11.07 0.282
11.08 ---
11.09 ---
11.10 ---
11.11 0.239
11.12 0.261
11.13 0.228
11.14 0.347
11.15 0.423
11.16 0.391
11.17 0.261
11.18 0.369
11.19 0.369
11.20 0.347
11.21 0.423
11.22 0.358
11.23 0.478
11.24 0.402
11.25 0.489
11.26 0.467
11.27 0.369
11.28 0.413
11.29 0.489
11.30 0.391
11.31 0.337
11.32 0.271
11.33 0.217
11.34 0.261
11.35 0.261
11.36 0.271
11.37 0.369
11.38 ---
11.39 0.304
11.40 ---
11.41 0.250
11.42 0.206
11.43 0.271
11.44 0.282
11.45 0.326
11.46 0.347
11.47 0.402
11.48 0.434
11.49 0.347
11.50 0.489
11.51 0.326
11.52 0.293
11.53 0.369
11.54 0.293
11.55 0.326
11.56 0.271
11.57 0.434
11.58 0.391
11.59 ---
12.00 0.413
12.01 0.337
12.02 0.434
12.03 0.445
12.04 0.369
12.05 0.315
12.06 0.326
12.07 0.282
12.08 0.326
12.09 0.271
12.10 0.261
12.11 0.326
12.12 0.369
12.13 0.423
12.14 0.304
12.15 0.261
12.16 0.413
12.17 0.293
12.18 0.391
12.19 0.369
12.20 0.315
12.21 0.304
12.22 0.347
12.23 0.261
12.24 0.347
12.25 0.304
12.26 0.358
12.27 0.347
12.28 0.293
12.29 0.337
12.30 0.261
12.31 0.293
12.32 0.315
12.33 0.347
12.34 0.358
12.35 0.369
12.36 0.206
12.37 0.489
12.38 0.293
12.39 0.337
12.40 0.358
12.41 0.326
12.42 0.217
12.43 0.326
12.44 0.261
12.45 0.250
12.46 0.250
12.47 0.217
12.48 0.347
12.49 0.304
12.50 0.239
12.51 0.282
12.52 ---
12.53 0.304
12.54 ---
12.55 0.380
12.56 0.380
12.57 0.206
12.58 0.337
12.59 0.250
13.00 0.358
13.01 0.315
13.02 0.347
13.03 0.261
13.04 0.337
13.05 0.282
13.06 0.402
13.07 0.402
13.08 0.369
13.09 0.217
13.10 0.326
13.11 0.239
13.12 0.413
13.13 0.413
13.14 ---
13.15 0.434
13.16 0.380
13.17 0.358
13.18 0.499
13.19 0.358
13.20 0.337
13.21 0.391
13.22 0.358
13.23 0.337
13.24 0.293
13.25 0.369
13.26 0.337
13.27 0.467
13.28 0.304
13.29 0.369
13.30 0.239
13.31 0.326
13.32 0.434
13.33 0.391
13.34 0.293
13.35 0.369
13.36 0.271
13.37 0.206
13.38 0.347
13.39 0.337
13.40 0.250
13.41 0.304
13.42 0.489
13.43 0.358
13.44 0.337
13.45 0.347
13.46 0.337
13.47 0.315
13.48 0.282
13.49 0.434
13.50 0.315
13.51 0.347
13.52 0.434
13.53 0.239
13.54 0.315
13.55 0.293
13.56 0.380
13.57 0.315
13.58 0.239
13.59 0.326
14.00 0.337
14.01 0.358
14.02 0.261
14.03 0.358
14.04 0.369
14.05 0.304
14.06 0.304
14.07 0.271
14.08 0.358
14.09 0.250
14.10 0.358
14.11 0.304
14.12 0.293
14.13 0.304
14.14 0.391
14.15 0.271
14.16 0.282
14.17 0.467
14.18 0.282
14.19 ---
14.20 0.337
14.21 0.293
14.22 0.413
14.23 0.293
14.24 0.337
14.25 0.271
14.26 0.228
14.27 0.369
14.28 0.456
14.29 0.369
14.30 0.358
14.31 0.228
14.32 0.358
14.33 0.326
14.34 0.261
14.35 0.326
14.36 0.369
14.37 0.347
14.38 0.391
14.39 0.347
14.40 0.271
14.41 0.326
14.42 0.337
14.43 0.347
14.44 0.402
14.45 0.239
14.46 0.358
14.47 0.391
14.48 0.282
14.49 0.228
14.50 0.358
14.51 ---
14.52 0.402
14.53 0.369
14.54 0.261
14.55 0.315
14.56 0.304
14.57 0.217
14.58 0.326
14.59 0.402
15.00 0.261
15.01 0.369
15.02 0.271
15.03 0.250
15.04 0.337
15.05 0.380
15.06 0.261
15.07 0.326
15.08 0.358
15.09 0.304
15.10 0.293
15.11 0.326
15.12 0.326
15.13 0.282
15.14 0.423
15.15 ---
15.16 0.261
15.17 0.315
15.18 0.261
15.19 0.261
15.20 0.369
15.21 0.261
15.22 0.304
15.23 0.293
15.24 0.337
15.25 0.326
15.26 0.358
15.27 0.304
15.28 0.282
15.29 ---
15.30 0.423
15.31 0.293
15.32 0.206
15.33 0.206
15.34 0.326
15.35 0.217
15.36 0.282
15.37 0.261
15.38 ---
15.39 0.282
15.40 0.304
15.41 0.282
15.42 0.402
15.43 0.239
15.44 0.261
15.45 ---
15.46 0.326
15.47 0.250
15.48 0.271
15.49 ---
15.50 ---
15.51 0.261
15.52 0.271
15.53 0.282
15.54 0.261
15.55 0.282
15.56 0.228
15.57 0.347
15.58 0.261
15.59 0.304
16.00 ---
16.01 0.271
16.02 0.239
16.03 0.293
16.04 0.282
16.05 0.271
16.06 0.326
16.07 0.315
16.08 0.271
16.09 0.347
16.10 0.228
16.11 0.413
16.12 0.337
16.13 0.304
16.14 0.228
16.15 0.261
16.16 ---
16.17 ---
16.18 0.369
16.19 0.217
16.20 0.293
16.21 ---
16.22 ---
16.23 0.337
16.24 0.206
16.25 0.206
16.26 0.347
16.27 0.261
16.28 0.206
16.29 0.206
16.30 ---
16.31 0.271
16.32 0.271
16.33 0.239
16.34 0.239
16.35 0.228
16.36 0.347
16.37 0.250
16.38 0.293
16.39 0.337
16.40 0.315
16.41 0.239
16.42 0.293
16.43 0.315
16.44 0.261
16.45 0.239
16.46 0.217
16.47 0.250
16.48 0.261
16.49 ---
16.50 ---
16.51 ---
16.52 0.228
16.53 0.228
16.54 0.304
16.55 0.293
16.56 ---
16.57 0.337
16.58 ---
16.59 0.271
17.00 0.261
17.01 0.304
17.02 0.206
17.03 0.271
17.04 0.217
17.05 0.315
17.06 0.228
17.07 ---
17.08 0.271
17.09 0.315
17.10 0.315
17.11 0.304
17.12 0.402
17.13 ---
17.14 0.271
17.15 0.261
17.16 ---
17.17 ---
17.18 0.239
17.19 0.271
17.20 0.206
17.21 ---
17.22 0.347
17.23 0.326
17.24 0.228
17.25 0.315
17.26 0.293
17.27 0.217
17.28 0.250
17.29 0.261
17.30 0.239
17.31 ---
17.32 0.347
17.33 0.304
17.34 0.304
17.35 ---
17.36 0.293
17.37 0.293
17.38 0.293
17.39 0.261
17.40 ---
17.41 0.271
17.42 0.239
17.43 0.217
17.44 0.261
17.45 0.304
17.46 0.282
17.47 0.315
17.48 0.293
17.49 0.239
17.50 0.206
17.51 0.271
17.52 0.293
17.53 ---
17.54 0.271
17.55 0.282
17.56 ---
17.57 0.239
17.58 0.337
17.59 0.293
18.00 0.228
18.01 0.239
18.02 ---
18.03 ---
18.04 0.250
18.05 0.250
18.06 0.239
18.07 0.282
18.08 0.206
18.09 0.250
18.10 ---
18.11 0.206
18.12 ---
18.13 0.217
18.14 0.261
18.15 0.228
18.16 0.271
18.17 0.304
18.18 0.304
18.19 0.206
18.20 0.304
18.21 0.261
18.22 0.261
18.23 0.206
18.24 0.282
18.25 0.304
18.26 0.239
18.27 0.239
18.28 0.250
18.29 0.391
18.30 0.304
18.31 0.337
18.32 0.228
18.33 0.337
18.34 0.250
18.35 ---
18.36 0.304
18.37 0.369
18.38 0.358
18.39 0.478
18.40 0.358
18.41 0.413
18.42 0.293
18.43 0.391
18.44 0.347
18.45 0.337
18.46 0.271
18.47 0.337
18.48 0.261
18.49 0.347
18.50 0.434
18.51 0.478
18.52 ---
18.53 0.337
18.54 0.228
18.55 0.304
18.56 0.358
18.57 0.293
18.58 0.282
18.59 0.337
19.00 0.326
19.01 0.380
19.02 0.402
19.03 0.293
19.04 0.271
19.05 0.402
19.06 0.391
19.07 0.337
19.08 0.326
19.09 0.402
19.10 0.228
19.11 0.380
19.12 0.402
19.13 0.315
19.14 0.271
19.15 0.380
19.16 0.347
19.17 0.326
19.18 0.304
19.19 0.369
19.20 0.369
19.21 0.337
19.22 0.239
19.23 0.293
19.24 0.261
19.25 0.326
19.26 0.261
19.27 0.293
19.28 0.315
19.29 0.326
19.30 0.261
19.31 0.358
19.32 0.250
19.33 0.402
19.34 0.402
19.35 0.413
19.36 0.261
19.37 0.217
19.38 0.337
19.39 0.282
19.40 0.304
19.41 0.434
19.42 0.304
19.43 0.467
19.44 0.358
19.45 0.423
19.46 0.304
19.47 0.337
19.48 0.402
19.49 0.402
19.50 0.293
19.51 0.369
19.52 0.293
19.53 0.358
19.54 0.293
19.55 0.337
19.56 0.402
19.57 0.347
19.58 ---
19.59 0.347
20.00 0.369
20.01 0.326
20.02 0.347
20.03 0.315
20.04 0.358
20.05 0.402
20.06 0.304
20.07 0.413
20.08 0.282
20.09 0.369
20.10 0.326
20.11 0.293
20.12 0.402
20.13 0.293
20.14 0.337
20.15 0.293
20.16 0.358
20.17 0.261
20.18 0.380
20.19 0.380
20.20 0.293
20.21 0.337
20.22 0.467
20.23 0.326
20.24 0.315
20.25 0.391
20.26 0.456
20.27 0.391
20.28 0.445
20.29 0.271
20.30 0.358
20.31 0.293
20.32 0.358
20.33 0.434
20.34 ---
20.35 0.380
20.36 0.261
20.37 0.391
20.38 0.271
20.39 0.282
20.40 0.326
20.41 0.347
20.42 0.304
20.43 0.337
20.44 0.271
20.45 0.456
20.46 0.282
20.47 0.358
20.48 0.380
20.49 0.315
20.50 0.250
20.51 0.347
20.52 0.326
20.53 0.347
20.54 0.358
23.20 ---
23.21 ---
23.22 ---
23.23 ---
23.24 ---
23.25 ---
23.26 0.326
23.27 0.358
23.28 0.206
23.29 0.250
23.30 0.402
23.31 0.434
23.32 0.391
23.33 0.402
23.34 0.315
23.35 0.391
23.36 0.326
23.37 0.358
23.38 0.391
23.39 0.402
23.40 0.337
23.41 0.423
23.42 0.304
23.43 0.326
23.44 0.293
23.45 0.347
23.46 0.293
23.47 0.337
23.48 0.250
23.49 0.315
23.50 0.282
23.51 0.271
23.52 0.369
23.53 0.315
23.54 0.391
23.55 0.423
23.56 0.326
23.57 0.369
23.58 0.326
23.59 0.304
00.00 0.347
00.01 0.337
00.02 0.337
00.03 0.315
00.04 0.217
00.05 0.347
00.06 0.391
00.07 0.391
00.08 0.391
00.09 0.261
00.10 0.402
00.11 0.358
00.12 0.369
00.13 0.380
00.14 0.293
00.15 0.391
00.16 0.304
00.17 0.369
00.18 0.293
00.19 0.358
00.20 0.380
00.21 0.326
00.22 0.402
00.23 0.337
00.24 0.250
00.25 0.347
00.26 0.337
00.27 0.445
00.28 0.347
00.29 0.347
00.30 0.337
00.31 0.369
00.32 0.369
00.33 0.369
00.34 0.456
00.35 0.369
00.36 ---
00.37 0.293
00.38 0.467
00.39 0.358
00.40 0.282
00.41 0.282
00.42 0.282
00.43 0.293
00.44 0.293
00.45 0.271
00.46 0.271
00.47 0.206
00.48 0.358
00.49 0.380
00.50 0.347
00.51 0.228
00.52 ---
00.53 0.282
00.54 0.391
00.55 0.380
00.56 0.391
00.57 0.326
00.58 0.445
00.59 0.380
01.00 0.293
01.01 0.293
01.02 0.445
01.03 0.391
01.04 0.337
01.05 0.391
01.06 0.423
01.07 0.326
01.08 0.337
01.09 0.206
01.10 0.271
01.11 0.261
01.12 0.293
01.13 0.391
01.14 0.358
01.15 0.337
01.16 0.369
01.17 0.358
01.18 0.326
01.19 0.391
01.20 0.489
01.21 0.369
01.22 0.315
01.23 0.326
01.24 0.293
01.25 0.239
01.26 0.337
01.27 0.391
01.28 0.413
01.29 0.347
01.30 0.369
01.31 0.391
01.32 0.347
01.33 0.423
01.34 ---
01.35 0.250
01.36 0.369
01.37 0.293
01.38 0.326
01.39 0.358
01.40 ---
01.41 0.434
01.42 0.326
01.43 0.304
01.44 0.304
01.45 0.391
01.46 0.304
01.47 0.391
01.48 0.347
01.49 0.391
01.50 0.293
01.51 0.402
01.52 0.337
01.53 0.326
01.54 0.380
01.55 0.358
01.56 0.391
01.57 0.315
01.58 0.282
01.59 0.326
02.00 0.282
02.01 0.380
02.02 0.326
02.03 0.445
02.04 0.315
02.05 0.358
02.06 0.423
02.07 0.402
02.08 0.402
02.09 0.380
02.10 0.380
02.11 0.358
02.12 0.326
02.13 0.315
02.14 0.347
02.15 0.347
02.16 0.369
02.17 ---
02.18 0.293
02.19 0.358
02.20 0.369
02.21 0.402
02.22 0.271
02.23 0.347
02.24 0.228
02.25 0.434
02.26 0.326
02.27 0.391
02.28 0.326
02.29 0.282
02.30 0.250
02.31 0.358
02.32 0.337
02.33 0.282
02.34 0.304
02.35 0.293
02.36 0.358
02.37 0.282
02.38 0.369
02.39 0.271
02.40 0.315
02.41 0.228
02.42 0.282
02.43 0.391
02.44 0.369
02.45 0.358
02.46 0.337
02.47 0.304
02.48 0.402
02.49 0.413
02.50 0.304
02.51 0.293
02.52 0.315
02.53 0.282
02.54 0.293
02.55 0.315
02.56 0.326
02.57 0.282
02.58 0.217
02.59 0.293
03.00 0.380
03.01 0.369
03.02 0.434
03.03 0.402
03.04 0.402
03.05 0.391
03.06 0.347
03.07 0.239
03.08 0.293
03.09 0.391
03.10 0.271
03.11 0.347
03.12 0.402
03.13 0.326
03.14 0.282
03.15 0.456
03.16 0.293
03.17 0.423
03.18 0.315
03.19 0.239
03.20 0.369
03.21 0.337
03.22 0.337
03.23 0.282
03.24 0.445
03.25 0.315
03.26 0.337
03.27 0.271
03.28 ---
03.29 0.445
03.30 0.347
03.31 0.304
03.32 0.217
03.33 0.304
03.34 0.347
03.35 0.337
03.36 0.337
03.37 0.250
03.38 0.347
03.39 0.282
03.40 0.293
03.41 0.315
03.42 0.337
03.43 0.326
03.44 0.337
03.45 0.423
03.46 0.369
03.47 0.337
03.48 0.402
03.49 0.358
03.50 0.467
03.51 0.326
03.52 0.391
03.53 0.315
03.54 0.326
03.55 0.304
03.56 0.337
03.57 0.261
03.58 0.271
03.59 0.347
04.00 0.391
04.01 0.271
04.02 0.369
04.03 0.282
04.04 0.337
04.05 0.261
04.06 0.380
04.07 0.337
04.08 0.434
04.09 0.391
04.10 0.282
04.11 0.402
04.12 0.358
04.13 0.271
04.14 0.337
04.15 0.347
04.16 0.293
04.17 0.239
04.18 0.239
04.19 0.293
04.20 0.380
04.21 0.326
04.22 0.315
04.23 0.347
04.24 0.337
04.25 0.423
04.26 0.271
04.27 0.315
04.28 0.293
04.29 0.402
04.30 0.326
04.31 0.293
04.32 0.250
04.33 0.326
04.34 0.347
04.35 0.228
04.36 0.271
04.37 0.358
04.38 0.315
04.39 0.380
04.40 0.239
04.41 0.358
04.42 0.326
04.43 0.358
04.44 0.380
04.45 0.315
04.46 0.250
04.47 0.293
04.48 0.293
04.49 0.282
04.50 0.347
04.51 0.282
04.52 0.293
04.53 ---
04.54 0.304
04.55 0.337
04.56 0.217
04.57 0.250
04.58 0.369
04.59 0.304
05.00 0.304
05.01 0.304
05.02 0.304
05.03 0.261
05.04 0.326
05.05 0.423
05.06 0.347
05.07 0.217
05.08 0.326
05.09 0.326
05.10 0.369
05.11 0.358
05.12 0.206
05.13 0.380
05.14 0.369
05.15 0.326
05.16 0.434
05.17 0.467
05.18 0.326
05.19 0.293
05.20 0.402
05.21 0.402
05.22 0.282
05.23 0.380
05.24 0.326
05.25 0.326
05.26 0.347
05.27 0.347
05.28 0.347
05.29 0.293
05.30 0.358
05.31 0.369
05.32 0.423
05.33 0.391
05.34 0.282
05.35 0.456
05.36 0.380
05.37 0.347
05.38 0.380
05.39 0.337
05.40 0.326
05.41 0.326
05.42 ---
05.43 0.326
05.44 0.402
05.45 0.337
05.46 0.304
05.47 0.358
05.48 0.293
05.49 0.337
05.50 0.261
05.51 0.293
05.52 0.337
05.53 0.391
05.54 0.337
05.55 0.337
05.56 0.445
05.57 0.337
05.58 0.239
05.59 ---
06.00 0.337
06.01 0.358
06.02 0.445
06.03 0.326
06.04 0.293
06.05 0.358
06.06 0.380
06.07 0.217
06.08 0.402
06.09 0.337
06.10 0.326
06.11 0.369
06.12 0.347
06.13 0.228
06.14 0.347
06.15 0.369
06.16 0.402
06.17 0.250
06.18 0.271
06.19 0.358
06.20 0.326
06.21 0.380
06.22 0.445
06.23 0.423
06.24 0.282
06.25 0.261
06.26 0.304
06.27 ---
06.28 0.250
06.29 0.337
06.30 0.478
06.31 0.271
06.32 0.369
06.33 0.434
06.34 0.358
06.35 0.315
06.36 0.271
06.37 0.358
06.38 0.282
06.39 0.337
06.40 0.423
06.41 0.369
06.42 0.434
06.43 0.380
06.44 0.413
06.45 0.304
06.46 0.282
06.47 0.347
06.48 0.347
06.49 0.380
06.50 0.239
06.51 0.347
06.52 0.445
06.53 0.456
06.54 0.369
06.55 0.369
06.56 0.337
06.57 0.315
06.58 0.358
06.59 0.369
07.00 0.358
07.01 0.326
07.02 0.293
07.03 0.391
07.04 0.391
07.05 0.347
07.06 0.337
07.07 0.261
07.08 0.347
07.09 0.434
07.10 0.347
07.11 0.423
07.12 0.391
07.13 0.206
07.14 0.380
07.15 0.239
07.16 0.423
07.17 0.337
07.18 0.315
07.19 0.391
07.20 0.293
07.21 0.239
07.22 0.347
07.23 0.271
07.24 0.358
07.25 0.358
07.26 0.380
07.27 0.250
07.28 0.304
07.29 0.337
07.30 0.293
07.31 0.358
07.32 0.315
07.33 0.347
07.34 0.380
07.35 0.315
07.36 0.293
07.37 0.293
07.38 0.337
07.39 0.293
07.40 0.271
07.41 0.489
07.42 0.282
07.43 0.261
07.44 0.347
07.45 0.282
07.46 0.304
07.47 0.326
07.48 0.250
07.49 0.434
07.50 0.456
07.51 0.239
07.52 0.467
07.53 0.337
07.54 0.423
07.55 0.326
07.56 0.282
07.57 0.282
07.58 0.369
07.59 0.369
08.00 0.369
08.01 ---
08.02 0.402
08.03 0.347
08.04 0.315
08.05 0.326
08.06 0.358
08.07 0.239
08.08 0.402
08.09 0.293
08.10 0.413
08.11 0.413
08.12 0.347
08.13 0.413
08.14 0.315
08.15 0.315
08.16 0.293
08.17 0.391
08.18 0.326
08.19 0.369
08.20 0.271
08.21 0.445
08.22 0.337
08.23 0.380
08.24 0.282
08.25 0.304
08.26 0.326
08.27 0.380
08.28 0.326
08.29 0.413
08.30 0.423
08.31 0.315
08.32 0.282
08.33 0.413
08.34 0.380
08.35 0.293
08.36 0.261
08.37 0.358
08.38 0.304
08.39 0.271
08.40 0.304
08.41 0.423
08.42 0.326
08.43 0.293
08.44 0.434
08.45 0.369
08.46 0.347
08.47 0.315
08.48 0.271
08.49 0.250
08.50 0.337
08.51 0.261
08.52 0.271
08.53 0.380
08.54 0.358
08.55 0.304
08.56 0.467
08.57 0.445
08.58 0.423
08.59 0.250
09.00 0.380
09.01 0.250
09.02 0.304
09.03 0.337
09.04 0.489
09.05 0.282
09.06 0.434
09.07 0.261
09.08 0.391
09.09 0.413
09.10 0.293
09.11 0.337
09.12 0.304
09.13 0.402
09.14 0.293
09.15 0.347
09.16 0.261
09.17 0.304
09.18 0.380
09.19 0.413
09.20 0.402
09.21 0.391
09.22 0.380
09.23 0.304
09.24 0.413
09.25 0.358
09.26 0.315
09.27 0.326
09.28 0.315
09.29 0.369
09.30 0.271
09.31 0.358
09.32 0.228
09.33 0.358
09.34 0.402
09.35 0.413
09.36 0.337
09.37 0.467
09.38 0.402
09.39 0.217
09.40 0.337
09.41 0.326
09.42 0.423
09.43 0.315
09.44 0.261
09.45 0.358
09.46 0.402
09.47 0.293
09.48 0.413
10.34 ---
10.35 ---
10.36 0.332
10.37 0.335
11.37 0.339
12.37 0.340
13.37 0.336
14.37 0.345
15.37 0.348
16.37 0.351
17.37 0.330
18.37 0.332
19.37 0.339
20.37 0.348
21.37 0.339
22.37 0.351
23.37 0.337
00.37 0.335
01.37 0.337
02.37 0.350
03.37 0.355
04.37 0.350
05.37 0.338
06.37 0.334
07.37 0.346
08.37 0.352
09.37 0.339
10.37 0.344
11.37 0.346
12.37 0.351
13.37 0.327
14.37 0.335
15.37 0.343
16.37 0.332
17.37 0.359
18.37 0.337
19.37 0.346
20.37 0.336
21.37 0.347
22.37 0.345
23.37 0.346
00.37 0.335
01.37 0.328
02.37 0.336
03.37 0.353
04.37 0.337
05.37 0.349
06.37 0.353
07.37 0.353
08.37 0.343
09.37 0.338
10.37 0.344
11.37 0.347
12.37 0.329
13.37 0.337
14.37 0.335
15.37 0.337
16.37 0.343
17.37 0.341
18.37 0.332
19.37 0.335
20.37 0.360
21.37 0.340
22.37 0.340
23.37 0.332
00.37 0.343
01.37 0.338
02.37 0.337
03.37 0.347
04.37 0.341
05.37 0.336
06.37 0.358
07.37 0.343
08.37 0.336
09.37 0.347
10.37 0.344
11.37 0.342
12.37 0.323
13.37 0.339
14.37 0.335
15.37 0.342
16.37 0.346
17.37 0.349
18.37 0.330
19.37 0.340
20.37 0.350
21.37 0.338
22.37 0.351
23.37 0.337
00.37 0.348
01.37 0.333
02.37 0.341
03.37 0.344
04.37 0.343
05.37 0.345
06.37 0.351
07.37 0.343
08.37 0.335
09.37 0.334
10.37 0.338
