39927.64116	41.90
39927.64150	43.81
39927.64185	24.76
39927.64220	17.14
39927.64255	49.52
39927.64289	36.19
39927.64324	32.38
39927.64359	40.00
39927.64394	26.67
39927.64428	28.57
39927.64463	34.29
39927.64498	19.05
39927.64532	30.48
39927.64567	26.67
39927.64602	22.86
39927.64637	22.86
39927.64671	26.67
39927.64706	40.00
39927.64741	24.76
39927.64775	30.48
39927.64810	28.57
39927.64845	9.52
39927.64880	28.57
39927.64914	30.48
39927.64949	28.57
39927.64984	40.00
39927.65019	24.76
39927.65053	28.57
39927.65088	7.62
39927.65123	34.29
39927.65157	32.38
39927.65192	40.00
39927.65227	19.05
39927.65262	41.90
39927.65296	26.67
39927.65331	28.57
39927.65366	49.52
39927.65400	20.95
39927.65435	43.81
39927.65470	32.38
39927.65505	28.57
39927.65539	30.48
39927.65574	24.76
39927.65609	26.67
39927.65644	30.48
39927.65678	32.38
39927.65713	24.76
39927.65748	36.19
39927.65782	36.19
39927.65817	28.57
39927.65852	41.90
39927.65887	11.43
39927.65921	26.67
39927.65956	15.24
39927.65991	28.57
39927.66025	34.29
39927.66060	30.48
39927.66095	24.76
39927.66130	20.95
39927.66164	20.95
39927.66199	24.76
39927.66234	20.95
39927.66269	28.57
39927.66303	28.57
39927.66338	22.86
39927.66373	34.29
39927.66407	28.57
39927.66442	30.48
39927.66477	28.57
39927.66512	28.57
39927.66546	15.24
39927.66581	32.38
39927.66616	30.48
39927.66650	36.19
39927.66685	19.05
39927.66720	13.33
39927.66755	15.24
39927.66789	20.95
39927.66824	20.95
39927.66859	26.67
39927.66894	24.76
39927.66928	22.86
39927.66963	34.29
39927.66998	24.76
39927.67032	24.76
39927.67067	19.05
39927.67102	17.14
39927.67137	40.00
39927.67171	26.67
39927.67206	19.05
39927.67241	51.43
39927.67275	24.76
39927.67310	20.95
39927.67345	30.48
39927.67380	24.76
39927.67414	40.00
39927.67449	30.48
39927.67484	40.00
39927.67519	24.76
39927.67553	30.48
39927.67588	30.48
39927.67623	30.48
39927.67657	20.95
39927.67692	17.14
39927.67727	32.38
39927.67762	28.57
39927.67796	24.76
39927.67831	32.38
39927.67866	15.24
39927.67900	32.38
39927.67935	34.29
39927.67970	34.29
39927.68005	34.29
39927.68039	34.29
39927.68074	34.29
39927.68109	28.57
39927.68144	22.86
39927.68178	20.95
39927.68213	24.76
39927.68248	28.57
39927.68282	30.48
39927.68317	22.86
39927.68352	30.48
39927.68387	22.86
39927.68421	34.29
39927.68456	19.05
39927.68491	32.38
39927.68525	26.67
39927.68560	20.95
39927.68595	32.38
39927.68630	34.29
39927.68664	34.29
39927.68699	17.14
39927.68734	22.86
39927.68769	22.86
39927.68803	19.05
39927.68838	22.86
39927.68873	28.57
39927.68907	17.14
39927.68942	20.95
39927.68977	26.67
39927.69012	26.67
39927.69046	34.29
39927.69081	32.38
39927.69116	40.00
39927.69150	36.19
39927.69185	38.10
39927.69220	24.76
39927.69255	32.38
39927.69289	24.76
39927.69324	19.05
39927.69359	36.19
39927.69394	24.76
39927.69428	36.19
39927.69463	26.67
39927.69498	26.67
39927.69532	28.57
39927.69567	32.38
39927.69602	22.86
39927.69637	26.67
39927.69671	26.67
39927.69706	30.48
39927.69741	20.95
39927.69775	28.57
39927.69810	34.29
39927.69845	32.38
39927.69880	22.86
39927.69914	32.38
39927.69949	38.10
39927.69984	43.81
39927.70019	30.48
39927.70053	26.67
39927.70088	17.14
39927.70123	28.57
39927.70157	30.48
39927.70192	45.71
39927.70227	41.90
39927.70262	26.67
39927.70296	36.19
39927.70331	26.67
39927.70366	28.57
39927.70400	26.67
39927.70435	34.29
39927.70470	20.95
39927.70505	26.67
39927.70539	34.29
39927.70574	20.95
39927.70609	40.00
39927.70644	26.67
39927.70678	34.29
39927.70713	22.86
39927.70748	24.76
39927.70782	40.00
39927.70817	24.76
39927.70852	30.48
39927.70887	30.48
39927.70921	28.57
39927.70956	32.38
39927.70991	40.00
39927.71025	28.57
39927.71060	17.14
39927.71095	22.86
39927.71130	28.57
39927.71164	24.76
39927.71199	28.57
39927.71234	30.48
39927.71269	26.67
39927.71303	19.05
39927.71338	41.90
39927.71373	36.19
39927.71407	13.33
39927.71442	32.38
39927.71477	26.67
39927.71512	30.48
39927.71546	38.10
39927.71581	19.05
39927.71616	22.86
39927.71650	43.81
39927.71685	26.67
39927.71720	24.76
39927.71755	30.48
39927.71789	43.81
39927.71824	45.71
39927.71859	15.24
39927.71894	30.48
39927.71928	47.62
39927.71963	24.76
39927.71998	32.38
39927.72032	38.10
39927.72067	15.24
39927.72102	24.76
39927.72137	13.33
39927.72171	28.57
39927.72206	45.71
39927.72241	11.43
39927.72275	30.48
39927.72310	38.10
39927.72345	32.38
39927.72380	34.29
39927.72414	40.00
39927.72449	36.19
39927.72484	28.57
39927.72519	22.86
39927.72553	17.14
39927.72588	32.38
39927.72623	22.86
39927.72657	38.10
39927.72692	20.95
39927.72727	41.90
39927.72762	32.38
39927.72796	36.19
39927.72831	19.05
39927.72866	20.95
39927.72900	32.38
39927.72935	22.86
39927.72970	43.81
39927.73005	26.67
39927.73039	26.67
39927.73074	32.38
39927.73109	38.10
39927.73144	28.57
39927.73178	15.24
39927.73213	19.05
39927.73248	26.67
39927.73282	28.57
39927.73317	41.90
39927.73352	20.95
39927.73387	28.57
39927.73421	32.38
39927.73456	32.38
39927.73491	24.76
39927.73525	11.43
39927.73560	26.67
39927.73595	24.76
39927.73630	28.57
39927.73664	17.14
39927.73699	24.76
39927.73734	30.48
39927.73769	30.48
39927.73803	41.90
39927.73838	40.00
39927.73873	32.38
39927.73907	32.38
39927.73942	28.57
39927.73977	36.19
39927.74012	24.76
39927.74046	30.48
39927.74081	26.67
39927.74116	22.86
39927.74150	49.52
39927.74185	26.67
39927.74220	15.24
39927.74255	22.86
39927.74289	22.86
39927.74324	17.14
39927.74359	38.10
39927.74394	24.76
39927.74428	43.81
39927.74463	24.76
39927.74498	20.95
39927.74532	20.95
39927.74567	40.00
39927.74602	40.00
39927.74637	20.95
39927.74671	28.57
39927.74706	24.76
39927.74741	51.43
39927.74775	28.57
39927.74810	30.48
39927.74845	28.57
39927.74880	32.38
39927.74914	28.57
39927.74949	32.38
39927.74984	40.00
39927.75019	15.24
39927.75053	22.86
39927.75088	24.76
39927.75123	22.86
39927.75157	19.05
39927.75192	17.14
39927.75227	30.48
39927.75262	32.38
39927.75296	28.57
39927.75331	30.48
39927.75366	36.19
39927.75400	36.19
39927.75435	32.38
39927.75470	22.86
39927.75505	28.57
39927.75539	20.95
39927.75574	38.10
39927.75609	30.48
39927.75644	36.19
39927.75678	32.38
39927.75713	32.38
39927.75748	30.48
39927.75782	22.86
39927.75817	9.52
39927.75852	36.19
39927.75887	32.38
39927.75921	32.38
39927.75956	32.38
39927.75991	22.86
39927.76025	19.05
39927.76060	22.86
39927.76095	32.38
39927.76130	28.57
39927.76164	20.95
39927.76199	28.57
39927.76234	30.48
39927.76269	34.29
39927.76303	20.95
39927.76338	28.57
39927.76373	28.57
39927.76407	22.86
39927.76442	28.57
39927.76477	36.19
39927.76512	26.67
39927.76546	28.57
39927.76581	15.24
39927.76616	24.76
39927.76650	24.76
39927.76685	13.33
39927.76720	17.14
39927.76755	26.67
39927.76789	28.57
39927.76824	34.29
39927.76859	30.48
39927.76894	28.57
39927.76928	20.95
39927.76963	30.48
39927.76998	34.29
39927.77032	20.95
39927.77067	30.48
39927.77102	32.38
39927.77137	24.76
39927.77171	28.57
39927.77206	32.38
39927.77241	20.95
39927.77275	30.48
39927.77310	20.95
39927.77345	38.10
39927.77380	32.38
39927.77414	32.38
39927.77449	38.10
39927.77484	41.90
39927.77519	24.76
39927.77553	20.95
39927.77588	34.29
39927.77623	28.57
39927.77657	36.19
39927.77692	28.57
39927.77727	22.86
39927.77762	28.57
39927.77796	40.00
39927.77831	19.05
39927.77866	32.38
39927.77900	34.29
39927.77935	30.48
39927.77970	30.48
39927.78005	30.48
39927.78039	30.48
39927.78074	24.76
39927.78109	24.76
39927.78144	26.67
39927.78178	22.86
39927.78213	20.95
39927.78248	17.14
39927.78282	32.38
39927.78317	22.86
39927.78352	30.48
39927.78387	40.00
39927.78421	38.10
39927.78456	24.76
39927.78491	17.14
39927.78525	15.24
39927.78560	22.86
39927.78595	24.76
39927.78630	11.43
39927.78664	34.29
39927.78699	32.38
39927.78734	28.57
39927.78769	28.57
39927.78803	20.95
39927.78838	30.48
39927.78873	30.48
39927.78907	26.67
39927.78942	36.19
39927.78977	34.29
39927.79012	34.29
39927.79046	38.10
39927.79081	20.95
39927.79116	26.67
39927.79150	24.76
39927.79185	28.57
39927.79220	11.43
39927.79255	30.48
39927.79289	36.19
39927.79324	43.81
39927.79359	22.86
39927.79394	20.95
39927.79428	26.67
39927.79463	22.86
39927.79498	32.38
39927.79532	13.33
39927.79567	19.05
39927.79602	19.05
39927.79637	17.14
39927.79671	34.29
39927.79706	22.86
39927.79741	28.57
39927.79775	32.38
39927.79810	19.05
39927.79845	32.38
39927.79880	24.76
39927.79914	19.05
39927.79949	38.10
39927.79984	34.29
39927.80019	30.48
39927.80053	38.10
39927.80088	24.76
39927.80123	30.48
39927.80157	38.10
39927.80192	40.00
39927.80227	22.86
39927.80262	22.86
39927.80296	22.86
39927.80331	24.76
39927.80366	26.67
39927.80400	24.76
39927.80435	45.71
39927.80470	30.48
39927.80505	41.90
39927.80539	22.86
39927.80574	36.19
39927.80609	19.05
39927.80644	26.67
39927.80678	17.14
39927.80713	34.29
39927.80748	34.29
39927.80782	26.67
39927.80817	28.57
39927.80852	32.38
39927.80887	30.48
39927.80921	19.05
39927.80956	26.67
39927.80991	19.05
39927.81025	24.76
39927.81060	26.67
39927.81095	30.48
39927.81130	26.67
39927.81164	20.95
39927.81199	30.48
39927.81234	13.33
39927.81269	30.48
39927.81303	30.48
39927.81338	26.67
39927.81373	24.76
39927.81407	32.38
39927.81442	32.38
39927.81477	26.67
39927.81512	30.48
39927.81546	32.38
39927.81581	36.19
39927.81616	32.38
39927.81650	19.05
39927.81685	30.48
39927.81720	34.29
39927.81755	24.76
39927.81789	32.38
39927.81824	26.67
39927.81859	24.76
39927.81894	32.38
39927.81928	41.90
39927.81963	34.29
39927.81998	5.71
39927.82032	41.90
39927.82067	36.19
39927.82102	26.67
39927.82137	38.10
39927.82171	34.29
39927.82206	40.00
39927.82241	34.29
39927.82275	26.67
39927.82310	28.57
39927.82345	22.86
39927.82380	15.24
39927.82414	32.38
39927.82449	15.24
39927.82484	40.00
39927.82519	30.48
39927.82553	40.00
39927.82588	32.38
39927.82623	28.57
39927.82657	24.76
39927.82692	32.38
39927.82727	30.48
39927.82762	19.05
39927.82796	55.24
39927.82831	13.33
39927.82866	26.67
39927.82900	32.38
39927.82935	20.95
39927.82970	45.71
39927.83005	28.57
39927.83039	28.57
39927.83074	38.10
39927.83109	24.76
39927.83144	24.76
39927.83178	19.05
39927.83213	34.29
39927.83248	24.76
39927.83282	30.48
39927.83317	34.29
39927.83352	24.76
39927.83387	19.05
39927.83421	22.86
39927.83456	28.57
39927.83491	38.10
39927.83525	36.19
39927.83560	28.57
39927.83595	32.38
39927.83630	17.14
39927.83664	19.05
39927.83699	32.38
39927.83734	38.10
39927.83769	19.05
39927.83803	28.57
39927.83838	45.71
39927.83873	32.38
39927.83907	19.05
39927.83942	36.19
39927.83977	22.86
39927.84012	15.24
39927.84046	38.10
39927.84081	26.67
39927.84116	11.43
39927.84150	24.76
39927.84185	28.57
39927.84220	32.38
39927.84255	22.86
39927.84289	17.14
39927.84324	34.29
39927.84359	24.76
39927.84394	24.76
39927.84428	28.57
39927.84463	38.10
39927.84498	30.48
39927.84532	30.48
39927.84567	24.76
39927.84602	22.86
39927.84637	30.48
39927.84671	26.67
39927.84706	30.48
39927.84741	36.19
39927.84775	40.00
39927.84810	38.10
39927.84845	22.86
39927.84880	24.76
39927.84914	26.67
39927.84949	26.67
39927.84984	26.67
39927.85019	30.48
39927.85053	26.67
39927.85088	30.48
39927.85123	34.29
39927.85157	24.76
39927.85192	13.33
39927.85227	13.33
39927.85262	28.57
39927.85296	40.00
39927.85331	38.10
39927.85366	28.57
39927.85400	20.95
39927.85435	19.05
39927.85470	19.05
39927.85505	36.19
39927.85539	40.00
39927.85574	28.57
39927.85609	26.67
39927.85644	20.95
39927.85678	19.05
39927.85713	20.95
39927.85748	28.57
39927.85782	34.29
39927.85817	38.10
39927.85852	22.86
39927.85887	24.76
39927.85921	20.95
39927.85956	32.38
39927.85991	19.05
39927.86025	30.48
39927.86060	22.86
39927.86095	40.00
39927.86130	30.48
39927.86164	32.38
39927.86199	36.19
39927.86234	30.48
39927.86269	30.48
39927.86303	28.57
39927.86338	15.24
39927.86373	38.10
39927.86407	34.29
39927.86442	20.95
39927.86477	28.57
39927.86512	26.67
39927.86546	34.29
39927.86581	45.71
39927.86616	30.48
39927.86650	20.95
39927.86685	32.38
39927.86720	26.67
39927.86755	38.10
39927.86789	32.38
39927.86824	32.38
39927.86859	22.86
39927.86894	32.38
39927.86928	17.14
39927.86963	22.86
39927.86998	24.76
39927.87032	30.48
39927.87067	20.95
39927.87102	17.14
39927.87137	34.29
39927.87171	20.95
39927.87206	26.67
39927.87241	32.38
39927.87275	38.10
39927.87310	26.67
39927.87345	26.67
39927.87380	38.10
39927.87414	22.86
39927.87449	22.86
39927.87484	30.48
39927.87519	22.86
39927.87553	24.76
39927.87588	38.10
39927.87623	28.57
39927.87657	32.38
39927.87692	30.48
39927.87727	17.14
39927.87762	11.43
39927.87796	32.38
39927.87831	30.48
39927.87866	28.57
39927.87900	32.38
39927.87935	30.48
39927.87970	30.48
39927.88005	22.86
39927.88039	19.05
39927.88074	28.57
39927.88109	26.67
39927.88144	34.29
39927.88178	30.48
39927.88213	20.95
39927.88248	22.86
39927.88282	24.76
39927.88317	19.05
39927.88352	41.90
39927.88387	34.29
39927.88421	30.48
39927.88456	32.38
39927.88491	30.48
39927.88525	32.38
39927.88560	26.67
39927.88595	32.38
39927.88630	26.67
39927.88664	26.67
39927.88699	32.38
39927.88734	19.05
39927.88769	28.57
39927.88803	36.19
39927.88838	20.95
39927.88873	19.05
39927.88907	20.95
39927.88942	28.57
39927.88977	30.48
39927.89012	30.48
39927.89046	17.14
39927.89081	32.38
39927.89116	30.48
39927.89150	24.76
39927.89185	34.29
39927.89220	20.95
39927.89255	13.33
39927.89289	30.48
39927.89324	38.10
39927.89359	22.86
39927.89394	34.29
39927.89428	24.76
39927.89463	26.67
39927.89498	24.76
39927.89532	22.86
39927.89567	36.19
39927.89602	22.86
39927.89637	19.05
39927.89671	19.05
39927.89706	28.57
39927.89741	24.76
39927.89775	40.00
39927.89810	36.19
39927.89845	34.29
39927.89880	20.95
39927.89914	30.48
39927.89949	19.05
39927.89984	36.19
39927.90019	32.38
39927.90053	28.57
39927.90088	26.67
39927.90123	34.29
39927.90157	26.67
39927.90192	32.38
39927.90227	17.14
39927.90262	30.48
39927.90296	30.48
39927.90331	26.67
39927.90366	15.24
39927.90400	28.57
39927.90435	26.67
39927.90470	30.48
39927.90505	40.00
39927.90539	32.38
39927.90574	22.86
39927.90609	30.48
39927.90644	38.10
39927.90678	40.00
39927.90713	36.19
39927.90748	24.76
39927.90782	19.05
39927.90817	40.00
39927.90852	34.29
39927.90887	22.86
39927.90921	20.95
39927.90956	49.52
39927.90991	19.05
39927.91025	24.76
39927.91060	24.76
39927.91095	43.81
39927.91130	19.05
39927.91164	36.19
39927.91199	24.76
39927.91234	34.29
39927.91269	34.29
39927.91303	26.67
39927.91338	40.00
39927.91373	26.67
39927.91407	9.52
39927.91442	24.76
39927.91477	17.14
39927.91512	28.57
39927.91546	30.48
39927.91581	30.48
39927.91616	36.19
39927.91650	28.57
39927.91685	32.38
39927.91720	36.19
39927.91755	32.38
39927.91789	22.86
39927.91824	40.00
39927.91859	32.38
39927.91894	28.57
39927.91928	20.95
39927.91963	32.38
39927.91998	19.05
39927.92032	28.57
39927.92067	22.86
39927.92102	24.76
39927.92137	24.76
39927.92171	32.38
39927.92206	26.67
39927.92241	24.76
39927.92275	22.86
39927.92310	40.00
39927.92345	38.10
39927.92380	30.48
39927.92414	28.57
39927.92449	28.57
39927.92484	22.86
39927.92519	20.95
39927.92553	26.67
39927.92588	30.48
39927.92623	41.90
39927.92657	34.29
39927.92692	34.29
39927.92727	38.10
39927.92762	38.10
39927.92796	22.86
39927.92831	26.67
39927.92866	36.19
39927.92900	34.29
39927.92935	36.19
39927.92970	36.19
39927.93005	36.19
39927.93039	38.10
39927.93074	32.38
39927.93109	15.24
39927.93144	28.57
39927.93178	26.67
39927.93213	38.10
39927.93248	32.38
39927.93282	32.38
39927.93317	28.57
39927.93352	34.29
39927.93387	30.48
39927.93421	32.38
39927.93456	28.57
39927.93491	32.38
39927.93525	32.38
39927.93560	17.14
39927.93595	19.05
39927.93630	24.76
39927.93664	32.38
39927.93699	24.76
39927.93734	30.48
39927.93769	28.57
39927.93803	26.67
39927.93838	30.48
39927.93873	28.57
39927.93907	43.81
39927.93942	30.48
39927.93977	24.76
39927.94012	28.57
39927.94046	34.29
39927.94081	20.95
39927.94116	26.67
39927.94150	30.48
39927.94185	36.19
39927.94220	26.67
39927.94255	34.29
39927.94289	32.38
39927.94324	28.57
39927.94359	49.52
39927.94394	24.76
39927.94428	28.57
39927.94463	30.48
39927.94498	45.71
39927.94532	32.38
39927.94567	34.29
39927.94602	32.38
39927.94637	17.14
39927.94671	34.29
39927.94706	32.38
39927.94741	26.67
39927.94775	43.81
39927.94810	28.57
39927.94845	24.76
39927.94880	34.29
39927.94914	40.00
39927.94949	30.48
39927.94984	43.81
39927.95019	26.67
39927.95053	30.48
39927.95088	20.95
39927.95123	34.29
39927.95157	36.19
39927.95192	19.05
39927.95227	22.86
39927.95262	38.10
39927.95296	15.24
39927.95331	24.76
39927.95366	19.05
39927.95400	19.05
39927.95435	22.86
39927.95470	22.86
39927.95505	30.48
39927.95539	26.67
39927.95574	32.38
39927.95609	30.48
39927.95644	41.90
39927.95678	19.05
39927.95713	22.86
39927.95748	36.19
39927.95782	30.48
39927.95817	17.14
39927.95852	19.05
39927.95887	24.76
39927.95921	24.76
39927.95956	28.57
39927.95991	38.10
39927.96025	36.19
39927.96060	47.62
39927.96095	24.76
39927.96130	32.38
39927.96164	20.95
39927.96199	26.67
39927.96234	20.95
39927.96269	28.57
39927.96303	28.57
39927.96338	38.10
39927.96373	24.76
39927.96407	24.76
39927.96442	20.95
39927.96477	19.05
39927.96512	26.67
39927.96546	30.48
39927.96581	28.57
39927.96616	13.33
39927.96650	34.29
39927.96685	38.10
39927.96720	24.76
39927.96755	36.19
39927.96789	26.67
39927.96824	20.95
39927.96859	32.38
39927.96894	20.95
39927.96928	34.29
39927.96963	36.19
39927.96998	36.19
39927.97032	24.76
39927.97067	36.19
39927.97102	24.76
39927.97137	32.38
39927.97171	11.43
39927.97206	28.57
39927.97241	22.86
39927.97275	13.33
39927.97310	24.76
39927.97345	24.76
39927.97380	15.24
39927.97414	34.29
39927.97449	26.67
39927.97484	13.33
39927.97519	11.43
39927.97553	26.67
39927.97588	26.67
39927.97623	34.29
39927.97657	36.19
39927.97692	24.76
39927.97727	26.67
39927.97762	38.10
39927.97796	22.86
39927.97831	20.95
39927.97866	38.10
39927.97900	22.86
39927.97935	28.57
39927.97970	30.48
39927.98005	34.29
39927.98039	34.29
39927.98074	26.67
39927.98109	17.14
39927.98144	28.57
39927.98178	40.00
39927.98213	32.38
39927.98248	45.71
39927.98282	17.14
39927.98317	26.67
39927.98352	34.29
39927.98387	28.57
39927.98421	32.38
39927.98456	28.57
39927.98491	13.33
39927.98525	28.57
39927.98560	30.48
39927.98595	28.57
39927.98630	22.86
39927.98664	26.67
39927.98699	28.57
39927.98734	41.90
39927.98769	30.48
39927.98803	26.67
39927.98838	41.90
39927.98873	40.00
39927.98907	26.67
39927.98942	36.19
39927.98977	20.95
39927.99012	30.48
39927.99046	26.67
39927.99081	26.67
39927.99116	32.38
39927.99150	30.48
39927.99185	20.95
39927.99220	40.00
39927.99255	28.57
39927.99289	24.76
39927.99324	43.81
39927.99359	19.05
39927.99394	22.86
39927.99428	32.38
39927.99463	30.48
39927.99498	40.00
39927.99532	34.29
39927.99567	51.43
39927.99602	24.76
39927.99637	34.29
39927.99671	22.86
39927.99706	28.57
39927.99741	34.29
39927.99775	24.76
39927.99810	24.76
39927.99845	22.86
39927.99880	22.86
39927.99914	36.19
39927.99949	28.57
39927.99984	28.57
39928.00019	22.86
39928.00053	28.57
39928.00088	34.29
39928.00123	36.19
39928.00157	38.10
39928.00192	30.48
39928.00227	30.48
39928.00262	19.05
39928.00296	32.38
39928.00331	34.29
39928.00366	40.00
39928.00400	41.90
39928.00435	20.95
39928.00470	28.57
39928.00505	26.67
39928.00539	24.76
39928.00574	41.90
39928.00609	15.24
39928.00644	30.48
39928.00678	26.67
39928.00713	36.19
39928.00748	20.95
39928.00782	38.10
39928.00817	22.86
39928.00852	26.67
39928.00887	26.67
39928.00921	22.86
39928.00956	28.57
39928.00991	26.67
39928.01025	22.86
39928.01060	22.86
39928.01095	30.48
39928.01130	28.57
39928.01164	26.67
39928.01199	40.00
39928.01234	19.05
39928.01269	41.90
39928.01303	28.57
39928.01338	19.05
39928.01373	30.48
39928.01407	24.76
39928.01442	19.05
39928.01477	26.67
39928.01512	20.95
39928.01546	32.38
39928.01581	26.67
39928.01616	38.10
39928.01650	26.67
39928.01685	24.76
39928.01720	38.10
39928.01755	34.29
39928.01789	24.76
39928.01824	19.05
39928.01859	30.48
39928.01894	26.67
39928.01928	24.76
39928.01963	19.05
39928.01998	22.86
39928.02032	24.76
39928.02067	24.76
39928.02102	32.38
39928.02137	19.05
39928.02171	34.29
39928.02206	32.38
39928.02241	36.19
39928.02275	17.14
39928.02310	28.57
39928.02345	24.76
39928.02380	26.67
39928.02414	28.57
39928.02449	36.19
39928.02484	15.24
39928.02519	38.10
39928.02553	24.76
39928.02588	30.48
39928.02623	32.38
39928.02657	32.38
39928.02692	22.86
39928.02727	41.90
39928.02762	28.57
39928.02796	24.76
39928.02831	28.57
39928.02866	36.19
39928.02900	30.48
39928.02935	26.67
39928.02970	28.57
39928.03005	28.57
39928.03039	28.57
39928.03074	32.38
39928.03109	17.14
39928.03144	17.14
39928.03178	30.48
39928.03213	34.29
39928.03248	22.86
39928.03282	32.38
39928.03317	22.86
39928.03352	24.76
39928.03387	38.10
39928.03421	38.10
39928.03456	28.57
39928.03491	22.86
39928.03525	36.19
39928.03560	24.76
39928.03595	30.48
39928.03630	28.57
39928.03664	20.95
39928.03699	26.67
39928.03734	34.29
39928.03769	32.38
39928.03803	24.76
39928.03838	34.29
39928.03873	36.19
39928.03907	19.05
39928.03942	20.95
39928.03977	32.38
39928.04012	32.38
39928.04046	38.10
39928.04081	22.86
39928.04116	20.95
39928.04150	15.24
39928.04185	26.67
39928.04220	43.81
39928.04255	30.48
39928.04289	32.38
39928.04324	24.76
39928.04359	30.48
39928.04394	40.00
39928.04428	17.14
39928.04463	19.05
39928.04498	20.95
39928.04532	40.00
39928.04567	32.38
39928.04602	22.86
39928.04637	30.48
39928.04671	28.57
39928.04706	30.48
39928.04741	30.48
39928.04775	24.76
39928.04810	36.19
39928.04845	36.19
39928.04880	30.48
39928.04914	40.00
39928.04949	24.76
39928.04984	30.48
39928.05019	34.29
39928.05053	17.14
39928.05088	15.24
39928.05123	38.10
39928.05157	24.76
39928.05192	20.95
39928.05227	17.14
39928.05262	19.05
39928.05296	26.67
39928.05331	22.86
39928.05366	22.86
39928.05400	26.67
39928.05435	28.57
39928.05470	32.38
39928.05505	24.76
39928.05539	28.57
39928.05574	34.29
39928.05609	30.48
39928.05644	34.29
39928.05678	38.10
39928.05713	24.76
39928.05748	15.24
39928.05782	41.90
39928.05817	30.48
39928.05852	19.05
39928.05887	22.86
39928.05921	34.29
39928.05956	22.86
39928.05991	20.95
39928.06025	22.86
39928.06060	26.67
39928.06095	36.19
39928.06130	28.57
39928.06164	28.57
39928.06199	28.57
39928.06234	15.24
39928.06269	22.86
39928.06303	26.67
39928.06338	30.48
39928.06373	26.67
39928.06407	19.05
39928.06442	30.48
39928.06477	34.29
39928.06512	34.29
39928.06546	36.19
39928.06581	36.19
39928.06616	22.86
39928.06650	30.48
39928.06685	36.19
39928.06720	34.29
39928.06755	28.57
39928.06789	30.48
39928.06824	36.19
39928.06859	40.00
39928.06894	34.29
39928.06928	5.71
39928.06963	30.48
39928.06998	34.29
39928.07032	30.48
39928.07067	20.95
39928.07102	17.14
39928.07137	20.95
39928.07171	32.38
39928.07206	19.05
39928.07241	36.19
39928.07275	20.95
39928.07310	36.19
39928.07345	38.10
39928.07380	17.14
39928.07414	34.29
39928.07449	32.38
39928.07484	28.57
39928.07519	26.67
39928.07553	36.19
39928.07588	40.00
39928.07623	26.67
39928.07657	15.24
39928.07692	26.67
39928.07727	22.86
39928.07762	24.76
39928.07796	32.38
39928.07831	30.48
39928.07866	40.00
39928.07900	20.95
39928.07935	28.57
39928.07970	28.57
39928.08005	30.48
39928.08039	43.81
39928.08074	40.00
39928.08109	30.48
39928.08144	24.76
39928.08178	41.90
39928.08213	32.38
39928.08248	28.57
39928.08282	36.19
39928.08317	26.67
39928.08352	28.57
39928.08387	45.71
39928.08421	26.67
39928.08456	22.86
39928.08491	26.67
39928.08525	40.00
39928.08560	36.19
39928.08595	11.43
39928.08630	32.38
39928.08664	22.86
39928.08699	24.76
39928.08734	26.67
39928.08769	34.29
39928.08803	20.95
39928.08838	28.57
39928.08873	30.48
39928.08907	32.38
39928.08942	26.67
39928.08977	19.05
39928.09012	24.76
39928.09046	24.76
39928.09081	22.86
39928.09116	28.57
39928.09150	24.76
39928.09185	22.86
39928.09220	20.95
39928.09255	36.19
39928.09289	38.10
39928.09324	45.71
39928.09359	36.19
39928.09394	34.29
39928.09428	30.48
39928.09463	36.19
39928.09498	28.57
39928.09532	22.86
39928.09567	47.62
39928.09602	30.48
39928.09637	28.57
39928.09671	34.29
39928.09706	17.14
39928.09741	26.67
39928.09775	11.43
39928.09810	38.10
39928.09845	26.67
39928.09880	20.95
39928.09914	28.57
39928.09949	26.67
39928.09984	30.48
39928.10019	34.29
39928.10053	22.86
39928.10088	49.52
39928.10123	26.67
39928.10157	38.10
39928.10192	49.52
39928.10227	30.48
39928.10262	28.57
39928.10296	20.95
39928.10331	34.29
39928.10366	43.81
39928.10400	36.19
39928.10435	41.90
39928.10470	40.00
39928.10505	17.14
39928.10539	32.38
39928.10574	40.00
39928.10609	17.14
39928.10644	20.95
39928.10678	47.62
39928.10713	20.95
39928.10748	34.29
39928.10782	24.76
39928.10817	19.05
39928.10852	38.10
39928.10887	22.86
39928.10921	28.57
39928.10956	34.29
39928.10991	17.14
39928.11025	28.57
39928.11060	13.33
39928.11095	24.76
39928.11130	30.48
39928.11164	49.52
39928.11199	26.67
39928.11234	24.76
39928.11269	38.10
39928.11303	19.05
39928.11338	30.48
39928.11373	22.86
39928.11407	28.57
39928.11442	28.57
39928.11477	36.19
39928.11512	41.90
39928.11546	20.95
39928.11581	24.76
39928.11616	30.48
39928.11650	38.10
39928.11685	40.00
39928.11720	30.48
39928.11755	28.57
39928.11789	20.95
39928.11824	34.29
39928.11859	36.19
39928.11894	22.86
39928.11928	28.57
39928.11963	34.29
39928.11998	19.05
39928.12032	28.57
39928.12067	34.29
39928.12102	24.76
39928.12137	19.05
39928.12171	36.19
39928.12206	40.00
39928.12241	30.48
39928.12275	24.76
39928.12310	43.81
39928.12345	45.71
39928.12380	22.86
39928.12414	47.62
39928.12449	20.95
39928.12484	41.90
39928.12519	20.95
39928.12553	38.10
39928.12588	26.67
39928.12623	34.29
39928.12657	26.67
39928.12692	24.76
39928.12727	34.29
39928.12762	34.29
39928.12796	19.05
39928.12831	22.86
39928.12866	26.67
39928.12900	13.33
39928.12935	38.10
39928.12970	24.76
39928.13005	26.67
39928.13039	38.10
39928.13074	30.48
39928.13109	34.29
39928.13144	30.48
39928.13178	26.67
39928.13213	22.86
39928.13248	19.05
39928.13282	26.67
39928.13317	30.48
39928.13352	22.86
39928.13387	24.76
39928.13421	34.29
39928.13456	28.57
39928.13491	22.86
39928.13525	34.29
39928.13560	19.05
39928.13595	34.29
39928.13630	26.67
39928.13664	34.29
39928.13699	20.95
39928.13734	30.48
39928.13769	36.19
39928.13803	22.86
39928.13838	26.67
39928.13873	34.29
39928.13907	30.48
39928.13942	20.95
39928.13977	38.10
39928.14012	38.10
39928.14046	26.67
39928.14081	36.19
39928.14116	51.43
39928.14150	15.24
39928.14185	34.29
39928.14220	22.86
39928.14255	22.86
39928.14289	26.67
39928.14324	30.48
39928.14359	20.95
39928.14394	38.10
39928.14428	19.05
39928.14463	20.95
39928.14498	26.67
39928.14532	28.57
39928.14567	24.76
39928.14602	24.76
39928.14637	13.33
39928.14671	30.48
39928.14706	24.76
39928.14741	34.29
39928.14775	45.71
39928.14810	34.29
39928.14845	24.76
39928.14880	43.81
39928.14914	24.76
39928.14949	30.48
39928.14984	26.67
39928.15019	36.19
39928.15053	32.38
39928.15088	59.05
39928.15123	28.57
39928.15157	22.86
39928.15192	34.29
39928.15227	38.10
39928.15262	24.76
39928.15296	22.86
39928.15331	20.95
39928.15366	30.48
39928.15400	38.10
39928.15435	32.38
39928.15470	40.00
39928.15505	36.19
39928.15539	26.67
39928.15574	30.48
39928.15609	32.38
39928.15644	30.48
39928.15678	38.10
39928.15713	32.38
39928.15748	34.29
39928.15782	24.76
39928.15817	30.48
39928.15852	41.90
39928.15887	22.86
39928.15921	38.10
39928.15956	26.67
39928.15991	30.48
39928.16025	26.67
39928.16060	26.67
39928.16095	34.29
39928.16130	22.86
39928.16164	30.48
39928.16199	40.00
39928.16234	32.38
39928.16269	43.81
39928.16303	22.86
39928.16338	28.57
39928.16373	34.29
39928.16407	17.14
39928.16442	28.57
39928.16477	32.38
39928.16512	36.19
39928.16546	34.29
39928.16581	20.95
39928.16616	32.38
39928.16650	20.95
39928.16685	41.90
39928.16720	22.86
39928.16755	24.76
39928.16789	40.00
39928.16824	24.76
39928.16859	20.95
39928.16894	24.76
39928.16928	41.90
39928.16963	22.86
39928.16998	24.76
39928.17032	22.86
39928.17067	28.57
39928.17102	32.38
39928.17137	28.57
39928.17171	24.76
39928.17206	22.86
39928.17241	26.67
39928.17275	26.67
39928.17310	41.90
39928.17345	36.19
39928.17380	17.14
39928.17414	17.14
39928.17449	20.95
39928.17484	24.76
39928.17519	40.00
39928.17553	13.33
39928.17588	30.48
39928.17623	28.57
39928.17657	28.57
39928.17692	26.67
39928.17727	28.57
39928.17762	28.57
39928.17796	49.52
39928.17831	24.76
39928.17866	30.48
39928.17900	30.48
39928.17935	34.29
39928.17970	30.48
39928.18005	30.48
39928.18039	24.76
39928.18074	26.67
39928.18109	34.29
39928.18144	20.95
39928.18178	17.14
39928.18213	43.81
39928.18248	32.38
39928.18282	22.86
39928.18317	36.19
39928.18352	38.10
39928.18387	41.90
39928.18421	28.57
39928.18456	34.29
39928.18491	26.67
39928.18525	30.48
39928.18560	41.90
39928.18595	34.29
39928.18630	38.10
39928.18664	34.29
39928.18699	26.67
39928.18734	22.86
39928.18769	24.76
39928.18803	19.05
39928.18838	30.48
39928.18873	24.76
39928.18907	34.29
39928.18942	22.86
39928.18977	36.19
39928.19012	38.10
39928.19046	36.19
39928.19081	30.48
39928.19116	24.76
39928.19150	32.38
39928.19185	28.57
39928.19220	32.38
39928.19255	32.38
39928.19289	22.86
39928.19324	17.14
39928.19359	22.86
39928.19394	30.48
39928.19428	32.38
39928.19463	20.95
39928.19498	24.76
39928.19532	24.76
39928.19567	24.76
39928.19602	43.81
39928.19637	26.67
39928.19671	22.86
39928.19706	22.86
39928.19741	26.67
39928.19775	34.29
39928.19810	30.48
39928.19845	45.71
39928.19880	34.29
39928.19914	36.19
39928.19949	38.10
39928.19984	19.05
39928.20019	26.67
39928.20053	43.81
39928.20088	26.67
39928.20123	26.67
39928.20157	32.38
39928.20192	36.19
39928.20227	20.95
39928.20262	24.76
39928.20296	40.00
39928.20331	17.14
39928.20366	34.29
39928.20400	15.24
39928.20435	26.67
39928.20470	22.86
39928.20505	30.48
39928.20539	43.81
39928.20574	41.90
39928.20609	28.57
39928.20644	36.19
39928.20678	26.67
39928.20713	17.14
39928.20748	28.57
39928.20782	28.57
39928.20817	24.76
39928.20852	26.67
39928.20887	38.10
39928.20921	34.29
39928.20956	22.86
39928.20991	28.57
39928.21025	30.48
39928.21060	19.05
39928.21095	26.67
39928.21130	19.05
39928.21164	40.00
39928.21199	30.48
39928.21234	28.57
39928.21269	28.57
39928.21303	20.95
39928.21338	30.48
39928.21373	53.33
39928.21407	24.76
39928.21442	20.95
39928.21477	17.14
39928.21512	17.14
39928.21546	30.48
39928.21581	26.67
39928.21616	36.19
39928.21650	30.48
39928.21685	28.57
39928.21720	17.14
39928.21755	15.24
39928.21789	30.48
39928.21824	20.95
39928.21859	28.57
39928.21894	32.38
39928.21928	34.29
39928.21963	22.86
39928.21998	20.95
39928.22032	28.57
39928.22067	28.57
39928.22102	43.81
39928.22137	20.95
39928.22171	24.76
39928.22206	24.76
39928.22241	38.10
39928.22275	38.10
39928.22310	30.48
39928.22345	41.90
39928.22380	28.57
39928.22414	36.19
39928.22449	34.29
39928.22484	40.00
39928.22519	36.19
39928.22553	32.38
39928.22588	34.29
39928.22623	32.38
39928.22657	22.86
39928.22692	36.19
39928.22727	17.14
39928.22762	40.00
39928.22796	19.05
39928.22831	36.19
39928.22866	32.38
39928.22900	28.57
39928.22935	43.81
39928.22970	30.48
39928.23005	38.10
39928.23039	30.48
39928.23074	26.67
39928.23109	26.67
39928.23144	38.10
39928.23178	28.57
39928.23213	41.90
39928.23248	26.67
39928.23282	36.19
39928.23317	20.95
39928.23352	26.67
39928.23387	26.67
39928.23421	38.10
39928.23456	32.38
39928.23491	30.48
39928.23525	26.67
39928.23560	26.67
39928.23595	36.19
39928.23630	38.10
39928.23664	28.57
39928.23699	26.67
39928.23734	20.95
39928.23769	24.76
39928.23803	38.10
39928.23838	26.67
39928.23873	34.29
39928.23907	26.67
39928.23942	24.76
39928.23977	28.57
39928.24012	36.19
39928.24046	26.67
39928.24081	40.00
39928.24116	26.67
39928.24150	32.38
39928.24185	30.48
39928.24220	20.95
39928.24255	32.38
39928.24289	43.81
39928.24324	34.29
39928.24359	30.48
39928.24394	34.29
39928.24428	24.76
39928.24463	28.57
39928.24498	30.48
39928.24532	30.48
39928.24567	26.67
39928.24602	30.48
39928.24637	24.76
39928.24671	20.95
39928.24706	30.48
39928.24741	24.76
39928.24775	19.05
39928.24810	43.81
39928.24845	17.14
39928.24880	24.76
39928.24914	26.67
39928.24949	13.33
39928.24984	41.90
39928.25019	30.48
39928.25053	26.67
39928.25088	24.76
39928.25123	30.48
39928.25157	15.24
39928.25192	22.86
39928.25227	34.29
39928.25262	30.48
39928.25296	26.67
39928.25331	28.57
39928.25366	32.38
39928.25400	41.90
39928.25435	38.10
39928.25470	32.38
39928.25505	34.29
39928.25539	32.38
39928.25574	26.67
39928.25609	26.67
39928.25644	40.00
39928.25678	30.48
39928.25713	34.29
39928.25748	32.38
39928.25782	26.67
39928.25817	38.10
39928.25852	36.19
39928.25887	32.38
39928.25921	36.19
39928.25956	26.67
39928.25991	26.67
39928.26025	36.19
39928.26060	17.14
39928.26095	30.48
39928.26130	45.71
39928.26164	32.38
39928.26199	13.33
39928.26234	26.67
39928.26269	32.38
39928.26303	24.76
39928.26338	38.10
39928.26373	24.76
39928.26407	22.86
39928.26442	22.86
39928.26477	28.57
39928.26512	34.29
39928.26546	30.48
39928.26581	11.43
39928.26616	20.95
39928.26650	19.05
39928.26685	24.76
39928.26720	32.38
39928.26755	32.38
39928.26789	30.48
39928.26824	40.00
39928.26859	59.05
39928.26894	30.48
39928.26928	34.29
39928.26963	30.48
39928.26998	36.19
39928.27032	30.48
39928.27067	32.38
39928.27102	32.38
39928.27137	55.24
39928.27171	34.29
39928.27206	40.00
39928.27241	41.90
39928.27275	26.67
39928.27310	28.57
39928.27345	26.67
39928.27380	28.57
39928.27414	24.76
39928.27449	40.00
39928.27484	36.19
39928.27519	20.95
39928.27553	30.48
39928.27588	36.19
39928.27623	22.86
39928.27657	22.86
39928.27692	20.95
39928.27727	28.57
39928.27762	38.10
39928.27796	20.95
39928.27831	40.00
39928.27866	24.76
39928.27900	36.19
39928.27935	20.95
39928.27970	38.10
39928.28005	28.57
39928.28039	24.76
39928.28074	22.86
39928.28109	34.29
39928.28144	19.05
39928.28178	24.76
39928.28213	26.67
39928.28248	22.86
39928.28282	32.38
39928.28317	28.57
39928.28352	19.05
39928.28387	30.48
39928.28421	30.48
39928.28456	22.86
39928.28491	32.38
39928.28525	19.05
39928.28560	17.14
39928.28595	34.29
39928.28630	40.00
39928.28664	20.95
39928.28699	41.90
39928.28734	19.05
39928.28769	51.43
39928.28803	30.48
39928.28838	36.19
39928.28873	22.86
39928.28907	34.29
39928.28942	34.29
39928.28977	34.29
39928.29012	28.57
39928.29046	38.10
39928.29081	30.48
39928.29116	13.33
39928.29150	36.19
39928.29185	34.29
39928.29220	30.48
39928.29255	22.86
39928.29289	36.19
39928.29324	20.95
39928.29359	22.86
39928.29394	57.14
39928.29428	24.76
39928.29463	20.95
39928.29498	26.67
39928.29532	26.67
39928.29567	22.86
39928.29602	28.57
39928.29637	30.48
39928.29671	34.29
39928.29706	20.95
39928.29741	43.81
39928.29775	32.38
39928.29810	41.90
39928.29845	34.29
39928.29880	28.57
39928.29914	30.48
39928.29949	20.95
39928.29984	28.57
39928.30019	40.00
39928.30053	28.57
39928.30088	36.19
39928.30123	43.81
39928.30157	19.05
39928.30192	30.48
39928.30227	28.57
39928.30262	22.86
39928.30296	38.10
39928.30331	24.76
39928.30366	38.10
39928.30400	36.19
39928.30435	38.10
39928.30470	34.29
39928.30505	36.19
39928.30539	38.10
39928.30574	19.05
39928.30609	26.67
39928.30644	22.86
39928.30678	30.48
39928.30713	19.05
39928.30748	20.95
39928.30782	24.76
39928.30817	36.19
39928.30852	36.19
39928.30887	30.48
39928.30921	20.95
39928.30956	41.90
39928.30991	26.67
39928.31025	24.76
39928.31060	24.76
39928.31095	40.00
39928.31130	17.14
39928.31164	28.57
39928.31199	36.19
39928.31234	43.81
39928.31269	17.14
39928.31303	28.57
39928.31338	34.29
39928.31373	32.38
39928.31407	40.00
39928.31442	30.48
39928.31477	19.05
39928.31512	20.95
39928.31546	15.24
39928.31581	36.19
39928.31616	26.67
39928.31650	38.10
39928.31685	28.57
39928.31720	26.67
39928.31755	22.86
39928.31789	47.62
39928.31824	24.76
39928.31859	36.19
39928.31894	34.29
39928.31928	28.57
39928.31963	28.57
39928.31998	32.38
39928.32032	20.95
39928.32067	30.48
39928.32102	17.14
39928.32137	19.05
39928.32171	19.05
39928.32206	20.95
39928.32241	26.67
39928.32275	22.86
39928.32310	28.57
39928.32345	36.19
39928.32380	15.24
39928.32414	26.67
39928.32449	20.95
39928.32484	28.57
39928.32519	24.76
39928.32553	38.10
39928.32588	32.38
39928.32623	24.76
39928.32657	32.38
39928.32692	43.81
39928.32727	22.86
39928.32762	13.33
39928.32796	26.67
39928.32831	24.76
39928.32866	28.57
39928.32900	24.76
39928.32935	20.95
39928.32970	38.10
39928.33005	34.29
39928.33039	40.00
39928.33074	28.57
39928.33109	20.95
39928.33144	28.57
39928.33178	30.48
39928.33213	30.48
39928.33248	17.14
39928.33282	28.57
39928.33317	28.57
39928.33352	24.76
39928.33387	51.43
39928.33421	30.48
39928.33456	20.95
39928.33491	26.67
39928.33525	28.57
39928.33560	30.48
39928.33595	32.38
39928.33630	11.43
39928.33664	38.10
39928.33699	28.57
39928.33734	34.29
39928.33769	20.95
39928.33803	24.76
39928.33838	20.95
39928.33873	36.19
39928.33907	28.57
39928.33942	24.76
39928.33977	41.90
39928.34012	28.57
39928.34046	32.38
39928.34081	30.48
39928.34116	40.00
39928.34150	24.76
39928.34185	22.86
39928.34220	26.67
39928.34255	34.29
39928.34289	40.00
39928.34324	20.95
39928.34359	28.57
39928.34394	24.76
39928.34428	36.19
39928.34463	19.05
39928.34498	24.76
39928.34532	20.95
39928.34567	36.19
39928.34602	28.57
39928.34637	38.10
39928.34671	28.57
39928.34706	22.86
39928.34741	30.48
39928.34775	32.38
39928.34810	26.67
39928.34845	30.48
39928.34880	24.76
39928.34914	30.48
39928.34949	41.90
39928.34984	28.57
39928.35019	36.19
39928.35053	19.05
39928.35088	24.76
39928.35123	28.57
39928.35157	41.90
39928.35192	24.76
39928.35227	17.14
39928.35262	17.14
39928.35296	26.67
39928.35331	30.48
39928.35366	24.76
39928.35400	26.67
39928.35435	22.86
39928.35470	22.86
39928.35505	17.14
39928.35539	32.38
39928.35574	22.86
39928.35609	32.38
39928.35644	24.76
39928.35678	38.10
39928.35713	26.67
39928.35748	32.38
39928.35782	26.67
39928.35817	28.57
39928.35852	36.19
39928.35887	36.19
39928.35921	24.76
39928.35956	26.67
39928.35991	24.76
39928.36025	26.67
39928.36060	32.38
39928.36095	22.86
39928.36130	17.14
39928.36164	24.76
39928.36199	26.67
39928.36234	26.67
39928.36269	24.76
39928.36303	22.86
39928.36338	19.05
39928.36373	32.38
39928.36407	26.67
39928.36442	19.05
39928.36477	19.05
39928.36512	38.10
39928.36546	22.86
39928.36581	19.05
39928.36616	34.29
39928.36650	38.10
39928.36685	28.57
39928.36720	32.38
39928.36755	19.05
39928.36789	20.95
39928.36824	41.90
39928.36859	36.19
39928.36894	24.76
39928.36928	41.90
39928.36963	26.67
39928.36998	38.10
39928.37032	28.57
39928.37067	20.95
39928.37102	20.95
39928.37137	34.29
39928.37171	34.29
39928.37206	28.57
39928.37241	43.81
39928.37275	38.10
39928.37310	20.95
39928.37345	30.48
39928.37380	47.62
39928.37414	38.10
39928.37449	38.10
39928.37484	34.29
39928.37519	26.67
39928.37553	17.14
39928.37588	28.57
39928.37623	26.67
39928.37657	28.57
39928.37692	20.95
39928.37727	43.81
39928.37762	26.67
39928.37796	24.76
39928.37831	24.76
39928.37866	28.57
39928.37900	28.57
39928.37935	34.29
39928.37970	28.57
39928.38005	45.71
39928.38039	30.48
39928.38074	30.48
39928.38109	34.29
39928.38144	26.67
39928.38178	36.19
39928.38213	38.10
39928.38248	22.86
39928.38282	30.48
39928.38317	22.86
39928.38352	32.38
39928.38387	28.57
39928.38421	24.76
39928.38456	26.67
39928.38491	17.14
39928.38525	28.57
39928.38560	24.76
39928.38595	22.86
39928.38630	22.86
39928.38664	30.48
39928.38699	34.29
39928.38734	17.14
39928.38769	30.48
39928.38803	32.38
39928.38838	28.57
39928.38873	26.67
39928.38907	20.95
39928.38942	30.48
39928.38977	38.10
39928.39012	26.67
39928.39046	36.19
39928.39081	28.57
39928.39116	15.24
39928.39150	28.57
39928.39185	20.95
39928.39220	24.76
39928.39255	24.76
39928.39289	26.67
39928.39324	24.76
39928.39359	20.95
39928.39394	32.38
39928.39428	26.67
39928.39463	30.48
39928.39498	20.95
39928.39532	26.67
39928.39567	30.48
39928.39602	28.57
39928.39637	43.81
39928.39671	32.38
39928.39706	34.29
39928.39741	45.71
39928.39775	22.86
39928.39810	34.29
39928.39845	28.57
39928.39880	34.29
39928.39914	40.00
39928.39949	30.48
39928.39984	32.38
39928.40019	24.76
39928.40053	19.05
39928.40088	30.48
39928.40123	32.38
39928.40157	28.57
39928.40192	28.57
39928.40227	22.86
39928.40262	24.76
39928.40296	32.38
39928.40331	17.14
39928.40366	30.48
39928.40400	34.29
39928.40435	17.14
39928.40470	28.57
39928.40505	38.10
39928.40539	26.67
39928.40574	28.57
39928.40609	17.14
39928.40644	36.19
39928.40678	30.48
39928.40713	30.48
39928.40748	41.90
39928.40782	36.19
39928.40817	22.86
39928.40852	28.57
39928.40887	41.90
39928.40921	26.67
39928.40956	30.48
39928.40991	24.76
39928.41025	26.67
39928.41060	30.48
39928.41095	32.38
39928.41130	24.76
39928.41164	28.57
39928.41199	24.76
39928.41234	24.76
39928.41269	38.10
39928.41303	41.90
39928.41338	36.19
39928.41373	30.48
39928.41407	19.05
39928.41442	32.38
39928.41477	28.57
39928.41512	32.38
39928.41546	34.29
39928.41581	28.57
39928.41616	30.48
39928.41650	22.86
39928.41685	24.76
39928.41720	34.29
39928.41755	34.29
39928.41789	30.48
39928.41824	47.62
39928.41859	36.19
39928.41894	32.38
39928.41928	32.38
39928.41963	32.38
39928.41998	45.71
39928.42032	30.48
39928.42067	28.57
39928.42102	32.38
39928.42137	34.29
39928.42171	34.29
39928.42206	17.14
39928.42241	22.86
39928.42275	24.76
39928.42310	34.29
39928.42345	19.05
39928.42380	26.67
39928.42414	19.05
39928.42449	19.05
39928.42484	26.67
39928.42519	26.67
39928.42553	36.19
39928.42588	28.57
39928.42623	38.10
39928.42657	30.48
39928.42692	22.86
39928.42727	17.14
39928.42762	26.67
39928.42796	24.76
39928.42831	28.57
39928.42866	30.48
39928.42900	26.67
39928.42935	17.14
39928.42970	20.95
39928.43005	38.10
39928.43039	34.29
39928.43074	28.57
39928.43109	20.95
39928.43144	22.86
39928.43178	34.29
39928.43213	15.24
39928.43248	20.95
39928.43282	32.38
39928.43317	19.05
39928.43352	22.86
39928.43387	34.29
39928.43421	28.57
39928.43456	20.95
39928.43491	22.86
39928.43525	28.57
39928.43560	22.86
39928.43595	20.95
39928.43630	28.57
39928.43664	32.38
39928.43699	32.38
39928.43734	47.62
39928.43769	32.38
39928.43803	32.38
39928.43838	45.71
39928.43873	32.38
39928.43907	28.57
39928.43942	22.86
39928.43977	20.95
39928.44012	28.57
39928.44046	32.38
39928.44081	34.29
39928.44116	24.76
39928.44150	20.95
39928.44185	26.67
39928.44220	28.57
39928.44255	20.95
39928.44289	24.76
39928.44324	20.95
39928.44359	24.76
39928.44394	30.48
39928.44428	26.67
39928.44463	30.48
39928.44498	30.48
39928.44532	32.38
39928.44567	24.76
39928.44602	28.57
39928.44637	28.57
39928.44671	36.19
39928.44706	40.00
39928.44741	20.95
39928.44775	24.76
39928.44810	26.67
39928.44845	41.90
39928.44880	20.95
39928.44914	11.43
39928.44949	22.86
39928.44984	32.38
39928.45019	30.48
39928.45053	17.14
39928.45088	43.81
39928.45123	24.76
39928.45157	24.76
39928.45192	28.57
39928.45227	30.48
39928.45262	22.86
39928.45296	22.86
39928.45331	38.10
39928.45366	34.29
39928.45400	19.05
39928.45435	43.81
39928.45470	11.43
39928.45505	36.19
39928.45539	28.57
39928.45574	36.19
39928.45609	26.67
39928.45644	30.48
39928.45678	28.57
39928.45713	32.38
39928.45748	36.19
39928.45782	32.38
39928.45817	38.10
39928.45852	30.48
39928.45887	24.76
39928.45921	20.95
39928.45956	53.33
39928.45991	30.48
39928.46025	30.48
39928.46060	26.67
39928.46095	26.67
39928.46130	30.48
39928.46164	24.76
39928.46199	36.19
39928.46234	19.05
39928.46269	17.14
39928.46303	22.86
39928.46338	30.48
39928.46373	41.90
39928.46407	22.86
39928.46442	28.57
39928.46477	36.19
39928.46512	20.95
39928.46546	15.24
39928.46581	34.29
39928.46616	22.86
39928.46650	22.86
39928.46685	17.14
39928.46720	26.67
39928.46755	28.57
39928.46789	32.38
39928.46824	41.90
39928.46859	28.57
39928.46894	38.10
39928.46928	38.10
39928.46963	28.57
39928.46998	20.95
39928.47032	24.76
39928.47067	36.19
39928.47102	38.10
39928.47137	19.05
39928.47171	24.76
39928.47206	26.67
39928.47241	19.05
39928.47275	38.10
39928.47310	28.57
39928.47345	22.86
39928.47380	28.57
39928.47414	30.48
39928.47449	20.95
39928.47484	26.67
39928.47519	17.14
39928.47553	19.05
39928.47588	32.38
39928.47623	26.67
39928.47657	26.67
39928.47692	19.05
39928.47727	24.76
39928.47762	26.67
39928.47796	36.19
39928.47831	28.57
39928.47866	34.29
39928.47900	30.48
39928.47935	32.38
39928.47970	30.48
39928.48005	32.38
39928.48039	45.71
39928.48074	36.19
39928.48109	36.19
39928.48144	24.76
39928.48178	28.57
39928.48213	38.10
39928.48248	22.86
39928.48282	26.67
39928.48317	36.19
39928.48352	30.48
39928.48387	32.38
39928.48421	34.29
39928.48456	19.05
39928.48491	22.86
39928.48525	20.95
39928.48560	26.67
39928.48595	30.48
39928.48630	38.10
39928.48664	19.05
39928.48699	22.86
39928.48734	34.29
39928.48769	30.48
39928.48803	28.57
39928.48838	24.76
39928.48873	36.19
39928.48907	26.67
39928.48942	26.67
39928.48977	30.48
39928.49012	36.19
39928.49046	28.57
39928.49081	26.67
39928.49116	51.43
39928.49150	34.29
39928.49185	36.19
39928.49220	24.76
39928.49255	24.76
39928.49289	28.57
39928.49324	22.86
39928.49359	28.57
39928.49394	30.48
39928.49428	32.38
39928.49463	11.43
39928.49498	20.95
39928.49532	26.67
39928.49567	20.95
39928.49602	30.48
39928.49637	24.76
39928.49671	36.19
39928.49706	30.48
39928.49741	32.38
39928.49775	28.57
39928.49810	22.86
39928.49845	40.00
39928.49880	28.57
39928.49914	22.86
39928.49949	38.10
39928.49984	22.86
39928.50019	30.48
39928.50053	45.71
39928.50088	17.14
39928.50123	20.95
39928.50157	20.95
39928.50192	34.29
39928.50227	32.38
39928.50262	40.00
39928.50296	38.10
39928.50331	40.00
39928.50366	26.67
39928.50400	28.57
39928.50435	28.57
39928.50470	19.05
39928.50505	22.86
39928.50539	24.76
39928.50574	30.48
39928.50609	30.48
39928.50644	43.81
39928.50678	32.38
39928.50713	30.48
39928.50748	26.67
39928.50782	45.71
39928.50817	32.38
39928.50852	26.67
39928.50887	26.67
39928.50921	24.76
39928.50956	26.67
39928.50991	30.48
39928.51025	22.86
39928.51060	43.81
39928.51095	22.86
39928.51130	24.76
39928.51164	22.86
39928.51199	28.57
39928.51234	20.95
39928.51269	26.67
39928.51303	38.10
39928.51338	26.67
39928.51373	19.05
39928.51407	24.76
39928.51442	28.57
39928.51477	15.24
39928.51512	19.05
39928.51546	28.57
39928.51581	20.95
39928.51616	15.24
39928.51650	30.48
39928.51685	34.29
39928.51720	36.19
39928.51755	24.76
39928.51789	40.00
39928.51824	22.86
39928.51859	28.57
39928.51894	19.05
39928.51928	34.29
39928.51963	20.95
39928.51998	40.00
39928.52032	30.48
39928.52067	43.81
39928.52102	30.48
39928.52137	11.43
39928.52171	15.24
39928.52206	22.86
39928.52241	36.19
39928.52275	28.57
39928.52310	32.38
39928.52345	32.38
39928.52380	40.00
39928.52414	43.81
39928.52449	32.38
39928.52484	22.86
39928.52519	32.38
39928.52553	30.48
39928.52588	40.00
39928.52623	28.57
39928.52657	30.48
39928.52692	41.90
39928.52727	22.86
39928.52762	24.76
39928.52796	28.57
39928.52831	36.19
39928.52866	30.48
39928.52900	11.43
39928.52935	28.57
39928.52970	38.10
39928.53005	32.38
39928.53039	34.29
39928.53074	24.76
39928.53109	28.57
39928.53144	47.62
39928.53178	38.10
39928.53213	20.95
39928.53248	32.38
39928.53282	34.29
39928.53317	34.29
39928.53352	19.05
39928.53387	19.05
39928.53421	24.76
39928.53456	26.67
39928.53491	22.86
39928.53525	20.95
39928.53560	22.86
39928.53595	28.57
39928.53630	32.38
39928.53664	20.95
39928.53699	20.95
39928.53734	34.29
39928.53769	19.05
39928.53803	26.67
39928.53838	32.38
39928.53873	26.67
39928.53907	20.95
39928.53942	20.95
39928.53977	32.38
39928.54012	32.38
39928.54046	22.86
39928.54081	20.95
39928.54116	19.05
39928.54150	34.29
39928.54185	45.71
39928.54220	34.29
39928.54255	22.86
39928.54289	36.19
39928.54324	20.95
39928.54359	26.67
39928.54394	26.67
39928.54428	28.57
39928.54463	36.19
39928.54498	24.76
39928.54532	34.29
39928.54567	24.76
39928.54602	26.67
39928.54637	20.95
39928.54671	15.24
39928.54706	22.86
39928.54741	26.67
39928.54775	30.48
39928.54810	24.76
39928.54845	17.14
39928.54880	28.57
39928.54914	34.29
39928.54949	38.10
39928.54984	43.81
39928.55019	28.57
39928.55053	17.14
39928.55088	34.29
39928.55123	30.48
39928.55157	22.86
39928.55192	15.24
39928.55227	22.86
39928.55262	22.86
39928.55296	49.52
39928.55331	24.76
39928.55366	43.81
39928.55400	40.00
39928.55435	28.57
39928.55470	30.48
39928.55505	24.76
39928.55539	15.24
39928.55574	30.48
39928.55609	30.48
39928.55644	17.14
39928.55678	15.24
39928.55713	24.76
39928.55748	43.81
39928.55782	43.81
39928.55817	36.19
39928.55852	34.29
39928.55887	30.48
39928.55921	41.90
39928.55956	32.38
39928.55991	36.19
39928.56025	26.67
39928.56060	32.38
39928.56095	22.86
39928.56130	40.00
39928.56164	26.67
39928.56199	24.76
39928.56234	32.38
39928.56269	30.48
39928.56303	28.57
39928.56338	19.05
39928.56373	22.86
39928.56407	19.05
39928.56442	28.57
39928.56477	32.38
39928.56512	38.10
39928.56546	34.29
39928.56581	32.38
39928.56616	30.48
39928.56650	22.86
39928.56685	40.00
39928.56720	19.05
39928.56755	32.38
39928.56789	47.62
39928.56824	24.76
39928.56859	43.81
39928.56894	28.57
39928.56928	26.67
39928.56963	19.05
39928.56998	24.76
39928.57032	34.29
39928.57067	24.76
39928.57102	24.76
39928.57137	19.05
39928.57171	32.38
39928.57206	20.95
39928.57241	30.48
39928.57275	20.95
39928.57310	15.24
39928.57345	22.86
39928.57380	26.67
39928.57414	11.43
39928.57449	30.48
39928.57484	30.48
39928.57519	26.67
39928.57553	36.19
39928.57588	11.43
39928.57623	32.38
39928.57657	30.48
39928.57692	43.81
39928.57727	38.10
39928.57762	24.76
39928.57796	22.86
39928.57831	24.76
39928.57866	22.86
39928.57900	26.67
39928.57935	22.86
39928.57970	26.67
39928.58005	26.67
39928.58039	24.76
39928.58074	34.29
39928.58109	22.86
39928.58144	34.29
39928.58178	24.76
39928.58213	26.67
39928.58248	19.05
39928.58282	26.67
39928.58317	36.19
39928.58352	32.38
39928.58387	26.67
39928.58421	17.14
39928.58456	34.29
39928.58491	24.76
39928.58525	19.05
39928.58560	19.05
39928.58595	38.10
39928.58630	15.24
39928.58664	40.00
39928.58699	32.38
39928.58734	20.95
39928.58769	22.86
39928.58803	32.38
39928.58838	22.86
39928.58873	36.19
39928.58907	34.29
39928.58942	30.48
39928.58977	34.29
39928.59012	32.38
39928.59046	24.76
39928.59081	26.67
39928.59116	19.05
39928.59150	24.76
39928.59185	26.67
39928.59220	26.67
39928.59255	32.38
39928.59289	26.67
39928.59324	34.29
39928.59359	24.76
39928.59394	30.48
39928.59428	38.10
39928.59463	28.57
39928.59498	19.05
39928.59532	36.19
39928.59567	22.86
39928.59602	32.38
39928.59637	34.29
39928.59671	19.05
39928.59706	34.29
39928.59741	30.48
39928.59775	20.95
39928.59810	30.48
39928.59845	38.10
39928.59880	30.48
39928.59914	36.19
39928.59949	19.05
39928.59984	38.10
39928.60019	36.19
39928.60053	22.86
39928.60088	19.05
39928.60123	26.67
39928.60157	40.00
39928.60192	26.67
39928.60227	26.67
39928.60262	30.48
39928.60296	28.57
39928.60331	32.38
39928.60366	24.76
39928.60400	26.67
39928.60435	34.29
39928.60470	24.76
39928.60505	19.05
39928.60539	20.95
39928.60574	19.05
39928.60609	26.67
39928.60644	17.14
39928.60678	41.90
39928.60713	15.24
39928.60748	40.00
39928.60782	26.67
39928.60817	26.67
39928.60852	20.95
39928.60887	26.67
39928.60921	32.38
39928.60956	28.57
39928.60991	30.48
39928.61025	40.00
39928.61060	28.57
39928.61095	22.86
39928.61130	38.10
39928.61164	28.57
39928.61199	24.76
39928.61234	17.14
39928.61269	34.29
39928.61303	20.95
39928.61338	19.05
39928.61373	36.19
39928.61407	11.43
39928.61442	15.24
39928.61477	32.38
39928.61512	36.19
39928.61546	17.14
39928.61581	26.67
39928.61616	22.86
39928.61650	32.38
39928.61685	28.57
39928.61720	28.57
39928.61755	41.90
39928.61789	28.57
39928.61824	36.19
39928.61859	32.38
39928.61894	26.67
39928.61928	28.57
39928.61963	28.57
39928.61998	32.38
39928.62032	24.76
39928.62067	28.57
39928.62102	22.86
39928.62137	20.95
39928.62171	30.48
39928.62206	20.95
39928.62241	11.43
39928.62275	34.29
39928.62310	41.90
39928.62345	26.67
39928.62380	22.86
39928.62414	36.19
39928.62449	43.81
39928.62484	34.29
39928.62519	38.10
39928.62553	34.29
39928.62588	34.29
39928.62623	19.05
39928.62657	30.48
39928.62692	24.76
39928.62727	22.86
39928.62762	38.10
39928.62796	32.38
39928.62831	22.86
39928.62866	24.76
39928.62900	32.38
39928.62935	24.76
39928.62970	32.38
39928.63005	30.48
39928.63039	40.00
39928.63074	32.38
39928.63109	26.67
39928.63144	32.38
39928.63178	28.57
39928.63213	30.48
39928.63248	43.81
39928.63282	22.86
39928.63317	28.57
39928.63352	24.76
39928.63387	13.33
39928.63421	28.57
39928.63456	32.38
39928.63491	17.14
39928.63525	22.86
39928.63560	30.48
39928.63595	41.90
39928.63630	24.76
39928.63664	40.00
39928.63699	30.48
39928.63734	20.95
39928.63769	36.19
39928.63803	41.90
39928.63838	19.05
39928.63873	28.57
39928.63907	11.43
39928.63942	19.05
39928.63977	28.57
39928.64012	30.48
39928.64046	20.95
39928.64081	40.00
39928.64116	19.05
39928.64150	30.48
39928.64185	19.05
39928.64220	19.05
39928.64255	26.67
39928.64289	20.95
39928.64324	26.67
39928.64359	43.81
39928.64394	22.86
39928.64428	45.71
39928.64463	36.19
39928.64498	20.95
39928.64532	34.29
39928.64567	20.95
39928.64602	26.67
39928.64637	11.43
39928.64671	32.38
39928.64706	38.10
39928.64741	15.24
39928.64775	28.57
39928.64810	26.67
39928.64845	43.81
39928.64880	28.57
39928.64914	45.71
39928.64949	36.19
39928.64984	20.95
39928.65019	22.86
39928.65053	19.05
39928.65088	24.76
39928.65123	24.76
39928.65157	36.19
39928.65192	32.38
39928.65227	24.76
39928.65262	26.67
39928.65296	22.86
39928.65331	28.57
39928.65366	24.76
39928.65400	22.86
39928.65435	20.95
39928.65470	30.48
39928.65505	30.48
39928.65539	43.81
39928.65574	22.86
39928.65609	30.48
39928.65644	24.76
39928.65678	30.48
39928.65713	36.19
39928.65748	45.71
39928.65782	24.76
39928.65817	17.14
39928.65852	24.76
39928.65887	19.05
39928.65921	30.48
39928.65956	19.05
39928.65991	24.76
39928.66025	30.48
39928.66060	32.38
39928.66095	26.67
39928.66130	32.38
39928.66164	36.19
39928.66199	30.48
39928.66234	40.00
39928.66269	28.57
39928.66303	28.57
39928.66338	43.81
39928.66373	32.38
39928.66407	28.57
39928.66442	36.19
39928.66477	22.86
39928.66512	34.29
39928.66546	28.57
39928.66581	26.67
39928.66616	40.00
39928.66650	20.95
39928.66685	20.95
39928.66720	28.57
39928.66755	30.48
39928.66789	19.05
39928.66824	36.19
39928.66859	22.86
39928.66894	24.76
39928.66928	24.76
39928.66963	34.29
39928.66998	34.29
39928.67032	20.95
39928.67067	38.10
39928.67102	24.76
39928.67137	32.38
39928.67171	22.86
39928.67206	36.19
39928.67241	22.86
39928.67275	32.38
39928.67310	32.38
39928.67345	38.10
39928.67380	19.05
39928.67414	45.71
39928.67449	22.86
39928.67484	22.86
39928.67519	34.29
39928.67553	22.86
39928.67588	26.67
39928.67623	38.10
39928.67657	20.95
39928.67692	13.33
39928.67727	22.86
39928.67762	53.33
39928.67796	28.57
39928.67831	40.00
39928.67866	43.81
39928.67900	30.48
39928.67935	34.29
39928.67970	28.57
39928.68005	24.76
39928.68039	24.76
39928.68074	34.29
39928.68109	24.76
39928.68144	28.57
39928.68178	30.48
39928.68213	30.48
39928.68248	32.38
39928.68282	26.67
39928.68317	38.10
39928.68352	24.76
39928.68387	30.48
39928.68421	34.29
39928.68456	17.14
39928.68491	30.48
39928.68525	15.24
39928.68560	41.90
39928.68595	26.67
39928.68630	34.29
39928.68664	34.29
39928.68699	38.10
39928.68734	20.95
39928.68769	36.19
39928.68803	32.38
39928.68838	36.19
39928.68873	26.67
39928.68907	19.05
39928.68942	17.14
39928.68977	30.48
39928.69012	20.95
39928.69046	22.86
39928.69081	32.38
39928.69116	15.24
39928.69150	34.29
39928.69185	28.57
39928.69220	20.95
39928.69255	47.62
39928.69289	34.29
39928.69324	26.67
39928.69359	22.86
39928.69394	36.19
39928.69428	41.90
39928.69463	22.86
39928.69498	26.67
39928.69532	26.67
39928.69567	36.19
39928.69602	30.48
39928.69637	40.00
39928.69671	17.14
39928.69706	26.67
39928.69741	20.95
39928.69775	32.38
39928.69810	22.86
39928.69845	32.38
39928.69880	32.38
39928.69914	13.33
39928.69949	19.05
39928.69984	17.14
39928.70019	34.29
39928.70053	24.76
39928.70088	43.81
39928.70123	28.57
39928.70157	28.57
39928.70192	20.95
39928.70227	7.62
39928.70262	28.57
39928.70296	17.14
39928.70331	49.52
39928.70366	19.05
39928.70400	20.95
39928.70435	20.95
39928.70470	34.29
39928.70505	24.76
39928.70539	43.81
39928.70574	20.95
39928.70609	22.86
39928.70644	26.67
39928.70678	26.67
39928.70713	26.67
39928.70748	30.48
39928.70782	24.76
39928.70817	19.05
39928.70852	15.24
39928.70887	28.57
39928.70921	30.48
39928.70956	36.19
39928.70991	28.57
39928.71025	26.67
39928.71060	20.95
39928.71095	19.05
39928.71130	32.38
39928.71164	36.19
39928.71199	28.57
39928.71234	22.86
39928.71269	30.48
39928.71303	24.76
39928.71338	26.67
39928.71373	26.67
39928.71407	19.05
39928.71442	32.38
39928.71477	24.76
39928.71512	32.38
39928.71546	17.14
39928.71581	9.52
39928.71616	26.67
39928.71650	40.00
39928.71685	26.67
39928.71720	26.67
39928.71755	32.38
39928.71789	24.76
39928.71824	38.10
39928.71859	34.29
39928.71894	38.10
39928.71928	36.19
39928.71963	19.05
39928.71998	41.90
39928.72032	28.57
39928.72067	30.48
39928.72102	34.29
39928.72137	22.86
39928.72171	13.33
39928.72206	24.76
39928.72241	24.76
39928.72275	13.33
39928.72310	24.76
39928.72345	22.86
39928.72380	15.24
39928.72414	26.67
39928.72449	20.95
39928.72484	24.76
39928.72519	32.38
39928.72553	34.29
39928.72588	34.29
39928.72623	28.57
39928.72657	38.10
39928.72692	26.67
39928.72727	24.76
39928.72762	26.67
39928.72796	32.38
39928.72831	36.19
39928.72866	17.14
39928.72900	26.67
39928.72935	20.95
39928.72970	20.95
39928.73005	28.57
39928.73039	28.57
39928.73074	15.24
39928.73109	28.57
39928.73144	15.24
39928.73178	32.38
39928.73213	32.38
39928.73248	28.57
39928.73282	22.86
39928.73317	30.48
39928.73352	28.57
39928.73387	28.57
39928.73421	36.19
39928.73456	43.81
39928.73491	22.86
39928.73525	20.95
39928.73560	32.38
39928.73595	26.67
39928.73630	26.67
39928.73664	28.57
39928.73699	30.48
39928.73734	36.19
39928.73769	30.48
39928.73803	30.48
39928.73838	30.48
39928.73873	19.05
39928.73907	20.95
39928.73942	22.86
39928.73977	30.48
39928.74012	30.48
39928.74046	36.19
39928.74081	24.76
39928.74116	36.19
39928.74150	22.86
39928.74185	28.57
39928.74220	36.19
39928.74255	34.29
39928.74289	22.86
39928.74324	19.05
39928.74359	28.57
39928.74394	24.76
39928.74428	20.95
39928.74463	28.57
39928.74498	32.38
39928.74532	24.76
39928.74567	40.00
39928.74602	17.14
39928.74637	24.76
39928.74671	28.57
39928.74706	26.67
39928.74741	15.24
39928.74775	32.38
39928.74810	17.14
39928.74845	28.57
39928.74880	38.10
39928.74914	34.29
39928.74949	49.52
39928.74984	36.19
39928.75019	30.48
39928.75053	28.57
39928.75088	32.38
39928.75123	30.48
39928.75157	34.29
39928.75192	17.14
39928.75227	24.76
39928.75262	28.57
39928.75296	22.86
39928.75331	34.29
39928.75366	17.14
39928.75400	22.86
39928.75435	26.67
39928.75470	30.48
39928.75505	36.19
39928.75539	30.48
39928.75574	47.62
39928.75609	13.33
39928.75644	19.05
39928.75678	30.48
39928.75713	36.19
39928.75748	20.95
39928.75782	26.67
39928.75817	22.86
39928.75852	28.57
39928.75887	20.95
39928.75921	30.48
39928.75956	20.95
39928.75991	26.67
39928.76025	40.00
39928.76060	43.81
39928.76095	40.00
39928.76130	24.76
39928.76164	34.29
39928.76199	32.38
39928.76234	28.57
39928.76269	28.57
39928.76303	22.86
39928.76338	26.67
39928.76373	28.57
39928.76407	22.86
39928.76442	30.48
39928.76477	36.19
39928.76512	30.48
39928.76546	11.43
39928.76581	19.05
39928.76616	22.86
39928.76650	26.67
39928.76685	20.95
39928.76720	36.19
39928.76755	34.29
39928.76789	17.14
39928.76824	32.38
39928.76859	40.00
39928.76894	19.05
39928.76928	34.29
39928.76963	30.48
39928.76998	22.86
39928.77032	36.19
39928.77067	26.67
39928.77102	26.67
39928.77137	28.57
39928.77171	41.90
39928.77206	26.67
39928.77241	28.57
39928.77275	30.48
39928.77310	30.48
39928.77345	19.05
39928.77380	32.38
39928.77414	30.48
39928.77449	24.76
39928.77484	34.29
39928.77519	28.57
39928.77553	24.76
39928.77588	20.95
39928.77623	41.90
39928.77657	26.67
39928.77692	24.76
39928.77727	38.10
39928.77762	30.48
39928.77796	32.38
39928.77831	30.48
39928.77866	32.38
39928.77900	26.67
39928.77935	26.67
39928.77970	20.95
39928.78005	26.67
39928.78039	17.14
39928.78074	19.05
39928.78109	26.67
39928.78144	26.67
39928.78178	24.76
39928.78213	41.90
39928.78248	17.14
39928.78282	13.33
39928.78317	30.48
39928.78352	24.76
39928.78387	30.48
39928.78421	28.57
39928.78456	30.48
39928.78491	32.38
39928.78525	32.38
39928.78560	34.29
39928.78595	32.38
39928.78630	40.00
39928.78664	24.76
39928.78699	34.29
39928.78734	22.86
39928.78769	36.19
39928.78803	22.86
39928.78838	38.10
39928.78873	41.90
39928.78907	36.19
39928.78942	24.76
39928.78977	36.19
39928.79012	26.67
39928.79046	19.05
39928.79081	41.90
39928.79116	34.29
39928.79150	22.86
39928.79185	26.67
39928.79220	22.86
39928.79255	34.29
39928.79289	34.29
39928.79324	34.29
39928.79359	30.48
39928.79394	38.10
39928.79428	38.10
39928.79463	19.05
39928.79498	24.76
39928.79532	30.48
39928.79567	22.86
39928.79602	26.67
39928.79637	32.38
39928.79671	32.38
39928.79706	20.95
39928.79741	22.86
39928.79775	22.86
39928.79810	34.29
39928.79845	30.48
39928.79880	26.67
39928.79914	24.76
39928.79949	20.95
39928.79984	28.57
39928.80019	28.57
39928.80053	38.10
39928.80088	45.71
39928.80123	24.76
39928.80157	28.57
39928.80192	24.76
39928.80227	32.38
39928.80262	13.33
39928.80296	22.86
39928.80331	30.48
39928.80366	40.00
39928.80400	17.14
39928.80435	26.67
39928.80470	26.67
39928.80505	34.29
39928.80539	22.86
39928.80574	26.67
39928.80609	32.38
39928.80644	34.29
39928.80678	28.57
39928.80713	38.10
39928.80748	36.19
39928.80782	36.19
39928.80817	38.10
39928.80852	43.81
39928.80887	34.29
39928.80921	26.67
39928.80956	38.10
39928.80991	43.81
39928.81025	19.05
39928.81060	32.38
39928.81095	41.90
39928.81130	40.00
39928.81164	36.19
39928.81199	38.10
39928.81234	32.38
39928.81269	17.14
39928.81303	34.29
39928.81338	28.57
39928.81373	28.57
39928.81407	26.67
39928.81442	28.57
39928.81477	30.48
39928.81512	32.38
39928.81546	38.10
39928.81581	13.33
39928.81616	30.48
39928.81650	26.67
39928.81685	41.90
39928.81720	41.90
39928.81755	13.33
39928.81789	28.57
39928.81824	28.57
39928.81859	38.10
39928.81894	34.29
39928.81928	20.95
39928.81963	22.86
39928.81998	41.90
39928.82032	26.67
39928.82067	40.00
39928.82102	22.86
39928.82137	34.29
39928.82171	32.38
39928.82206	32.38
39928.82241	28.57
39928.82275	20.95
39928.82310	17.14
39928.82345	24.76
39928.82380	38.10
39928.82414	24.76
39928.82449	32.38
39928.82484	20.95
39928.82519	24.76
39928.82553	30.48
39928.82588	24.76
39928.82623	40.00
39928.82657	13.33
39928.82692	15.24
39928.82727	17.14
39928.82762	45.71
39928.82796	20.95
39928.82831	19.05
39928.82866	30.48
39928.82900	40.00
39928.82935	26.67
39928.82970	24.76
39928.83005	32.38
39928.83039	28.57
39928.83074	20.95
39928.83109	34.29
39928.83144	36.19
39928.83178	32.38
39928.83213	36.19
39928.83248	28.57
39928.83282	22.86
39928.83317	30.48
39928.83352	47.62
39928.83387	26.67
39928.83421	20.95
39928.83456	20.95
39928.83491	19.05
39928.83525	32.38
39928.83560	34.29
39928.83595	28.57
39928.83630	30.48
39928.83664	30.48
39928.83699	32.38
39928.83734	40.00
39928.83769	36.19
39928.83803	28.57
39928.83838	30.48
39928.83873	28.57
39928.83907	34.29
39928.83942	28.57
39928.83977	17.14
39928.84012	24.76
39928.84046	43.81
39928.84081	45.71
39928.84116	22.86
39928.84150	19.05
39928.84185	22.86
39928.84220	30.48
39928.84255	34.29
39928.84289	20.95
39928.84324	26.67
39928.84359	24.76
39928.84394	20.95
39928.84428	30.48
39928.84463	28.57
39928.84498	28.57
39928.84532	24.76
39928.84567	30.48
39928.84602	26.67
39928.84637	24.76
39928.84671	40.00
39928.84706	43.81
39928.84741	22.86
39928.84775	22.86
39928.84810	28.57
39928.84845	26.67
39928.84880	28.57
39928.84914	38.10
39928.84949	34.29
39928.84984	24.76
39928.85019	26.67
39928.85053	41.90
39928.85088	20.95
39928.85123	34.29
39928.85157	40.00
39928.85192	32.38
39928.85227	19.05
39928.85262	20.95
39928.85296	22.86
39928.85331	28.57
39928.85366	28.57
39928.85400	28.57
39928.85435	13.33
39928.85470	30.48
39928.85505	43.81
39928.85539	34.29
39928.85574	20.95
39928.85609	36.19
39928.85644	20.95
39928.85678	19.05
39928.85713	40.00
39928.85748	40.00
39928.85782	26.67
39928.85817	19.05
39928.85852	38.10
39928.85887	30.48
39928.85921	26.67
39928.85956	26.67
39928.85991	28.57
39928.86025	22.86
39928.86060	22.86
39928.86095	20.95
39928.86130	20.95
39928.86164	28.57
39928.86199	28.57
39928.86234	32.38
39928.86269	19.05
39928.86303	28.57
39928.86338	24.76
39928.86373	40.00
39928.86407	32.38
39928.86442	30.48
39928.86477	28.57
39928.86512	28.57
39928.86546	32.38
39928.86581	28.57
39928.86616	30.48
39928.86650	34.29
39928.86685	26.67
39928.86720	19.05
39928.86755	32.38
39928.86789	26.67
39928.86824	22.86
39928.86859	34.29
39928.86894	20.95
39928.86928	34.29
39928.86963	28.57
39928.86998	28.57
39928.87032	26.67
39928.87067	28.57
39928.87102	40.00
39928.87137	28.57
39928.87171	26.67
39928.87206	30.48
39928.87241	20.95
39928.87275	26.67
39928.87310	30.48
39928.87345	24.76
39928.87380	32.38
39928.87414	26.67
39928.87449	30.48
39928.87484	30.48
39928.87519	19.05
39928.87553	32.38
39928.87588	20.95
39928.87623	19.05
39928.87657	28.57
39928.87692	41.90
39928.87727	34.29
39928.87762	34.29
39928.87796	22.86
39928.87831	20.95
39928.87866	20.95
39928.87900	32.38
39928.87935	36.19
39928.87970	24.76
39928.88005	32.38
39928.88039	17.14
39928.88074	26.67
39928.88109	26.67
39928.88144	11.43
39928.88178	28.57
39928.88213	30.48
39928.88248	26.67
39928.88282	17.14
39928.88317	40.00
39928.88352	40.00
39928.88387	20.95
39928.88421	17.14
39928.88456	19.05
39928.88491	24.76
39928.88525	15.24
39928.88560	30.48
39928.88595	36.19
39928.88630	24.76
39928.88664	20.95
39928.88699	28.57
39928.88734	28.57
39928.88769	22.86
39928.88803	34.29
39928.88838	40.00
39928.88873	41.90
39928.88907	22.86
39928.88942	24.76
39928.88977	34.29
39928.89012	19.05
39928.89046	24.76
39928.89081	36.19
39928.89116	40.00
39928.89150	34.29
39928.89185	28.57
39928.89220	30.48
39928.89255	45.71
39928.89289	20.95
39928.89324	26.67
39928.89359	13.33
39928.89394	17.14
39928.89428	19.05
39928.89463	30.48
39928.89498	34.29
39928.89532	30.48
39928.89567	24.76
39928.89602	34.29
39928.89637	24.76
39928.89671	20.95
39928.89706	19.05
39928.89741	28.57
39928.89775	30.48
39928.89810	30.48
39928.89845	32.38
39928.89880	30.48
39928.89914	15.24
39928.89949	19.05
39928.89984	30.48
