490.940600 229.000000
492.634500 298.000000
494.328300 289.000000
496.022200 372.000000
497.716100 447.000000
499.409900 461.000000
501.103800 603.000000
502.797700 676.000000
504.491500 816.000000
506.185400 1047.000000
507.879300 1327.000000
509.573200 1737.000000
511.267000 2446.000000
512.960900 3757.000000
514.654700 6920.000000
516.348600 14082.000000
518.042500 24381.000000
519.736300 30778.000000
521.430200 31078.000000
523.124100 23502.000000
524.817900 11035.000000
526.511800 5017.000000
528.205700 2718.000000
529.899500 1722.000000
531.593400 1157.000000
533.287300 831.000000
534.981200 627.000000
536.675000 453.000000
538.368900 338.000000
540.062800 263.000000