490.940600 92.000000
492.634500 123.000000
494.328300 129.000000
496.022200 170.000000
497.716100 185.000000
499.409900 202.000000
501.103800 260.000000
502.797700 309.000000
504.491500 353.000000
506.185400 408.000000
507.879300 497.000000
509.573200 620.000000
511.267000 768.000000
512.960900 1033.000000
514.654700 1576.000000
516.348600 2891.000000
518.042500 5302.000000
519.736300 8686.000000
521.430200 10774.000000
523.124100 7850.000000
524.817900 3525.000000
526.511800 1569.000000
528.205700 814.000000
529.899500 514.000000
531.593400 275.000000
533.287300 221.000000
534.981200 163.000000
536.675000 126.000000
538.368900 81.000000
540.062800 48.000000
