490.940600 98.000000
492.634500 120.000000
494.328300 174.000000
496.022200 215.000000
497.716100 204.000000
499.409900 201.000000
501.103800 224.000000
502.797700 318.000000
504.491500 317.000000
506.185400 352.000000
507.879300 445.000000
509.573200 430.000000
511.267000 474.000000
512.960900 585.000000
514.654700 771.000000
516.348600 1301.000000
518.042500 1956.000000
519.736300 1993.000000
521.430200 1665.000000
523.124100 1039.000000
524.817900 618.000000
526.511800 386.000000
528.205700 291.000000
529.899500 269.000000
531.593400 215.000000
533.287300 217.000000
534.981200 235.000000
536.675000 216.000000
538.368900 231.000000
540.062800 191.000000
