13.22 ---
13.23 ---
13.24 0.217
13.25 0.250
13.26 0.217
13.27 0.369
13.28 0.326
13.29 0.293
13.30 0.293
13.31 0.358
13.32 0.326
13.33 0.326
13.34 0.282
13.35 0.282
13.36 0.293
13.37 0.304
13.38 0.293
13.39 0.271
13.40 0.315
13.41 0.293
13.42 0.326
13.43 0.326
13.44 0.347
13.45 0.271
13.46 0.304
13.47 0.369
13.48 0.326
13.49 0.369
13.50 0.217
13.51 0.326
13.52 0.293
13.53 0.304
13.54 0.315
13.55 0.326
13.56 0.239
13.57 0.239
13.58 0.326
13.59 0.250
14.00 0.326
14.01 0.423
14.02 0.228
14.03 0.326
14.04 0.315
14.05 0.402
14.06 0.369
14.07 0.326
14.08 0.326
14.09 0.337
14.10 0.358
14.11 0.282
14.12 0.282
14.13 0.337
14.14 0.326
14.15 0.337
14.16 0.337
14.17 0.369
14.18 0.445
14.19 0.423
14.20 0.391
14.21 0.261
14.22 0.358
14.23 0.337
14.24 0.369
14.25 0.391
14.26 0.271
14.27 0.413
14.28 0.315
14.29 0.315
14.30 0.282
14.31 0.445
14.32 0.347
14.33 0.250
14.34 0.293
14.35 0.434
14.36 0.315
14.37 0.369
14.38 0.391
14.39 0.402
14.40 0.456
14.41 0.250
14.42 0.261
14.43 0.347
14.44 0.293
14.45 0.369
14.46 0.413
14.47 0.261
14.48 0.326
14.49 0.304
14.50 0.271
14.51 0.337
14.52 0.293
14.53 0.369
14.54 0.391
14.55 0.445
14.56 0.293
14.57 0.358
14.58 0.445
14.59 0.347
15.00 0.445
15.01 0.293
15.02 0.337
15.03 0.391
15.04 0.271
15.05 0.315
15.06 0.347
15.07 0.271
15.08 0.271
15.09 0.304
15.10 0.423
15.11 0.358
15.12 0.271
15.13 0.271
15.14 0.304
15.15 0.369
15.16 0.261
15.17 0.304
15.18 0.282
15.19 0.347
15.20 0.282
15.21 0.391
15.22 0.434
15.23 0.304
15.24 0.315
15.25 0.358
15.26 0.250
15.27 0.271
15.28 0.315
15.29 0.347
15.30 0.369
15.31 0.315
15.32 0.337
15.33 0.304
15.34 0.315
15.35 0.391
15.36 0.326
15.37 0.261
15.38 0.315
15.39 0.282
15.40 0.380
15.41 0.271
15.42 0.337
15.43 0.358
15.44 0.391
15.45 0.337
15.46 0.250
15.47 0.315
15.48 0.326
15.49 0.391
15.50 0.315
15.51 0.271
15.52 0.217
15.53 0.304
15.54 0.326
15.55 0.358
15.56 0.315
15.57 0.347
15.58 0.402
15.59 0.423
16.00 0.337
16.01 0.293
16.02 0.380
16.03 0.261
16.04 0.293
16.05 0.326
16.06 0.402
16.07 0.434
16.08 0.402
16.09 0.358
16.10 0.271
16.11 0.380
16.12 0.293
16.13 0.402
16.14 0.369
16.15 0.315
16.16 0.315
16.17 0.239
16.18 0.304
16.19 0.293
16.20 0.380
16.21 0.369
16.22 0.369
16.23 0.228
16.24 0.282
16.25 0.282
16.26 0.402
16.27 0.380
16.28 0.402
16.29 0.261
16.30 0.347
16.31 0.478
16.32 0.228
16.33 0.304
16.34 0.326
16.35 0.369
16.36 0.315
16.37 0.358
16.38 0.402
16.39 0.250
16.40 0.293
16.41 0.358
16.42 0.402
16.43 0.337
16.44 0.304
16.45 0.261
16.46 0.271
16.47 0.391
16.48 0.217
16.49 0.423
16.50 0.347
16.51 0.337
16.52 0.337
16.53 0.358
16.54 0.358
16.55 0.304
16.56 0.315
16.57 0.358
16.58 0.380
16.59 0.304
17.00 0.337
17.01 0.413
17.02 0.261
17.03 0.315
17.04 0.304
17.05 0.315
17.06 0.478
17.07 0.293
17.08 0.402
17.09 0.337
17.10 0.282
17.11 0.293
17.12 0.315
17.13 0.326
17.14 0.456
17.15 0.304
17.16 0.228
17.17 0.391
17.18 0.380
17.19 0.282
17.20 0.456
17.21 0.337
17.22 0.489
17.23 0.228
17.24 0.380
17.25 0.271
17.26 0.304
17.27 0.369
17.28 0.326
17.29 0.315
17.30 0.271
17.31 0.369
17.32 0.337
17.33 0.315
17.34 0.380
17.35 0.347
17.36 0.337
17.37 0.337
17.38 0.358
17.39 0.326
17.40 0.358
17.41 0.369
17.42 0.315
17.43 0.250
17.44 0.282
17.45 0.347
17.46 0.304
17.47 0.369
17.48 0.282
17.49 0.304
17.50 0.293
17.51 ---
17.52 0.326
17.53 0.358
17.54 0.261
17.55 0.228
17.56 0.369
17.57 0.337
17.58 0.304
17.59 0.434
18.00 0.347
18.01 0.271
18.02 0.337
18.03 0.315
18.04 0.402
18.05 0.239
18.06 0.347
18.07 0.315
18.08 0.391
18.09 0.271
18.10 0.250
18.11 0.347
18.12 0.217
18.13 0.369
18.14 0.347
18.15 0.391
18.16 0.239
18.17 0.413
18.18 0.347
18.19 0.337
18.20 0.315
18.21 0.315
18.22 0.434
18.23 0.282
18.24 0.228
18.25 0.402
18.26 0.326
18.27 0.304
18.28 0.326
18.29 0.358
18.30 0.304
18.31 0.282
18.32 0.380
18.33 0.293
18.34 0.206
18.35 0.228
18.36 0.380
18.37 0.402
18.38 0.239
18.39 0.402
18.40 0.337
18.41 0.282
18.42 0.369
18.43 0.250
18.44 0.293
18.45 0.239
18.46 0.293
18.47 0.293
18.48 0.347
18.49 0.358
18.50 0.434
18.51 0.380
18.52 0.402
18.53 0.423
18.54 0.434
18.55 0.261
18.56 0.380
18.57 0.326
18.58 0.315
18.59 0.326
19.00 0.250
19.01 0.413
19.02 0.434
19.03 0.358
19.04 0.315
19.05 0.347
19.06 0.326
19.07 0.304
19.08 0.250
19.09 0.402
19.10 0.358
19.11 0.423
19.12 0.217
19.13 0.293
19.14 0.326
19.15 0.369
19.16 0.347
19.17 0.326
19.18 0.391
19.19 0.358
19.20 0.347
19.21 0.391
19.22 0.271
19.23 0.261
19.24 0.304
19.25 0.337
19.26 0.326
19.27 0.347
19.28 0.358
19.29 0.326
19.30 0.413
19.31 0.423
19.32 0.347
19.33 0.391
19.34 0.369
19.35 0.250
19.36 0.282
19.37 0.282
19.38 0.293
19.39 0.304
19.40 0.315
19.41 0.228
19.42 0.369
19.43 0.337
19.44 0.326
19.45 0.391
19.46 0.391
19.47 0.347
19.48 0.304
19.49 0.337
19.50 0.445
19.51 0.206
19.52 0.206
19.53 0.347
19.54 0.337
19.55 0.358
19.56 0.347
19.57 0.315
19.58 0.217
19.59 0.423
20.00 0.391
20.01 0.282
20.02 0.467
20.03 0.293
20.04 0.293
20.05 0.358
20.06 0.326
20.07 0.347
20.08 0.304
20.09 0.347
20.10 0.315
20.11 0.423
20.12 0.380
20.13 0.337
20.14 0.315
20.15 0.228
20.16 0.347
20.17 0.282
20.18 0.271
20.19 0.261
20.20 0.369
20.21 0.250
20.22 0.347
20.23 0.217
20.24 0.250
20.25 0.282
20.26 0.282
20.27 0.228
20.28 0.358
20.29 ---
20.30 0.337
20.31 0.315
20.32 0.304
20.33 0.337
20.34 0.358
20.35 0.337
20.36 0.250
20.37 0.304
20.38 0.358
20.39 0.423
20.40 0.293
20.41 0.445
20.42 ---
20.43 0.304
20.44 0.250
20.45 0.489
20.46 0.380
20.47 0.261
20.48 0.282
20.49 0.445
20.50 0.347
20.51 0.282
20.52 0.380
20.53 ---
20.54 0.402
20.55 0.239
20.56 0.413
20.57 0.304
20.58 0.434
20.59 0.293
21.00 0.423
21.01 0.239
21.02 0.326
21.03 0.293
21.04 0.304
21.05 0.391
21.06 0.293
21.07 ---
21.08 0.391
21.09 0.271
21.10 0.326
21.11 0.282
21.12 0.315
21.13 0.315
21.14 ---
21.15 0.304
21.16 0.380
21.17 0.293
21.18 0.326
21.19 0.347
21.20 0.271
21.21 0.282
21.22 0.445
21.23 0.326
21.24 0.304
21.25 0.271
21.26 0.380
21.27 0.304
21.28 0.326
21.29 0.326
21.30 0.358
21.31 0.282
21.32 0.217
21.33 0.239
21.34 0.391
21.35 0.358
21.36 0.239
21.37 0.326
21.38 0.358
21.39 0.358
21.40 0.250
21.41 0.239
21.42 0.282
21.43 0.358
21.44 0.304
21.45 0.413
21.46 0.380
21.47 0.239
21.48 0.326
21.49 0.358
21.50 0.239
21.51 0.402
21.52 0.217
21.53 0.413
21.54 0.261
21.55 0.358
21.56 0.326
21.57 0.217
10.29 ---
10.30 ---
10.31 ---
10.32 0.271
09.33 0.369
09.21 ---
09.22 0.315
09.23 0.402
09.24 0.217
09.25 0.380
09.26 0.293
09.27 0.326
09.28 0.271
09.29 0.347
09.30 0.282
09.31 0.358
09.32 0.347
09.33 0.380
09.34 0.326
09.35 0.304
09.36 0.347
09.37 0.326
09.38 0.369
09.39 0.326
09.40 0.337
09.41 0.293
09.42 0.380
09.43 0.326
09.44 0.217
09.45 0.326
09.46 0.326
09.47 0.337
09.48 0.337
09.49 0.380
09.50 0.326
09.51 0.282
09.52 0.456
09.53 ---
09.54 0.391
09.55 0.456
09.56 0.358
09.57 0.478
09.58 0.271
09.59 0.315
10.00 0.337
10.01 0.282
10.02 0.326
10.03 0.402
10.04 0.423
10.05 0.239
10.06 0.271
10.07 0.315
10.08 0.369
10.09 0.282
10.10 0.358
10.11 0.402
10.12 0.369
10.13 0.315
10.14 0.304
10.15 0.271
10.16 0.250
10.17 0.413
10.18 0.282
10.19 0.358
10.20 0.315
10.21 0.445
10.22 0.271
10.23 0.347
10.24 0.347
10.25 0.499
10.26 0.261
10.27 0.250
10.28 0.250
10.29 0.347
10.30 0.326
10.31 0.271
10.32 0.434
10.33 0.347
10.34 0.304
10.35 0.304
10.36 0.391
10.37 0.326
10.38 0.337
10.39 0.347
10.40 0.293
10.41 0.282
10.42 0.402
10.43 0.304
10.44 0.369
10.45 0.467
10.46 0.347
10.47 0.261
10.48 0.293
10.49 0.369
10.50 0.293
10.51 0.358
10.52 0.337
10.53 0.358
10.54 0.326
10.55 0.315
10.56 0.293
10.57 0.358
10.58 0.347
10.59 0.358
11.00 0.304
11.01 0.315
11.02 0.304
11.03 0.326
11.04 0.206
11.05 0.347
11.06 0.413
11.07 0.402
11.08 0.358
11.09 0.304
11.10 0.261
11.11 0.391
11.12 0.499
11.13 0.369
11.14 ---
11.15 0.369
11.16 0.402
11.17 0.282
11.18 0.326
11.19 0.239
11.20 0.478
11.21 0.282
11.22 0.326
11.23 0.391
11.24 0.413
11.25 0.304
11.26 0.337
11.27 0.369
11.28 0.456
11.29 0.228
11.30 0.326
11.31 0.250
11.32 0.271
11.33 0.250
11.34 0.326
11.35 0.369
11.36 0.456
11.37 0.304
11.38 0.358
11.39 0.282
11.40 0.347
11.41 0.326
11.42 0.413
11.43 0.304
11.44 0.326
11.45 0.391
11.46 0.358
11.47 0.391
11.48 0.282
11.49 0.239
11.50 0.293
11.51 0.337
11.52 0.380
11.53 0.337
11.54 0.391
11.55 0.293
11.56 0.326
11.57 0.315
11.58 0.358
11.59 0.315
12.00 0.369
12.01 0.271
12.02 0.326
12.03 0.315
12.04 0.282
12.05 0.337
12.06 0.228
12.07 0.282
12.08 0.347
12.09 0.391
12.10 0.445
12.11 0.315
12.12 0.337
12.13 0.206
12.14 0.261
12.15 0.282
12.16 0.293
12.17 0.402
12.18 0.293
12.19 0.261
12.20 0.228
12.21 0.304
12.22 0.380
12.23 0.434
12.24 0.261
12.25 0.337
12.26 0.293
12.27 0.347
12.28 0.326
12.29 0.282
12.30 0.434
12.31 0.347
12.32 0.293
12.33 0.369
12.34 0.337
12.35 0.347
12.36 0.391
12.37 0.315
12.38 0.304
12.39 0.445
12.40 0.217
12.41 0.391
12.42 0.369
12.43 0.337
12.44 0.402
12.45 0.282
12.46 0.293
12.47 0.369
12.48 0.293
12.49 0.304
12.50 0.337
12.51 0.337
12.52 0.337
12.53 0.250
12.54 0.456
12.55 0.391
12.56 0.315
12.57 0.282
12.58 0.369
12.59 0.304
13.00 0.282
13.01 0.271
13.02 0.347
13.03 0.380
13.04 0.337
13.05 0.315
13.06 0.391
13.07 0.369
13.08 0.347
13.09 0.337
13.10 0.434
13.11 0.380
13.12 0.304
13.13 0.304
13.14 0.293
13.15 0.445
13.16 0.326
13.17 0.315
13.18 0.402
13.19 0.282
13.20 0.326
13.21 0.369
13.22 0.282
13.23 0.326
13.24 0.282
13.25 0.347
13.26 0.217
13.27 0.423
13.28 0.423
13.29 0.282
13.30 0.293
13.31 0.423
13.32 0.304
13.33 ---
13.34 0.315
13.35 0.293
13.36 0.293
13.37 0.315
13.38 0.337
13.39 0.271
13.40 0.358
13.41 0.391
13.42 0.282
13.43 0.271
13.44 0.293
13.45 0.228
13.46 0.304
13.47 0.326
13.48 0.315
13.49 0.271
13.50 0.271
13.51 0.369
13.52 0.315
13.53 0.380
13.54 0.315
13.55 0.402
13.56 0.250
13.57 0.434
13.58 0.315
13.59 0.228
14.00 0.304
14.01 0.293
14.02 0.391
14.03 0.402
14.04 0.326
14.05 0.369
14.06 0.293
14.07 0.369
14.08 0.271
14.09 0.304
14.10 0.358
14.11 0.337
14.12 0.261
14.13 0.380
14.14 0.315
14.15 0.337
14.16 0.456
14.17 0.326
14.18 0.413
14.19 0.369
14.20 0.304
14.21 0.315
14.22 0.369
14.23 0.261
14.24 0.282
14.25 0.347
14.26 0.358
14.27 0.337
14.28 0.380
14.29 0.337
14.30 0.369
14.31 0.347
14.32 0.304
14.33 0.271
14.34 0.326
14.35 0.250
14.36 0.326
14.37 0.391
14.38 0.380
14.39 0.282
14.40 0.293
14.41 0.271
14.42 0.402
14.43 ---
14.44 0.369
14.45 0.391
14.46 0.282
14.47 0.358
14.48 0.337
14.49 0.304
14.50 0.337
14.51 0.293
14.52 0.304
14.53 0.380
14.54 0.326
14.55 0.402
14.56 0.239
14.57 0.380
14.58 0.413
14.59 0.347
15.00 0.402
15.01 0.261
15.02 0.304
15.03 0.282
15.04 0.271
15.05 0.326
15.06 0.282
15.07 0.304
15.08 0.391
15.09 0.282
15.10 0.304
15.11 0.369
15.12 0.326
15.13 0.261
15.14 0.337
15.15 0.337
15.16 0.293
15.17 0.282
15.18 0.347
15.19 0.304
15.20 0.402
15.21 0.315
15.22 0.282
15.23 0.434
15.24 0.326
15.25 0.434
15.26 0.413
15.27 0.337
15.28 0.369
15.29 0.326
15.30 0.239
15.31 0.499
15.32 0.369
15.33 0.326
15.34 0.380
15.35 0.413
15.36 0.347
15.37 0.369
15.38 0.315
15.39 0.402
15.40 0.380
15.41 0.358
15.42 0.347
15.43 0.293
15.44 ---
15.45 0.326
15.46 0.337
15.47 0.261
15.48 0.315
15.49 0.337
15.50 0.315
15.51 0.358
15.52 0.423
15.53 0.326
15.54 0.347
15.55 0.369
15.56 0.337
15.57 0.315
15.58 0.478
15.59 0.380
16.00 0.434
16.01 0.402
16.02 0.347
16.03 ---
16.04 0.391
16.05 0.402
16.06 0.391
16.07 0.456
16.08 0.369
16.09 0.423
16.10 0.304
16.11 0.380
16.12 0.434
16.13 0.228
16.14 0.217
16.15 0.261
16.16 0.380
16.17 0.326
16.18 0.293
16.19 0.206
16.20 0.337
16.21 0.358
16.22 0.282
16.23 0.337
16.24 0.315
16.25 0.402
16.26 0.369
16.27 0.315
16.28 0.489
16.29 0.261
16.30 0.337
16.31 0.369
16.32 0.250
16.35 ---
16.36 ---
16.37 ---
16.38 ---
16.39 0.293
16.40 0.293
16.41 0.358
16.42 0.337
16.43 0.380
16.44 0.369
16.45 0.467
16.46 0.304
16.47 0.326
16.48 0.326
16.49 0.239
16.50 0.337
16.51 0.206
16.52 0.456
16.53 0.337
16.54 0.369
16.55 0.337
16.56 0.358
16.57 0.434
16.58 0.293
16.59 0.271
17.00 0.239
17.01 0.315
17.02 0.261
17.03 0.445
17.04 0.261
17.05 0.282
17.06 0.271
17.07 0.402
17.08 0.347
17.09 0.347
17.10 0.380
17.11 0.315
17.12 0.391
17.13 0.337
17.14 0.315
17.15 0.239
17.16 0.369
17.17 0.423
17.18 0.228
17.19 0.304
17.20 0.337
17.21 0.369
17.22 0.423
17.23 0.293
17.24 0.326
17.25 0.304
17.26 0.467
17.27 0.293
17.28 0.293
17.29 0.326
17.30 0.304
17.31 0.282
17.32 0.358
17.33 0.347
17.34 0.358
17.35 0.304
17.36 0.337
17.37 0.250
17.38 0.413
17.39 0.271
17.40 0.402
17.41 0.293
17.42 0.391
17.43 0.326
17.44 0.347
17.45 ---
17.46 0.271
17.47 0.315
17.48 0.369
17.49 0.271
17.50 0.358
17.51 0.369
17.52 0.434
17.53 0.293
17.54 0.369
17.55 0.282
17.56 0.337
17.57 0.456
17.58 0.271
17.59 0.423
18.00 0.347
18.01 0.380
18.02 0.413
18.03 0.358
18.04 0.304
18.05 0.293
18.06 0.413
18.07 0.358
18.08 0.380
18.09 0.304
18.10 0.304
18.11 0.282
18.12 0.391
18.13 0.261
18.14 0.369
18.15 0.304
18.16 0.304
18.17 0.423
18.18 0.358
18.19 0.369
18.20 0.261
18.21 0.326
18.22 0.434
18.23 0.282
18.24 0.261
18.25 0.380
18.26 0.391
18.27 0.358
18.28 0.250
18.29 0.402
18.30 0.445
18.31 0.293
18.32 0.402
18.33 0.413
18.34 0.402
18.35 0.413
18.36 0.304
18.37 0.413
18.38 0.358
18.39 0.293
18.40 0.347
18.41 0.315
18.42 0.337
18.43 0.391
18.44 0.293
18.45 0.337
18.46 0.250
18.47 0.337
18.48 0.304
18.49 0.315
18.50 0.304
18.51 0.358
18.52 0.402
18.53 0.456
18.54 0.413
18.55 0.293
18.56 0.391
18.57 0.445
18.58 0.304
18.59 0.315
19.00 0.282
19.01 0.217
19.02 0.315
19.03 0.391
19.04 0.380
19.05 0.369
19.06 0.337
19.07 0.293
19.08 0.358
19.09 0.261
19.10 0.413
19.11 0.261
19.12 0.282
19.13 0.271
19.14 0.380
19.15 0.293
19.16 0.423
19.17 0.423
19.18 0.434
19.19 0.326
19.20 0.304
19.21 0.206
19.22 0.337
19.23 0.402
19.24 0.337
19.25 0.337
19.26 0.358
19.27 0.423
19.28 0.282
19.29 0.315
19.30 0.391
19.31 0.304
19.32 0.282
19.33 ---
19.34 0.282
19.35 0.423
19.36 0.282
19.37 0.445
19.38 0.358
19.39 0.217
19.40 0.304
19.41 0.347
19.42 0.467
19.43 0.293
19.44 0.250
19.45 0.467
19.46 0.337
19.47 0.304
19.48 0.391
19.49 0.391
19.50 0.326
19.51 0.358
19.52 0.380
19.53 0.347
19.54 0.326
19.55 0.326
19.56 0.261
19.57 0.315
19.58 0.423
19.59 0.304
20.00 0.337
20.01 0.293
20.02 0.304
20.03 0.304
20.04 0.293
20.05 0.423
20.06 0.326
20.07 0.413
20.08 0.261
20.09 0.358
20.10 0.456
20.11 0.391
20.12 0.282
20.13 0.423
20.14 0.315
20.15 0.250
20.16 0.347
20.17 0.402
20.18 0.358
20.19 0.326
20.20 0.445
20.21 0.206
20.22 0.250
20.23 0.456
20.24 0.445
20.25 0.445
20.26 0.358
20.27 0.304
20.28 0.413
20.29 0.391
20.30 0.358
20.31 0.369
20.32 0.315
20.33 0.380
20.34 0.369
20.35 0.304
20.36 0.402
20.37 0.282
20.38 0.261
20.39 0.261
20.40 0.391
20.41 0.369
20.42 0.337
20.43 0.380
20.44 0.369
20.45 0.304
20.46 0.304
20.47 0.282
20.48 0.326
20.49 0.217
20.50 0.402
20.51 0.337
20.52 0.271
20.53 0.326
20.54 0.293
20.55 0.456
20.56 0.402
20.57 0.304
20.58 0.337
20.59 0.391
21.00 0.282
21.01 0.478
21.02 0.282
21.03 0.337
21.04 0.304
21.05 0.304
21.06 0.369
21.07 0.358
21.08 0.217
21.09 ---
21.10 0.391
21.11 0.402
21.12 0.369
21.13 0.337
21.14 0.293
21.15 0.337
21.16 0.304
21.17 0.391
21.18 0.282
21.19 0.271
21.20 0.326
21.21 0.347
21.22 0.326
21.23 0.402
21.24 0.423
21.25 0.445
21.26 0.423
21.27 0.423
21.28 0.326
21.29 0.337
21.30 0.358
21.31 0.391
21.32 0.434
21.33 0.358
21.34 0.423
21.35 0.380
21.36 0.315
21.37 0.391
21.38 0.304
21.39 0.358
21.40 0.304
21.41 0.347
21.42 0.347
21.43 0.456
21.44 0.337
21.45 0.293
21.46 0.358
21.47 0.304
21.48 0.380
21.49 0.337
21.50 0.445
21.51 0.304
21.52 0.337
21.53 0.271
21.54 0.282
21.55 0.434
21.56 0.358
21.57 0.304
21.58 0.206
21.59 0.402
22.00 0.358
22.01 0.434
22.02 0.326
22.03 0.282
22.04 0.326
22.05 0.282
22.06 0.282
22.07 0.326
22.08 0.250
22.09 0.347
22.10 0.369
22.11 0.347
22.12 0.347
22.13 0.402
22.14 0.293
22.15 0.282
22.16 0.304
22.17 0.304
22.18 0.304
22.19 0.467
22.20 0.304
22.21 0.369
22.22 0.293
22.23 0.315
22.24 0.315
22.25 0.293
22.26 0.261
22.27 0.293
22.28 0.347
22.29 0.347
22.30 0.337
22.31 ---
22.32 0.304
22.33 0.380
22.34 0.304
22.35 0.250
22.36 0.499
22.37 0.293
22.38 0.261
22.39 0.358
22.40 0.337
22.41 0.315
22.42 0.369
22.43 0.391
22.44 0.315
22.45 0.391
22.46 0.423
22.47 0.337
22.48 0.380
22.49 0.358
22.50 0.402
22.51 0.434
22.52 0.434
22.53 0.282
22.54 0.337
22.55 0.347
22.56 0.228
22.57 0.380
22.58 0.358
22.59 0.380
23.00 0.423
23.01 0.423
23.02 0.261
23.03 0.413
23.04 0.369
23.05 0.261
23.06 0.347
23.07 0.369
23.08 0.304
23.09 0.293
23.10 0.304
23.11 0.358
23.12 0.380
23.13 0.315
23.14 0.445
23.15 0.402
23.16 0.467
23.17 0.315
23.18 0.304
23.19 0.347
23.20 0.271
23.21 0.456
23.22 0.326
23.23 0.369
23.24 0.434
23.25 0.315
23.26 0.337
23.27 0.326
23.28 0.304
23.29 0.337
23.30 ---
23.31 0.347
23.32 0.456
23.33 0.434
23.34 0.326
23.35 0.413
23.36 0.445
23.37 0.326
23.38 0.456
23.39 0.358
23.40 0.304
23.41 0.304
23.42 0.391
23.43 0.271
23.44 0.402
23.45 0.391
23.46 0.250
23.47 0.445
23.48 0.413
23.49 0.358
23.50 0.391
23.51 0.261
23.52 0.391
23.53 0.326
23.54 0.402
23.55 0.326
23.56 0.282
23.57 0.369
23.58 0.337
23.59 0.337
00.00 0.326
00.01 0.413
00.02 0.282
00.03 0.282
00.04 0.293
00.05 0.228
00.06 0.261
00.07 0.337
00.08 0.337
00.09 0.391
00.10 0.358
00.11 0.358
00.12 0.358
00.13 0.434
00.14 0.337
00.15 0.358
00.16 0.456
00.17 0.282
00.18 0.337
00.19 0.326
00.20 0.250
00.21 0.271
00.22 0.304
00.23 0.358
00.24 0.282
00.25 0.228
00.26 0.391
00.27 0.304
00.28 0.369
00.29 0.239
00.30 0.315
00.31 0.326
00.32 0.337
00.33 0.293
00.34 0.467
00.35 0.423
00.36 0.369
00.37 0.423
00.38 0.358
00.39 0.315
00.40 0.347
00.41 0.347
00.42 0.402
00.43 0.217
00.44 0.402
00.45 0.282
00.46 0.358
00.47 0.293
00.48 0.337
00.49 0.358
00.50 0.434
00.51 ---
00.52 0.413
00.53 0.337
00.54 0.326
00.55 0.326
00.56 0.423
00.57 0.337
00.58 ---
00.59 0.347
01.00 0.423
01.01 0.337
01.02 0.358
01.03 0.315
01.04 0.326
01.05 0.239
01.06 0.467
01.07 0.337
01.08 0.293
01.09 0.326
01.10 0.369
01.11 0.391
01.12 0.261
01.13 0.315
01.14 0.304
01.15 0.402
01.16 0.347
01.17 0.293
01.18 0.337
01.19 0.337
01.20 0.282
01.21 0.315
01.22 0.293
01.23 0.217
01.24 0.315
01.25 0.402
01.26 0.282
01.27 0.413
01.28 0.380
01.29 0.380
01.30 0.271
01.31 0.358
01.32 0.434
01.33 0.347
01.34 0.315
01.35 0.347
01.36 0.434
01.37 0.369
01.38 0.282
01.39 0.369
01.40 0.337
01.41 0.402
01.42 0.434
01.43 0.271
01.44 0.261
01.45 0.391
01.46 0.391
01.47 0.271
01.48 0.380
01.49 0.293
01.50 0.239
01.51 0.293
01.52 0.271
01.53 0.271
01.54 0.315
01.55 0.347
01.56 0.369
01.57 0.282
01.58 0.261
01.59 0.337
02.00 0.347
02.01 0.282
02.02 0.326
02.03 0.315
02.04 0.315
02.05 0.445
02.06 0.282
02.07 0.217
02.08 0.282
02.09 0.282
02.10 0.369
02.11 0.413
02.12 0.304
02.13 0.434
02.14 0.369
02.15 0.304
02.16 0.358
02.17 0.326
02.18 0.369
02.19 0.315
02.20 0.358
02.21 0.315
02.22 0.239
02.23 0.326
02.24 0.250
02.25 0.369
02.26 0.347
02.27 0.347
02.28 0.315
02.29 0.358
02.30 0.282
02.31 0.413
02.32 0.391
02.33 0.239
02.34 0.391
02.35 0.347
02.36 0.347
02.37 0.391
02.38 0.326
02.39 0.380
02.40 0.293
02.41 0.499
02.42 0.347
02.43 0.250
02.44 0.423
02.45 0.315
02.46 0.337
02.47 0.293
02.48 0.380
02.49 0.402
02.50 0.347
02.51 0.347
02.52 0.358
02.53 0.467
02.54 0.261
02.55 0.380
02.56 0.337
02.57 0.326
02.58 0.304
02.59 0.315
03.00 0.293
03.01 0.358
03.02 0.261
03.03 0.391
03.04 0.347
03.05 0.456
03.06 0.337
03.07 0.358
