476.158 100.852
477.429 105.64
478.7 112.427
479.971 121.215
481.242 131.003
482.513 136.791
483.784 143.579
485.055 155.367
486.325 175.154
487.596 191.942
488.867 204.73
490.138 220.518
491.409 246.306
492.68 253.093
493.951 272.881
495.222 303.669
496.493 339.457
497.764 409.245
499.035 480.033
500.306 558.82
501.577 656.608
502.848 785.396
504.119 991.184
505.39 1279.97
506.661 1663.76
507.932 2388.55
509.203 3571.34
510.474 5316.12
511.745 7782.91
513.016 11218.7
514.287 14019.5
515.558 15485.3
516.828 14687.1
518.1 11528.8
519.37 8315.64
520.641 5474.43
521.912 3461.21
523.183 2410
524.454 1715.79
525.725 1276.58
526.996 1002.36
528.267 816.152
529.538 671.94
530.809 565.728
532.08 497.516
533.351 437.304
534.622 386.092
535.893 338.879
537.164 288.667
538.435 272.455
539.706 251.243
540.977 226.031
542.248 192.818
543.519 170.606
544.79 158.394
546.061 149.182
547.332 137.97
548.602 122.758
549.873 112.545
551.144 101.333
