Window Title:  Aw-Radw Exec # 1
Com Port: 1  TBU: 60 sec.  TBUs Averaged per Line: 1
Calibration Factor: 105.00 Detector Dead Time: 35 microsecs. Time: Thu Oct 15 17:35:23 2009
091015173523 29.52381
091015173623 30.47619
091015173723 21.904762
091015173823 30.47619
091015173923 26.666667
091015174023 30.47619
091015174123 29.52381
091015174223 32.380952
091015174323 26.666667
091015174423 20.952381
091015174523 36.190476
091015174623 25.714286
091015174723 28.571429
091015174823 35.238095
091015174923 37.142857
091015175023 30.47619
091015175123 20.952381
091015175223 20.00
091015175323 23.809524
091015175423 19.047619
091015175523 30.47619
091015175623 31.428571
091015175723 32.380952
091015175823 21.904762
091015175923 26.666667
091015180023 34.285714
091015180123 25.714286
091015180223 31.428571
091015180323 35.238095
091015180423 28.571429
091015180523 21.904762
091015180623 26.666667
091015180723 29.52381
091015180823 28.571429
091015180923 23.809524
091015181023 41.904762
091015181123 30.47619
091015181223 22.857143
091015181323 29.52381
091015181423 20.00
091015181523 22.857143
091015181623 20.952381
091015181723 32.380952
091015181823 31.428571
091015181923 28.571429
091015182023 19.047619
091015182123 23.809524
091015182223 30.47619
091015182323 25.714286
091015182423 21.904762
091015182523 28.571429
091015182623 37.142857
091015182723 17.142857
091015182823 32.380952
091015182923 30.47619
091015183023 23.809524
091015183123 20.952381
091015183223 35.238095
091015183323 33.333333
091015183423 34.285714
091015183523 23.809524
091015183623 35.238095
091015183723 34.285714
091015183823 20.952381
091015183923 21.904762
091015184023 26.666667
091015184123 23.809524
091015184223 26.666667
091015184323 24.761905
091015184423 36.190476
091015184523 28.571429
091015184623 39.047619
091015184723 25.714286
091015184823 36.190476
091015184923 29.52381
091015185023 25.714286
091015185123 33.333333
091015185223 28.571429
091015185323 23.809524
091015185423 24.761905
091015185523 20.00
091015185623 25.714286
091015185723 32.380952
091015185823 19.047619
091015185923 36.190476
091015190023 26.666667
091015190123 24.761905
091015190223 21.904762
091015190323 31.428571
091015190423 29.52381
091015190523 29.52381
091015190623 20.952381
091015190723 30.47619
091015190823 28.571429
091015190923 20.00
091015191023 33.333333
091015191123 39.047619
091015191223 23.809524
091015191323 30.47619
091015191423 20.952381
091015191523 32.380952
091015191623 27.619048
091015191723 28.571429
091015191823 22.857143
091015191923 29.52381
091015192023 22.857143
091015192123 24.761905
091015192223 31.428571
091015192323 41.904762
091015192423 22.857143
091015192523 27.619048
091015192623 38.095238
091015192723 22.857143
091015192823 32.380952
091015192923 26.666667
091015193023 33.333333
091015193123 28.571429
091015193223 24.761905
091015193323 31.428571
091015193423 34.285714
091015193523 28.571429
091015193623 30.47619
091015193723 21.904762
091015193823 24.761905
091015193923 24.761905
091015194023 28.571429
091015194123 24.761905
091015194223 18.095238
091015194323 32.380952
091015194423 33.333333
091015194523 32.380952
091015194623 36.190476
091015194723 30.47619
091015194823 39.047619
091015194923 31.428571
091015195023 31.428571
091015195123 30.47619
091015195223 30.47619
091015195323 33.333333
091015195423 23.809524
091015195523 38.095238
091015195623 28.571429
091015195723 25.714286
091015195823 39.047619
091015195923 26.666667
091015200023 30.47619
091015200123 31.428571
091015200223 28.571429
091015200323 27.619048
091015200423 27.619048
091015200523 29.52381
091015200623 38.095238
091015200723 30.47619
091015200823 23.809524
091015200923 18.095238
091015201023 27.619048
091015201123 21.904762
091015201223 26.666667
091015201323 31.428571
091015201423 23.809524
091015201523 21.904762
091015201623 30.47619
091015201723 23.809524
091015201823 29.52381
091015201923 29.52381
091015202023 24.761905
091015202123 21.904762
091015202223 30.47619
091015202323 32.380952
091015202423 37.142857
091015202523 20.00
091015202623 25.714286
091015202723 31.428571
091015202823 24.761905
091015202923 24.761905
091015203023 26.666667
091015203123 22.857143
091015203223 28.571429
091015203323 24.761905
091015203423 32.380952
091015203523 23.809524
091015203623 36.190476
091015203723 20.00
091015203823 27.619048
091015203923 28.571429
091015204023 31.428571
091015204123 32.380952
091015204223 27.619048
091015204323 41.904762
091015204423 23.809524
091015204523 32.380952
091015204623 34.285714
091015204723 34.285714
091015204823 26.666667
091015204923 30.47619
091015205023 29.52381
091015205123 24.761905
091015205223 24.761905
091015205323 30.47619
091015205423 30.47619
091015205523 28.571429
091015205623 27.619048
091015205723 22.857143
091015205823 32.380952
091015205923 20.00
091015210023 27.619048
091015210123 28.571429
091015210223 23.809524
091015210323 32.380952
091015210423 34.285714
091015210523 28.571429
091015210623 29.52381
091015210723 33.333333
091015210823 31.428571
091015210923 25.714286
091015211023 40.952381
091015211123 23.809524
091015211223 32.380952
091015211323 34.285714
091015211423 26.666667
091015211523 23.809524
091015211623 20.00
091015211723 32.380952
091015211823 35.238095
091015211923 20.952381
091015212023 29.52381
091015212123 25.714286
091015212223 24.761905
091015212323 33.333333
091015212423 24.761905
091015212523 34.285714
091015212623 28.571429
091015212723 28.571429
091015212823 35.238095
091015212923 25.714286
091015213023 35.238095
091015213123 29.52381
091015213223 28.571429
091015213323 32.380952
091015213423 20.952381
091015213523 26.666667
091015213623 23.809524
091015213723 25.714286
091015213823 31.428571
091015213923 26.666667
091015214023 26.666667
091015214123 20.952381
091015214223 21.904762
091015214323 21.904762
091015214423 31.428571
091015214523 26.666667
091015214623 23.809524
091015214723 35.238095
091015214823 23.809524
091015214923 30.47619
091015215023 26.666667
091015215123 22.857143
091015215223 21.904762
091015215323 26.666667
091015215423 33.333333
091015215523 36.190476
091015215623 29.52381
091015215723 27.619048
091015215823 27.619048
091015215923 25.714286
091015220023 36.190476
091015220123 21.904762
091015220223 34.285714
091015220323 38.095238
091015220423 29.52381
091015220523 28.571429
091015220623 20.952381
091015220723 26.666667
091015220823 20.952381
091015220923 26.666667
091015221023 30.47619
091015221123 28.571429
091015221223 25.714286
091015221323 29.52381
091015221423 27.619048
091015221523 25.714286
091015221623 27.619048
091015221723 26.666667
091015221823 22.857143
091015221923 32.380952
091015222023 26.666667
091015222123 25.714286
091015222223 27.619048
091015222323 22.857143
091015222423 28.571429
091015222523 28.571429
091015222623 32.380952
091015222723 36.190476
091015222823 29.52381
091015222923 31.428571
091015223023 23.809524
091015223123 25.714286
091015223223 26.666667
091015223323 28.571429
091015223423 33.333333
091015223523 29.52381
091015223623 30.47619
091015223723 26.666667
091015223823 22.857143
091015223923 24.761905
091015224023 20.952381
091015224123 20.952381
091015224223 34.285714
091015224323 31.428571
091015224423 23.809524
091015224523 24.761905
091015224623 26.666667
091015224723 29.52381
091015224823 25.714286
091015224923 28.571429
091015225023 32.380952
091015225123 27.619048
091015225223 21.904762
091015225323 23.809524
091015225423 30.47619
091015225523 46.666667
091015225623 32.380952
091015225723 29.52381
091015225823 25.714286
091015225923 32.380952
091015230023 22.857143
091015230123 29.52381
091015230223 23.809524
091015230323 32.380952
091015230423 28.571429
091015230523 37.142857
091015230623 39.047619
091015230723 23.809524
091015230823 31.428571
091015230923 32.380952
091015231023 37.142857
091015231123 27.619048
091015231223 22.857143
091015231323 28.571429
091015231423 33.333333
091015231523 26.666667
091015231623 32.380952
091015231723 29.52381
091015231823 24.761905
091015231923 28.571429
091015232023 34.285714
091015232123 22.857143
091015232223 34.285714
091015232323 29.52381
091015232423 30.47619
091015232523 20.00
091015232623 36.190476
091015232723 25.714286
091015232823 29.52381
091015232923 25.714286
091015233023 32.380952
091015233123 40.952381
091015233223 26.666667
091015233323 33.333333
091015233423 24.761905
091015233523 34.285714
091015233623 26.666667
091015233723 33.333333
091015233823 33.333333
091015233923 21.904762
091015234023 30.47619
091015234123 26.666667
091015234223 23.809524
091015234323 37.142857
091015234423 24.761905
091015234523 42.857143
091015234623 36.190476
091015234723 29.52381
091015234823 25.714286
091015234923 34.285714
091015235023 32.380952
091015235123 27.619048
091015235223 34.285714
091015235323 20.952381
091015235423 30.47619
091015235523 21.904762
091015235623 22.857143
091015235723 28.571429
091015235823 33.333333
091015235923 21.904762
091016000023 39.047619
091016000123 29.52381
091016000223 30.47619
091016000323 25.714286
091016000423 29.52381
091016000523 21.904762
091016000623 25.714286
091016000723 23.809524
091016000823 24.761905
091016000923 26.666667
091016001023 21.904762
091016001123 28.571429
091016001223 29.52381
091016001323 34.285714
091016001423 23.809524
091016001523 26.666667
091016001623 30.47619
091016001723 20.952381
091016001823 27.619048
091016001923 37.142857
091016002023 35.238095
091016002123 38.095238
091016002223 40.00
091016002323 36.190476
091016002423 27.619048
091016002523 34.285714
091016002623 24.761905
091016002723 30.47619
091016002823 24.761905
091016002923 28.571429
091016003023 28.571429
091016003123 20.952381
091016003223 22.857143
091016003323 30.47619
091016003423 32.380952
091016003523 26.666667
091016003623 27.619048
091016003723 20.952381
091016003823 34.285714
091016003923 20.952381
091016004023 35.238095
091016004123 28.571429
091016004223 32.380952
091016004323 30.47619
091016004423 26.666667
091016004523 23.809524
091016004623 21.904762
091016004723 33.333333
091016004823 24.761905
091016004923 32.380952
091016005023 34.285714
091016005123 33.333333
091016005223 38.095238
091016005323 37.142857
091016005423 20.952381
091016005523 32.380952
091016005623 23.809524
091016005723 36.190476
091016005823 26.666667
091016005923 26.666667
091016010023 33.333333
091016010123 26.666667
091016010223 35.238095
091016010323 39.047619
091016010423 25.714286
091016010523 28.571429
091016010623 34.285714
091016010723 25.714286
091016010823 25.714286
091016010923 28.571429
091016011023 33.333333
091016011123 31.428571
091016011223 22.857143
091016011323 41.904762
091016011423 23.809524
091016011523 22.857143
091016011623 32.380952
091016011723 31.428571
091016011823 38.095238
091016011923 27.619048
091016012023 33.333333
091016012123 28.571429
091016012223 36.190476
091016012323 37.142857
091016012423 41.904762
091016012523 33.333333
091016012623 26.666667
091016012723 27.619048
091016012823 28.571429
091016012923 29.52381
091016013023 31.428571
091016013123 30.47619
091016013223 24.761905
091016013323 31.428571
091016013423 36.190476
091016013523 36.190476
091016013623 27.619048
091016013723 20.952381
091016013823 33.333333
091016013923 34.285714
091016014023 25.714286
091016014123 27.619048
091016014223 29.52381
091016014323 32.380952
091016014423 27.619048
091016014523 29.52381
091016014623 33.333333
091016014723 29.52381
091016014823 27.619048
091016014923 30.47619
091016015023 23.809524
091016015123 33.333333
091016015223 20.00
091016015323 29.52381
091016015423 26.666667
091016015523 21.904762
091016015623 29.52381
091016015723 26.666667
091016015823 27.619048
091016015923 28.571429
091016020023 27.619048
091016020123 29.52381
091016020223 37.142857
091016020323 22.857143
091016020423 33.333333
091016020523 27.619048
091016020623 34.285714
091016020723 31.428571
091016020823 24.761905
091016020923 34.285714
091016021023 29.52381
091016021123 34.285714
091016021223 25.714286
091016021323 33.333333
091016021423 36.190476
091016021523 28.571429
091016021623 28.571429
091016021723 20.952381
091016021823 31.428571
091016021923 25.714286
091016022023 31.428571
091016022123 40.00
091016022223 35.238095
091016022323 39.047619
091016022423 28.571429
091016022523 33.333333
091016022623 30.47619
091016022723 26.666667
091016022823 28.571429
091016022923 23.809524
091016023023 34.285714
091016023123 38.095238
091016023223 29.52381
091016023323 34.285714
091016023423 38.095238
091016023523 32.380952
091016023623 31.428571
091016023723 36.190476
091016023823 27.619048
091016023923 22.857143
091016024023 26.666667
091016024123 29.52381
091016024223 25.714286
091016024323 33.333333
091016024423 33.333333
091016024523 35.238095
091016024623 34.285714
091016024723 30.47619
091016024823 26.666667
091016024923 32.380952
091016025023 23.809524
091016025123 27.619048
091016025223 29.52381
091016025323 27.619048
091016025423 35.238095
091016025523 29.52381
091016025623 35.238095
091016025723 30.47619
091016025823 40.00
091016025923 31.428571
091016030023 31.428571
091016030123 32.380952
091016030223 32.380952
091016030323 32.380952
091016030423 35.238095
091016030523 31.428571
091016030623 32.380952
091016030723 31.428571
091016030823 37.142857
091016030923 27.619048
091016031023 24.761905
091016031123 25.714286
091016031223 27.619048
091016031323 35.238095
091016031423 34.285714
091016031523 34.285714
091016031623 27.619048
091016031723 23.809524
091016031823 24.761905
091016031923 34.285714
091016032023 20.952381
091016032123 27.619048
091016032223 29.52381
091016032323 32.380952
091016032423 33.333333
091016032523 28.571429
091016032623 37.142857
091016032723 31.428571
091016032823 26.666667
091016032923 44.761905
091016033023 23.809524
091016033123 22.857143
091016033223 28.571429
091016033323 25.714286
091016033423 32.380952
091016033523 41.904762
091016033623 33.333333
091016033723 41.904762
091016033823 28.571429
091016033923 33.333333
091016034023 27.619048
091016034123 32.380952
091016034223 40.952381
091016034323 33.333333
091016034423 27.619048
091016034523 28.571429
091016034623 35.238095
091016034723 27.619048
091016034823 30.47619
091016034923 24.761905
091016035023 28.571429
091016035123 29.52381
091016035223 27.619048
091016035323 24.761905
091016035423 32.380952
091016035523 28.571429
091016035623 39.047619
091016035723 29.52381
091016035823 29.52381
091016035923 29.52381
091016040023 20.952381
091016040123 28.571429
091016040223 37.142857
091016040323 25.714286
091016040423 30.47619
091016040523 37.142857
091016040623 31.428571
091016040723 40.00
091016040823 28.571429
091016040923 30.47619
091016041023 29.52381
091016041123 27.619048
091016041223 24.761905
091016041323 37.142857
091016041423 24.761905
091016041523 26.666667
091016041623 26.666667
091016041723 27.619048
091016041823 23.809524
091016041923 24.761905
091016042023 31.428571
091016042123 28.571429
091016042223 39.047619
091016042323 33.333333
091016042423 36.190476
091016042523 32.380952
091016042623 30.47619
091016042723 27.619048
091016042823 28.571429
091016042923 35.238095
091016043023 31.428571
091016043123 38.095238
091016043223 41.904762
091016043323 45.714286
091016043423 33.333333
091016043523 27.619048
091016043623 32.380952
091016043723 31.428571
091016043823 27.619048
091016043923 39.047619
091016044023 32.380952
091016044123 27.619048
091016044223 27.619048
091016044323 23.809524
091016044423 29.52381
091016044523 23.809524
091016044623 28.571429
091016044723 20.00
091016044823 24.761905
091016044923 24.761905
091016045023 33.333333
091016045123 31.428571
091016045223 26.666667
091016045323 32.380952
091016045423 25.714286
091016045523 35.238095
091016045623 33.333333
091016045723 24.761905
091016045823 29.52381
091016045923 30.47619
091016050023 26.666667
091016050123 32.380952
091016050223 26.666667
091016050323 35.238095
091016050423 29.52381
091016050523 29.52381
091016050623 42.857143
091016050723 34.285714
091016050823 35.238095
091016050923 35.238095
091016051023 38.095238
091016051123 31.428571
091016051223 29.52381
091016051323 28.571429
091016051423 40.952381
091016051523 31.428571
091016051623 34.285714
091016051723 23.809524
091016051823 44.761905
091016051923 28.571429
091016052023 30.47619
091016052123 32.380952
091016052223 27.619048
091016052323 33.333333
091016052423 30.47619
091016052523 33.333333
091016052623 36.190476
091016052723 34.285714
091016052823 32.380952
091016052923 28.571429
091016053023 34.285714
091016053123 29.52381
091016053223 32.380952
091016053323 29.52381
091016053423 27.619048
091016053523 17.142857
091016053623 28.571429
091016053723 30.47619
091016053823 36.190476
091016053923 21.904762
091016054023 26.666667
091016054123 27.619048
091016054223 24.761905
091016054323 21.904762
091016054423 31.428571
091016054523 30.47619
091016054623 20.952381
091016054723 30.47619
091016054823 31.428571
091016054923 24.761905
091016055023 26.666667
091016055123 25.714286
091016055223 27.619048
091016055323 36.190476
091016055423 29.52381
091016055523 33.333333
091016055623 30.47619
091016055723 22.857143
091016055823 33.333333
091016055923 24.761905
091016060023 31.428571
091016060123 37.142857
091016060223 27.619048
091016060323 25.714286
091016060423 28.571429
091016060523 32.380952
091016060623 33.333333
091016060723 29.52381
091016060823 26.666667
091016060923 36.190476
091016061023 24.761905
091016061123 29.52381
091016061223 25.714286
091016061323 31.428571
091016061423 36.190476
091016061523 32.380952
091016061623 40.952381
091016061723 35.238095
091016061823 25.714286
091016061923 17.142857
091016062023 32.380952
091016062123 32.380952
091016062223 37.142857
091016062323 25.714286
091016062423 34.285714
091016062523 23.809524
091016062623 34.285714
091016062723 33.333333
091016062823 34.285714
091016062923 34.285714
091016063023 32.380952
091016063123 40.00
091016063223 25.714286
091016063323 39.047619
091016063423 33.333333
091016063523 31.428571
091016063623 42.857143
091016063723 21.904762
091016063823 35.238095
091016063923 34.285714
091016064023 28.571429
091016064123 33.333333
091016064223 30.47619
091016064323 25.714286
091016064423 29.52381
091016064523 23.809524
091016064623 41.904762
091016064723 30.47619
091016064823 20.952381
091016064923 27.619048
091016065023 30.47619
091016065123 16.190476
091016065223 28.571429
091016065323 41.904762
091016065423 22.857143
091016065523 31.428571
091016065623 28.571429
091016065723 24.761905
091016065823 26.666667
091016065923 43.809524
091016070023 35.238095
091016070123 31.428571
091016070223 33.333333
091016070323 25.714286
091016070423 30.47619
091016070523 29.52381
091016070623 27.619048
091016070723 25.714286
091016070823 21.904762
091016070923 27.619048
091016071023 22.857143
091016071123 25.714286
091016071223 22.857143
091016071323 31.428571
091016071423 40.952381
091016071523 26.666667
091016071623 33.333333
