 -83.00 -37.00  73.10
 -83.00 -36.00  74.73
 -83.00 -35.00  76.11
 -83.00 -34.00  77.39
 -83.00 -33.00  78.73
 -83.00 -32.00  80.26
 -83.00 -31.00  82.06
 -83.00 -30.00  84.12
 -83.00 -29.00  86.36
 -83.00 -28.00  88.65
 -83.00 -27.00  90.81
 -83.00 -26.00  92.69
 -83.00 -25.00  94.18
 -83.00 -24.00  95.25
 -83.00 -23.00  95.90
 -83.00 -22.00  96.17
 -83.00 -21.00  96.16
 -83.00 -20.00  95.93
 -83.00 -19.00  95.54
 -83.00 -18.00  95.03
 -83.00 -17.00  94.41
 -83.00 -16.00  93.73
 -83.00 -15.00  93.05
 -83.00 -14.00  92.46
 -83.00 -13.00  92.11
 -83.00 -12.00  92.18
 -83.00 -11.00  92.83
 -83.00 -10.00  94.17
 -83.00  -9.00  96.25
 -83.00  -8.00  98.98
 -83.00  -7.00 102.18
 -83.00  -6.00 105.55
 -83.00  -5.00 108.74
 -83.00  -4.00 111.40
 -83.00  -3.00 113.22
 -83.00  -2.00 113.99
 -83.00  -1.00 113.66
 -83.00   0.00 112.27
 -83.00   1.00 110.03
 -83.00   2.00 107.19
 -83.00   3.00 104.03
 -83.00   4.00 100.84
 -83.00   5.00  97.79
 -83.00   6.00  95.02
 -83.00   7.00  92.54
 -83.00   8.00  90.33
 -83.00   9.00  88.29
 -83.00  10.00  86.35
 -83.00  11.00  84.44
 -83.00  12.00  82.54
 -83.00  13.00  80.66
 -83.00  14.00  78.85
 -83.00  15.00  77.18
 -83.00  16.00  75.71
 -83.00  17.00  74.49
 -83.00  18.00  73.56
 -83.00  19.00  72.93
 -83.00  20.00  72.60
 -83.00  21.00  72.57
 -83.00  22.00  72.84
 -83.00  23.00  73.40
 -83.00  24.00  74.26
 -83.00  25.00  75.40
 -83.00  26.00  76.79
 -83.00  27.00  78.39
 -82.00 -37.00  73.23
 -82.00 -36.00  74.83
 -82.00 -35.00  76.21
 -82.00 -34.00  77.51
 -82.00 -33.00  78.91
 -82.00 -32.00  80.52
 -82.00 -31.00  82.41
 -82.00 -30.00  84.58
 -82.00 -29.00  86.91
 -82.00 -28.00  89.26
 -82.00 -27.00  91.47
 -82.00 -26.00  93.37
 -82.00 -25.00  94.86
 -82.00 -24.00  95.90
 -82.00 -23.00  96.51
 -82.00 -22.00  96.74
 -82.00 -21.00  96.67
 -82.00 -20.00  96.38
 -82.00 -19.00  95.94
 -82.00 -18.00  95.38
 -82.00 -17.00  94.73
 -82.00 -16.00  94.03
 -82.00 -15.00  93.34
 -82.00 -14.00  92.76
 -82.00 -13.00  92.45
 -82.00 -12.00  92.58
 -82.00 -11.00  93.30
 -82.00 -10.00  94.73
 -82.00  -9.00  96.90
 -82.00  -8.00  99.72
 -82.00  -7.00 102.99
 -82.00  -6.00 106.42
 -82.00  -5.00 109.65
 -82.00  -4.00 112.33
 -82.00  -3.00 114.15
 -82.00  -2.00 114.91
 -82.00  -1.00 114.54
 -82.00   0.00 113.12
 -82.00   1.00 110.82
 -82.00   2.00 107.93
 -82.00   3.00 104.72
 -82.00   4.00 101.46
 -82.00   5.00  98.35
 -82.00   6.00  95.52
 -82.00   7.00  93.00
 -82.00   8.00  90.75
 -82.00   9.00  88.69
 -82.00  10.00  86.74
 -82.00  11.00  84.84
 -82.00  12.00  82.96
 -82.00  13.00  81.10
 -82.00  14.00  79.31
 -82.00  15.00  77.64
 -82.00  16.00  76.17
 -82.00  17.00  74.94
 -82.00  18.00  74.01
 -82.00  19.00  73.38
 -82.00  20.00  73.07
 -82.00  21.00  73.08
 -82.00  22.00  73.41
 -82.00  23.00  74.05
 -82.00  24.00  74.99
 -82.00  25.00  76.21
 -82.00  26.00  77.67
 -82.00  27.00  79.31
 -81.00 -37.00  73.28
 -81.00 -36.00  74.87
 -81.00 -35.00  76.25
 -81.00 -34.00  77.59
 -81.00 -33.00  79.03
 -81.00 -32.00  80.72
 -81.00 -31.00  82.71
 -81.00 -30.00  84.96
 -81.00 -29.00  87.38
 -81.00 -28.00  89.81
 -81.00 -27.00  92.06
 -81.00 -26.00  93.99
 -81.00 -25.00  95.49
 -81.00 -24.00  96.51
 -81.00 -23.00  97.09
 -81.00 -22.00  97.27
 -81.00 -21.00  97.16
 -81.00 -20.00  96.82
 -81.00 -19.00  96.34
 -81.00 -18.00  95.73
 -81.00 -17.00  95.05
 -81.00 -16.00  94.33
 -81.00 -15.00  93.64
 -81.00 -14.00  93.07
 -81.00 -13.00  92.79
 -81.00 -12.00  92.96
 -81.00 -11.00  93.74
 -81.00 -10.00  95.23
 -81.00  -9.00  97.47
 -81.00  -8.00 100.36
 -81.00  -7.00 103.69
 -81.00  -6.00 107.18
 -81.00  -5.00 110.46
 -81.00  -4.00 113.17
 -81.00  -3.00 115.01
 -81.00  -2.00 115.78
 -81.00  -1.00 115.42
 -81.00   0.00 113.98
 -81.00   1.00 111.65
 -81.00   2.00 108.71
 -81.00   3.00 105.44
 -81.00   4.00 102.12
 -81.00   5.00  98.95
 -81.00   6.00  96.06
 -81.00   7.00  93.48
 -81.00   8.00  91.19
 -81.00   9.00  89.11
 -81.00  10.00  87.17
 -81.00  11.00  85.28
 -81.00  12.00  83.41
 -81.00  13.00  81.57
 -81.00  14.00  79.79
 -81.00  15.00  78.13
 -81.00  16.00  76.65
 -81.00  17.00  75.41
 -81.00  18.00  74.46
 -81.00  19.00  73.83
 -81.00  20.00  73.53
 -81.00  21.00  73.58
 -81.00  22.00  73.96
 -81.00  23.00  74.67
 -81.00  24.00  75.69
 -81.00  25.00  76.97
 -81.00  26.00  78.48
 -81.00  27.00  80.16
 -80.00 -37.00  73.27
 -80.00 -36.00  74.85
 -80.00 -35.00  76.25
 -80.00 -34.00  77.61
 -80.00 -33.00  79.11
 -80.00 -32.00  80.87
 -80.00 -31.00  82.94
 -80.00 -30.00  85.28
 -80.00 -29.00  87.78
 -80.00 -28.00  90.28
 -80.00 -27.00  92.59
 -80.00 -26.00  94.56
 -80.00 -25.00  96.07
 -80.00 -24.00  97.09
 -80.00 -23.00  97.64
 -80.00 -22.00  97.79
 -80.00 -21.00  97.63
 -80.00 -20.00  97.25
 -80.00 -19.00  96.72
 -80.00 -18.00  96.08
 -80.00 -17.00  95.38
 -80.00 -16.00  94.64
 -80.00 -15.00  93.94
 -80.00 -14.00  93.39
 -80.00 -13.00  93.13
 -80.00 -12.00  93.32
 -80.00 -11.00  94.14
 -80.00 -10.00  95.68
 -80.00  -9.00  97.96
 -80.00  -8.00 100.90
 -80.00  -7.00 104.28
 -80.00  -6.00 107.82
 -80.00  -5.00 111.15
 -80.00  -4.00 113.92
 -80.00  -3.00 115.81
 -80.00  -2.00 116.62
 -80.00  -1.00 116.27
 -80.00   0.00 114.84
 -80.00   1.00 112.51
 -80.00   2.00 109.53
 -80.00   3.00 106.21
 -80.00   4.00 102.82
 -80.00   5.00  99.58
 -80.00   6.00  96.62
 -80.00   7.00  93.98
 -80.00   8.00  91.65
 -80.00   9.00  89.56
 -80.00  10.00  87.61
 -80.00  11.00  85.73
 -80.00  12.00  83.89
 -80.00  13.00  82.06
 -80.00  14.00  80.29
 -80.00  15.00  78.63
 -80.00  16.00  77.14
 -80.00  17.00  75.88
 -80.00  18.00  74.91
 -80.00  19.00  74.27
 -80.00  20.00  73.98
 -80.00  21.00  74.06
 -80.00  22.00  74.49
 -80.00  23.00  75.26
 -80.00  24.00  76.34
 -80.00  25.00  77.68
 -80.00  26.00  79.24
 -80.00  27.00  80.93
 -79.00 -37.00  73.21
 -79.00 -36.00  74.79
 -79.00 -35.00  76.20
 -79.00 -34.00  77.59
 -79.00 -33.00  79.14
 -79.00 -32.00  80.96
 -79.00 -31.00  83.11
 -79.00 -30.00  85.53
 -79.00 -29.00  88.12
 -79.00 -28.00  90.69
 -79.00 -27.00  93.06
 -79.00 -26.00  95.07
 -79.00 -25.00  96.60
 -79.00 -24.00  97.63
 -79.00 -23.00  98.16
 -79.00 -22.00  98.29
 -79.00 -21.00  98.09
 -79.00 -20.00  97.67
 -79.00 -19.00  97.10
 -79.00 -18.00  96.43
 -79.00 -17.00  95.70
 -79.00 -16.00  94.94
 -79.00 -15.00  94.24
 -79.00 -14.00  93.70
 -79.00 -13.00  93.45
 -79.00 -12.00  93.67
 -79.00 -11.00  94.51
 -79.00 -10.00  96.07
 -79.00  -9.00  98.38
 -79.00  -8.00 101.35
 -79.00  -7.00 104.78
 -79.00  -6.00 108.37
 -79.00  -5.00 111.76
 -79.00  -4.00 114.58
 -79.00  -3.00 116.54
 -79.00  -2.00 117.40
 -79.00  -1.00 117.11
 -79.00   0.00 115.70
 -79.00   1.00 113.37
 -79.00   2.00 110.37
 -79.00   3.00 107.01
 -79.00   4.00 103.55
 -79.00   5.00 100.23
 -79.00   6.00  97.20
 -79.00   7.00  94.50
 -79.00   8.00  92.13
 -79.00   9.00  90.01
 -79.00  10.00  88.06
 -79.00  11.00  86.20
 -79.00  12.00  84.37
 -79.00  13.00  82.57
 -79.00  14.00  80.81
 -79.00  15.00  79.14
 -79.00  16.00  77.63
 -79.00  17.00  76.35
 -79.00  18.00  75.36
 -79.00  19.00  74.71
 -79.00  20.00  74.42
 -79.00  21.00  74.52
 -79.00  22.00  74.99
 -79.00  23.00  75.81
 -79.00  24.00  76.94
 -79.00  25.00  78.34
 -79.00  26.00  79.93
 -79.00  27.00  81.64
 -78.00 -37.00  73.11
 -78.00 -36.00  74.69
 -78.00 -35.00  76.11
 -78.00 -34.00  77.54
 -78.00 -33.00  79.14
 -78.00 -32.00  81.02
 -78.00 -31.00  83.23
 -78.00 -30.00  85.74
 -78.00 -29.00  88.40
 -78.00 -28.00  91.05
 -78.00 -27.00  93.48
 -78.00 -26.00  95.54
 -78.00 -25.00  97.10
 -78.00 -24.00  98.14
 -78.00 -23.00  98.67
 -78.00 -22.00  98.77
 -78.00 -21.00  98.54
 -78.00 -20.00  98.08
 -78.00 -19.00  97.48
 -78.00 -18.00  96.77
 -78.00 -17.00  96.01
 -78.00 -16.00  95.25
 -78.00 -15.00  94.54
 -78.00 -14.00  94.00
 -78.00 -13.00  93.76
 -78.00 -12.00  93.99
 -78.00 -11.00  94.84
 -78.00 -10.00  96.42
 -78.00  -9.00  98.75
 -78.00  -8.00 101.74
 -78.00  -7.00 105.21
 -78.00  -6.00 108.84
 -78.00  -5.00 112.28
 -78.00  -4.00 115.18
 -78.00  -3.00 117.21
 -78.00  -2.00 118.15
 -78.00  -1.00 117.91
 -78.00   0.00 116.55
 -78.00   1.00 114.23
 -78.00   2.00 111.22
 -78.00   3.00 107.81
 -78.00   4.00 104.29
 -78.00   5.00 100.89
 -78.00   6.00  97.78
 -78.00   7.00  95.02
 -78.00   8.00  92.60
 -78.00   9.00  90.46
 -78.00  10.00  88.51
 -78.00  11.00  86.66
 -78.00  12.00  84.86
 -78.00  13.00  83.08
 -78.00  14.00  81.33
 -78.00  15.00  79.66
 -78.00  16.00  78.13
 -78.00  17.00  76.83
 -78.00  18.00  75.81
 -78.00  19.00  75.14
 -78.00  20.00  74.85
 -78.00  21.00  74.96
 -78.00  22.00  75.47
 -78.00  23.00  76.33
 -78.00  24.00  77.52
 -78.00  25.00  78.95
 -78.00  26.00  80.57
 -78.00  27.00  82.29
 -77.00 -37.00  72.98
 -77.00 -36.00  74.56
 -77.00 -35.00  76.00
 -77.00 -34.00  77.46
 -77.00 -33.00  79.10
 -77.00 -32.00  81.03
 -77.00 -31.00  83.32
 -77.00 -30.00  85.89
 -77.00 -29.00  88.64
 -77.00 -28.00  91.36
 -77.00 -27.00  93.86
 -77.00 -26.00  95.97
 -77.00 -25.00  97.57
 -77.00 -24.00  98.62
 -77.00 -23.00  99.15
 -77.00 -22.00  99.23
 -77.00 -21.00  98.97
 -77.00 -20.00  98.48
 -77.00 -19.00  97.84
 -77.00 -18.00  97.10
 -77.00 -17.00  96.32
 -77.00 -16.00  95.55
 -77.00 -15.00  94.83
 -77.00 -14.00  94.29
 -77.00 -13.00  94.06
 -77.00 -12.00  94.30
 -77.00 -11.00  95.15
 -77.00 -10.00  96.73
 -77.00  -9.00  99.07
 -77.00  -8.00 102.08
 -77.00  -7.00 105.57
 -77.00  -6.00 109.24
 -77.00  -5.00 112.74
 -77.00  -4.00 115.71
 -77.00  -3.00 117.82
 -77.00  -2.00 118.84
 -77.00  -1.00 118.67
 -77.00   0.00 117.36
 -77.00   1.00 115.07
 -77.00   2.00 112.05
 -77.00   3.00 108.60
 -77.00   4.00 105.02
 -77.00   5.00 101.55
 -77.00   6.00  98.36
 -77.00   7.00  95.53
 -77.00   8.00  93.06
 -77.00   9.00  90.90
 -77.00  10.00  88.94
 -77.00  11.00  87.11
 -77.00  12.00  85.33
 -77.00  13.00  83.57
 -77.00  14.00  81.84
 -77.00  15.00  80.16
 -77.00  16.00  78.62
 -77.00  17.00  77.30
 -77.00  18.00  76.25
 -77.00  19.00  75.56
 -77.00  20.00  75.27
 -77.00  21.00  75.39
 -77.00  22.00  75.92
 -77.00  23.00  76.83
 -77.00  24.00  78.05
 -77.00  25.00  79.52
 -77.00  26.00  81.16
 -77.00  27.00  82.88
 -76.00 -37.00  72.95
 -76.00 -36.00  74.51
 -76.00 -35.00  75.93
 -76.00 -34.00  77.39
 -76.00 -33.00  79.04
 -76.00 -32.00  81.01
 -76.00 -31.00  83.34
 -76.00 -30.00  85.97
 -76.00 -29.00  88.77
 -76.00 -28.00  91.55
 -76.00 -27.00  94.10
 -76.00 -26.00  96.24
 -76.00 -25.00  97.85
 -76.00 -24.00  98.88
 -76.00 -23.00  99.37
 -76.00 -22.00  99.38
 -76.00 -21.00  99.03
 -76.00 -20.00  98.44
 -76.00 -19.00  97.70
 -76.00 -18.00  96.88
 -76.00 -17.00  96.02
 -76.00 -16.00  95.20
 -76.00 -15.00  94.46
 -76.00 -14.00  93.92
 -76.00 -13.00  93.70
 -76.00 -12.00  93.96
 -76.00 -11.00  94.85
 -76.00 -10.00  96.45
 -76.00  -9.00  98.81
 -76.00  -8.00 101.84
 -76.00  -7.00 105.36
 -76.00  -6.00 109.07
 -76.00  -5.00 112.62
 -76.00  -4.00 115.65
 -76.00  -3.00 117.84
 -76.00  -2.00 118.94
 -76.00  -1.00 118.84
 -76.00   0.00 117.58
 -76.00   1.00 115.30
 -76.00   2.00 112.25
 -76.00   3.00 108.74
 -76.00   4.00 105.05
 -76.00   5.00 101.45
 -76.00   6.00  98.11
 -76.00   7.00  95.14
 -76.00   8.00  92.56
 -76.00   9.00  90.32
 -76.00  10.00  88.32
 -76.00  11.00  86.49
 -76.00  12.00  84.75
 -76.00  13.00  83.05
 -76.00  14.00  81.38
 -76.00  15.00  79.78
 -76.00  16.00  78.31
 -76.00  17.00  77.04
 -76.00  18.00  76.03
 -76.00  19.00  75.37
 -76.00  20.00  75.08
 -76.00  21.00  75.20
 -76.00  22.00  75.72
 -76.00  23.00  76.60
 -76.00  24.00  77.78
 -76.00  25.00  79.20
 -76.00  26.00  80.77
 -76.00  27.00  82.43
 -75.00 -37.00  72.91
 -75.00 -36.00  74.44
 -75.00 -35.00  75.85
 -75.00 -34.00  77.30
 -75.00 -33.00  78.96
 -75.00 -32.00  80.96
 -75.00 -31.00  83.32
 -75.00 -30.00  86.00
 -75.00 -29.00  88.85
 -75.00 -28.00  91.68
 -75.00 -27.00  94.28
 -75.00 -26.00  96.46
 -75.00 -25.00  98.08
 -75.00 -24.00  99.10
 -75.00 -23.00  99.55
 -75.00 -22.00  99.49
 -75.00 -21.00  99.06
 -75.00 -20.00  98.37
 -75.00 -19.00  97.52
 -75.00 -18.00  96.61
 -75.00 -17.00  95.68
 -75.00 -16.00  94.81
 -75.00 -15.00  94.05
 -75.00 -14.00  93.50
 -75.00 -13.00  93.29
 -75.00 -12.00  93.57
 -75.00 -11.00  94.47
 -75.00 -10.00  96.09
 -75.00  -9.00  98.45
 -75.00  -8.00 101.49
 -75.00  -7.00 105.02
 -75.00  -6.00 108.76
 -75.00  -5.00 112.36
 -75.00  -4.00 115.45
 -75.00  -3.00 117.72
 -75.00  -2.00 118.91
 -75.00  -1.00 118.90
 -75.00   0.00 117.71
 -75.00   1.00 115.46
 -75.00   2.00 112.40
 -75.00   3.00 108.83
 -75.00   4.00 105.03
 -75.00   5.00 101.29
 -75.00   6.00  97.81
 -75.00   7.00  94.69
 -75.00   8.00  91.98
 -75.00   9.00  89.65
 -75.00  10.00  87.61
 -75.00  11.00  85.77
 -75.00  12.00  84.07
 -75.00  13.00  82.43
 -75.00  14.00  80.84
 -75.00  15.00  79.32
 -75.00  16.00  77.92
 -75.00  17.00  76.71
 -75.00  18.00  75.74
 -75.00  19.00  75.10
 -75.00  20.00  74.83
 -75.00  21.00  74.94
 -75.00  22.00  75.43
 -75.00  23.00  76.27
 -75.00  24.00  77.40
 -75.00  25.00  78.75
 -75.00  26.00  80.24
 -75.00  27.00  81.82
 -74.00 -37.00  72.87
 -74.00 -36.00  74.37
 -74.00 -35.00  75.75
 -74.00 -34.00  77.19
 -74.00 -33.00  78.85
 -74.00 -32.00  80.86
 -74.00 -31.00  83.24
 -74.00 -30.00  85.96
 -74.00 -29.00  88.86
 -74.00 -28.00  91.74
 -74.00 -27.00  94.39
 -74.00 -26.00  96.61
 -74.00 -25.00  98.26
 -74.00 -24.00  99.28
 -74.00 -23.00  99.70
 -74.00 -22.00  99.58
 -74.00 -21.00  99.07
 -74.00 -20.00  98.28
 -74.00 -19.00  97.33
 -74.00 -18.00  96.32
 -74.00 -17.00  95.32
 -74.00 -16.00  94.39
 -74.00 -15.00  93.59
 -74.00 -14.00  93.04
 -74.00 -13.00  92.83
 -74.00 -12.00  93.11
 -74.00 -11.00  94.01
 -74.00 -10.00  95.63
 -74.00  -9.00  97.98
 -74.00  -8.00 101.01
 -74.00  -7.00 104.54
 -74.00  -6.00 108.29
 -74.00  -5.00 111.93
 -74.00  -4.00 115.10
 -74.00  -3.00 117.46
 -74.00  -2.00 118.76
 -74.00  -1.00 118.86
 -74.00   0.00 117.76
 -74.00   1.00 115.57
 -74.00   2.00 112.51
 -74.00   3.00 108.89
 -74.00   4.00 105.00
 -74.00   5.00 101.12
 -74.00   6.00  97.47
 -74.00   7.00  94.20
 -74.00   8.00  91.35
 -74.00   9.00  88.91
 -74.00  10.00  86.81
 -74.00  11.00  84.97
 -74.00  12.00  83.29
 -74.00  13.00  81.72
 -74.00  14.00  80.21
 -74.00  15.00  78.78
 -74.00  16.00  77.46
 -74.00  17.00  76.31
 -74.00  18.00  75.39
 -74.00  19.00  74.77
 -74.00  20.00  74.50
 -74.00  21.00  74.60
 -74.00  22.00  75.06
 -74.00  23.00  75.85
 -74.00  24.00  76.91
 -74.00  25.00  78.17
 -74.00  26.00  79.57
 -74.00  27.00  81.06
 -73.00 -37.00  72.80
 -73.00 -36.00  74.27
 -73.00 -35.00  75.64
 -73.00 -34.00  77.06
 -73.00 -33.00  78.71
 -73.00 -32.00  80.70
 -73.00 -31.00  83.10
 -73.00 -30.00  85.84
 -73.00 -29.00  88.78
 -73.00 -28.00  91.72
 -73.00 -27.00  94.42
 -73.00 -26.00  96.70
 -73.00 -25.00  98.39
 -73.00 -24.00  99.42
 -73.00 -23.00  99.82
 -73.00 -22.00  99.66
 -73.00 -21.00  99.07
 -73.00 -20.00  98.18
 -73.00 -19.00  97.13
 -73.00 -18.00  96.02
 -73.00 -17.00  94.94
 -73.00 -16.00  93.95
 -73.00 -15.00  93.12
 -73.00 -14.00  92.54
 -73.00 -13.00  92.32
 -73.00 -12.00  92.59
 -73.00 -11.00  93.47
 -73.00 -10.00  95.06
 -73.00  -9.00  97.38
 -73.00  -8.00 100.38
 -73.00  -7.00 103.88
 -73.00  -6.00 107.64
 -73.00  -5.00 111.32
 -73.00  -4.00 114.56
 -73.00  -3.00 117.04
 -73.00  -2.00 118.47
 -73.00  -1.00 118.72
 -73.00   0.00 117.74
 -73.00   1.00 115.63
 -73.00   2.00 112.61
 -73.00   3.00 108.96
 -73.00   4.00 104.98
 -73.00   5.00 100.96
 -73.00   6.00  97.15
 -73.00   7.00  93.70
 -73.00   8.00  90.69
 -73.00   9.00  88.13
 -73.00  10.00  85.95
 -73.00  11.00  84.09
 -73.00  12.00  82.44
 -73.00  13.00  80.93
 -73.00  14.00  79.51
 -73.00  15.00  78.17
 -73.00  16.00  76.93
 -73.00  17.00  75.85
 -73.00  18.00  74.98
 -73.00  19.00  74.39
 -73.00  20.00  74.11
 -73.00  21.00  74.18
 -73.00  22.00  74.59
 -73.00  23.00  75.32
 -73.00  24.00  76.29
 -73.00  25.00  77.46
 -73.00  26.00  78.76
 -73.00  27.00  80.14
 -72.00 -37.00  72.71
 -72.00 -36.00  74.16
 -72.00 -35.00  75.49
 -72.00 -34.00  76.89
 -72.00 -33.00  78.51
 -72.00 -32.00  80.49
 -72.00 -31.00  82.87
 -72.00 -30.00  85.62
 -72.00 -29.00  88.59
 -72.00 -28.00  91.58
 -72.00 -27.00  94.36
 -72.00 -26.00  96.70
 -72.00 -25.00  98.44
 -72.00 -24.00  99.52
 -72.00 -23.00  99.92
 -72.00 -22.00  99.73
 -72.00 -21.00  99.08
 -72.00 -20.00  98.10
 -72.00 -19.00  96.95
 -72.00 -18.00  95.75
 -72.00 -17.00  94.57
 -72.00 -16.00  93.51
 -72.00 -15.00  92.63
 -72.00 -14.00  92.01
 -72.00 -13.00  91.77
 -72.00 -12.00  92.01
 -72.00 -11.00  92.85
 -72.00 -10.00  94.39
 -72.00  -9.00  96.65
 -72.00  -8.00  99.59
 -72.00  -7.00 103.05
 -72.00  -6.00 106.79
 -72.00  -5.00 110.50
 -72.00  -4.00 113.83
 -72.00  -3.00 116.44
 -72.00  -2.00 118.04
 -72.00  -1.00 118.46
 -72.00   0.00 117.64
 -72.00   1.00 115.66
 -72.00   2.00 112.71
 -72.00   3.00 109.05
 -72.00   4.00 105.00
 -72.00   5.00 100.85
 -72.00   6.00  96.86
 -72.00   7.00  93.22
 -72.00   8.00  90.03
 -72.00   9.00  87.32
 -72.00  10.00  85.06
 -72.00  11.00  83.15
 -72.00  12.00  81.52
 -72.00  13.00  80.06
 -72.00  14.00  78.73
 -72.00  15.00  77.48
 -72.00  16.00  76.34
 -72.00  17.00  75.33
 -72.00  18.00  74.51
 -72.00  19.00  73.94
 -72.00  20.00  73.66
 -72.00  21.00  73.69
 -72.00  22.00  74.05
 -72.00  23.00  74.69
 -72.00  24.00  75.57
 -72.00  25.00  76.63
 -72.00  26.00  77.81
 -72.00  27.00  79.07
 -71.00 -37.00  72.59
 -71.00 -36.00  74.01
 -71.00 -35.00  75.33
 -71.00 -34.00  76.68
 -71.00 -33.00  78.26
 -71.00 -32.00  80.20
 -71.00 -31.00  82.56
 -71.00 -30.00  85.30
 -71.00 -29.00  88.29
 -71.00 -28.00  91.33
 -71.00 -27.00  94.17
 -71.00 -26.00  96.60
 -71.00 -25.00  98.43
 -71.00 -24.00  99.57
 -71.00 -23.00 100.01
 -71.00 -22.00  99.81
 -71.00 -21.00  99.11
 -71.00 -20.00  98.06
 -71.00 -19.00  96.82
 -71.00 -18.00  95.51
 -71.00 -17.00  94.24
 -71.00 -16.00  93.09
 -71.00 -15.00  92.15
 -71.00 -14.00  91.48
 -71.00 -13.00  91.19
 -71.00 -12.00  91.38
 -71.00 -11.00  92.16
 -71.00 -10.00  93.61
 -71.00  -9.00  95.79
 -71.00  -8.00  98.63
 -71.00  -7.00 102.03
 -71.00  -6.00 105.74
 -71.00  -5.00 109.47
 -71.00  -4.00 112.89
 -71.00  -3.00 115.63
 -71.00  -2.00 117.43
 -71.00  -1.00 118.07
 -71.00   0.00 117.46
 -71.00   1.00 115.66
 -71.00   2.00 112.82
 -71.00   3.00 109.20
 -71.00   4.00 105.10
 -71.00   5.00 100.82
 -71.00   6.00  96.66
 -71.00   7.00  92.81
 -71.00   8.00  89.42
 -71.00   9.00  86.54
 -71.00  10.00  84.15
 -71.00  11.00  82.18
 -71.00  12.00  80.54
 -71.00  13.00  79.13
 -71.00  14.00  77.87
 -71.00  15.00  76.73
 -71.00  16.00  75.68
 -71.00  17.00  74.75
 -71.00  18.00  73.98
 -71.00  19.00  73.43
 -71.00  20.00  73.14
 -71.00  21.00  73.14
 -71.00  22.00  73.43
 -71.00  23.00  73.98
 -71.00  24.00  74.75
 -71.00  25.00  75.68
 -71.00  26.00  76.73
 -71.00  27.00  77.86
 -70.00 -37.00  72.45
 -70.00 -36.00  73.85
 -70.00 -35.00  75.14
 -70.00 -34.00  76.45
 -70.00 -33.00  77.97
 -70.00 -32.00  79.85
 -70.00 -31.00  82.16
 -70.00 -30.00  84.87
 -70.00 -29.00  87.87
 -70.00 -28.00  90.95
 -70.00 -27.00  93.87
 -70.00 -26.00  96.40
 -70.00 -25.00  98.34
 -70.00 -24.00  99.58
 -70.00 -23.00 100.08
 -70.00 -22.00  99.91
 -70.00 -21.00  99.19
 -70.00 -20.00  98.08
 -70.00 -19.00  96.74
 -70.00 -18.00  95.32
 -70.00 -17.00  93.95
 -70.00 -16.00  92.71
 -70.00 -15.00  91.68
 -70.00 -14.00  90.95
 -70.00 -13.00  90.59
 -70.00 -12.00  90.71
 -70.00 -11.00  91.40
 -70.00 -10.00  92.75
 -70.00  -9.00  94.80
 -70.00  -8.00  97.53
 -70.00  -7.00 100.83
 -70.00  -6.00 104.48
 -70.00  -5.00 108.23
 -70.00  -4.00 111.72
 -70.00  -3.00 114.63
 -70.00  -2.00 116.64
 -70.00  -1.00 117.53
 -70.00   0.00 117.18
 -70.00   1.00 115.61
 -70.00   2.00 112.94
 -70.00   3.00 109.40
 -70.00   4.00 105.28
 -70.00   5.00 100.90
 -70.00   6.00  96.55
 -70.00   7.00  92.49
 -70.00   8.00  88.87
 -70.00   9.00  85.79
 -70.00  10.00  83.24
 -70.00  11.00  81.18
 -70.00  12.00  79.51
 -70.00  13.00  78.12
 -70.00  14.00  76.94
 -70.00  15.00  75.89
 -70.00  16.00  74.94
 -70.00  17.00  74.10
 -70.00  18.00  73.40
 -70.00  19.00  72.87
 -70.00  20.00  72.58
 -70.00  21.00  72.53
 -70.00  22.00  72.74
 -70.00  23.00  73.20
 -70.00  24.00  73.85
 -70.00  25.00  74.64
 -70.00  26.00  75.55
 -70.00  27.00  76.54
 -69.00 -37.00  72.28
 -69.00 -36.00  73.68
 -69.00 -35.00  74.93
 -69.00 -34.00  76.20
 -69.00 -33.00  77.66
 -69.00 -32.00  79.45
 -69.00 -31.00  81.69
 -69.00 -30.00  84.35
 -69.00 -29.00  87.33
 -69.00 -28.00  90.45
 -69.00 -27.00  93.45
 -69.00 -26.00  96.09
 -69.00 -25.00  98.17
 -69.00 -24.00  99.53
 -69.00 -23.00 100.13
 -69.00 -22.00 100.02
 -69.00 -21.00  99.31
 -69.00 -20.00  98.15
 -69.00 -19.00  96.73
 -69.00 -18.00  95.21
 -69.00 -17.00  93.72
 -69.00 -16.00  92.37
 -69.00 -15.00  91.25
 -69.00 -14.00  90.43
 -69.00 -13.00  89.99
 -69.00 -12.00  90.02
 -69.00 -11.00  90.60
 -69.00 -10.00  91.82
 -69.00  -9.00  93.73
 -69.00  -8.00  96.31
 -69.00  -7.00  99.48
 -69.00  -6.00 103.05
 -69.00  -5.00 106.78
 -69.00  -4.00 110.34
 -69.00  -3.00 113.40
 -69.00  -2.00 115.65
 -69.00  -1.00 116.82
 -69.00   0.00 116.78
 -69.00   1.00 115.49
 -69.00   2.00 113.04
 -69.00   3.00 109.62
 -69.00   4.00 105.53
 -69.00   5.00 101.08
 -69.00   6.00  96.57
 -69.00   7.00  92.29
 -69.00   8.00  88.43
 -69.00   9.00  85.10
 -69.00  10.00  82.36
 -69.00  11.00  80.17
 -69.00  12.00  78.43
 -69.00  13.00  77.05
 -69.00  14.00  75.93
 -69.00  15.00  74.97
 -69.00  16.00  74.12
 -69.00  17.00  73.37
 -69.00  18.00  72.74
 -69.00  19.00  72.26
 -69.00  20.00  71.96
 -69.00  21.00  71.88
 -69.00  22.00  72.02
 -69.00  23.00  72.37
 -69.00  24.00  72.89
 -69.00  25.00  73.54
 -69.00  26.00  74.30
 -69.00  27.00  75.13
 -68.00 -37.00  72.11
 -68.00 -36.00  73.50
 -68.00 -35.00  74.73
 -68.00 -34.00  75.95
 -68.00 -33.00  77.32
 -68.00 -32.00  79.03
 -68.00 -31.00  81.16
 -68.00 -30.00  83.75
 -68.00 -29.00  86.70
 -68.00 -28.00  89.83
 -68.00 -27.00  92.91
 -68.00 -26.00  95.68
 -68.00 -25.00  97.90
 -68.00 -24.00  99.42
 -68.00 -23.00 100.16
 -68.00 -22.00 100.14
 -68.00 -21.00  99.46
 -68.00 -20.00  98.29
 -68.00 -19.00  96.80
 -68.00 -18.00  95.18
 -68.00 -17.00  93.58
 -68.00 -16.00  92.11
 -68.00 -15.00  90.87
 -68.00 -14.00  89.95
 -68.00 -13.00  89.40
 -68.00 -12.00  89.32
 -68.00 -11.00  89.78
 -68.00 -10.00  90.85
 -68.00  -9.00  92.59
 -68.00  -8.00  95.00
 -68.00  -7.00  98.01
 -68.00  -6.00 101.47
 -68.00  -5.00 105.16
 -68.00  -4.00 108.77
 -68.00  -3.00 111.97
 -68.00  -2.00 114.45
 -68.00  -1.00 115.93
 -68.00   0.00 116.23
 -68.00   1.00 115.26
 -68.00   2.00 113.08
 -68.00   3.00 109.86
 -68.00   4.00 105.85
 -68.00   5.00 101.36
 -68.00   6.00  96.71
 -68.00   7.00  92.21
 -68.00   8.00  88.09
 -68.00   9.00  84.51
 -68.00  10.00  81.53
 -68.00  11.00  79.16
 -68.00  12.00  77.33
 -68.00  13.00  75.92
 -68.00  14.00  74.83
 -68.00  15.00  73.95
 -68.00  16.00  73.20
 -68.00  17.00  72.56
 -68.00  18.00  72.01
 -68.00  19.00  71.58
 -68.00  20.00  71.30
 -68.00  21.00  71.18
 -68.00  22.00  71.26
 -68.00  23.00  71.51
 -68.00  24.00  71.90
 -68.00  25.00  72.41
 -68.00  26.00  73.00
 -68.00  27.00  73.66
 -67.00 -37.00  71.94
 -67.00 -36.00  73.32
 -67.00 -35.00  74.53
 -67.00 -34.00  75.70
 -67.00 -33.00  77.00
 -67.00 -32.00  78.59
 -67.00 -31.00  80.62
 -67.00 -30.00  83.11
 -67.00 -29.00  86.00
 -67.00 -28.00  89.13
 -67.00 -27.00  92.27
 -67.00 -26.00  95.16
 -67.00 -25.00  97.55
 -67.00 -24.00  99.24
 -67.00 -23.00 100.15
 -67.00 -22.00 100.25
 -67.00 -21.00  99.65
 -67.00 -20.00  98.49
 -67.00 -19.00  96.96
 -67.00 -18.00  95.24
 -67.00 -17.00  93.52
 -67.00 -16.00  91.92
 -67.00 -15.00  90.56
 -67.00 -14.00  89.51
 -67.00 -13.00  88.85
 -67.00 -12.00  88.64
 -67.00 -11.00  88.95
 -67.00 -10.00  89.86
 -67.00  -9.00  91.42
 -67.00  -8.00  93.64
 -67.00  -7.00  96.47
 -67.00  -6.00  99.79
 -67.00  -5.00 103.40
 -67.00  -4.00 107.03
 -67.00  -3.00 110.35
 -67.00  -2.00 113.06
 -67.00  -1.00 114.84
 -67.00   0.00 115.49
 -67.00   1.00 114.89
 -67.00   2.00 113.03
 -67.00   3.00 110.06
 -67.00   4.00 106.18
 -67.00   5.00 101.70
 -67.00   6.00  96.95
 -67.00   7.00  92.25
 -67.00   8.00  87.87
 -67.00   9.00  84.01
 -67.00  10.00  80.77
 -67.00  11.00  78.19
 -67.00  12.00  76.21
 -67.00  13.00  74.73
 -67.00  14.00  73.65
 -67.00  15.00  72.83
 -67.00  16.00  72.18
 -67.00  17.00  71.65
 -67.00  18.00  71.20
 -67.00  19.00  70.84
 -67.00  20.00  70.58
 -67.00  21.00  70.46
 -67.00  22.00  70.48
 -67.00  23.00  70.63
 -67.00  24.00  70.91
 -67.00  25.00  71.27
 -67.00  26.00  71.69
 -67.00  27.00  72.18
 -66.00 -37.00  71.78
 -66.00 -36.00  73.16
 -66.00 -35.00  74.35
 -66.00 -34.00  75.48
 -66.00 -33.00  76.69
 -66.00 -32.00  78.17
 -66.00 -31.00  80.07
 -66.00 -30.00  82.44
 -66.00 -29.00  85.25
 -66.00 -28.00  88.36
 -66.00 -27.00  91.54
 -66.00 -26.00  94.54
 -66.00 -25.00  97.10
 -66.00 -24.00  98.99
 -66.00 -23.00 100.08
 -66.00 -22.00 100.36
 -66.00 -21.00  99.86
 -66.00 -20.00  98.75
 -66.00 -19.00  97.19
 -66.00 -18.00  95.40
 -66.00 -17.00  93.56
 -66.00 -16.00  91.82
 -66.00 -15.00  90.32
 -66.00 -14.00  89.13
 -66.00 -13.00  88.33
 -66.00 -12.00  87.98
 -66.00 -11.00  88.15
 -66.00 -10.00  88.89
 -66.00  -9.00  90.25
 -66.00  -8.00  92.26
 -66.00  -7.00  94.89
 -66.00  -6.00  98.04
 -66.00  -5.00 101.54
 -66.00  -4.00 105.15
 -66.00  -3.00 108.56
 -66.00  -2.00 111.47
 -66.00  -1.00 113.55
 -66.00   0.00 114.56
 -66.00   1.00 114.35
 -66.00   2.00 112.86
 -66.00   3.00 110.18
 -66.00   4.00 106.50
 -66.00   5.00 102.09
 -66.00   6.00  97.29
 -66.00   7.00  92.41
 -66.00   8.00  87.78
 -66.00   9.00  83.63
 -66.00  10.00  80.10
 -66.00  11.00  77.26
 -66.00  12.00  75.09
 -66.00  13.00  73.51
 -66.00  14.00  72.39
 -66.00  15.00  71.62
 -66.00  16.00  71.06
 -66.00  17.00  70.63
 -66.00  18.00  70.29
 -66.00  19.00  70.01
 -66.00  20.00  69.81
 -66.00  21.00  69.70
 -66.00  22.00  69.68
 -66.00  23.00  69.76
 -66.00  24.00  69.92
 -66.00  25.00  70.14
 -66.00  26.00  70.40
 -66.00  27.00  70.70
 -65.00 -37.00  71.64
 -65.00 -36.00  73.01
 -65.00 -35.00  74.20
 -65.00 -34.00  75.28
 -65.00 -33.00  76.42
 -65.00 -32.00  77.78
 -65.00 -31.00  79.54
 -65.00 -30.00  81.77
 -65.00 -29.00  84.47
 -65.00 -28.00  87.53
 -65.00 -27.00  90.73
 -65.00 -26.00  93.83
 -65.00 -25.00  96.55
 -65.00 -24.00  98.65
 -65.00 -23.00  99.96
 -65.00 -22.00 100.43
 -65.00 -21.00 100.08
 -65.00 -20.00  99.05
 -65.00 -19.00  97.50
 -65.00 -18.00  95.65
 -65.00 -17.00  93.70
 -65.00 -16.00  91.83
 -65.00 -15.00  90.17
 -65.00 -14.00  88.83
 -65.00 -13.00  87.88
 -65.00 -12.00  87.38
 -65.00 -11.00  87.38
 -65.00 -10.00  87.94
 -65.00  -9.00  89.10
 -65.00  -8.00  90.90
 -65.00  -7.00  93.30
 -65.00  -6.00  96.26
 -65.00  -5.00  99.62
 -65.00  -4.00 103.17
 -65.00  -3.00 106.63
 -65.00  -2.00 109.70
 -65.00  -1.00 112.05
 -65.00   0.00 113.43
 -65.00   1.00 113.62
 -65.00   2.00 112.53
 -65.00   3.00 110.20
 -65.00   4.00 106.77
 -65.00   5.00 102.50
 -65.00   6.00  97.69
 -65.00   7.00  92.68
 -65.00   8.00  87.82
 -65.00   9.00  83.37
 -65.00  10.00  79.53
 -65.00  11.00  76.41
 -65.00  12.00  74.01
 -65.00  13.00  72.27
 -65.00  14.00  71.08
 -65.00  15.00  70.31
 -65.00  16.00  69.82
 -65.00  17.00  69.50
 -65.00  18.00  69.28
 -65.00  19.00  69.11
 -65.00  20.00  68.98
 -65.00  21.00  68.89
 -65.00  22.00  68.86
 -65.00  23.00  68.88
 -65.00  24.00  68.95
 -65.00  25.00  69.03
 -65.00  26.00  69.14
 -65.00  27.00  69.26
 -64.00 -37.00  71.50
 -64.00 -36.00  72.88
 -64.00 -35.00  74.06
 -64.00 -34.00  75.12
 -64.00 -33.00  76.18
 -64.00 -32.00  77.43
 -64.00 -31.00  79.03
 -64.00 -30.00  81.11
 -64.00 -29.00  83.67
 -64.00 -28.00  86.65
 -64.00 -27.00  89.85
 -64.00 -26.00  93.03
 -64.00 -25.00  95.90
 -64.00 -24.00  98.21
 -64.00 -23.00  99.77
 -64.00 -22.00 100.46
 -64.00 -21.00 100.30
 -64.00 -20.00  99.38
 -64.00 -19.00  97.88
 -64.00 -18.00  95.99
 -64.00 -17.00  93.95
 -64.00 -16.00  91.95
 -64.00 -15.00  90.13
 -64.00 -14.00  88.63
 -64.00 -13.00  87.51
 -64.00 -12.00  86.85
 -64.00 -11.00  86.68
 -64.00 -10.00  87.04
 -64.00  -9.00  88.00
 -64.00  -8.00  89.56
 -64.00  -7.00  91.73
 -64.00  -6.00  94.47
 -64.00  -5.00  97.65
 -64.00  -4.00 101.11
 -64.00  -3.00 104.58
 -64.00  -2.00 107.77
 -64.00  -1.00 110.37
 -64.00   0.00 112.08
 -64.00   1.00 112.68
 -64.00   2.00 112.02
 -64.00   3.00 110.09
 -64.00   4.00 106.97
 -64.00   5.00 102.89
 -64.00   6.00  98.14
 -64.00   7.00  93.06
 -64.00   8.00  88.00
 -64.00   9.00  83.27
 -64.00  10.00  79.11
 -64.00  11.00  75.66
 -64.00  12.00  72.98
 -64.00  13.00  71.04
 -64.00  14.00  69.74
 -64.00  15.00  68.94
 -64.00  16.00  68.49
 -64.00  17.00  68.26
 -64.00  18.00  68.16
 -64.00  19.00  68.10
 -64.00  20.00  68.07
 -64.00  21.00  68.05
 -64.00  22.00  68.03
 -64.00  23.00  68.02
 -64.00  24.00  68.01
 -64.00  25.00  67.98
 -64.00  26.00  67.93
 -64.00  27.00  67.88
 -63.00 -37.00  71.38
 -63.00 -36.00  72.76
 -63.00 -35.00  73.95
 -63.00 -34.00  74.98
 -63.00 -33.00  75.97
 -63.00 -32.00  77.11
 -63.00 -31.00  78.56
 -63.00 -30.00  80.46
 -63.00 -29.00  82.87
 -63.00 -28.00  85.74
 -63.00 -27.00  88.90
 -63.00 -26.00  92.13
 -63.00 -25.00  95.15
 -63.00 -24.00  97.67
 -63.00 -23.00  99.47
 -63.00 -22.00 100.43
 -63.00 -21.00 100.49
 -63.00 -20.00  99.74
 -63.00 -19.00  98.32
 -63.00 -18.00  96.44
 -63.00 -17.00  94.33
 -63.00 -16.00  92.20
 -63.00 -15.00  90.23
 -63.00 -14.00  88.55
 -63.00 -13.00  87.25
 -63.00 -12.00  86.40
 -63.00 -11.00  86.04
 -63.00 -10.00  86.21
 -63.00  -9.00  86.94
 -63.00  -8.00  88.27
 -63.00  -7.00  90.19
 -63.00  -6.00  92.69
 -63.00  -5.00  95.67
 -63.00  -4.00  98.99
 -63.00  -3.00 102.42
 -63.00  -2.00 105.69
 -63.00  -1.00 108.50
 -63.00   0.00 110.53
 -63.00   1.00 111.53
 -63.00   2.00 111.32
 -63.00   3.00 109.82
 -63.00   4.00 107.07
 -63.00   5.00 103.26
 -63.00   6.00  98.64
 -63.00   7.00  93.54
 -63.00   8.00  88.33
 -63.00   9.00  83.34
 -63.00  10.00  78.86
 -63.00  11.00  75.07
 -63.00  12.00  72.07
 -63.00  13.00  69.88
 -63.00  14.00  68.40
 -63.00  15.00  67.52
 -63.00  16.00  67.07
 -63.00  17.00  66.92
 -63.00  18.00  66.92
 -63.00  19.00  67.00
 -63.00  20.00  67.08
 -63.00  21.00  67.14
 -63.00  22.00  67.17
 -63.00  23.00  67.16
 -63.00  24.00  67.10
 -63.00  25.00  66.97
 -63.00  26.00  66.79
 -63.00  27.00  66.57
 -62.00 -37.00  71.26
 -62.00 -36.00  72.64
 -62.00 -35.00  73.84
 -62.00 -34.00  74.86
 -62.00 -33.00  75.81
 -62.00 -32.00  76.84
 -62.00 -31.00  78.13
 -62.00 -30.00  79.85
 -62.00 -29.00  82.07
 -62.00 -28.00  84.79
 -62.00 -27.00  87.88
 -62.00 -26.00  91.13
 -62.00 -25.00  94.27
 -62.00 -24.00  96.99
 -62.00 -23.00  99.06
 -62.00 -22.00 100.30
 -62.00 -21.00 100.64
 -62.00 -20.00 100.10
 -62.00 -19.00  98.82
 -62.00 -18.00  96.99
 -62.00 -17.00  94.84
 -62.00 -16.00  92.61
 -62.00 -15.00  90.47
 -62.00 -14.00  88.61
 -62.00 -13.00  87.11
 -62.00 -12.00  86.06
 -62.00 -11.00  85.50
 -62.00 -10.00  85.46
 -62.00  -9.00  85.96
 -62.00  -8.00  87.04
 -62.00  -7.00  88.70
 -62.00  -6.00  90.94
 -62.00  -5.00  93.69
 -62.00  -4.00  96.83
 -62.00  -3.00 100.18
 -62.00  -2.00 103.48
 -62.00  -1.00 106.45
 -62.00   0.00 108.77
 -62.00   1.00 110.16
 -62.00   2.00 110.40
 -62.00   3.00 109.37
 -62.00   4.00 107.06
 -62.00   5.00 103.59
 -62.00   6.00  99.17
 -62.00   7.00  94.14
 -62.00   8.00  88.83
 -62.00   9.00  83.62
 -62.00  10.00  78.82
 -62.00  11.00  74.67
 -62.00  12.00  71.32
 -62.00  13.00  68.82
 -62.00  14.00  67.11
 -62.00  15.00  66.08
 -62.00  16.00  65.59
 -62.00  17.00  65.47
 -62.00  18.00  65.57
 -62.00  19.00  65.78
 -62.00  20.00  65.99
 -62.00  21.00  66.17
 -62.00  22.00  66.28
 -62.00  23.00  66.30
 -62.00  24.00  66.22
 -62.00  25.00  66.03
 -62.00  26.00  65.74
 -62.00  27.00  65.37
 -61.00 -37.00  71.15
 -61.00 -36.00  72.52
 -61.00 -35.00  73.73
 -61.00 -34.00  74.76
 -61.00 -33.00  75.67
 -61.00 -32.00  76.61
 -61.00 -31.00  77.75
 -61.00 -30.00  79.27
 -61.00 -29.00  81.28
 -61.00 -28.00  83.82
 -61.00 -27.00  86.80
 -61.00 -26.00  90.03
 -61.00 -25.00  93.25
 -61.00 -24.00  96.17
 -61.00 -23.00  98.51
 -61.00 -22.00 100.07
 -61.00 -21.00 100.71
 -61.00 -20.00 100.45
 -61.00 -19.00  99.36
 -61.00 -18.00  97.64
 -61.00 -17.00  95.49
 -61.00 -16.00  93.18
 -61.00 -15.00  90.90
 -61.00 -14.00  88.84
 -61.00 -13.00  87.14
 -61.00 -12.00  85.87
 -61.00 -11.00  85.08
 -61.00 -10.00  84.81
 -61.00  -9.00  85.08
 -61.00  -8.00  85.90
 -61.00  -7.00  87.28
 -61.00  -6.00  89.24
 -61.00  -5.00  91.73
 -61.00  -4.00  94.65
 -61.00  -3.00  97.87
 -61.00  -2.00 101.15
 -61.00  -1.00 104.22
 -61.00   0.00 106.79
 -61.00   1.00 108.56
 -61.00   2.00 109.26
 -61.00   3.00 108.73
 -61.00   4.00 106.91
 -61.00   5.00 103.85
 -61.00   6.00  99.73
 -61.00   7.00  94.83
 -61.00   8.00  89.51
 -61.00   9.00  84.14
 -61.00  10.00  79.05
 -61.00  11.00  74.54
 -61.00  12.00  70.80
 -61.00  13.00  67.92
 -61.00  14.00  65.91
 -61.00  15.00  64.68
 -61.00  16.00  64.08
 -61.00  17.00  63.95
 -61.00  18.00  64.12
 -61.00  19.00  64.44
 -61.00  20.00  64.80
 -61.00  21.00  65.11
 -61.00  22.00  65.34
 -61.00  23.00  65.43
 -61.00  24.00  65.37
 -61.00  25.00  65.15
 -61.00  26.00  64.78
 -61.00  27.00  64.29
 -60.00 -37.00  71.03
 -60.00 -36.00  72.39
 -60.00 -35.00  73.62
 -60.00 -34.00  74.67
 -60.00 -33.00  75.56
 -60.00 -32.00  76.42
 -60.00 -31.00  77.42
 -60.00 -30.00  78.74
 -60.00 -29.00  80.53
 -60.00 -28.00  82.85
 -60.00 -27.00  85.66
 -60.00 -26.00  88.82
 -60.00 -25.00  92.09
 -60.00 -24.00  95.18
 -60.00 -23.00  97.79
 -60.00 -22.00  99.68
 -60.00 -21.00 100.68
 -60.00 -20.00 100.74
 -60.00 -19.00  99.92
 -60.00 -18.00  98.36
 -60.00 -17.00  96.28
 -60.00 -16.00  93.92
 -60.00 -15.00  91.52
 -60.00 -14.00  89.28
 -60.00 -13.00  87.35
 -60.00 -12.00  85.85
 -60.00 -11.00  84.82
 -60.00 -10.00  84.30
 -60.00  -9.00  84.31
 -60.00  -8.00  84.86
 -60.00  -7.00  85.96
 -60.00  -6.00  87.62
 -60.00  -5.00  89.82
 -60.00  -4.00  92.49
 -60.00  -3.00  95.52
 -60.00  -2.00  98.72
 -60.00  -1.00 101.85
 -60.00   0.00 104.62
 -60.00   1.00 106.72
 -60.00   2.00 107.87
 -60.00   3.00 107.86
 -60.00   4.00 106.57
 -60.00   5.00 104.00
 -60.00   6.00 100.27
 -60.00   7.00  95.62
 -60.00   8.00  90.37
 -60.00   9.00  84.89
 -60.00  10.00  79.56
 -60.00  11.00  74.70
 -60.00  12.00  70.55
 -60.00  13.00  67.26
 -60.00  14.00  64.88
 -60.00  15.00  63.36
 -60.00  16.00  62.58
 -60.00  17.00  62.37
 -60.00  18.00  62.56
 -60.00  19.00  62.98
 -60.00  20.00  63.48
 -60.00  21.00  63.95
 -60.00  22.00  64.32
 -60.00  23.00  64.52
 -60.00  24.00  64.53
 -60.00  25.00  64.34
 -60.00  26.00  63.93
 -60.00  27.00  63.34
 -59.00 -37.00  70.92
 -59.00 -36.00  72.24
 -59.00 -35.00  73.49
 -59.00 -34.00  74.57
 -59.00 -33.00  75.47
 -59.00 -32.00  76.27
 -59.00 -31.00  77.15
 -59.00 -30.00  78.28
 -59.00 -29.00  79.82
 -59.00 -28.00  81.90
 -59.00 -27.00  84.50
 -59.00 -26.00  87.54
 -59.00 -25.00  90.80
 -59.00 -24.00  94.01
 -59.00 -23.00  96.87
 -59.00 -22.00  99.10
 -59.00 -21.00 100.49
 -59.00 -20.00 100.94
 -59.00 -19.00 100.44
 -59.00 -18.00  99.12
 -59.00 -17.00  97.17
 -59.00 -16.00  94.82
 -59.00 -15.00  92.34
 -59.00 -14.00  89.93
 -59.00 -13.00  87.79
 -59.00 -12.00  86.03
 -59.00 -11.00  84.74
 -59.00 -10.00  83.96
 -59.00  -9.00  83.69
 -59.00  -8.00  83.96
 -59.00  -7.00  84.76
 -59.00  -6.00  86.11
 -59.00  -5.00  87.99
 -59.00  -4.00  90.38
 -59.00  -3.00  93.18
 -59.00  -2.00  96.25
 -59.00  -1.00  99.37
 -59.00   0.00 102.27
 -59.00   1.00 104.65
 -59.00   2.00 106.23
 -59.00   3.00 106.74
 -59.00   4.00 106.02
 -59.00   5.00 104.00
 -59.00   6.00 100.74
 -59.00   7.00  96.43
 -59.00   8.00  91.36
 -59.00   9.00  85.88
 -59.00  10.00  80.38
 -59.00  11.00  75.20
 -59.00  12.00  70.64
 -59.00  13.00  66.90
 -59.00  14.00  64.09
 -59.00  15.00  62.21
 -59.00  16.00  61.16
 -59.00  17.00  60.79
 -59.00  18.00  60.94
 -59.00  19.00  61.40
 -59.00  20.00  62.02
 -59.00  21.00  62.66
 -59.00  22.00  63.19
 -59.00  23.00  63.55
 -59.00  24.00  63.69
 -59.00  25.00  63.56
 -59.00  26.00  63.17
 -59.00  27.00  62.53
 -58.00 -37.00  70.83
 -58.00 -36.00  72.10
 -58.00 -35.00  73.35
 -58.00 -34.00  74.46
 -58.00 -33.00  75.38
 -58.00 -32.00  76.17
 -58.00 -31.00  76.95
 -58.00 -30.00  77.90
 -58.00 -29.00  79.20
 -58.00 -28.00  81.00
 -58.00 -27.00  83.36
 -58.00 -26.00  86.21
 -58.00 -25.00  89.41
 -58.00 -24.00  92.69
 -58.00 -23.00  95.76
 -58.00 -22.00  98.31
 -58.00 -21.00 100.11
 -58.00 -20.00 100.98
 -58.00 -19.00 100.88
 -58.00 -18.00  99.88
 -58.00 -17.00  98.14
 -58.00 -16.00  95.87
 -58.00 -15.00  93.35
 -58.00 -14.00  90.80
 -58.00 -13.00  88.45
 -58.00 -12.00  86.44
 -58.00 -11.00  84.88
 -58.00 -10.00  83.81
 -58.00  -9.00  83.26
 -58.00  -8.00  83.22
 -58.00  -7.00  83.72
 -58.00  -6.00  84.74
 -58.00  -5.00  86.30
 -58.00  -4.00  88.38
 -58.00  -3.00  90.90
 -58.00  -2.00  93.77
 -58.00  -1.00  96.81
 -58.00   0.00  99.77
 -58.00   1.00 102.38
 -58.00   2.00 104.33
 -58.00   3.00 105.34
 -58.00   4.00 105.20
 -58.00   5.00 103.78
 -58.00   6.00 101.07
 -58.00   7.00  97.21
 -58.00   8.00  92.43
 -58.00   9.00  87.06
 -58.00  10.00  81.47
 -58.00  11.00  76.03
 -58.00  12.00  71.09
 -58.00  13.00  66.89
 -58.00  14.00  63.61
 -58.00  15.00  61.28
 -58.00  16.00  59.87
 -58.00  17.00  59.26
 -58.00  18.00  59.28
 -58.00  19.00  59.74
 -58.00  20.00  60.44
 -58.00  21.00  61.22
 -58.00  22.00  61.94
 -58.00  23.00  62.49
 -58.00  24.00  62.79
 -58.00  25.00  62.79
 -58.00  26.00  62.47
 -58.00  27.00  61.84
 -57.00 -37.00  70.79
 -57.00 -36.00  71.96
 -57.00 -35.00  73.19
 -57.00 -34.00  74.33
 -57.00 -33.00  75.30
 -57.00 -32.00  76.09
 -57.00 -31.00  76.81
 -57.00 -30.00  77.61
 -57.00 -29.00  78.69
 -57.00 -28.00  80.21
 -57.00 -27.00  82.28
 -57.00 -26.00  84.90
 -57.00 -25.00  87.95
 -57.00 -24.00  91.23
 -57.00 -23.00  94.45
 -57.00 -22.00  97.30
 -57.00 -21.00  99.50
 -57.00 -20.00 100.82
 -57.00 -19.00 101.18
 -57.00 -18.00 100.57
 -57.00 -17.00  99.11
 -57.00 -16.00  97.01
 -57.00 -15.00  94.52
 -57.00 -14.00  91.89
 -57.00 -13.00  89.35
 -57.00 -12.00  87.10
 -57.00 -11.00  85.26
 -57.00 -10.00  83.89
 -57.00  -9.00  83.03
 -57.00  -8.00  82.69
 -57.00  -7.00  82.87
 -57.00  -6.00  83.57
 -57.00  -5.00  84.78
 -57.00  -4.00  86.52
 -57.00  -3.00  88.74
 -57.00  -2.00  91.36
 -57.00  -1.00  94.25
 -57.00   0.00  97.20
 -57.00   1.00  99.95
 -57.00   2.00 102.20
 -57.00   3.00 103.66
 -57.00   4.00 104.09
 -57.00   5.00 103.29
 -57.00   6.00 101.20
 -57.00   7.00  97.87
 -57.00   8.00  93.49
 -57.00   9.00  88.34
 -57.00  10.00  82.78
 -57.00  11.00  77.18
 -57.00  12.00  71.91
 -57.00  13.00  67.27
 -57.00  14.00  63.48
 -57.00  15.00  60.66
 -57.00  16.00  58.81
 -57.00  17.00  57.86
 -57.00  18.00  57.66
 -57.00  19.00  58.02
 -57.00  20.00  58.75
 -57.00  21.00  59.65
 -57.00  22.00  60.55
 -57.00  23.00  61.31
 -57.00  24.00  61.81
 -57.00  25.00  62.00
 -57.00  26.00  61.81
 -57.00  27.00  61.26
 -56.00 -37.00  70.81
 -56.00 -36.00  71.85
 -56.00 -35.00  73.04
 -56.00 -34.00  74.20
 -56.00 -33.00  75.21
 -56.00 -32.00  76.04
 -56.00 -31.00  76.73
 -56.00 -30.00  77.42
 -56.00 -29.00  78.30
 -56.00 -28.00  79.54
 -56.00 -27.00  81.31
 -56.00 -26.00  83.64
 -56.00 -25.00  86.49
 -56.00 -24.00  89.69
 -56.00 -23.00  92.99
 -56.00 -22.00  96.08
 -56.00 -21.00  98.64
 -56.00 -20.00 100.43
 -56.00 -19.00 101.28
 -56.00 -18.00 101.12
 -56.00 -17.00 100.04
 -56.00 -16.00  98.19
 -56.00 -15.00  95.80
 -56.00 -14.00  93.15
 -56.00 -13.00  90.47
 -56.00 -12.00  88.00
 -56.00 -11.00  85.88
 -56.00 -10.00  84.21
 -56.00  -9.00  83.04
 -56.00  -8.00  82.39
 -56.00  -7.00  82.24
 -56.00  -6.00  82.60
 -56.00  -5.00  83.48
 -56.00  -4.00  84.86
 -56.00  -3.00  86.75
 -56.00  -2.00  89.08
 -56.00  -1.00  91.76
 -56.00   0.00  94.61
 -56.00   1.00  97.41
 -56.00   2.00  99.89
 -56.00   3.00 101.74
 -56.00   4.00 102.68
 -56.00   5.00 102.49
 -56.00   6.00 101.05
 -56.00   7.00  98.33
 -56.00   8.00  94.45
 -56.00   9.00  89.64
 -56.00  10.00  84.22
 -56.00  11.00  78.57
 -56.00  12.00  73.05
 -56.00  13.00  68.02
 -56.00  14.00  63.74
 -56.00  15.00  60.39
 -56.00  16.00  58.04
 -56.00  17.00  56.66
 -56.00  18.00  56.13
 -56.00  19.00  56.31
 -56.00  20.00  56.98
 -56.00  21.00  57.94
 -56.00  22.00  58.99
 -56.00  23.00  59.97
 -56.00  24.00  60.71
 -56.00  25.00  61.13
 -56.00  26.00  61.14
 -56.00  27.00  60.73
 -55.00 -37.00  70.93
 -55.00 -36.00  71.80
 -55.00 -35.00  72.90
 -55.00 -34.00  74.06
 -55.00 -33.00  75.11
 -55.00 -32.00  75.99
 -55.00 -31.00  76.69
 -55.00 -30.00  77.32
 -55.00 -29.00  78.03
 -55.00 -28.00  79.03
 -55.00 -27.00  80.48
 -55.00 -26.00  82.50
 -55.00 -25.00  85.09
 -55.00 -24.00  88.13
 -55.00 -23.00  91.42
 -55.00 -22.00  94.67
 -55.00 -21.00  97.55
 -55.00 -20.00  99.78
 -55.00 -19.00 101.13
 -55.00 -18.00 101.48
 -55.00 -17.00 100.84
 -55.00 -16.00  99.32
 -55.00 -15.00  97.13
 -55.00 -14.00  94.53
 -55.00 -13.00  91.78
 -55.00 -12.00  89.13
 -55.00 -11.00  86.75
 -55.00 -10.00  84.79
 -55.00  -9.00  83.30
 -55.00  -8.00  82.32
 -55.00  -7.00  81.85
 -55.00  -6.00  81.88
 -55.00  -5.00  82.41
 -55.00  -4.00  83.44
 -55.00  -3.00  84.97
 -55.00  -2.00  86.98
 -55.00  -1.00  89.39
 -55.00   0.00  92.08
 -55.00   1.00  94.86
 -55.00   2.00  97.46
 -55.00   3.00  99.61
 -55.00   4.00 101.01
 -55.00   5.00 101.40
 -55.00   6.00 100.59
 -55.00   7.00  98.52
 -55.00   8.00  95.22
 -55.00   9.00  90.86
 -55.00  10.00  85.71
 -55.00  11.00  80.13
 -55.00  12.00  74.48
 -55.00  13.00  69.13
 -55.00  14.00  64.40
 -55.00  15.00  60.52
 -55.00  16.00  57.62
 -55.00  17.00  55.74
 -55.00  18.00  54.80
 -55.00  19.00  54.69
 -55.00  20.00  55.21
 -55.00  21.00  56.15
 -55.00  22.00  57.30
 -55.00  23.00  58.46
 -55.00  24.00  59.46
 -55.00  25.00  60.14
 -55.00  26.00  60.40
 -55.00  27.00  60.20
 -54.00 -37.00  71.67
 -54.00 -36.00  72.34
 -54.00 -35.00  73.32
 -54.00 -34.00  74.43
 -54.00 -33.00  75.50
 -54.00 -32.00  76.42
 -54.00 -31.00  77.15
 -54.00 -30.00  77.73
 -54.00 -29.00  78.30
 -54.00 -28.00  79.05
 -54.00 -27.00  80.18
 -54.00 -26.00  81.83
 -54.00 -25.00  84.08
 -54.00 -24.00  86.87
 -54.00 -23.00  90.04
 -54.00 -22.00  93.33
 -54.00 -21.00  96.42
 -54.00 -20.00  98.99
 -54.00 -19.00 100.78
 -54.00 -18.00 101.62
 -54.00 -17.00 101.43
 -54.00 -16.00 100.29
 -54.00 -15.00  98.36
 -54.00 -14.00  95.87
 -54.00 -13.00  93.10
 -54.00 -12.00  90.31
 -54.00 -11.00  87.71
 -54.00 -10.00  85.45
 -54.00  -9.00  83.64
 -54.00  -8.00  82.31
 -54.00  -7.00  81.47
 -54.00  -6.00  81.12
 -54.00  -5.00  81.26
 -54.00  -4.00  81.90
 -54.00  -3.00  83.04
 -54.00  -2.00  84.67
 -54.00  -1.00  86.76
 -54.00   0.00  89.22
 -54.00   1.00  91.88
 -54.00   2.00  94.52
 -54.00   3.00  96.87
 -54.00   4.00  98.63
 -54.00   5.00  99.53
 -54.00   6.00  99.33
 -54.00   7.00  97.90
 -54.00   8.00  95.21
 -54.00   9.00  91.38
 -54.00  10.00  86.61
 -54.00  11.00  81.22
 -54.00  12.00  75.56
 -54.00  13.00  70.01
 -54.00  14.00  64.92
 -54.00  15.00  60.55
 -54.00  16.00  57.10
 -54.00  17.00  54.67
 -54.00  18.00  53.25
 -54.00  19.00  52.76
 -54.00  20.00  53.03
 -54.00  21.00  53.88
 -54.00  22.00  55.08
 -54.00  23.00  56.41
 -54.00  24.00  57.66
 -54.00  25.00  58.64
 -54.00  26.00  59.21
 -54.00  27.00  59.28
 -53.00 -37.00  72.57
 -53.00 -36.00  73.01
 -53.00 -35.00  73.83
 -53.00 -34.00  74.86
 -53.00 -33.00  75.94
 -53.00 -32.00  76.91
 -53.00 -31.00  77.69
 -53.00 -30.00  78.27
 -53.00 -29.00  78.75
 -53.00 -28.00  79.31
 -53.00 -27.00  80.14
 -53.00 -26.00  81.44
 -53.00 -25.00  83.32
 -53.00 -24.00  85.79
 -53.00 -23.00  88.76
 -53.00 -22.00  92.00
 -53.00 -21.00  95.21
 -53.00 -20.00  98.07
 -53.00 -19.00 100.28
 -53.00 -18.00 101.59
 -53.00 -17.00 101.89
 -53.00 -16.00 101.18
 -53.00 -15.00  99.58
 -53.00 -14.00  97.30
 -53.00 -13.00  94.60
 -53.00 -12.00  91.74
 -53.00 -11.00  88.97
 -53.00 -10.00  86.46
 -53.00  -9.00  84.34
 -53.00  -8.00  82.67
 -53.00  -7.00  81.48
 -53.00  -6.00  80.75
 -53.00  -5.00  80.50
 -53.00  -4.00  80.73
 -53.00  -3.00  81.45
 -53.00  -2.00  82.68
 -53.00  -1.00  84.41
 -53.00   0.00  86.57
 -53.00   1.00  89.04
 -53.00   2.00  91.63
 -53.00   3.00  94.10
 -53.00   4.00  96.14
 -53.00   5.00  97.47
 -53.00   6.00  97.82
 -53.00   7.00  97.02
 -53.00   8.00  94.97
 -53.00   9.00  91.72
 -53.00  10.00  87.43
 -53.00  11.00  82.35
 -53.00  12.00  76.82
 -53.00  13.00  71.20
 -53.00  14.00  65.85
 -53.00  15.00  61.08
 -53.00  16.00  57.12
 -53.00  17.00  54.13
 -53.00  18.00  52.17
 -53.00  19.00  51.20
 -53.00  20.00  51.11
 -53.00  21.00  51.74
 -53.00  22.00  52.87
 -53.00  23.00  54.28
 -53.00  24.00  55.73
 -53.00  25.00  57.00
 -53.00  26.00  57.90
 -53.00  27.00  58.30
 -52.00 -37.00  73.50
 -52.00 -36.00  73.69
 -52.00 -35.00  74.30
 -52.00 -34.00  75.23
 -52.00 -33.00  76.28
 -52.00 -32.00  77.30
 -52.00 -31.00  78.15
 -52.00 -30.00  78.78
 -52.00 -29.00  79.24
 -52.00 -28.00  79.67
 -52.00 -27.00  80.27
 -52.00 -26.00  81.24
 -52.00 -25.00  82.75
 -52.00 -24.00  84.87
 -52.00 -23.00  87.56
 -52.00 -22.00  90.67
 -52.00 -21.00  93.93
 -52.00 -20.00  97.00
 -52.00 -19.00  99.58
 -52.00 -18.00 101.36
 -52.00 -17.00 102.18
 -52.00 -16.00 101.96
 -52.00 -15.00 100.77
 -52.00 -14.00  98.78
 -52.00 -13.00  96.23
 -52.00 -12.00  93.39
 -52.00 -11.00  90.52
 -52.00 -10.00  87.81
 -52.00  -9.00  85.43
 -52.00  -8.00  83.46
 -52.00  -7.00  81.93
 -52.00  -6.00  80.84
 -52.00  -5.00  80.21
 -52.00  -4.00  80.03
 -52.00  -3.00  80.34
 -52.00  -2.00  81.14
 -52.00  -1.00  82.47
 -52.00   0.00  84.28
 -52.00   1.00  86.50
 -52.00   2.00  88.97
 -52.00   3.00  91.46
 -52.00   4.00  93.69
 -52.00   5.00  95.37
 -52.00   6.00  96.22
 -52.00   7.00  96.01
 -52.00   8.00  94.60
 -52.00   9.00  91.97
 -52.00  10.00  88.23
 -52.00  11.00  83.57
 -52.00  12.00  78.29
 -52.00  13.00  72.73
 -52.00  14.00  67.25
 -52.00  15.00  62.17
 -52.00  16.00  57.77
 -52.00  17.00  54.25
 -52.00  18.00  51.71
 -52.00  19.00  50.20
 -52.00  20.00  49.64
 -52.00  21.00  49.92
 -52.00  22.00  50.86
 -52.00  23.00  52.22
 -52.00  24.00  53.78
 -52.00  25.00  55.28
 -52.00  26.00  56.50
 -52.00  27.00  57.25
 -51.00 -37.00  74.45
 -51.00 -36.00  74.37
 -51.00 -35.00  74.75
 -51.00 -34.00  75.51
 -51.00 -33.00  76.51
 -51.00 -32.00  77.55
 -51.00 -31.00  78.48
 -51.00 -30.00  79.20
 -51.00 -29.00  79.70
 -51.00 -28.00  80.08
 -51.00 -27.00  80.50
 -51.00 -26.00  81.19
 -51.00 -25.00  82.34
 -51.00 -24.00  84.09
 -51.00 -23.00  86.46
 -51.00 -22.00  89.36
 -51.00 -21.00  92.57
 -51.00 -20.00  95.79
 -51.00 -19.00  98.67
 -51.00 -18.00 100.90
 -51.00 -17.00 102.24
 -51.00 -16.00 102.56
 -51.00 -15.00 101.85
 -51.00 -14.00 100.24
 -51.00 -13.00  97.93
 -51.00 -12.00  95.19
 -51.00 -11.00  92.29
 -51.00 -10.00  89.45
 -51.00  -9.00  86.86
 -51.00  -8.00  84.62
 -51.00  -7.00  82.78
 -51.00  -6.00  81.36
 -51.00  -5.00  80.37
 -51.00  -4.00  79.80
 -51.00  -3.00  79.70
 -51.00  -2.00  80.08
 -51.00  -1.00  80.98
 -51.00   0.00  82.40
 -51.00   1.00  84.31
 -51.00   2.00  86.57
 -51.00   3.00  88.99
 -51.00   4.00  91.33
 -51.00   5.00  93.29
 -51.00   6.00  94.56
 -51.00   7.00  94.90
 -51.00   8.00  94.11
 -51.00   9.00  92.12
 -51.00  10.00  88.98
 -51.00  11.00  84.82
 -51.00  12.00  79.90
 -51.00  13.00  74.52
 -51.00  14.00  69.03
 -51.00  15.00  63.76
 -51.00  16.00  59.00
 -51.00  17.00  55.00
 -51.00  18.00  51.90
 -51.00  19.00  49.81
 -51.00  20.00  48.70
 -51.00  21.00  48.53
 -51.00  22.00  49.13
 -51.00  23.00  50.32
 -51.00  24.00  51.87
 -51.00  25.00  53.51
 -51.00  26.00  55.00
 -51.00  27.00  56.10
 -50.00 -37.00  75.42
 -50.00 -36.00  75.06
 -50.00 -35.00  75.17
 -50.00 -34.00  75.73
 -50.00 -33.00  76.61
 -50.00 -32.00  77.64
 -50.00 -31.00  78.64
 -50.00 -30.00  79.47
 -50.00 -29.00  80.06
 -50.00 -28.00  80.45
 -50.00 -27.00  80.78
 -50.00 -26.00  81.25
 -50.00 -25.00  82.08
 -50.00 -24.00  83.46
 -50.00 -23.00  85.47
 -50.00 -22.00  88.09
 -50.00 -21.00  91.16
 -50.00 -20.00  94.42
 -50.00 -19.00  97.54
 -50.00 -18.00 100.17
 -50.00 -17.00 102.03
 -50.00 -16.00 102.91
 -50.00 -15.00 102.74
 -50.00 -14.00 101.59
 -50.00 -13.00  99.62
 -50.00 -12.00  97.08
 -50.00 -11.00  94.23
 -50.00 -10.00  91.32
 -50.00  -9.00  88.57
 -50.00  -8.00  86.10
 -50.00  -7.00  83.99
 -50.00  -6.00  82.27
 -50.00  -5.00  80.95
 -50.00  -4.00  80.02
 -50.00  -3.00  79.52
 -50.00  -2.00  79.48
 -50.00  -1.00  79.95
 -50.00   0.00  80.95
 -50.00   1.00  82.49
 -50.00   2.00  84.47
 -50.00   3.00  86.75
 -50.00   4.00  89.10
 -50.00   5.00  91.24
 -50.00   6.00  92.87
 -50.00   7.00  93.70
 -50.00   8.00  93.51
 -50.00   9.00  92.16
 -50.00  10.00  89.65
 -50.00  11.00  86.05
 -50.00  12.00  81.58
 -50.00  13.00  76.49
 -50.00  14.00  71.11
 -50.00  15.00  65.76
 -50.00  16.00  60.75
 -50.00  17.00  56.33
 -50.00  18.00  52.72
 -50.00  19.00  50.04
 -50.00  20.00  48.35
 -50.00  21.00  47.62
 -50.00  22.00  47.78
 -50.00  23.00  48.66
 -50.00  24.00  50.06
 -50.00  25.00  51.73
 -50.00  26.00  53.40
 -50.00  27.00  54.81
 -49.00 -37.00  76.38
 -49.00 -36.00  75.77
 -49.00 -35.00  75.60
 -49.00 -34.00  75.91
 -49.00 -33.00  76.61
 -49.00 -32.00  77.58
 -49.00 -31.00  78.61
 -49.00 -30.00  79.54
 -49.00 -29.00  80.25
 -49.00 -28.00  80.72
 -49.00 -27.00  81.04
 -49.00 -26.00  81.37
 -49.00 -25.00  81.94
 -49.00 -24.00  82.96
 -49.00 -23.00  84.59
 -49.00 -22.00  86.87
 -49.00 -21.00  89.71
 -49.00 -20.00  92.92
 -49.00 -19.00  96.18
 -49.00 -18.00  99.15
 -49.00 -17.00 101.49
 -49.00 -16.00 102.95
 -49.00 -15.00 103.37
 -49.00 -14.00 102.76
 -49.00 -13.00 101.22
 -49.00 -12.00  98.97
 -49.00 -11.00  96.25
 -49.00 -10.00  93.35
 -49.00  -9.00  90.49
 -49.00  -8.00  87.84
 -49.00  -7.00  85.50
 -49.00  -6.00  83.51
 -49.00  -5.00  81.89
 -49.00  -4.00  80.64
 -49.00  -3.00  79.78
 -49.00  -2.00  79.34
 -49.00  -1.00  79.38
 -49.00   0.00  79.95
 -49.00   1.00  81.07
 -49.00   2.00  82.71
 -49.00   3.00  84.76
 -49.00   4.00  87.03
 -49.00   5.00  89.26
 -49.00   6.00  91.16
 -49.00   7.00  92.42
 -49.00   8.00  92.78
 -49.00   9.00  92.07
 -49.00  10.00  90.21
 -49.00  11.00  87.23
 -49.00  12.00  83.27
 -49.00  13.00  78.56
 -49.00  14.00  73.40
 -49.00  15.00  68.08
 -49.00  16.00  62.92
 -49.00  17.00  58.19
 -49.00  18.00  54.13
 -49.00  19.00  50.89
 -49.00  20.00  48.59
 -49.00  21.00  47.27
 -49.00  22.00  46.88
 -49.00  23.00  47.33
 -49.00  24.00  48.44
 -49.00  25.00  50.00
 -49.00  26.00  51.73
 -49.00  27.00  53.37
 -48.00 -37.00  77.32
 -48.00 -36.00  76.49
 -48.00 -35.00  76.04
 -48.00 -34.00  76.06
 -48.00 -33.00  76.54
 -48.00 -32.00  77.37
 -48.00 -31.00  78.38
 -48.00 -30.00  79.39
 -48.00 -29.00  80.23
 -48.00 -28.00  80.82
 -48.00 -27.00  81.20
 -48.00 -26.00  81.48
 -48.00 -25.00  81.86
 -48.00 -24.00  82.58
 -48.00 -23.00  83.83
 -48.00 -22.00  85.73
 -48.00 -21.00  88.27
 -48.00 -20.00  91.32
 -48.00 -19.00  94.62
 -48.00 -18.00  97.83
 -48.00 -17.00 100.60
 -48.00 -16.00 102.62
 -48.00 -15.00 103.67
 -48.00 -14.00 103.66
 -48.00 -13.00 102.64
 -48.00 -12.00 100.77
 -48.00 -11.00  98.29
 -48.00 -10.00  95.47
 -48.00  -9.00  92.57
 -48.00  -8.00  89.78
 -48.00  -7.00  87.24
 -48.00  -6.00  85.02
 -48.00  -5.00  83.14
 -48.00  -4.00  81.61
 -48.00  -3.00  80.42
 -48.00  -2.00  79.62
 -48.00  -1.00  79.26
 -48.00   0.00  79.39
 -48.00   1.00  80.08
 -48.00   2.00  81.33
 -48.00   3.00  83.07
 -48.00   4.00  85.16
 -48.00   5.00  87.39
 -48.00   6.00  89.45
 -48.00   7.00  91.06
 -48.00   8.00  91.93
 -48.00   9.00  91.83
 -48.00  10.00  90.62
 -48.00  11.00  88.28
 -48.00  12.00  84.90
 -48.00  13.00  80.66
 -48.00  14.00  75.80
 -48.00  15.00  70.63
 -48.00  16.00  65.43
 -48.00  17.00  60.49
 -48.00  18.00  56.05
 -48.00  19.00  52.32
 -48.00  20.00  49.43
 -48.00  21.00  47.48
 -48.00  22.00  46.49
 -48.00  23.00  46.40
 -48.00  24.00  47.10
 -48.00  25.00  48.40
 -48.00  26.00  50.07
 -48.00  27.00  51.83
 -47.00 -37.00  78.20
 -47.00 -36.00  77.21
 -47.00 -35.00  76.51
 -47.00 -34.00  76.24
 -47.00 -33.00  76.45
 -47.00 -32.00  77.08
 -47.00 -31.00  78.00
 -47.00 -30.00  79.02
 -47.00 -29.00  79.97
 -47.00 -28.00  80.72
 -47.00 -27.00  81.21
 -47.00 -26.00  81.52
 -47.00 -25.00  81.80
 -47.00 -24.00  82.29
 -47.00 -23.00  83.20
 -47.00 -22.00  84.70
 -47.00 -21.00  86.89
 -47.00 -20.00  89.69
 -47.00 -19.00  92.91
 -47.00 -18.00  96.25
 -47.00 -17.00  99.36
 -47.00 -16.00 101.89
 -47.00 -15.00 103.56
 -47.00 -14.00 104.20
 -47.00 -13.00 103.78
 -47.00 -12.00 102.40
 -47.00 -11.00 100.25
 -47.00 -10.00  97.61
 -47.00  -9.00  94.74
 -47.00  -8.00  91.86
 -47.00  -7.00  89.16
 -47.00  -6.00  86.74
 -47.00  -5.00  84.63
 -47.00  -4.00  82.84
 -47.00  -3.00  81.38
 -47.00  -2.00  80.26
 -47.00  -1.00  79.53
 -47.00   0.00  79.26
 -47.00   1.00  79.52
 -47.00   2.00  80.34
 -47.00   3.00  81.72
 -47.00   4.00  83.55
 -47.00   5.00  85.66
 -47.00   6.00  87.79
 -47.00   7.00  89.66
 -47.00   8.00  90.95
 -47.00   9.00  91.40
 -47.00  10.00  90.83
 -47.00  11.00  89.16
 -47.00  12.00  86.40
 -47.00  13.00  82.69
 -47.00  14.00  78.23
 -47.00  15.00  73.29
 -47.00  16.00  68.16
 -47.00  17.00  63.10
 -47.00  18.00  58.39
 -47.00  19.00  54.23
 -47.00  20.00  50.81
 -47.00  21.00  48.25
 -47.00  22.00  46.62
 -47.00  23.00  45.93
 -47.00  24.00  46.11
 -47.00  25.00  47.03
 -47.00  26.00  48.50
 -47.00  27.00  50.23
 -46.00 -37.00  78.98
 -46.00 -36.00  77.90
 -46.00 -35.00  77.01
 -46.00 -34.00  76.47
 -46.00 -33.00  76.37
 -46.00 -32.00  76.75
 -46.00 -31.00  77.51
 -46.00 -30.00  78.48
 -46.00 -29.00  79.50
 -46.00 -28.00  80.38
 -46.00 -27.00  81.02
 -46.00 -26.00  81.42
 -46.00 -25.00  81.70
 -46.00 -24.00  82.04
 -46.00 -23.00  82.67
 -46.00 -22.00  83.81
 -46.00 -21.00  85.61
 -46.00 -20.00  88.08
 -46.00 -19.00  91.11
 -46.00 -18.00  94.46
 -46.00 -17.00  97.80
 -46.00 -16.00 100.76
 -46.00 -15.00 103.02
 -46.00 -14.00 104.32
 -46.00 -13.00 104.55
 -46.00 -12.00 103.75
 -46.00 -11.00 102.04
 -46.00 -10.00  99.67
 -46.00  -9.00  96.91
 -46.00  -8.00  94.02
 -46.00  -7.00  91.20
 -46.00  -6.00  88.60
 -46.00  -5.00  86.28
 -46.00  -4.00  84.27
 -46.00  -3.00  82.57
 -46.00  -2.00  81.18
 -46.00  -1.00  80.14
 -46.00   0.00  79.51
 -46.00   1.00  79.36
 -46.00   2.00  79.76
 -46.00   3.00  80.73
 -46.00   4.00  82.23
 -46.00   5.00  84.13
 -46.00   6.00  86.23
 -46.00   7.00  88.23
 -46.00   8.00  89.85
 -46.00   9.00  90.79
 -46.00  10.00  90.82
 -46.00  11.00  89.80
 -46.00  12.00  87.69
 -46.00  13.00  84.56
 -46.00  14.00  80.58
 -46.00  15.00  75.96
 -46.00  16.00  70.99
 -46.00  17.00  65.92
 -46.00  18.00  61.03
 -46.00  19.00  56.54
 -46.00  20.00  52.65
 -46.00  21.00  49.53
 -46.00  22.00  47.28
 -46.00  23.00  45.95
 -46.00  24.00  45.54
 -46.00  25.00  45.98
 -46.00  26.00  47.10
 -46.00  27.00  48.68
 -45.00 -37.00  79.61
 -45.00 -36.00  78.52
 -45.00 -35.00  77.50
 -45.00 -34.00  76.73
 -45.00 -33.00  76.35
 -45.00 -32.00  76.44
 -45.00 -31.00  76.98
 -45.00 -30.00  77.83
 -45.00 -29.00  78.84
 -45.00 -28.00  79.82
 -45.00 -27.00  80.61
 -45.00 -26.00  81.15
 -45.00 -25.00  81.49
 -45.00 -24.00  81.77
 -45.00 -23.00  82.21
 -45.00 -22.00  83.04
 -45.00 -21.00  84.46
 -45.00 -20.00  86.56
 -45.00 -19.00  89.32
 -45.00 -18.00  92.56
 -45.00 -17.00  96.00
 -45.00 -16.00  99.29
 -45.00 -15.00 102.05
 -45.00 -14.00 103.99
 -45.00 -13.00 104.90
 -45.00 -12.00 104.73
 -45.00 -11.00 103.56
 -45.00 -10.00 101.57
 -45.00  -9.00  99.02
 -45.00  -8.00  96.17
 -45.00  -7.00  93.29
 -45.00  -6.00  90.54
 -45.00  -5.00  88.03
 -45.00  -4.00  85.82
 -45.00  -3.00  83.90
 -45.00  -2.00  82.29
 -45.00  -1.00  80.99
 -45.00   0.00  80.05
 -45.00   1.00  79.54
 -45.00   2.00  79.54
 -45.00   3.00  80.11
 -45.00   4.00  81.24
 -45.00   5.00  82.86
 -45.00   6.00  84.81
 -45.00   7.00  86.85
 -45.00   8.00  88.68
 -45.00   9.00  90.01
 -45.00  10.00  90.57
 -45.00  11.00  90.17
 -45.00  12.00  88.71
 -45.00  13.00  86.19
 -45.00  14.00  82.73
 -45.00  15.00  78.52
 -45.00  16.00  73.79
 -45.00  17.00  68.81
 -45.00  18.00  63.84
 -45.00  19.00  59.11
 -45.00  20.00  54.85
 -45.00  21.00  51.23
 -45.00  22.00  48.39
 -45.00  23.00  46.44
 -45.00  24.00  45.41
 -45.00  25.00  45.28
 -45.00  26.00  45.96
 -45.00  27.00  47.26
 -44.00 -37.00  80.06
 -44.00 -36.00  79.02
 -44.00 -35.00  77.94
 -44.00 -34.00  77.01
 -44.00 -33.00  76.39
 -44.00 -32.00  76.20
 -44.00 -31.00  76.47
 -44.00 -30.00  77.14
 -44.00 -29.00  78.07
 -44.00 -28.00  79.08
 -44.00 -27.00  79.99
 -44.00 -26.00  80.68
 -44.00 -25.00  81.14
 -44.00 -24.00  81.44
 -44.00 -23.00  81.78
 -44.00 -22.00  82.38
 -44.00 -21.00  83.46
 -44.00 -20.00  85.19
 -44.00 -19.00  87.62
 -44.00 -18.00  90.65
 -44.00 -17.00  94.07
 -44.00 -16.00  97.54
 -44.00 -15.00 100.71
 -44.00 -14.00 103.21
 -44.00 -13.00 104.79
 -44.00 -12.00 105.30
 -44.00 -11.00 104.73
 -44.00 -10.00 103.20
 -44.00  -9.00 100.96
 -44.00  -8.00  98.26
 -44.00  -7.00  95.37
 -44.00  -6.00  92.51
 -44.00  -5.00  89.84
 -44.00  -4.00  87.43
 -44.00  -3.00  85.32
 -44.00  -2.00  83.50
 -44.00  -1.00  81.99
 -44.00   0.00  80.79
 -44.00   1.00  79.99
 -44.00   2.00  79.64
 -44.00   3.00  79.82
 -44.00   4.00  80.57
 -44.00   5.00  81.87
 -44.00   6.00  83.60
 -44.00   7.00  85.56
 -44.00   8.00  87.49
 -44.00   9.00  89.10
 -44.00  10.00  90.10
 -44.00  11.00  90.26
 -44.00  12.00  89.41
 -44.00  13.00  87.52
 -44.00  14.00  84.62
 -44.00  15.00  80.87
 -44.00  16.00  76.47
 -44.00  17.00  71.66
 -44.00  18.00  66.69
 -44.00  19.00  61.82
 -44.00  20.00  57.27
 -44.00  21.00  53.23
 -44.00  22.00  49.88
 -44.00  23.00  47.34
 -44.00  24.00  45.69
 -44.00  25.00  44.97
 -44.00  26.00  45.13
 -44.00  27.00  46.04
 -43.00 -37.00  80.38
 -43.00 -36.00  79.43
 -43.00 -35.00  78.37
 -43.00 -34.00  77.34
 -43.00 -33.00  76.53
 -43.00 -32.00  76.09
 -43.00 -31.00  76.09
 -43.00 -30.00  76.53
 -43.00 -29.00  77.32
 -43.00 -28.00  78.30
 -43.00 -27.00  79.27
 -43.00 -26.00  80.08
 -43.00 -25.00  80.67
 -43.00 -24.00  81.04
 -43.00 -23.00  81.34
 -43.00 -22.00  81.78
 -43.00 -21.00  82.58
 -43.00 -20.00  83.96
 -43.00 -19.00  86.03
 -43.00 -18.00  88.78
 -43.00 -17.00  92.06
 -43.00 -16.00  95.61
 -43.00 -15.00  99.05
 -43.00 -14.00 102.03
 -43.00 -13.00 104.22
 -43.00 -12.00 105.39
 -43.00 -11.00 105.46
 -43.00 -10.00 104.48
 -43.00  -9.00 102.63
 -43.00  -8.00 100.15
 -43.00  -7.00  97.32
 -43.00  -6.00  94.41
 -43.00  -5.00  91.60
 -43.00  -4.00  89.01
 -43.00  -3.00  86.71
 -43.00  -2.00  84.71
 -43.00  -1.00  83.00
 -43.00   0.00  81.60
 -43.00   1.00  80.54
 -43.00   2.00  79.89
 -43.00   3.00  79.73
 -43.00   4.00  80.12
 -43.00   5.00  81.07
 -43.00   6.00  82.52
 -43.00   7.00  84.32
 -43.00   8.00  86.26
 -43.00   9.00  88.04
 -43.00  10.00  89.37
 -43.00  11.00  90.00
 -43.00  12.00  89.72
 -43.00  13.00  88.43
 -43.00  14.00  86.11
 -43.00  15.00  82.85
 -43.00  16.00  78.83
 -43.00  17.00  74.27
 -43.00  18.00  69.40
 -43.00  19.00  64.47
 -43.00  20.00  59.71
 -43.00  21.00  55.35
 -43.00  22.00  51.55
 -43.00  23.00  48.49
 -43.00  24.00  46.27
 -43.00  25.00  44.97
 -43.00  26.00  44.59
 -43.00  27.00  45.05
 -42.00 -37.00  80.55
 -42.00 -36.00  79.71
 -42.00 -35.00  78.71
 -42.00 -34.00  77.66
 -42.00 -33.00  76.72
 -42.00 -32.00  76.07
 -42.00 -31.00  75.82
 -42.00 -30.00  76.02
 -42.00 -29.00  76.62
 -42.00 -28.00  77.50
 -42.00 -27.00  78.47
 -42.00 -26.00  79.38
 -42.00 -25.00  80.08
 -42.00 -24.00  80.56
 -42.00 -23.00  80.89
 -42.00 -22.00  81.24
 -42.00 -21.00  81.83
 -42.00 -20.00  82.90
 -42.00 -19.00  84.62
 -42.00 -18.00  87.05
 -42.00 -17.00  90.12
 -42.00 -16.00  93.62
 -42.00 -15.00  97.22
 -42.00 -14.00 100.57
 -42.00 -13.00 103.28
 -42.00 -12.00 105.09
 -42.00 -11.00 105.80
 -42.00 -10.00 105.41
 -42.00  -9.00 104.03
 -42.00  -8.00 101.86
 -42.00  -7.00  99.18
 -42.00  -6.00  96.27
 -42.00  -5.00  93.36
 -42.00  -4.00  90.62
 -42.00  -3.00  88.13
 -42.00  -2.00  85.95
 -42.00  -1.00  84.06
 -42.00   0.00  82.48
 -42.00   1.00  81.21
 -42.00   2.00  80.31
 -42.00   3.00  79.85
 -42.00   4.00  79.91
 -42.00   5.00  80.52
 -42.00   6.00  81.67
 -42.00   7.00  83.25
 -42.00   8.00  85.09
 -42.00   9.00  86.94
 -42.00  10.00  88.51
 -42.00  11.00  89.52
 -42.00  12.00  89.74
 -42.00  13.00  89.00
 -42.00  14.00  87.25
 -42.00  15.00  84.51
 -42.00  16.00  80.92
 -42.00  17.00  76.66
 -42.00  18.00  71.96
 -42.00  19.00  67.06
 -42.00  20.00  62.19
 -42.00  21.00  57.58
 -42.00  22.00  53.42
 -42.00  23.00  49.90
 -42.00  24.00  47.16
 -42.00  25.00  45.29
 -42.00  26.00  44.36
 -42.00  27.00  44.33
 -41.00 -37.00  80.60
 -41.00 -36.00  79.86
 -41.00 -35.00  78.95
 -41.00 -34.00  77.93
 -41.00 -33.00  76.93
 -41.00 -32.00  76.11
 -41.00 -31.00  75.64
 -41.00 -30.00  75.60
 -41.00 -29.00  75.99
 -41.00 -28.00  76.72
 -41.00 -27.00  77.65
 -41.00 -26.00  78.60
 -41.00 -25.00  79.40
 -41.00 -24.00  80.00
 -41.00 -23.00  80.39
 -41.00 -22.00  80.71
 -41.00 -21.00  81.16
 -41.00 -20.00  81.98
 -41.00 -19.00  83.38
 -41.00 -18.00  85.47
 -41.00 -17.00  88.28
 -41.00 -16.00  91.64
 -41.00 -15.00  95.30
 -41.00 -14.00  98.89
 -41.00 -13.00 102.04
 -41.00 -12.00 104.41
 -41.00 -11.00 105.76
 -41.00 -10.00 105.99
 -41.00  -9.00 105.13
 -41.00  -8.00 103.35
 -41.00  -7.00 100.90
 -41.00  -6.00  98.06
 -41.00  -5.00  95.10
 -41.00  -4.00  92.23
 -41.00  -3.00  89.57
 -41.00  -2.00  87.21
 -41.00  -1.00  85.15
 -41.00   0.00  83.39
 -41.00   1.00  81.94
 -41.00   2.00  80.83
 -41.00   3.00  80.12
 -41.00   4.00  79.89
 -41.00   5.00  80.18
 -41.00   6.00  81.02
 -41.00   7.00  82.36
 -41.00   8.00  84.04
 -41.00   9.00  85.87
 -41.00  10.00  87.57
 -41.00  11.00  88.87
 -41.00  12.00  89.51
 -41.00  13.00  89.28
 -41.00  14.00  88.06
 -41.00  15.00  85.85
 -41.00  16.00  82.72
 -41.00  17.00  78.82
 -41.00  18.00  74.36
 -41.00  19.00  69.55
 -41.00  20.00  64.65
 -41.00  21.00  59.87
 -41.00  22.00  55.42
 -41.00  23.00  51.51
 -41.00  24.00  48.29
 -41.00  25.00  45.90
 -41.00  26.00  44.43
 -41.00  27.00  43.89
 -40.00 -37.00  80.55
 -40.00 -36.00  79.91
 -40.00 -35.00  79.10
 -40.00 -34.00  78.13
 -40.00 -33.00  77.12
 -40.00 -32.00  76.20
 -40.00 -31.00  75.55
 -40.00 -30.00  75.28
 -40.00 -29.00  75.45
 -40.00 -28.00  76.00
 -40.00 -27.00  76.84
 -40.00 -26.00  77.77
 -40.00 -25.00  78.65
 -40.00 -24.00  79.35
 -40.00 -23.00  79.83
 -40.00 -22.00  80.17
 -40.00 -21.00  80.54
 -40.00 -20.00  81.17
 -40.00 -19.00  82.28
 -40.00 -18.00  84.05
 -40.00 -17.00  86.55
 -40.00 -16.00  89.70
 -40.00 -15.00  93.31
 -40.00 -14.00  97.05
 -40.00 -13.00 100.54
 -40.00 -12.00 103.41
 -40.00 -11.00 105.36
 -40.00 -10.00 106.21
 -40.00  -9.00 105.93
 -40.00  -8.00 104.61
 -40.00  -7.00 102.46
 -40.00  -6.00  99.77
 -40.00  -5.00  96.82
 -40.00  -4.00  93.85
 -40.00  -3.00  91.04
 -40.00  -2.00  88.49
 -40.00  -1.00  86.25
 -40.00   0.00  84.32
 -40.00   1.00  82.71
 -40.00   2.00  81.42
 -40.00   3.00  80.50
 -40.00   4.00  80.01
 -40.00   5.00  80.02
 -40.00   6.00  80.56
 -40.00   7.00  81.62
 -40.00   8.00  83.10
 -40.00   9.00  84.84
 -40.00  10.00  86.60
 -40.00  11.00  88.10
 -40.00  12.00  89.07
 -40.00  13.00  89.29
 -40.00  14.00  88.58
 -40.00  15.00  86.89
 -40.00  16.00  84.24
 -40.00  17.00  80.74
 -40.00  18.00  76.57
 -40.00  19.00  71.93
 -40.00  20.00  67.05
 -40.00  21.00  62.18
 -40.00  22.00  57.51
 -40.00  23.00  53.27
 -40.00  24.00  49.63
 -40.00  25.00  46.76
 -40.00  26.00  44.76
 -40.00  27.00  43.71
 -39.00 -37.00  80.46
 -39.00 -36.00  79.87
 -39.00 -35.00  79.15
 -39.00 -34.00  78.27
 -39.00 -33.00  77.29
 -39.00 -32.00  76.32
 -39.00 -31.00  75.53
 -39.00 -30.00  75.06
 -39.00 -29.00  75.00
 -39.00 -28.00  75.36
 -39.00 -27.00  76.05
 -39.00 -26.00  76.94
 -39.00 -25.00  77.84
 -39.00 -24.00  78.62
 -39.00 -23.00  79.20
 -39.00 -22.00  79.60
 -39.00 -21.00  79.94
 -39.00 -20.00  80.42
 -39.00 -19.00  81.29
 -39.00 -18.00  82.75
 -39.00 -17.00  84.93
 -39.00 -16.00  87.82
 -39.00 -15.00  91.30
 -39.00 -14.00  95.08
 -39.00 -13.00  98.81
 -39.00 -12.00 102.11
 -39.00 -11.00 104.61
 -39.00 -10.00 106.08
 -39.00  -9.00 106.40
 -39.00  -8.00 105.60
 -39.00  -7.00 103.85
 -39.00  -6.00 101.39
 -39.00  -5.00  98.51
 -39.00  -4.00  95.49
 -39.00  -3.00  92.54
 -39.00  -2.00  89.82
 -39.00  -1.00  87.39
 -39.00   0.00  85.29
 -39.00   1.00  83.51
 -39.00   2.00  82.06
 -39.00   3.00  80.95
 -39.00   4.00  80.23
 -39.00   5.00  79.98
 -39.00   6.00  80.24
 -39.00   7.00  81.02
 -39.00   8.00  82.28
 -39.00   9.00  83.87
 -39.00  10.00  85.61
 -39.00  11.00  87.23
 -39.00  12.00  88.47
 -39.00  13.00  89.07
 -39.00  14.00  88.84
 -39.00  15.00  87.65
 -39.00  16.00  85.49
 -39.00  17.00  82.43
 -39.00  18.00  78.59
 -39.00  19.00  74.18
 -39.00  20.00  69.41
 -39.00  21.00  64.50
 -39.00  22.00  59.69
 -39.00  23.00  55.18
 -39.00  24.00  51.17
 -39.00  25.00  47.85
 -39.00  26.00  45.36
 -39.00  27.00  43.78
 -38.00 -37.00  80.35
 -38.00 -36.00  79.77
 -38.00 -35.00  79.13
 -38.00 -34.00  78.34
 -38.00 -33.00  77.42
 -38.00 -32.00  76.44
 -38.00 -31.00  75.56
 -38.00 -30.00  74.93
 -38.00 -29.00  74.66
 -38.00 -28.00  74.80
 -38.00 -27.00  75.32
 -38.00 -26.00  76.11
 -38.00 -25.00  77.00
 -38.00 -24.00  77.84
 -38.00 -23.00  78.51
 -38.00 -22.00  78.98
 -38.00 -21.00  79.33
 -38.00 -20.00  79.72
 -38.00 -19.00  80.39
 -38.00 -18.00  81.56
 -38.00 -17.00  83.41
 -38.00 -16.00  86.00
 -38.00 -15.00  89.27
 -38.00 -14.00  93.01
 -38.00 -13.00  96.88
 -38.00 -12.00 100.51
 -38.00 -11.00 103.52
 -38.00 -10.00 105.59
 -38.00  -9.00 106.54
 -38.00  -8.00 106.32
 -38.00  -7.00 105.03
 -38.00  -6.00 102.89
 -38.00  -5.00 100.16
 -38.00  -4.00  97.15
 -38.00  -3.00  94.10
 -38.00  -2.00  91.22
 -38.00  -1.00  88.60
 -38.00   0.00  86.32
 -38.00   1.00  84.36
 -38.00   2.00  82.74
 -38.00   3.00  81.45
 -38.00   4.00  80.54
 -38.00   5.00  80.05
 -38.00   6.00  80.04
 -38.00   7.00  80.55
 -38.00   8.00  81.55
 -38.00   9.00  82.97
 -38.00  10.00  84.62
 -38.00  11.00  86.30
 -38.00  12.00  87.73
 -38.00  13.00  88.65
 -38.00  14.00  88.84
 -38.00  15.00  88.15
 -38.00  16.00  86.49
 -38.00  17.00  83.89
 -38.00  18.00  80.45
 -38.00  19.00  76.32
 -38.00  20.00  71.71
 -38.00  21.00  66.84
 -38.00  22.00  61.94
 -38.00  23.00  57.23
 -38.00  24.00  52.91
 -38.00  25.00  49.18
 -38.00  26.00  46.21
 -38.00  27.00  44.13
 -37.00 -37.00  80.27
 -37.00 -36.00  79.65
 -37.00 -35.00  79.05
 -37.00 -34.00  78.36
 -37.00 -33.00  77.52
 -37.00 -32.00  76.57
 -37.00 -31.00  75.64
 -37.00 -30.00  74.88
 -37.00 -29.00  74.42
 -37.00 -28.00  74.34
 -37.00 -27.00  74.67
 -37.00 -26.00  75.32
 -37.00 -25.00  76.15
 -37.00 -24.00  77.01
 -37.00 -23.00  77.76
 -37.00 -22.00  78.31
 -37.00 -21.00  78.70
 -37.00 -20.00  79.05
 -37.00 -19.00  79.56
 -37.00 -18.00  80.48
 -37.00 -17.00  82.00
 -37.00 -16.00  84.26
 -37.00 -15.00  87.26
 -37.00 -14.00  90.85
 -37.00 -13.00  94.77
 -37.00 -12.00  98.65
 -37.00 -11.00 102.08
 -37.00 -10.00 104.73
 -37.00  -9.00 106.32
 -37.00  -8.00 106.73
 -37.00  -7.00 105.98
 -37.00  -6.00 104.24
 -37.00  -5.00 101.76
 -37.00  -4.00  98.83
 -37.00  -3.00  95.73
 -37.00  -2.00  92.71
 -37.00  -1.00  89.91
 -37.00   0.00  87.42
 -37.00   1.00  85.28
 -37.00   2.00  83.48
 -37.00   3.00  82.02
 -37.00   4.00  80.91
 -37.00   5.00  80.21
 -37.00   6.00  79.95
 -37.00   7.00  80.19
 -37.00   8.00  80.93
 -37.00   9.00  82.12
 -37.00  10.00  83.64
 -37.00  11.00  85.30
 -37.00  12.00  86.85
 -37.00  13.00  88.04
 -37.00  14.00  88.61
 -37.00  15.00  88.38
 -37.00  16.00  87.23
 -37.00  17.00  85.12
 -37.00  18.00  82.11
 -37.00  19.00  78.33
 -37.00  20.00  73.96
 -37.00  21.00  69.20
 -37.00  22.00  64.27
 -37.00  23.00  59.41
 -37.00  24.00  54.83
 -37.00  25.00  50.75
 -37.00  26.00  47.33
 -37.00  27.00  44.75
 -36.00 -37.00  80.25
 -36.00 -36.00  79.53
 -36.00 -35.00  78.94
 -36.00 -34.00  78.31
 -36.00 -33.00  77.56
 -36.00 -32.00  76.68
 -36.00 -31.00  75.75
 -36.00 -30.00  74.90
 -36.00 -29.00  74.28
 -36.00 -28.00  74.00
 -36.00 -27.00  74.12
 -36.00 -26.00  74.59
 -36.00 -25.00  75.33
 -36.00 -24.00  76.17
 -36.00 -23.00  76.96
 -36.00 -22.00  77.60
 -36.00 -21.00  78.05
 -36.00 -20.00  78.39
 -36.00 -19.00  78.80
 -36.00 -18.00  79.49
 -36.00 -17.00  80.71
 -36.00 -16.00  82.62
 -36.00 -15.00  85.29
 -36.00 -14.00  88.67
 -36.00 -13.00  92.53
 -36.00 -12.00  96.55
 -36.00 -11.00 100.33
 -36.00 -10.00 103.49
 -36.00  -9.00 105.71
 -36.00  -8.00 106.77
 -36.00  -7.00 106.64
 -36.00  -6.00 105.39
 -36.00  -5.00 103.25
 -36.00  -4.00 100.49
 -36.00  -3.00  97.41
 -36.00  -2.00  94.28
 -36.00  -1.00  91.31
 -36.00   0.00  88.62
 -36.00   1.00  86.28
 -36.00   2.00  84.29
 -36.00   3.00  82.64
 -36.00   4.00  81.36
 -36.00   5.00  80.44
 -36.00   6.00  79.95
 -36.00   7.00  79.93
 -36.00   8.00  80.40
 -36.00   9.00  81.36
 -36.00  10.00  82.70
 -36.00  11.00  84.28
 -36.00  12.00  85.89
 -36.00  13.00  87.27
 -36.00  14.00  88.16
 -36.00  15.00  88.36
 -36.00  16.00  87.69
 -36.00  17.00  86.09
 -36.00  18.00  83.55
 -36.00  19.00  80.17
 -36.00  20.00  76.10
 -36.00  21.00  71.52
 -36.00  22.00  66.65
 -36.00  23.00  61.71
 -36.00  24.00  56.93
 -36.00  25.00  52.53
 -36.00  26.00  48.71
 -36.00  27.00  45.65
 -35.00 -37.00  80.33
 -35.00 -36.00  79.45
 -35.00 -35.00  78.80
 -35.00 -34.00  78.22
 -35.00 -33.00  77.56
 -35.00 -32.00  76.76
 -35.00 -31.00  75.86
 -35.00 -30.00  74.97
 -35.00 -29.00  74.23
 -35.00 -28.00  73.77
 -35.00 -27.00  73.67
 -35.00 -26.00  73.96
 -35.00 -25.00  74.56
 -35.00 -24.00  75.35
 -35.00 -23.00  76.15
 -35.00 -22.00  76.85
 -35.00 -21.00  77.37
 -35.00 -20.00  77.74
 -35.00 -19.00  78.08
 -35.00 -18.00  78.60
 -35.00 -17.00  79.54
 -35.00 -16.00  81.11
 -35.00 -15.00  83.44
 -35.00 -14.00  86.53
 -35.00 -13.00  90.24
 -35.00 -12.00  94.29
 -35.00 -11.00  98.32
 -35.00 -10.00 101.92
 -35.00  -9.00 104.72
 -35.00  -8.00 106.44
 -35.00  -7.00 106.96
 -35.00  -6.00 106.28
 -35.00  -5.00 104.56
 -35.00  -4.00 102.07
 -35.00  -3.00  99.08
 -35.00  -2.00  95.91
 -35.00  -1.00  92.80
 -35.00   0.00  89.92
 -35.00   1.00  87.36
 -35.00   2.00  85.17
 -35.00   3.00  83.33
 -35.00   4.00  81.86
 -35.00   5.00  80.75
 -35.00   6.00  80.04
 -35.00   7.00  79.77
 -35.00   8.00  79.98
 -35.00   9.00  80.68
 -35.00  10.00  81.82
 -35.00  11.00  83.27
 -35.00  12.00  84.86
 -35.00  13.00  86.36
 -35.00  14.00  87.52
 -35.00  15.00  88.09
 -35.00  16.00  87.88
 -35.00  17.00  86.78
 -35.00  18.00  84.73
 -35.00  19.00  81.79
 -35.00  20.00  78.07
 -35.00  21.00  73.74
 -35.00  22.00  68.99
 -35.00  23.00  64.05
 -35.00  24.00  59.14
 -35.00  25.00  54.49
 -35.00  26.00  50.32
 -35.00  27.00  46.81
 -34.00 -37.00  80.52
 -34.00 -36.00  79.42
 -34.00 -35.00  78.67
 -34.00 -34.00  78.08
 -34.00 -33.00  77.49
 -34.00 -32.00  76.78
 -34.00 -31.00  75.95
 -34.00 -30.00  75.06
 -34.00 -29.00  74.24
 -34.00 -28.00  73.63
 -34.00 -27.00  73.35
 -34.00 -26.00  73.44
 -34.00 -25.00  73.88
 -34.00 -24.00  74.57
 -34.00 -23.00  75.36
 -34.00 -22.00  76.10
 -34.00 -21.00  76.68
 -34.00 -20.00  77.09
 -34.00 -19.00  77.41
 -34.00 -18.00  77.81
 -34.00 -17.00  78.52
 -34.00 -16.00  79.78
 -34.00 -15.00  81.75
 -34.00 -14.00  84.52
 -34.00 -13.00  88.01
 -34.00 -12.00  92.00
 -34.00 -11.00  96.17
 -34.00 -10.00 100.10
 -34.00  -9.00 103.41
 -34.00  -8.00 105.75
 -34.00  -7.00 106.91
 -34.00  -6.00 106.84
 -34.00  -5.00 105.62
 -34.00  -4.00 103.47
 -34.00  -3.00 100.67
 -34.00  -2.00  97.52
 -34.00  -1.00  94.32
 -34.00   0.00  91.27
 -34.00   1.00  88.51
 -34.00   2.00  86.11
 -34.00   3.00  84.08
 -34.00   4.00  82.41
 -34.00   5.00  81.12
 -34.00   6.00  80.20
 -34.00   7.00  79.70
 -34.00   8.00  79.67
 -34.00   9.00  80.11
 -34.00  10.00  81.02
 -34.00  11.00  82.31
 -34.00  12.00  83.84
 -34.00  13.00  85.39
 -34.00  14.00  86.73
 -34.00  15.00  87.61
 -34.00  16.00  87.80
 -34.00  17.00  87.16
 -34.00  18.00  85.60
 -34.00  19.00  83.11
 -34.00  20.00  79.78
 -34.00  21.00  75.75
 -34.00  22.00  71.19
 -34.00  23.00  66.31
 -34.00  24.00  61.35
 -34.00  25.00  56.52
 -34.00  26.00  52.05
 -34.00  27.00  48.16
 -33.00 -37.00  80.81
 -33.00 -36.00  79.45
 -33.00 -35.00  78.55
 -33.00 -34.00  77.92
 -33.00 -33.00  77.36
 -33.00 -32.00  76.73
 -33.00 -31.00  75.97
 -33.00 -30.00  75.12
 -33.00 -29.00  74.27
 -33.00 -28.00  73.56
 -33.00 -27.00  73.12
 -33.00 -26.00  73.03
 -33.00 -25.00  73.31
 -33.00 -24.00  73.88
 -33.00 -23.00  74.62
 -33.00 -22.00  75.37
 -33.00 -21.00  76.00
 -33.00 -20.00  76.47
 -33.00 -19.00  76.79
 -33.00 -18.00  77.11
 -33.00 -17.00  77.65
 -33.00 -16.00  78.63
 -33.00 -15.00  80.28
 -33.00 -14.00  82.73
 -33.00 -13.00  85.96
 -33.00 -12.00  89.82
 -33.00 -11.00  94.02
 -33.00 -10.00  98.19
 -33.00  -9.00 101.90
 -33.00  -8.00 104.77
 -33.00  -7.00 106.54
 -33.00  -6.00 107.07
 -33.00  -5.00 106.37
 -33.00  -4.00 104.61
 -33.00  -3.00 102.05
 -33.00  -2.00  99.00
 -33.00  -1.00  95.76
 -33.00   0.00  92.59
 -33.00   1.00  89.65
 -33.00   2.00  87.05
 -33.00   3.00  84.83
 -33.00   4.00  82.98
 -33.00   5.00  81.50
 -33.00   6.00  80.40
 -33.00   7.00  79.70
 -33.00   8.00  79.44
 -33.00   9.00  79.65
 -33.00  10.00  80.34
 -33.00  11.00  81.45
 -33.00  12.00  82.87
 -33.00  13.00  84.41
 -33.00  14.00  85.86
 -33.00  15.00  86.97
 -33.00  16.00  87.50
 -33.00  17.00  87.26
 -33.00  18.00  86.14
 -33.00  19.00  84.09
 -33.00  20.00  81.16
 -33.00  21.00  77.44
 -33.00  22.00  73.11
 -33.00  23.00  68.36
 -33.00  24.00  63.40
 -33.00  25.00  58.47
 -33.00  26.00  53.79
 -33.00  27.00  49.58
 -32.00 -37.00  81.14
 -32.00 -36.00  79.53
 -32.00 -35.00  78.45
 -32.00 -34.00  77.74
 -32.00 -33.00  77.18
 -32.00 -32.00  76.61
 -32.00 -31.00  75.93
 -32.00 -30.00  75.13
 -32.00 -29.00  74.28
 -32.00 -28.00  73.51
 -32.00 -27.00  72.95
 -32.00 -26.00  72.72
 -32.00 -25.00  72.84
 -32.00 -24.00  73.30
 -32.00 -23.00  73.97
 -32.00 -22.00  74.70
 -32.00 -21.00  75.37
 -32.00 -20.00  75.87
 -32.00 -19.00  76.22
 -32.00 -18.00  76.50
 -32.00 -17.00  76.91
 -32.00 -16.00  77.68
 -32.00 -15.00  79.06
 -32.00 -14.00  81.22
 -32.00 -13.00  84.19
 -32.00 -12.00  87.89
 -32.00 -11.00  92.06
 -32.00 -10.00  96.36
 -32.00  -9.00 100.37
 -32.00  -8.00 103.68
 -32.00  -7.00 105.96
 -32.00  -6.00 107.01
 -32.00  -5.00 106.81
 -32.00  -4.00 105.45
 -32.00  -3.00 103.16
 -32.00  -2.00 100.25
 -32.00  -1.00  97.02
 -32.00   0.00  93.77
 -32.00   1.00  90.69
 -32.00   2.00  87.92
 -32.00   3.00  85.52
 -32.00   4.00  83.51
 -32.00   5.00  81.87
 -32.00   6.00  80.60
 -32.00   7.00  79.73
 -32.00   8.00  79.27
 -32.00   9.00  79.28
 -32.00  10.00  79.77
 -32.00  11.00  80.70
 -32.00  12.00  82.00
 -32.00  13.00  83.50
 -32.00  14.00  85.00
 -32.00  15.00  86.26
 -32.00  16.00  87.04
 -32.00  17.00  87.13
 -32.00  18.00  86.37
 -32.00  19.00  84.71
 -32.00  20.00  82.13
 -32.00  21.00  78.73
 -32.00  22.00  74.64
 -32.00  23.00  70.03
 -32.00  24.00  65.13
 -32.00  25.00  60.16
 -32.00  26.00  55.33
 -32.00  27.00  50.89
 -31.00 -37.00  81.42
 -31.00 -36.00  79.58
 -31.00 -35.00  78.34
 -31.00 -34.00  77.53
 -31.00 -33.00  76.96
 -31.00 -32.00  76.43
 -31.00 -31.00  75.81
 -31.00 -30.00  75.07
 -31.00 -29.00  74.24
 -31.00 -28.00  73.44
 -31.00 -27.00  72.81
 -31.00 -26.00  72.47
 -31.00 -25.00  72.48
 -31.00 -24.00  72.83
 -31.00 -23.00  73.43
 -31.00 -22.00  74.14
 -31.00 -21.00  74.81
 -31.00 -20.00  75.34
 -31.00 -19.00  75.70
 -31.00 -18.00  75.96
 -31.00 -17.00  76.28
 -31.00 -16.00  76.91
 -31.00 -15.00  78.09
 -31.00 -14.00  80.02
 -31.00 -13.00  82.78
 -31.00 -12.00  86.33
 -31.00 -11.00  90.45
 -31.00 -10.00  94.82
 -31.00  -9.00  99.03
 -31.00  -8.00 102.64
 -31.00  -7.00 105.31
 -31.00  -6.00 106.79
 -31.00  -5.00 106.99
 -31.00  -4.00 105.96
 -31.00  -3.00 103.93
 -31.00  -2.00 101.16
 -31.00  -1.00  97.98
 -31.00   0.00  94.68
 -31.00   1.00  91.51
 -31.00   2.00  88.61
 -31.00   3.00  86.08
 -31.00   4.00  83.93
 -31.00   5.00  82.15
 -31.00   6.00  80.75
 -31.00   7.00  79.73
 -31.00   8.00  79.13
 -31.00   9.00  78.97
 -31.00  10.00  79.29
 -31.00  11.00  80.08
 -31.00  12.00  81.26
 -31.00  13.00  82.70
 -31.00  14.00  84.22
 -31.00  15.00  85.57
 -31.00  16.00  86.52
 -31.00  17.00  86.84
 -31.00  18.00  86.36
 -31.00  19.00  84.99
 -31.00  20.00  82.70
 -31.00  21.00  79.56
 -31.00  22.00  75.67
 -31.00  23.00  71.22
 -31.00  24.00  66.39
 -31.00  25.00  61.42
 -31.00  26.00  56.51
 -31.00  27.00  51.92
 -30.00 -37.00  81.90
 -30.00 -36.00  79.96
 -30.00 -35.00  78.68
 -30.00 -34.00  77.89
 -30.00 -33.00  77.38
 -30.00 -32.00  76.94
 -30.00 -31.00  76.42
 -30.00 -30.00  75.76
 -30.00 -29.00  74.97
 -30.00 -28.00  74.17
 -30.00 -27.00  73.50
 -30.00 -26.00  73.09
 -30.00 -25.00  73.02
 -30.00 -24.00  73.31
 -30.00 -23.00  73.86
 -30.00 -22.00  74.54
 -30.00 -21.00  75.19
 -30.00 -20.00  75.70
 -30.00 -19.00  76.01
 -30.00 -18.00  76.17
 -30.00 -17.00  76.37
 -30.00 -16.00  76.82
 -30.00 -15.00  77.80
 -30.00 -14.00  79.52
 -30.00 -13.00  82.10
 -30.00 -12.00  85.52
 -30.00 -11.00  89.59
 -30.00 -10.00  93.99
 -30.00  -9.00  98.29
 -30.00  -8.00 102.08
 -30.00  -7.00 104.95
 -30.00  -6.00 106.64
 -30.00  -5.00 107.03
 -30.00  -4.00 106.18
 -30.00  -3.00 104.26
 -30.00  -2.00 101.58
 -30.00  -1.00  98.44
 -30.00   0.00  95.16
 -30.00   1.00  91.98
 -30.00   2.00  89.06
 -30.00   3.00  86.47
 -30.00   4.00  84.25
 -30.00   5.00  82.38
 -30.00   6.00  80.86
 -30.00   7.00  79.70
 -30.00   8.00  78.92
 -30.00   9.00  78.59
 -30.00  10.00  78.74
 -30.00  11.00  79.38
 -30.00  12.00  80.45
 -30.00  13.00  81.84
 -30.00  14.00  83.35
 -30.00  15.00  84.74
 -30.00  16.00  85.78
 -30.00  17.00  86.23
 -30.00  18.00  85.91
 -30.00  19.00  84.72
 -30.00  20.00  82.62
 -30.00  21.00  79.67
 -30.00  22.00  75.98
 -30.00  23.00  71.70
 -30.00  24.00  67.03
 -30.00  25.00  62.16
 -30.00  26.00  57.32
 -30.00  27.00  52.72
