 -83.00 -37.00  56.49
 -83.00 -36.00  58.33
 -83.00 -35.00  60.71
 -83.00 -34.00  63.83
 -83.00 -33.00  67.82
 -83.00 -32.00  72.71
 -83.00 -31.00  78.40
 -83.00 -30.00  84.65
 -83.00 -29.00  91.11
 -83.00 -28.00  97.34
 -83.00 -27.00 102.92
 -83.00 -26.00 107.46
 -83.00 -25.00 110.71
 -83.00 -24.00 112.55
 -83.00 -23.00 113.05
 -83.00 -22.00 112.41
 -83.00 -21.00 110.93
 -83.00 -20.00 108.95
 -83.00 -19.00 106.79
 -83.00 -18.00 104.73
 -83.00 -17.00 102.93
 -83.00 -16.00 101.46
 -83.00 -15.00 100.31
 -83.00 -14.00  99.46
 -83.00 -13.00  98.84
 -83.00 -12.00  98.45
 -83.00 -11.00  98.33
 -83.00 -10.00  98.57
 -83.00  -9.00  99.28
 -83.00  -8.00 100.57
 -83.00  -7.00 102.50
 -83.00  -6.00 105.02
 -83.00  -5.00 108.00
 -83.00  -4.00 111.17
 -83.00  -3.00 114.21
 -83.00  -2.00 116.74
 -83.00  -1.00 118.38
 -83.00   0.00 118.85
 -83.00   1.00 117.99
 -83.00   2.00 115.78
 -83.00   3.00 112.35
 -83.00   4.00 107.98
 -83.00   5.00 103.02
 -83.00   6.00  97.87
 -83.00   7.00  92.90
 -83.00   8.00  88.43
 -83.00   9.00  84.65
 -83.00  10.00  81.65
 -83.00  11.00  79.42
 -83.00  12.00  77.84
 -83.00  13.00  76.76
 -83.00  14.00  76.03
 -83.00  15.00  75.51
 -83.00  16.00  75.09
 -83.00  17.00  74.73
 -83.00  18.00  74.42
 -83.00  19.00  74.20
 -83.00  20.00  74.08
 -83.00  21.00  74.10
 -83.00  22.00  74.25
 -83.00  23.00  74.53
 -83.00  24.00  74.89
 -83.00  25.00  75.33
 -83.00  26.00  75.84
 -83.00  27.00  76.45
 -82.00 -37.00  56.48
 -82.00 -36.00  58.37
 -82.00 -35.00  60.84
 -82.00 -34.00  64.07
 -82.00 -33.00  68.20
 -82.00 -32.00  73.23
 -82.00 -31.00  79.06
 -82.00 -30.00  85.42
 -82.00 -29.00  91.95
 -82.00 -28.00  98.20
 -82.00 -27.00 103.73
 -82.00 -26.00 108.17
 -82.00 -25.00 111.29
 -82.00 -24.00 112.98
 -82.00 -23.00 113.32
 -82.00 -22.00 112.54
 -82.00 -21.00 110.95
 -82.00 -20.00 108.90
 -82.00 -19.00 106.71
 -82.00 -18.00 104.65
 -82.00 -17.00 102.86
 -82.00 -16.00 101.41
 -82.00 -15.00 100.28
 -82.00 -14.00  99.44
 -82.00 -13.00  98.82
 -82.00 -12.00  98.43
 -82.00 -11.00  98.30
 -82.00 -10.00  98.53
 -82.00  -9.00  99.24
 -82.00  -8.00 100.53
 -82.00  -7.00 102.47
 -82.00  -6.00 105.00
 -82.00  -5.00 107.98
 -82.00  -4.00 111.14
 -82.00  -3.00 114.13
 -82.00  -2.00 116.58
 -82.00  -1.00 118.12
 -82.00   0.00 118.46
 -82.00   1.00 117.45
 -82.00   2.00 115.08
 -82.00   3.00 111.50
 -82.00   4.00 106.99
 -82.00   5.00 101.91
 -82.00   6.00  96.68
 -82.00   7.00  91.66
 -82.00   8.00  87.17
 -82.00   9.00  83.40
 -82.00  10.00  80.43
 -82.00  11.00  78.25
 -82.00  12.00  76.73
 -82.00  13.00  75.72
 -82.00  14.00  75.07
 -82.00  15.00  74.62
 -82.00  16.00  74.28
 -82.00  17.00  73.99
 -82.00  18.00  73.75
 -82.00  19.00  73.58
 -82.00  20.00  73.49
 -82.00  21.00  73.52
 -82.00  22.00  73.66
 -82.00  23.00  73.89
 -82.00  24.00  74.20
 -82.00  25.00  74.56
 -82.00  26.00  74.99
 -82.00  27.00  75.54
 -81.00 -37.00  56.44
 -81.00 -36.00  58.36
 -81.00 -35.00  60.89
 -81.00 -34.00  64.21
 -81.00 -33.00  68.45
 -81.00 -32.00  73.61
 -81.00 -31.00  79.55
 -81.00 -30.00  86.01
 -81.00 -29.00  92.60
 -81.00 -28.00  98.86
 -81.00 -27.00 104.37
 -81.00 -26.00 108.75
 -81.00 -25.00 111.77
 -81.00 -24.00 113.34
 -81.00 -23.00 113.57
 -81.00 -22.00 112.68
 -81.00 -21.00 111.01
 -81.00 -20.00 108.90
 -81.00 -19.00 106.69
 -81.00 -18.00 104.61
 -81.00 -17.00 102.83
 -81.00 -16.00 101.39
 -81.00 -15.00 100.27
 -81.00 -14.00  99.43
 -81.00 -13.00  98.81
 -81.00 -12.00  98.40
 -81.00 -11.00  98.24
 -81.00 -10.00  98.45
 -81.00  -9.00  99.14
 -81.00  -8.00 100.43
 -81.00  -7.00 102.35
 -81.00  -6.00 104.88
 -81.00  -5.00 107.85
 -81.00  -4.00 110.99
 -81.00  -3.00 113.95
 -81.00  -2.00 116.35
 -81.00  -1.00 117.81
 -81.00   0.00 118.05
 -81.00   1.00 116.93
 -81.00   2.00 114.43
 -81.00   3.00 110.73
 -81.00   4.00 106.10
 -81.00   5.00 100.92
 -81.00   6.00  95.60
 -81.00   7.00  90.53
 -81.00   8.00  86.00
 -81.00   9.00  82.22
 -81.00  10.00  79.27
 -81.00  11.00  77.11
 -81.00  12.00  75.63
 -81.00  13.00  74.69
 -81.00  14.00  74.10
 -81.00  15.00  73.72
 -81.00  16.00  73.46
 -81.00  17.00  73.24
 -81.00  18.00  73.06
 -81.00  19.00  72.93
 -81.00  20.00  72.88
 -81.00  21.00  72.91
 -81.00  22.00  73.02
 -81.00  23.00  73.20
 -81.00  24.00  73.44
 -81.00  25.00  73.72
 -81.00  26.00  74.08
 -81.00  27.00  74.57
 -80.00 -37.00  56.36
 -80.00 -36.00  58.30
 -80.00 -35.00  60.88
 -80.00 -34.00  64.27
 -80.00 -33.00  68.59
 -80.00 -32.00  73.85
 -80.00 -31.00  79.88
 -80.00 -30.00  86.43
 -80.00 -29.00  93.07
 -80.00 -28.00  99.37
 -80.00 -27.00 104.87
 -80.00 -26.00 109.21
 -80.00 -25.00 112.17
 -80.00 -24.00 113.66
 -80.00 -23.00 113.81
 -80.00 -22.00 112.84
 -80.00 -21.00 111.10
 -80.00 -20.00 108.95
 -80.00 -19.00 106.70
 -80.00 -18.00 104.61
 -80.00 -17.00 102.83
 -80.00 -16.00 101.39
 -80.00 -15.00 100.28
 -80.00 -14.00  99.43
 -80.00 -13.00  98.79
 -80.00 -12.00  98.35
 -80.00 -11.00  98.17
 -80.00 -10.00  98.35
 -80.00  -9.00  99.01
 -80.00  -8.00 100.26
 -80.00  -7.00 102.16
 -80.00  -6.00 104.67
 -80.00  -5.00 107.62
 -80.00  -4.00 110.74
 -80.00  -3.00 113.68
 -80.00  -2.00 116.04
 -80.00  -1.00 117.45
 -80.00   0.00 117.62
 -80.00   1.00 116.42
 -80.00   2.00 113.83
 -80.00   3.00 110.02
 -80.00   4.00 105.29
 -80.00   5.00 100.02
 -80.00   6.00  94.62
 -80.00   7.00  89.48
 -80.00   8.00  84.91
 -80.00   9.00  81.10
 -80.00  10.00  78.14
 -80.00  11.00  75.99
 -80.00  12.00  74.55
 -80.00  13.00  73.65
 -80.00  14.00  73.13
 -80.00  15.00  72.82
 -80.00  16.00  72.62
 -80.00  17.00  72.47
 -80.00  18.00  72.35
 -80.00  19.00  72.27
 -80.00  20.00  72.23
 -80.00  21.00  72.25
 -80.00  22.00  72.34
 -80.00  23.00  72.47
 -80.00  24.00  72.63
 -80.00  25.00  72.83
 -80.00  26.00  73.11
 -80.00  27.00  73.54
 -79.00 -37.00  56.25
 -79.00 -36.00  58.20
 -79.00 -35.00  60.81
 -79.00 -34.00  64.25
 -79.00 -33.00  68.64
 -79.00 -32.00  73.97
 -79.00 -31.00  80.09
 -79.00 -30.00  86.70
 -79.00 -29.00  93.40
 -79.00 -28.00  99.74
 -79.00 -27.00 105.26
 -79.00 -26.00 109.59
 -79.00 -25.00 112.51
 -79.00 -24.00 113.95
 -79.00 -23.00 114.04
 -79.00 -22.00 113.02
 -79.00 -21.00 111.22
 -79.00 -20.00 109.03
 -79.00 -19.00 106.75
 -79.00 -18.00 104.64
 -79.00 -17.00 102.85
 -79.00 -16.00 101.41
 -79.00 -15.00 100.29
 -79.00 -14.00  99.42
 -79.00 -13.00  98.76
 -79.00 -12.00  98.30
 -79.00 -11.00  98.08
 -79.00 -10.00  98.22
 -79.00  -9.00  98.83
 -79.00  -8.00 100.04
 -79.00  -7.00 101.91
 -79.00  -6.00 104.39
 -79.00  -5.00 107.32
 -79.00  -4.00 110.42
 -79.00  -3.00 113.33
 -79.00  -2.00 115.67
 -79.00  -1.00 117.04
 -79.00   0.00 117.18
 -79.00   1.00 115.91
 -79.00   2.00 113.26
 -79.00   3.00 109.37
 -79.00   4.00 104.56
 -79.00   5.00  99.20
 -79.00   6.00  93.71
 -79.00   7.00  88.50
 -79.00   8.00  83.86
 -79.00   9.00  80.01
 -79.00  10.00  77.03
 -79.00  11.00  74.89
 -79.00  12.00  73.47
 -79.00  13.00  72.61
 -79.00  14.00  72.14
 -79.00  15.00  71.90
 -79.00  16.00  71.77
 -79.00  17.00  71.69
 -79.00  18.00  71.62
 -79.00  19.00  71.57
 -79.00  20.00  71.55
 -79.00  21.00  71.56
 -79.00  22.00  71.61
 -79.00  23.00  71.68
 -79.00  24.00  71.77
 -79.00  25.00  71.89
 -79.00  26.00  72.09
 -79.00  27.00  72.45
 -78.00 -37.00  56.12
 -78.00 -36.00  58.08
 -78.00 -35.00  60.70
 -78.00 -34.00  64.18
 -78.00 -33.00  68.62
 -78.00 -32.00  74.01
 -78.00 -31.00  80.19
 -78.00 -30.00  86.87
 -78.00 -29.00  93.63
 -78.00 -28.00 100.01
 -78.00 -27.00 105.55
 -78.00 -26.00 109.89
 -78.00 -25.00 112.80
 -78.00 -24.00 114.21
 -78.00 -23.00 114.26
 -78.00 -22.00 113.19
 -78.00 -21.00 111.36
 -78.00 -20.00 109.12
 -78.00 -19.00 106.82
 -78.00 -18.00 104.69
 -78.00 -17.00 102.88
 -78.00 -16.00 101.42
 -78.00 -15.00 100.29
 -78.00 -14.00  99.41
 -78.00 -13.00  98.73
 -78.00 -12.00  98.23
 -78.00 -11.00  97.97
 -78.00 -10.00  98.06
 -78.00  -9.00  98.62
 -78.00  -8.00  99.79
 -78.00  -7.00 101.61
 -78.00  -6.00 104.05
 -78.00  -5.00 106.95
 -78.00  -4.00 110.03
 -78.00  -3.00 112.92
 -78.00  -2.00 115.24
 -78.00  -1.00 116.60
 -78.00   0.00 116.71
 -78.00   1.00 115.41
 -78.00   2.00 112.70
 -78.00   3.00 108.75
 -78.00   4.00 103.86
 -78.00   5.00  98.41
 -78.00   6.00  92.85
 -78.00   7.00  87.55
 -78.00   8.00  82.85
 -78.00   9.00  78.95
 -78.00  10.00  75.93
 -78.00  11.00  73.78
 -78.00  12.00  72.38
 -78.00  13.00  71.55
 -78.00  14.00  71.13
 -78.00  15.00  70.95
 -78.00  16.00  70.89
 -78.00  17.00  70.87
 -78.00  18.00  70.85
 -78.00  19.00  70.83
 -78.00  20.00  70.82
 -78.00  21.00  70.83
 -78.00  22.00  70.84
 -78.00  23.00  70.86
 -78.00  24.00  70.87
 -78.00  25.00  70.91
 -78.00  26.00  71.03
 -78.00  27.00  71.32
 -77.00 -37.00  55.98
 -77.00 -36.00  57.94
 -77.00 -35.00  60.57
 -77.00 -34.00  64.07
 -77.00 -33.00  68.54
 -77.00 -32.00  73.98
 -77.00 -31.00  80.22
 -77.00 -30.00  86.95
 -77.00 -29.00  93.77
 -77.00 -28.00 100.20
 -77.00 -27.00 105.78
 -77.00 -26.00 110.13
 -77.00 -25.00 113.04
 -77.00 -24.00 114.45
 -77.00 -23.00 114.47
 -77.00 -22.00 113.37
 -77.00 -21.00 111.50
 -77.00 -20.00 109.23
 -77.00 -19.00 106.89
 -77.00 -18.00 104.74
 -77.00 -17.00 102.91
 -77.00 -16.00 101.44
 -77.00 -15.00 100.29
 -77.00 -14.00  99.39
 -77.00 -13.00  98.69
 -77.00 -12.00  98.15
 -77.00 -11.00  97.85
 -77.00 -10.00  97.88
 -77.00  -9.00  98.39
 -77.00  -8.00  99.49
 -77.00  -7.00 101.26
 -77.00  -6.00 103.66
 -77.00  -5.00 106.52
 -77.00  -4.00 109.58
 -77.00  -3.00 112.46
 -77.00  -2.00 114.77
 -77.00  -1.00 116.12
 -77.00   0.00 116.21
 -77.00   1.00 114.88
 -77.00   2.00 112.14
 -77.00   3.00 108.14
 -77.00   4.00 103.18
 -77.00   5.00  97.66
 -77.00   6.00  92.00
 -77.00   7.00  86.63
 -77.00   8.00  81.85
 -77.00   9.00  77.89
 -77.00  10.00  74.83
 -77.00  11.00  72.67
 -77.00  12.00  71.27
 -77.00  13.00  70.47
 -77.00  14.00  70.10
 -77.00  15.00  69.98
 -77.00  16.00  69.98
 -77.00  17.00  70.01
 -77.00  18.00  70.05
 -77.00  19.00  70.06
 -77.00  20.00  70.07
 -77.00  21.00  70.05
 -77.00  22.00  70.03
 -77.00  23.00  69.99
 -77.00  24.00  69.93
 -77.00  25.00  69.88
 -77.00  26.00  69.91
 -77.00  27.00  70.14
 -76.00 -37.00  56.36
 -76.00 -36.00  58.25
 -76.00 -35.00  60.81
 -76.00 -34.00  64.24
 -76.00 -33.00  68.64
 -76.00 -32.00  74.01
 -76.00 -31.00  80.19
 -76.00 -30.00  86.88
 -76.00 -29.00  93.66
 -76.00 -28.00 100.06
 -76.00 -27.00 105.62
 -76.00 -26.00 109.96
 -76.00 -25.00 112.85
 -76.00 -24.00 114.23
 -76.00 -23.00 114.22
 -76.00 -22.00 113.07
 -76.00 -21.00 111.13
 -76.00 -20.00 108.78
 -76.00 -19.00 106.35
 -76.00 -18.00 104.12
 -76.00 -17.00 102.21
 -76.00 -16.00 100.68
 -76.00 -15.00  99.49
 -76.00 -14.00  98.57
 -76.00 -13.00  97.85
 -76.00 -12.00  97.32
 -76.00 -11.00  97.01
 -76.00 -10.00  97.03
 -76.00  -9.00  97.50
 -76.00  -8.00  98.56
 -76.00  -7.00 100.26
 -76.00  -6.00 102.57
 -76.00  -5.00 105.34
 -76.00  -4.00 108.30
 -76.00  -3.00 111.10
 -76.00  -2.00 113.33
 -76.00  -1.00 114.62
 -76.00   0.00 114.66
 -76.00   1.00 113.28
 -76.00   2.00 110.49
 -76.00   3.00 106.43
 -76.00   4.00 101.40
 -76.00   5.00  95.80
 -76.00   6.00  90.05
 -76.00   7.00  84.57
 -76.00   8.00  79.70
 -76.00   9.00  75.67
 -76.00  10.00  72.57
 -76.00  11.00  70.39
 -76.00  12.00  69.03
 -76.00  13.00  68.32
 -76.00  14.00  68.07
 -76.00  15.00  68.09
 -76.00  16.00  68.25
 -76.00  17.00  68.43
 -76.00  18.00  68.59
 -76.00  19.00  68.69
 -76.00  20.00  68.73
 -76.00  21.00  68.69
 -76.00  22.00  68.59
 -76.00  23.00  68.42
 -76.00  24.00  68.20
 -76.00  25.00  67.98
 -76.00  26.00  67.83
 -76.00  27.00  67.89
 -75.00 -37.00  56.76
 -75.00 -36.00  58.57
 -75.00 -35.00  61.05
 -75.00 -34.00  64.38
 -75.00 -33.00  68.69
 -75.00 -32.00  73.97
 -75.00 -31.00  80.07
 -75.00 -30.00  86.69
 -75.00 -29.00  93.43
 -75.00 -28.00  99.80
 -75.00 -27.00 105.35
 -75.00 -26.00 109.69
 -75.00 -25.00 112.58
 -75.00 -24.00 113.96
 -75.00 -23.00 113.92
 -75.00 -22.00 112.73
 -75.00 -21.00 110.73
 -75.00 -20.00 108.31
 -75.00 -19.00 105.80
 -75.00 -18.00 103.47
 -75.00 -17.00 101.48
 -75.00 -16.00  99.89
 -75.00 -15.00  98.65
 -75.00 -14.00  97.70
 -75.00 -13.00  96.97
 -75.00 -12.00  96.43
 -75.00 -11.00  96.11
 -75.00 -10.00  96.12
 -75.00  -9.00  96.56
 -75.00  -8.00  97.56
 -75.00  -7.00  99.19
 -75.00  -6.00 101.40
 -75.00  -5.00 104.07
 -75.00  -4.00 106.93
 -75.00  -3.00 109.64
 -75.00  -2.00 111.79
 -75.00  -1.00 113.02
 -75.00   0.00 113.02
 -75.00   1.00 111.61
 -75.00   2.00 108.78
 -75.00   3.00 104.69
 -75.00   4.00  99.60
 -75.00   5.00  93.93
 -75.00   6.00  88.10
 -75.00   7.00  82.53
 -75.00   8.00  77.57
 -75.00   9.00  73.45
 -75.00  10.00  70.30
 -75.00  11.00  68.11
 -75.00  12.00  66.77
 -75.00  13.00  66.14
 -75.00  14.00  66.00
 -75.00  15.00  66.16
 -75.00  16.00  66.48
 -75.00  17.00  66.82
 -75.00  18.00  67.10
 -75.00  19.00  67.29
 -75.00  20.00  67.36
 -75.00  21.00  67.31
 -75.00  22.00  67.13
 -75.00  23.00  66.83
 -75.00  24.00  66.45
 -75.00  25.00  66.04
 -75.00  26.00  65.72
 -75.00  27.00  65.61
 -74.00 -37.00  57.17
 -74.00 -36.00  58.89
 -74.00 -35.00  61.25
 -74.00 -34.00  64.47
 -74.00 -33.00  68.66
 -74.00 -32.00  73.82
 -74.00 -31.00  79.82
 -74.00 -30.00  86.36
 -74.00 -29.00  93.04
 -74.00 -28.00  99.39
 -74.00 -27.00 104.94
 -74.00 -26.00 109.30
 -74.00 -25.00 112.22
 -74.00 -24.00 113.62
 -74.00 -23.00 113.59
 -74.00 -22.00 112.38
 -74.00 -21.00 110.34
 -74.00 -20.00 107.84
 -74.00 -19.00 105.24
 -74.00 -18.00 102.82
 -74.00 -17.00 100.74
 -74.00 -16.00  99.07
 -74.00 -15.00  97.77
 -74.00 -14.00  96.79
 -74.00 -13.00  96.04
 -74.00 -12.00  95.50
 -74.00 -11.00  95.17
 -74.00 -10.00  95.16
 -74.00  -9.00  95.56
 -74.00  -8.00  96.50
 -74.00  -7.00  98.04
 -74.00  -6.00 100.16
 -74.00  -5.00 102.71
 -74.00  -4.00 105.47
 -74.00  -3.00 108.08
 -74.00  -2.00 110.16
 -74.00  -1.00 111.34
 -74.00   0.00 111.31
 -74.00   1.00 109.89
 -74.00   2.00 107.06
 -74.00   3.00 102.95
 -74.00   4.00  97.84
 -74.00   5.00  92.12
 -74.00   6.00  86.21
 -74.00   7.00  80.55
 -74.00   8.00  75.49
 -74.00   9.00  71.28
 -74.00  10.00  68.06
 -74.00  11.00  65.83
 -74.00  12.00  64.51
 -74.00  13.00  63.93
 -74.00  14.00  63.90
 -74.00  15.00  64.20
 -74.00  16.00  64.67
 -74.00  17.00  65.16
 -74.00  18.00  65.58
 -74.00  19.00  65.86
 -74.00  20.00  65.98
 -74.00  21.00  65.90
 -74.00  22.00  65.65
 -74.00  23.00  65.23
 -74.00  24.00  64.69
 -74.00  25.00  64.10
 -74.00  26.00  63.59
 -74.00  27.00  63.31
 -73.00 -37.00  57.58
 -73.00 -36.00  59.19
 -73.00 -35.00  61.42
 -73.00 -34.00  64.49
 -73.00 -33.00  68.53
 -73.00 -32.00  73.54
 -73.00 -31.00  79.41
 -73.00 -30.00  85.85
 -73.00 -29.00  92.47
 -73.00 -28.00  98.80
 -73.00 -27.00 104.37
 -73.00 -26.00 108.77
 -73.00 -25.00 111.75
 -73.00 -24.00 113.21
 -73.00 -23.00 113.22
 -73.00 -22.00 112.02
 -73.00 -21.00 109.95
 -73.00 -20.00 107.40
 -73.00 -19.00 104.71
 -73.00 -18.00 102.19
 -73.00 -17.00 100.01
 -73.00 -16.00  98.25
 -73.00 -15.00  96.89
 -73.00 -14.00  95.86
 -73.00 -13.00  95.08
 -73.00 -12.00  94.53
 -73.00 -11.00  94.19
 -73.00 -10.00  94.15
 -73.00  -9.00  94.51
 -73.00  -8.00  95.38
 -73.00  -7.00  96.82
 -73.00  -6.00  98.82
 -73.00  -5.00 101.26
 -73.00  -4.00 103.90
 -73.00  -3.00 106.42
 -73.00  -2.00 108.44
 -73.00  -1.00 109.59
 -73.00   0.00 109.56
 -73.00   1.00 108.16
 -73.00   2.00 105.36
 -73.00   3.00 101.27
 -73.00   4.00  96.16
 -73.00   5.00  90.41
 -73.00   6.00  84.44
 -73.00   7.00  78.69
 -73.00   8.00  73.52
 -73.00   9.00  69.20
 -73.00  10.00  65.89
 -73.00  11.00  63.60
 -73.00  12.00  62.27
 -73.00  13.00  61.72
 -73.00  14.00  61.77
 -73.00  15.00  62.21
 -73.00  16.00  62.83
 -73.00  17.00  63.48
 -73.00  18.00  64.03
 -73.00  19.00  64.42
 -73.00  20.00  64.58
 -73.00  21.00  64.51
 -73.00  22.00  64.19
 -73.00  23.00  63.65
 -73.00  24.00  62.95
 -73.00  25.00  62.18
 -73.00  26.00  61.48
 -73.00  27.00  61.03
 -72.00 -37.00  57.99
 -72.00 -36.00  59.46
 -72.00 -35.00  61.54
 -72.00 -34.00  64.43
 -72.00 -33.00  68.28
 -72.00 -32.00  73.11
 -72.00 -31.00  78.81
 -72.00 -30.00  85.13
 -72.00 -29.00  91.68
 -72.00 -28.00  98.00
 -72.00 -27.00 103.60
 -72.00 -26.00 108.09
 -72.00 -25.00 111.17
 -72.00 -24.00 112.73
 -72.00 -23.00 112.82
 -72.00 -22.00 111.67
 -72.00 -21.00 109.60
 -72.00 -20.00 107.00
 -72.00 -19.00 104.23
 -72.00 -18.00 101.61
 -72.00 -17.00  99.31
 -72.00 -16.00  97.45
 -72.00 -15.00  96.00
 -72.00 -14.00  94.91
 -72.00 -13.00  94.11
 -72.00 -12.00  93.53
 -72.00 -11.00  93.18
 -72.00 -10.00  93.11
 -72.00  -9.00  93.42
 -72.00  -8.00  94.20
 -72.00  -7.00  95.53
 -72.00  -6.00  97.41
 -72.00  -5.00  99.71
 -72.00  -4.00 102.24
 -72.00  -3.00 104.66
 -72.00  -2.00 106.63
 -72.00  -1.00 107.77
 -72.00   0.00 107.77
 -72.00   1.00 106.44
 -72.00   2.00 103.71
 -72.00   3.00  99.68
 -72.00   4.00  94.61
 -72.00   5.00  88.86
 -72.00   6.00  82.85
 -72.00   7.00  77.02
 -72.00   8.00  71.73
 -72.00   9.00  67.28
 -72.00  10.00  63.84
 -72.00  11.00  61.45
 -72.00  12.00  60.07
 -72.00  13.00  59.53
 -72.00  14.00  59.64
 -72.00  15.00  60.18
 -72.00  16.00  60.94
 -72.00  17.00  61.75
 -72.00  18.00  62.45
 -72.00  19.00  62.96
 -72.00  20.00  63.19
 -72.00  21.00  63.12
 -72.00  22.00  62.75
 -72.00  23.00  62.11
 -72.00  24.00  61.27
 -72.00  25.00  60.33
 -72.00  26.00  59.44
 -72.00  27.00  58.80
 -71.00 -37.00  58.39
 -71.00 -36.00  59.72
 -71.00 -35.00  61.62
 -71.00 -34.00  64.29
 -71.00 -33.00  67.91
 -71.00 -32.00  72.51
 -71.00 -31.00  78.02
 -71.00 -30.00  84.19
 -71.00 -29.00  90.65
 -71.00 -28.00  96.96
 -71.00 -27.00 102.62
 -71.00 -26.00 107.22
 -71.00 -25.00 110.45
 -71.00 -24.00 112.16
 -71.00 -23.00 112.39
 -71.00 -22.00 111.33
 -71.00 -21.00 109.30
 -71.00 -20.00 106.67
 -71.00 -19.00 103.83
 -71.00 -18.00 101.09
 -71.00 -17.00  98.67
 -71.00 -16.00  96.69
 -71.00 -15.00  95.14
 -71.00 -14.00  93.98
 -71.00 -13.00  93.12
 -71.00 -12.00  92.51
 -71.00 -11.00  92.14
 -71.00 -10.00  92.03
 -71.00  -9.00  92.27
 -71.00  -8.00  92.97
 -71.00  -7.00  94.18
 -71.00  -6.00  95.92
 -71.00  -5.00  98.08
 -71.00  -4.00 100.48
 -71.00  -3.00 102.82
 -71.00  -2.00 104.75
 -71.00  -1.00 105.90
 -71.00   0.00 105.97
 -71.00   1.00 104.74
 -71.00   2.00 102.13
 -71.00   3.00  98.22
 -71.00   4.00  93.23
 -71.00   5.00  87.52
 -71.00   6.00  81.49
 -71.00   7.00  75.57
 -71.00   8.00  70.15
 -71.00   9.00  65.54
 -71.00  10.00  61.94
 -71.00  11.00  59.42
 -71.00  12.00  57.93
 -71.00  13.00  57.36
 -71.00  14.00  57.49
 -71.00  15.00  58.12
 -71.00  16.00  59.02
 -71.00  17.00  59.98
 -71.00  18.00  60.84
 -71.00  19.00  61.47
 -71.00  20.00  61.80
 -71.00  21.00  61.76
 -71.00  22.00  61.37
 -71.00  23.00  60.65
 -71.00  24.00  59.67
 -71.00  25.00  58.56
 -71.00  26.00  57.49
 -71.00  27.00  56.65
 -70.00 -37.00  58.80
 -70.00 -36.00  59.97
 -70.00 -35.00  61.66
 -70.00 -34.00  64.09
 -70.00 -33.00  67.44
 -70.00 -32.00  71.78
 -70.00 -31.00  77.04
 -70.00 -30.00  83.03
 -70.00 -29.00  89.39
 -70.00 -28.00  95.67
 -70.00 -27.00 101.41
 -70.00 -26.00 106.15
 -70.00 -25.00 109.58
 -70.00 -24.00 111.50
 -70.00 -23.00 111.91
 -70.00 -22.00 110.99
 -70.00 -21.00 109.04
 -70.00 -20.00 106.41
 -70.00 -19.00 103.51
 -70.00 -18.00 100.66
 -70.00 -17.00  98.11
 -70.00 -16.00  95.98
 -70.00 -15.00  94.31
 -70.00 -14.00  93.06
 -70.00 -13.00  92.14
 -70.00 -12.00  91.49
 -70.00 -11.00  91.07
 -70.00 -10.00  90.92
 -70.00  -9.00  91.09
 -70.00  -8.00  91.69
 -70.00  -7.00  92.78
 -70.00  -6.00  94.36
 -70.00  -5.00  96.38
 -70.00  -4.00  98.65
 -70.00  -3.00 100.90
 -70.00  -2.00 102.80
 -70.00  -1.00 103.99
 -70.00   0.00 104.16
 -70.00   1.00 103.07
 -70.00   2.00 100.63
 -70.00   3.00  96.88
 -70.00   4.00  92.03
 -70.00   5.00  86.39
 -70.00   6.00  80.36
 -70.00   7.00  74.38
 -70.00   8.00  68.82
 -70.00   9.00  64.04
 -70.00  10.00  60.24
 -70.00  11.00  57.53
 -70.00  12.00  55.89
 -70.00  13.00  55.23
 -70.00  14.00  55.35
 -70.00  15.00  56.03
 -70.00  16.00  57.04
 -70.00  17.00  58.15
 -70.00  18.00  59.17
 -70.00  19.00  59.96
 -70.00  20.00  60.40
 -70.00  21.00  60.43
 -70.00  22.00  60.04
 -70.00  23.00  59.26
 -70.00  24.00  58.18
 -70.00  25.00  56.92
 -70.00  26.00  55.66
 -70.00  27.00  54.63
 -69.00 -37.00  59.23
 -69.00 -36.00  60.23
 -69.00 -35.00  61.70
 -69.00 -34.00  63.86
 -69.00 -33.00  66.91
 -69.00 -32.00  70.94
 -69.00 -31.00  75.92
 -69.00 -30.00  81.69
 -69.00 -29.00  87.91
 -69.00 -28.00  94.16
 -69.00 -27.00  99.97
 -69.00 -26.00 104.89
 -69.00 -25.00 108.54
 -69.00 -24.00 110.71
 -69.00 -23.00 111.37
 -69.00 -22.00 110.65
 -69.00 -21.00 108.81
 -69.00 -20.00 106.23
 -69.00 -19.00 103.29
 -69.00 -18.00 100.33
 -69.00 -17.00  97.64
 -69.00 -16.00  95.35
 -69.00 -15.00  93.54
 -69.00 -14.00  92.17
 -69.00 -13.00  91.17
 -69.00 -12.00  90.45
 -69.00 -11.00  89.99
 -69.00 -10.00  89.79
 -69.00  -9.00  89.89
 -69.00  -8.00  90.38
 -69.00  -7.00  91.34
 -69.00  -6.00  92.77
 -69.00  -5.00  94.63
 -69.00  -4.00  96.77
 -69.00  -3.00  98.93
 -69.00  -2.00 100.81
 -69.00  -1.00 102.05
 -69.00   0.00 102.34
 -69.00   1.00 101.43
 -69.00   2.00  99.20
 -69.00   3.00  95.67
 -69.00   4.00  91.00
 -69.00   5.00  85.48
 -69.00   6.00  79.49
 -69.00   7.00  73.45
 -69.00   8.00  67.76
 -69.00   9.00  62.78
 -69.00  10.00  58.75
 -69.00  11.00  55.81
 -69.00  12.00  53.97
 -69.00  13.00  53.17
 -69.00  14.00  53.22
 -69.00  15.00  53.91
 -69.00  16.00  55.00
 -69.00  17.00  56.26
 -69.00  18.00  57.45
 -69.00  19.00  58.41
 -69.00  20.00  58.99
 -69.00  21.00  59.13
 -69.00  22.00  58.78
 -69.00  23.00  57.97
 -69.00  24.00  56.81
 -69.00  25.00  55.41
 -69.00  26.00  53.98
 -69.00  27.00  52.74
 -68.00 -37.00  59.67
 -68.00 -36.00  60.51
 -68.00 -35.00  61.76
 -68.00 -34.00  63.64
 -68.00 -33.00  66.36
 -68.00 -32.00  70.04
 -68.00 -31.00  74.71
 -68.00 -30.00  80.21
 -68.00 -29.00  86.26
 -68.00 -28.00  92.46
 -68.00 -27.00  98.33
 -68.00 -26.00 103.42
 -68.00 -25.00 107.33
 -68.00 -24.00 109.80
 -68.00 -23.00 110.75
 -68.00 -22.00 110.27
 -68.00 -21.00 108.60
 -68.00 -20.00 106.10
 -68.00 -19.00 103.14
 -68.00 -18.00 100.10
 -68.00 -17.00  97.26
 -68.00 -16.00  94.81
 -68.00 -15.00  92.84
 -68.00 -14.00  91.33
 -68.00 -13.00  90.22
 -68.00 -12.00  89.43
 -68.00 -11.00  88.91
 -68.00 -10.00  88.64
 -68.00  -9.00  88.67
 -68.00  -8.00  89.06
 -68.00  -7.00  89.88
 -68.00  -6.00  91.16
 -68.00  -5.00  92.86
 -68.00  -4.00  94.86
 -68.00  -3.00  96.93
 -68.00  -2.00  98.78
 -68.00  -1.00 100.08
 -68.00   0.00 100.51
 -68.00   1.00  99.81
 -68.00   2.00  97.82
 -68.00   3.00  94.55
 -68.00   4.00  90.10
 -68.00   5.00  84.75
 -68.00   6.00  78.84
 -68.00   7.00  72.78
 -68.00   8.00  66.97
 -68.00   9.00  61.79
 -68.00  10.00  57.50
 -68.00  11.00  54.29
 -68.00  12.00  52.20
 -68.00  13.00  51.20
 -68.00  14.00  51.13
 -68.00  15.00  51.78
 -68.00  16.00  52.92
 -68.00  17.00  54.30
 -68.00  18.00  55.66
 -68.00  19.00  56.80
 -68.00  20.00  57.56
 -68.00  21.00  57.83
 -68.00  22.00  57.56
 -68.00  23.00  56.77
 -68.00  24.00  55.55
 -68.00  25.00  54.05
 -68.00  26.00  52.45
 -68.00  27.00  51.01
 -67.00 -37.00  60.15
 -67.00 -36.00  60.84
 -67.00 -35.00  61.86
 -67.00 -34.00  63.45
 -67.00 -33.00  65.82
 -67.00 -32.00  69.14
 -67.00 -31.00  73.45
 -67.00 -30.00  78.64
 -67.00 -29.00  84.49
 -67.00 -28.00  90.60
 -67.00 -27.00  96.52
 -67.00 -26.00 101.77
 -67.00 -25.00 105.94
 -67.00 -24.00 108.73
 -67.00 -23.00 110.01
 -67.00 -22.00 109.82
 -67.00 -21.00 108.37
 -67.00 -20.00 105.99
 -67.00 -19.00 103.06
 -67.00 -18.00  99.95
 -67.00 -17.00  96.97
 -67.00 -16.00  94.36
 -67.00 -15.00  92.21
 -67.00 -14.00  90.54
 -67.00 -13.00  89.30
 -67.00 -12.00  88.42
 -67.00 -11.00  87.82
 -67.00 -10.00  87.49
 -67.00  -9.00  87.44
 -67.00  -8.00  87.72
 -67.00  -7.00  88.41
 -67.00  -6.00  89.54
 -67.00  -5.00  91.09
 -67.00  -4.00  92.94
 -67.00  -3.00  94.92
 -67.00  -2.00  96.75
 -67.00  -1.00  98.10
 -67.00   0.00  98.67
 -67.00   1.00  98.18
 -67.00   2.00  96.47
 -67.00   3.00  93.49
 -67.00   4.00  89.31
 -67.00   5.00  84.17
 -67.00   6.00  78.38
 -67.00   7.00  72.34
 -67.00   8.00  66.44
 -67.00   9.00  61.06
 -67.00  10.00  56.51
 -67.00  11.00  53.00
 -67.00  12.00  50.62
 -67.00  13.00  49.35
 -67.00  14.00  49.10
 -67.00  15.00  49.67
 -67.00  16.00  50.81
 -67.00  17.00  52.27
 -67.00  18.00  53.79
 -67.00  19.00  55.12
 -67.00  20.00  56.08
 -67.00  21.00  56.52
 -67.00  22.00  56.38
 -67.00  23.00  55.65
 -67.00  24.00  54.42
 -67.00  25.00  52.83
 -67.00  26.00  51.09
 -67.00  27.00  49.45
 -66.00 -37.00  60.67
 -66.00 -36.00  61.21
 -66.00 -35.00  62.02
 -66.00 -34.00  63.32
 -66.00 -33.00  65.35
 -66.00 -32.00  68.28
 -66.00 -31.00  72.19
 -66.00 -30.00  77.05
 -66.00 -29.00  82.64
 -66.00 -28.00  88.62
 -66.00 -27.00  94.55
 -66.00 -26.00  99.95
 -66.00 -25.00 104.38
 -66.00 -24.00 107.50
 -66.00 -23.00 109.14
 -66.00 -22.00 109.29
 -66.00 -21.00 108.11
 -66.00 -20.00 105.89
 -66.00 -19.00 103.02
 -66.00 -18.00  99.87
 -66.00 -17.00  96.78
 -66.00 -16.00  94.00
 -66.00 -15.00  91.66
 -66.00 -14.00  89.82
 -66.00 -13.00  88.44
 -66.00 -12.00  87.44
 -66.00 -11.00  86.75
 -66.00 -10.00  86.34
 -66.00  -9.00  86.20
 -66.00  -8.00  86.39
 -66.00  -7.00  86.95
 -66.00  -6.00  87.93
 -66.00  -5.00  89.32
 -66.00  -4.00  91.04
 -66.00  -3.00  92.91
 -66.00  -2.00  94.70
 -66.00  -1.00  96.11
 -66.00   0.00  96.82
 -66.00   1.00  96.56
 -66.00   2.00  95.14
 -66.00   3.00  92.46
 -66.00   4.00  88.60
 -66.00   5.00  83.71
 -66.00   6.00  78.09
 -66.00   7.00  72.10
 -66.00   8.00  66.14
 -66.00   9.00  60.59
 -66.00  10.00  55.78
 -66.00  11.00  51.95
 -66.00  12.00  49.23
 -66.00  13.00  47.67
 -66.00  14.00  47.18
 -66.00  15.00  47.59
 -66.00  16.00  48.69
 -66.00  17.00  50.20
 -66.00  18.00  51.85
 -66.00  19.00  53.38
 -66.00  20.00  54.54
 -66.00  21.00  55.19
 -66.00  22.00  55.21
 -66.00  23.00  54.59
 -66.00  24.00  53.38
 -66.00  25.00  51.75
 -66.00  26.00  49.89
 -66.00  27.00  48.07
 -65.00 -37.00  61.22
 -65.00 -36.00  61.63
 -65.00 -35.00  62.24
 -65.00 -34.00  63.27
 -65.00 -33.00  64.95
 -65.00 -32.00  67.48
 -65.00 -31.00  70.98
 -65.00 -30.00  75.46
 -65.00 -29.00  80.75
 -65.00 -28.00  86.56
 -65.00 -27.00  92.45
 -65.00 -26.00  97.97
 -65.00 -25.00 102.65
 -65.00 -24.00 106.11
 -65.00 -23.00 108.13
 -65.00 -22.00 108.64
 -65.00 -21.00 107.77
 -65.00 -20.00 105.78
 -65.00 -19.00 103.01
 -65.00 -18.00  99.86
 -65.00 -17.00  96.67
 -65.00 -16.00  93.73
 -65.00 -15.00  91.21
 -65.00 -14.00  89.18
 -65.00 -13.00  87.63
 -65.00 -12.00  86.49
 -65.00 -11.00  85.70
 -65.00 -10.00  85.20
 -65.00  -9.00  84.97
 -65.00  -8.00  85.05
 -65.00  -7.00  85.49
 -65.00  -6.00  86.33
 -65.00  -5.00  87.57
 -65.00  -4.00  89.14
 -65.00  -3.00  90.92
 -65.00  -2.00  92.67
 -65.00  -1.00  94.12
 -65.00   0.00  94.96
 -65.00   1.00  94.93
 -65.00   2.00  93.80
 -65.00   3.00  91.46
 -65.00   4.00  87.93
 -65.00   5.00  83.34
 -65.00   6.00  77.93
 -65.00   7.00  72.05
 -65.00   8.00  66.08
 -65.00   9.00  60.39
 -65.00  10.00  55.32
 -65.00  11.00  51.17
 -65.00  12.00  48.09
 -65.00  13.00  46.18
 -65.00  14.00  45.39
 -65.00  15.00  45.59
 -65.00  16.00  46.58
 -65.00  17.00  48.10
 -65.00  18.00  49.85
 -65.00  19.00  51.55
 -65.00  20.00  52.94
 -65.00  21.00  53.81
 -65.00  22.00  54.03
 -65.00  23.00  53.56
 -65.00  24.00  52.44
 -65.00  25.00  50.79
 -65.00  26.00  48.85
 -65.00  27.00  46.87
 -64.00 -37.00  61.79
 -64.00 -36.00  62.09
 -64.00 -35.00  62.53
 -64.00 -34.00  63.30
 -64.00 -33.00  64.64
 -64.00 -32.00  66.76
 -64.00 -31.00  69.84
 -64.00 -30.00  73.90
 -64.00 -29.00  78.86
 -64.00 -28.00  84.43
 -64.00 -27.00  90.25
 -64.00 -26.00  95.84
 -64.00 -25.00 100.74
 -64.00 -24.00 104.54
 -64.00 -23.00 106.95
 -64.00 -22.00 107.87
 -64.00 -21.00 107.35
 -64.00 -20.00 105.62
 -64.00 -19.00 103.01
 -64.00 -18.00  99.90
 -64.00 -17.00  96.65
 -64.00 -16.00  93.56
 -64.00 -15.00  90.86
 -64.00 -14.00  88.63
 -64.00 -13.00  86.90
 -64.00 -12.00  85.61
 -64.00 -11.00  84.68
 -64.00 -10.00  84.08
 -64.00  -9.00  83.75
 -64.00  -8.00  83.73
 -64.00  -7.00  84.04
 -64.00  -6.00  84.74
 -64.00  -5.00  85.83
 -64.00  -4.00  87.27
 -64.00  -3.00  88.94
 -64.00  -2.00  90.65
 -64.00  -1.00  92.13
 -64.00   0.00  93.10
 -64.00   1.00  93.29
 -64.00   2.00  92.46
 -64.00   3.00  90.47
 -64.00   4.00  87.30
 -64.00   5.00  83.04
 -64.00   6.00  77.90
 -64.00   7.00  72.18
 -64.00   8.00  66.24
 -64.00   9.00  60.44
 -64.00  10.00  55.16
 -64.00  11.00  50.68
 -64.00  12.00  47.23
 -64.00  13.00  44.92
 -64.00  14.00  43.78
 -64.00  15.00  43.70
 -64.00  16.00  44.52
 -64.00  17.00  45.97
 -64.00  18.00  47.78
 -64.00  19.00  49.63
 -64.00  20.00  51.24
 -64.00  21.00  52.36
 -64.00  22.00  52.83
 -64.00  23.00  52.55
 -64.00  24.00  51.56
 -64.00  25.00  49.96
 -64.00  26.00  47.96
 -64.00  27.00  45.84
 -63.00 -37.00  62.38
 -63.00 -36.00  62.59
 -63.00 -35.00  62.88
 -63.00 -34.00  63.41
 -63.00 -33.00  64.42
 -63.00 -32.00  66.15
 -63.00 -31.00  68.77
 -63.00 -30.00  72.40
 -63.00 -29.00  76.96
 -63.00 -28.00  82.26
 -63.00 -27.00  87.94
 -63.00 -26.00  93.56
 -63.00 -25.00  98.65
 -63.00 -24.00 102.77
 -63.00 -23.00 105.59
 -63.00 -22.00 106.94
 -63.00 -21.00 106.82
 -63.00 -20.00 105.41
 -63.00 -19.00 103.01
 -63.00 -18.00  99.98
 -63.00 -17.00  96.70
 -63.00 -16.00  93.50
 -63.00 -15.00  90.62
 -63.00 -14.00  88.19
 -63.00 -13.00  86.26
 -63.00 -12.00  84.79
 -63.00 -11.00  83.72
 -63.00 -10.00  82.99
 -63.00  -9.00  82.55
 -63.00  -8.00  82.42
 -63.00  -7.00  82.61
 -63.00  -6.00  83.16
 -63.00  -5.00  84.11
 -63.00  -4.00  85.41
 -63.00  -3.00  86.97
 -63.00  -2.00  88.62
 -63.00  -1.00  90.13
 -63.00   0.00  91.23
 -63.00   1.00  91.63
 -63.00   2.00  91.10
 -63.00   3.00  89.48
 -63.00   4.00  86.70
 -63.00   5.00  82.81
 -63.00   6.00  77.99
 -63.00   7.00  72.48
 -63.00   8.00  66.62
 -63.00   9.00  60.77
 -63.00  10.00  55.30
 -63.00  11.00  50.51
 -63.00  12.00  46.67
 -63.00  13.00  43.95
 -63.00  14.00  42.39
 -63.00  15.00  41.97
 -63.00  16.00  42.54
 -63.00  17.00  43.87
 -63.00  18.00  45.67
 -63.00  19.00  47.64
 -63.00  20.00  49.45
 -63.00  21.00  50.83
 -63.00  22.00  51.57
 -63.00  23.00  51.54
 -63.00  24.00  50.72
 -63.00  25.00  49.22
 -63.00  26.00  47.22
 -63.00  27.00  45.01
 -62.00 -37.00  62.97
 -62.00 -36.00  63.12
 -62.00 -35.00  63.29
 -62.00 -34.00  63.61
 -62.00 -33.00  64.31
 -62.00 -32.00  65.64
 -62.00 -31.00  67.81
 -62.00 -30.00  70.95
 -62.00 -29.00  75.08
 -62.00 -28.00  80.04
 -62.00 -27.00  85.53
 -62.00 -26.00  91.13
 -62.00 -25.00  96.37
 -62.00 -24.00 100.78
 -62.00 -23.00 104.01
 -62.00 -22.00 105.82
 -62.00 -21.00 106.15
 -62.00 -20.00 105.12
 -62.00 -19.00 102.98
 -62.00 -18.00 100.10
 -62.00 -17.00  96.84
 -62.00 -16.00  93.55
 -62.00 -15.00  90.51
 -62.00 -14.00  87.88
 -62.00 -13.00  85.74
 -62.00 -12.00  84.07
 -62.00 -11.00  82.83
 -62.00 -10.00  81.95
 -62.00  -9.00  81.39
 -62.00  -8.00  81.13
 -62.00  -7.00  81.18
 -62.00  -6.00  81.60
 -62.00  -5.00  82.39
 -62.00  -4.00  83.55
 -62.00  -3.00  85.00
 -62.00  -2.00  86.60
 -62.00  -1.00  88.12
 -62.00   0.00  89.33
 -62.00   1.00  89.94
 -62.00   2.00  89.72
 -62.00   3.00  88.47
 -62.00   4.00  86.11
 -62.00   5.00  82.64
 -62.00   6.00  78.18
 -62.00   7.00  72.94
 -62.00   8.00  67.23
 -62.00   9.00  61.39
 -62.00  10.00  55.77
 -62.00  11.00  50.70
 -62.00  12.00  46.48
 -62.00  13.00  43.30
 -62.00  14.00  41.29
 -62.00  15.00  40.45
 -62.00  16.00  40.68
 -62.00  17.00  41.80
 -62.00  18.00  43.53
 -62.00  19.00  45.56
 -62.00  20.00  47.56
 -62.00  21.00  49.20
 -62.00  22.00  50.23
 -62.00  23.00  50.49
 -62.00  24.00  49.92
 -62.00  25.00  48.57
 -62.00  26.00  46.63
 -62.00  27.00  44.36
 -61.00 -37.00  63.55
 -61.00 -36.00  63.67
 -61.00 -35.00  63.74
 -61.00 -34.00  63.88
 -61.00 -33.00  64.30
 -61.00 -32.00  65.24
 -61.00 -31.00  66.95
 -61.00 -30.00  69.60
 -61.00 -29.00  73.24
 -61.00 -28.00  77.80
 -61.00 -27.00  83.02
 -61.00 -26.00  88.53
 -61.00 -25.00  93.87
 -61.00 -24.00  98.56
 -61.00 -23.00 102.19
 -61.00 -22.00 104.48
 -61.00 -21.00 105.30
 -61.00 -20.00 104.71
 -61.00 -19.00 102.91
 -61.00 -18.00 100.24
 -61.00 -17.00  97.05
 -61.00 -16.00  93.72
 -61.00 -15.00  90.54
 -61.00 -14.00  87.71
 -61.00 -13.00  85.35
 -61.00 -12.00  83.47
 -61.00 -11.00  82.03
 -61.00 -10.00  80.99
 -61.00  -9.00  80.27
 -61.00  -8.00  79.87
 -61.00  -7.00  79.79
 -61.00  -6.00  80.05
 -61.00  -5.00  80.69
 -61.00  -4.00  81.70
 -61.00  -3.00  83.03
 -61.00  -2.00  84.56
 -61.00  -1.00  86.09
 -61.00   0.00  87.40
 -61.00   1.00  88.21
 -61.00   2.00  88.30
 -61.00   3.00  87.44
 -61.00   4.00  85.52
 -61.00   5.00  82.50
 -61.00   6.00  78.45
 -61.00   7.00  73.56
 -61.00   8.00  68.07
 -61.00   9.00  62.30
 -61.00  10.00  56.59
 -61.00  11.00  51.28
 -61.00  12.00  46.68
 -61.00  13.00  43.04
 -61.00  14.00  40.52
 -61.00  15.00  39.19
 -61.00  16.00  39.01
 -61.00  17.00  39.83
 -61.00  18.00  41.40
 -61.00  19.00  43.42
 -61.00  20.00  45.54
 -61.00  21.00  47.43
 -61.00  22.00  48.78
 -61.00  23.00  49.37
 -61.00  24.00  49.10
 -61.00  25.00  47.98
 -61.00  26.00  46.17
 -61.00  27.00  43.90
 -60.00 -37.00  64.12
 -60.00 -36.00  64.21
 -60.00 -35.00  64.22
 -60.00 -34.00  64.22
 -60.00 -33.00  64.40
 -60.00 -32.00  64.99
 -60.00 -31.00  66.23
 -60.00 -30.00  68.36
 -60.00 -29.00  71.48
 -60.00 -28.00  75.57
 -60.00 -27.00  80.45
 -60.00 -26.00  85.79
 -60.00 -25.00  91.16
 -60.00 -24.00  96.07
 -60.00 -23.00 100.09
 -60.00 -22.00 102.87
 -60.00 -21.00 104.23
 -60.00 -20.00 104.14
 -60.00 -19.00 102.76
 -60.00 -18.00 100.37
 -60.00 -17.00  97.33
 -60.00 -16.00  94.00
 -60.00 -15.00  90.71
 -60.00 -14.00  87.70
 -60.00 -13.00  85.11
 -60.00 -12.00  83.00
 -60.00 -11.00  81.36
 -60.00 -10.00  80.12
 -60.00  -9.00  79.23
 -60.00  -8.00  78.67
 -60.00  -7.00  78.43
 -60.00  -6.00  78.53
 -60.00  -5.00  79.00
 -60.00  -4.00  79.85
 -60.00  -3.00  81.05
 -60.00  -2.00  82.49
 -60.00  -1.00  84.01
 -60.00   0.00  85.41
 -60.00   1.00  86.42
 -60.00   2.00  86.80
 -60.00   3.00  86.34
 -60.00   4.00  84.88
 -60.00   5.00  82.35
 -60.00   6.00  78.78
 -60.00   7.00  74.30
 -60.00   8.00  69.11
 -60.00   9.00  63.48
 -60.00  10.00  57.76
 -60.00  11.00  52.26
 -60.00  12.00  47.32
 -60.00  13.00  43.22
 -60.00  14.00  40.16
 -60.00  15.00  38.28
 -60.00  16.00  37.59
 -60.00  17.00  38.00
 -60.00  18.00  39.31
 -60.00  19.00  41.23
 -60.00  20.00  43.42
 -60.00  21.00  45.51
 -60.00  22.00  47.18
 -60.00  23.00  48.14
 -60.00  24.00  48.23
 -60.00  25.00  47.42
 -60.00  26.00  45.81
 -60.00  27.00  43.61
 -59.00 -37.00  64.65
 -59.00 -36.00  64.74
 -59.00 -35.00  64.72
 -59.00 -34.00  64.63
 -59.00 -33.00  64.61
 -59.00 -32.00  64.87
 -59.00 -31.00  65.68
 -59.00 -30.00  67.28
 -59.00 -29.00  69.83
 -59.00 -28.00  73.40
 -59.00 -27.00  77.85
 -59.00 -26.00  82.94
 -59.00 -25.00  88.25
 -59.00 -24.00  93.32
 -59.00 -23.00  97.70
 -59.00 -22.00 100.97
 -59.00 -21.00 102.89
 -59.00 -20.00 103.36
 -59.00 -19.00 102.47
 -59.00 -18.00 100.45
 -59.00 -17.00  97.62
 -59.00 -16.00  94.36
 -59.00 -15.00  91.01
 -59.00 -14.00  87.84
 -59.00 -13.00  85.04
 -59.00 -12.00  82.70
 -59.00 -11.00  80.82
 -59.00 -10.00  79.36
 -59.00  -9.00  78.28
 -59.00  -8.00  77.54
 -59.00  -7.00  77.12
 -59.00  -6.00  77.05
 -59.00  -5.00  77.34
 -59.00  -4.00  78.02
 -59.00  -3.00  79.06
 -59.00  -2.00  80.40
 -59.00  -1.00  81.89
 -59.00   0.00  83.35
 -59.00   1.00  84.54
 -59.00   2.00  85.22
 -59.00   3.00  85.15
 -59.00   4.00  84.17
 -59.00   5.00  82.16
 -59.00   6.00  79.11
 -59.00   7.00  75.10
 -59.00   8.00  70.28
 -59.00   9.00  64.90
 -59.00  10.00  59.25
 -59.00  11.00  53.64
 -59.00  12.00  48.41
 -59.00  13.00  43.87
 -59.00  14.00  40.27
 -59.00  15.00  37.79
 -59.00  16.00  36.51
 -59.00  17.00  36.41
 -59.00  18.00  37.34
 -59.00  19.00  39.05
 -59.00  20.00  41.21
 -59.00  21.00  43.45
 -59.00  22.00  45.40
 -59.00  23.00  46.74
 -59.00  24.00  47.25
 -59.00  25.00  46.82
 -59.00  26.00  45.50
 -59.00  27.00  43.47
 -58.00 -37.00  65.15
 -58.00 -36.00  65.25
 -58.00 -35.00  65.22
 -58.00 -34.00  65.07
 -58.00 -33.00  64.91
 -58.00 -32.00  64.90
 -58.00 -31.00  65.31
 -58.00 -30.00  66.40
 -58.00 -29.00  68.37
 -58.00 -28.00  71.36
 -58.00 -27.00  75.31
 -58.00 -26.00  80.04
 -58.00 -25.00  85.20
 -58.00 -24.00  90.35
 -58.00 -23.00  95.01
 -58.00 -22.00  98.75
 -58.00 -21.00 101.24
 -58.00 -20.00 102.32
 -58.00 -19.00 101.98
 -58.00 -18.00 100.41
 -58.00 -17.00  97.89
 -58.00 -16.00  94.78
 -58.00 -15.00  91.42
 -58.00 -14.00  88.14
 -58.00 -13.00  85.14
 -58.00 -12.00  82.56
 -58.00 -11.00  80.43
 -58.00 -10.00  78.75
 -58.00  -9.00  77.46
 -58.00  -8.00  76.51
 -58.00  -7.00  75.90
 -58.00  -6.00  75.63
 -58.00  -5.00  75.72
 -58.00  -4.00  76.21
 -58.00  -3.00  77.08
 -58.00  -2.00  78.29
 -58.00  -1.00  79.72
 -58.00   0.00  81.22
 -58.00   1.00  82.56
 -58.00   2.00  83.50
 -58.00   3.00  83.82
 -58.00   4.00  83.31
 -58.00   5.00  81.85
 -58.00   6.00  79.36
 -58.00   7.00  75.89
 -58.00   8.00  71.53
 -58.00   9.00  66.48
 -58.00  10.00  61.00
 -58.00  11.00  55.38
 -58.00  12.00  49.94
 -58.00  13.00  45.01
 -58.00  14.00  40.88
 -58.00  15.00  37.78
 -58.00  16.00  35.86
 -58.00  17.00  35.15
 -58.00  18.00  35.58
 -58.00  19.00  36.95
 -58.00  20.00  38.96
 -58.00  21.00  41.26
 -58.00  22.00  43.45
 -58.00  23.00  45.16
 -58.00  24.00  46.11
 -58.00  25.00  46.13
 -58.00  26.00  45.19
 -58.00  27.00  43.41
 -57.00 -37.00  65.60
 -57.00 -36.00  65.70
 -57.00 -35.00  65.70
 -57.00 -34.00  65.54
 -57.00 -33.00  65.29
 -57.00 -32.00  65.08
 -57.00 -31.00  65.15
 -57.00 -30.00  65.75
 -57.00 -29.00  67.15
 -57.00 -28.00  69.52
 -57.00 -27.00  72.90
 -57.00 -26.00  77.18
 -57.00 -25.00  82.08
 -57.00 -24.00  87.19
 -57.00 -23.00  92.06
 -57.00 -22.00  96.21
 -57.00 -21.00  99.26
 -57.00 -20.00 100.96
 -57.00 -19.00 101.24
 -57.00 -18.00 100.20
 -57.00 -17.00  98.07
 -57.00 -16.00  95.19
 -57.00 -15.00  91.91
 -57.00 -14.00  88.55
 -57.00 -13.00  85.39
 -57.00 -12.00  82.58
 -57.00 -11.00  80.21
 -57.00 -10.00  78.28
 -57.00  -9.00  76.76
 -57.00  -8.00  75.60
 -57.00  -7.00  74.78
 -57.00  -6.00  74.30
 -57.00  -5.00  74.18
 -57.00  -4.00  74.45
 -57.00  -3.00  75.12
 -57.00  -2.00  76.17
 -57.00  -1.00  77.52
 -57.00   0.00  79.01
 -57.00   1.00  80.46
 -57.00   2.00  81.64
 -57.00   3.00  82.31
 -57.00   4.00  82.28
 -57.00   5.00  81.36
 -57.00   6.00  79.47
 -57.00   7.00  76.58
 -57.00   8.00  72.75
 -57.00   9.00  68.13
 -57.00  10.00  62.92
 -57.00  11.00  57.40
 -57.00  12.00  51.86
 -57.00  13.00  46.63
 -57.00  14.00  42.02
 -57.00  15.00  38.31
 -57.00  16.00  35.70
 -57.00  17.00  34.31
 -57.00  18.00  34.12
 -57.00  19.00  35.03
 -57.00  20.00  36.76
 -57.00  21.00  38.99
 -57.00  22.00  41.33
 -57.00  23.00  43.36
 -57.00  24.00  44.76
 -57.00  25.00  45.27
 -57.00  26.00  44.79
 -57.00  27.00  43.37
 -56.00 -37.00  66.00
 -56.00 -36.00  66.11
 -56.00 -35.00  66.13
 -56.00 -34.00  65.99
 -56.00 -33.00  65.71
 -56.00 -32.00  65.37
 -56.00 -31.00  65.16
 -56.00 -30.00  65.35
 -56.00 -29.00  66.21
 -56.00 -28.00  67.96
 -56.00 -27.00  70.72
 -56.00 -26.00  74.46
 -56.00 -25.00  78.98
 -56.00 -24.00  83.95
 -56.00 -23.00  88.90
 -56.00 -22.00  93.38
 -56.00 -21.00  96.94
 -56.00 -20.00  99.26
 -56.00 -19.00 100.20
 -56.00 -18.00  99.75
 -56.00 -17.00  98.10
 -56.00 -16.00  95.53
 -56.00 -15.00  92.40
 -56.00 -14.00  89.04
 -56.00 -13.00  85.76
 -56.00 -12.00  82.76
 -56.00 -11.00  80.15
 -56.00 -10.00  77.97
 -56.00  -9.00  76.21
 -56.00  -8.00  74.82
 -56.00  -7.00  73.78
 -56.00  -6.00  73.08
 -56.00  -5.00  72.73
 -56.00  -4.00  72.77
 -56.00  -3.00  73.22
 -56.00  -2.00  74.08
 -56.00  -1.00  75.29
 -56.00   0.00  76.74
 -56.00   1.00  78.25
 -56.00   2.00  79.62
 -56.00   3.00  80.62
 -56.00   4.00  81.02
 -56.00   5.00  80.64
 -56.00   6.00  79.35
 -56.00   7.00  77.08
 -56.00   8.00  73.84
 -56.00   9.00  69.73
 -56.00  10.00  64.91
 -56.00  11.00  59.60
 -56.00  12.00  54.08
 -56.00  13.00  48.66
 -56.00  14.00  43.66
 -56.00  15.00  39.38
 -56.00  16.00  36.09
 -56.00  17.00  33.97
 -56.00  18.00  33.09
 -56.00  19.00  33.39
 -56.00  20.00  34.71
 -56.00  21.00  36.74
 -56.00  22.00  39.09
 -56.00  23.00  41.37
 -56.00  24.00  43.17
 -56.00  25.00  44.18
 -56.00  26.00  44.22
 -56.00  27.00  43.25
 -55.00 -37.00  66.36
 -55.00 -36.00  66.46
 -55.00 -35.00  66.51
 -55.00 -34.00  66.41
 -55.00 -33.00  66.14
 -55.00 -32.00  65.73
 -55.00 -31.00  65.34
 -55.00 -30.00  65.19
 -55.00 -29.00  65.56
 -55.00 -28.00  66.71
 -55.00 -27.00  68.83
 -55.00 -26.00  71.97
 -55.00 -25.00  76.02
 -55.00 -24.00  80.71
 -55.00 -23.00  85.63
 -55.00 -22.00  90.32
 -55.00 -21.00  94.32
 -55.00 -20.00  97.23
 -55.00 -19.00  98.82
 -55.00 -18.00  99.01
 -55.00 -17.00  97.91
 -55.00 -16.00  95.75
 -55.00 -15.00  92.85
 -55.00 -14.00  89.57
 -55.00 -13.00  86.22
 -55.00 -12.00  83.06
 -55.00 -11.00  80.23
 -55.00 -10.00  77.81
 -55.00  -9.00  75.81
 -55.00  -8.00  74.19
 -55.00  -7.00  72.92
 -55.00  -6.00  71.98
 -55.00  -5.00  71.40
 -55.00  -4.00  71.19
 -55.00  -3.00  71.40
 -55.00  -2.00  72.04
 -55.00  -1.00  73.08
 -55.00   0.00  74.43
 -55.00   1.00  75.96
 -55.00   2.00  77.46
 -55.00   3.00  78.73
 -55.00   4.00  79.53
 -55.00   5.00  79.66
 -55.00   6.00  78.95
 -55.00   7.00  77.32
 -55.00   8.00  74.72
 -55.00   9.00  71.20
 -55.00  10.00  66.86
 -55.00  11.00  61.88
 -55.00  12.00  56.50
 -55.00  13.00  51.02
 -55.00  14.00  45.73
 -55.00  15.00  40.98
 -55.00  16.00  37.05
 -55.00  17.00  34.19
 -55.00  18.00  32.55
 -55.00  19.00  32.16
 -55.00  20.00  32.92
 -55.00  21.00  34.59
 -55.00  22.00  36.83
 -55.00  23.00  39.23
 -55.00  24.00  41.36
 -55.00  25.00  42.85
 -55.00  26.00  43.43
 -55.00  27.00  42.99
 -54.00 -37.00  67.22
 -54.00 -36.00  67.29
 -54.00 -35.00  67.35
 -54.00 -34.00  67.30
 -54.00 -33.00  67.07
 -54.00 -32.00  66.63
 -54.00 -31.00  66.09
 -54.00 -30.00  65.63
 -54.00 -29.00  65.53
 -54.00 -28.00  66.07
 -54.00 -27.00  67.49
 -54.00 -26.00  69.93
 -54.00 -25.00  73.36
 -54.00 -24.00  77.61
 -54.00 -23.00  82.32
 -54.00 -22.00  87.06
 -54.00 -21.00  91.35
 -54.00 -20.00  94.75
 -54.00 -19.00  96.94
 -54.00 -18.00  97.77
 -54.00 -17.00  97.25
 -54.00 -16.00  95.56
 -54.00 -15.00  92.99
 -54.00 -14.00  89.88
 -54.00 -13.00  86.55
 -54.00 -12.00  83.29
 -54.00 -11.00  80.29
 -54.00 -10.00  77.65
 -54.00  -9.00  75.40
 -54.00  -8.00  73.53
 -54.00  -7.00  72.01
 -54.00  -6.00  70.81
 -54.00  -5.00  69.96
 -54.00  -4.00  69.48
 -54.00  -3.00  69.42
 -54.00  -2.00  69.82
 -54.00  -1.00  70.65
 -54.00   0.00  71.87
 -54.00   1.00  73.35
 -54.00   2.00  74.93
 -54.00   3.00  76.38
 -54.00   4.00  77.49
 -54.00   5.00  78.05
 -54.00   6.00  77.88
 -54.00   7.00  76.85
 -54.00   8.00  74.89
 -54.00   9.00  72.01
 -54.00  10.00  68.25
 -54.00  11.00  63.76
 -54.00  12.00  58.70
 -54.00  13.00  53.34
 -54.00  14.00  47.96
 -54.00  15.00  42.87
 -54.00  16.00  38.41
 -54.00  17.00  34.85
 -54.00  18.00  32.43
 -54.00  19.00  31.27
 -54.00  20.00  31.34
 -54.00  21.00  32.51
 -54.00  22.00  34.48
 -54.00  23.00  36.86
 -54.00  24.00  39.22
 -54.00  25.00  41.14
 -54.00  26.00  42.26
 -54.00  27.00  42.39
 -53.00 -37.00  68.04
 -53.00 -36.00  68.06
 -53.00 -35.00  68.12
 -53.00 -34.00  68.12
 -53.00 -33.00  67.95
 -53.00 -32.00  67.55
 -53.00 -31.00  66.95
 -53.00 -30.00  66.30
 -53.00 -29.00  65.82
 -53.00 -28.00  65.83
 -53.00 -27.00  66.58
 -53.00 -26.00  68.31
 -53.00 -25.00  71.07
 -53.00 -24.00  74.78
 -53.00 -23.00  79.16
 -53.00 -22.00  83.82
 -53.00 -21.00  88.29
 -53.00 -20.00  92.08
 -53.00 -19.00  94.83
 -53.00 -18.00  96.29
 -53.00 -17.00  96.39
 -53.00 -16.00  95.23
 -53.00 -15.00  93.05
 -53.00 -14.00  90.18
 -53.00 -13.00  86.95
 -53.00 -12.00  83.66
 -53.00 -11.00  80.53
 -53.00 -10.00  77.71
 -53.00  -9.00  75.25
 -53.00  -8.00  73.14
 -53.00  -7.00  71.36
 -53.00  -6.00  69.90
 -53.00  -5.00  68.77
 -53.00  -4.00  68.00
 -53.00  -3.00  67.64
 -53.00  -2.00  67.74
 -53.00  -1.00  68.33
 -53.00   0.00  69.36
 -53.00   1.00  70.75
 -53.00   2.00  72.34
 -53.00   3.00  73.94
 -53.00   4.00  75.31
 -53.00   5.00  76.26
 -53.00   6.00  76.57
 -53.00   7.00  76.12
 -53.00   8.00  74.79
 -53.00   9.00  72.56
 -53.00  10.00  69.44
 -53.00  11.00  65.51
 -53.00  12.00  60.90
 -53.00  13.00  55.81
 -53.00  14.00  50.50
 -53.00  15.00  45.24
 -53.00  16.00  40.37
 -53.00  17.00  36.21
 -53.00  18.00  33.04
 -53.00  19.00  31.06
 -53.00  20.00  30.35
 -53.00  21.00  30.86
 -53.00  22.00  32.37
 -53.00  23.00  34.56
 -53.00  24.00  37.00
 -53.00  25.00  39.23
 -53.00  26.00  40.85
 -53.00  27.00  41.56
 -52.00 -37.00  68.70
 -52.00 -36.00  68.65
 -52.00 -35.00  68.69
 -52.00 -34.00  68.73
 -52.00 -33.00  68.63
 -52.00 -32.00  68.31
 -52.00 -31.00  67.74
 -52.00 -30.00  66.99
 -52.00 -29.00  66.27
 -52.00 -28.00  65.85
 -52.00 -27.00  66.03
 -52.00 -26.00  67.08
 -52.00 -25.00  69.15
 -52.00 -24.00  72.25
 -52.00 -23.00  76.20
 -52.00 -22.00  80.67
 -52.00 -21.00  85.19
 -52.00 -20.00  89.30
 -52.00 -19.00  92.54
 -52.00 -18.00  94.61
 -52.00 -17.00  95.34
 -52.00 -16.00  94.76
 -52.00 -15.00  93.04
 -52.00 -14.00  90.48
 -52.00 -13.00  87.41
 -52.00 -12.00  84.14
 -52.00 -11.00  80.93
 -52.00 -10.00  77.97
 -52.00  -9.00  75.32
 -52.00  -8.00  73.00
 -52.00  -7.00  71.01
 -52.00  -6.00  69.30
 -52.00  -5.00  67.89
 -52.00  -4.00  66.82
 -52.00  -3.00  66.14
 -52.00  -2.00  65.92
 -52.00  -1.00  66.20
 -52.00   0.00  66.99
 -52.00   1.00  68.23
 -52.00   2.00  69.77
 -52.00   3.00  71.45
 -52.00   4.00  73.04
 -52.00   5.00  74.32
 -52.00   6.00  75.09
 -52.00   7.00  75.19
 -52.00   8.00  74.48
 -52.00   9.00  72.90
 -52.00  10.00  70.44
 -52.00  11.00  67.13
 -52.00  12.00  63.06
 -52.00  13.00  58.37
 -52.00  14.00  53.27
 -52.00  15.00  48.00
 -52.00  16.00  42.89
 -52.00  17.00  38.24
 -52.00  18.00  34.39
 -52.00  19.00  31.60
 -52.00  20.00  30.05
 -52.00  21.00  29.79
 -52.00  22.00  30.68
 -52.00  23.00  32.49
 -52.00  24.00  34.82
 -52.00  25.00  37.22
 -52.00  26.00  39.23
 -52.00  27.00  40.49
 -51.00 -37.00  69.21
 -51.00 -36.00  69.07
 -51.00 -35.00  69.06
 -51.00 -34.00  69.10
 -51.00 -33.00  69.08
 -51.00 -32.00  68.86
 -51.00 -31.00  68.38
 -51.00 -30.00  67.64
 -51.00 -29.00  66.79
 -51.00 -28.00  66.07
 -51.00 -27.00  65.76
 -51.00 -26.00  66.20
 -51.00 -25.00  67.59
 -51.00 -24.00  70.04
 -51.00 -23.00  73.47
 -51.00 -22.00  77.62
 -51.00 -21.00  82.09
 -51.00 -20.00  86.40
 -51.00 -19.00  90.07
 -51.00 -18.00  92.72
 -51.00 -17.00  94.10
 -51.00 -16.00  94.13
 -51.00 -15.00  92.94
 -51.00 -14.00  90.75
 -51.00 -13.00  87.90
 -51.00 -12.00  84.71
 -51.00 -11.00  81.47
 -51.00 -10.00  78.38
 -51.00  -9.00  75.58
 -51.00  -8.00  73.08
 -51.00  -7.00  70.89
 -51.00  -6.00  68.97
 -51.00  -5.00  67.31
 -51.00  -4.00  65.95
 -51.00  -3.00  64.95
 -51.00  -2.00  64.38
 -51.00  -1.00  64.33
 -51.00   0.00  64.81
 -51.00   1.00  65.81
 -51.00   2.00  67.23
 -51.00   3.00  68.92
 -51.00   4.00  70.66
 -51.00   5.00  72.23
 -51.00   6.00  73.41
 -51.00   7.00  74.02
 -51.00   8.00  73.91
 -51.00   9.00  72.99
 -51.00  10.00  71.20
 -51.00  11.00  68.55
 -51.00  12.00  65.09
 -51.00  13.00  60.90
 -51.00  14.00  56.14
 -51.00  15.00  51.03
 -51.00  16.00  45.82
 -51.00  17.00  40.85
 -51.00  18.00  36.43
 -51.00  19.00  32.90
 -51.00  20.00  30.51
 -51.00  21.00  29.38
 -51.00  22.00  29.53
 -51.00  23.00  30.77
 -51.00  24.00  32.79
 -51.00  25.00  35.17
 -51.00  26.00  37.45
 -51.00  27.00  39.18
 -50.00 -37.00  69.55
 -50.00 -36.00  69.33
 -50.00 -35.00  69.24
 -50.00 -34.00  69.26
 -50.00 -33.00  69.28
 -50.00 -32.00  69.17
 -50.00 -31.00  68.81
 -50.00 -30.00  68.16
 -50.00 -29.00  67.29
 -50.00 -28.00  66.39
 -50.00 -27.00  65.72
 -50.00 -26.00  65.62
 -50.00 -25.00  66.37
 -50.00 -24.00  68.16
 -50.00 -23.00  70.99
 -50.00 -22.00  74.72
 -50.00 -21.00  79.01
 -50.00 -20.00  83.41
 -50.00 -19.00  87.42
 -50.00 -18.00  90.60
 -50.00 -17.00  92.62
 -50.00 -16.00  93.31
 -50.00 -15.00  92.70
 -50.00 -14.00  90.97
 -50.00 -13.00  88.40
 -50.00 -12.00  85.34
 -50.00 -11.00  82.10
 -50.00 -10.00  78.93
 -50.00  -9.00  75.99
 -50.00  -8.00  73.33
 -50.00  -7.00  70.96
 -50.00  -6.00  68.86
 -50.00  -5.00  66.99
 -50.00  -4.00  65.38
 -50.00  -3.00  64.07
 -50.00  -2.00  63.16
 -50.00  -1.00  62.74
 -50.00   0.00  62.87
 -50.00   1.00  63.57
 -50.00   2.00  64.78
 -50.00   3.00  66.38
 -50.00   4.00  68.18
 -50.00   5.00  69.97
 -50.00   6.00  71.51
 -50.00   7.00  72.60
 -50.00   8.00  73.06
 -50.00   9.00  72.78
 -50.00  10.00  71.68
 -50.00  11.00  69.72
 -50.00  12.00  66.91
 -50.00  13.00  63.31
 -50.00  14.00  59.01
 -50.00  15.00  54.19
 -50.00  16.00  49.06
 -50.00  17.00  43.91
 -50.00  18.00  39.08
 -50.00  19.00  34.91
 -50.00  20.00  31.70
 -50.00  21.00  29.70
 -50.00  22.00  28.99
 -50.00  23.00  29.51
 -50.00  24.00  31.04
 -50.00  25.00  33.21
 -50.00  26.00  35.57
 -50.00  27.00  37.65
 -49.00 -37.00  69.74
 -49.00 -36.00  69.45
 -49.00 -35.00  69.27
 -49.00 -34.00  69.23
 -49.00 -33.00  69.25
 -49.00 -32.00  69.22
 -49.00 -31.00  69.00
 -49.00 -30.00  68.49
 -49.00 -29.00  67.69
 -49.00 -28.00  66.73
 -49.00 -27.00  65.83
 -49.00 -26.00  65.30
 -49.00 -25.00  65.48
 -49.00 -24.00  66.60
 -49.00 -23.00  68.80
 -49.00 -22.00  72.01
 -49.00 -21.00  75.99
 -49.00 -20.00  80.34
 -49.00 -19.00  84.58
 -49.00 -18.00  88.23
 -49.00 -17.00  90.87
 -49.00 -16.00  92.24
 -49.00 -15.00  92.28
 -49.00 -14.00  91.08
 -49.00 -13.00  88.89
 -49.00 -12.00  86.03
 -49.00 -11.00  82.84
 -49.00 -10.00  79.60
 -49.00  -9.00  76.52
 -49.00  -8.00  73.71
 -49.00  -7.00  71.18
 -49.00  -6.00  68.92
 -49.00  -5.00  66.87
 -49.00  -4.00  65.05
 -49.00  -3.00  63.49
 -49.00  -2.00  62.26
 -49.00  -1.00  61.46
 -49.00   0.00  61.21
 -49.00   1.00  61.54
 -49.00   2.00  62.46
 -49.00   3.00  63.88
 -49.00   4.00  65.64
 -49.00   5.00  67.55
 -49.00   6.00  69.37
 -49.00   7.00  70.88
 -49.00   8.00  71.89
 -49.00   9.00  72.23
 -49.00  10.00  71.81
 -49.00  11.00  70.55
 -49.00  12.00  68.44
 -49.00  13.00  65.49
 -49.00  14.00  61.76
 -49.00  15.00  57.35
 -49.00  16.00  52.45
 -49.00  17.00  47.30
 -49.00  18.00  42.22
 -49.00  19.00  37.54
 -49.00  20.00  33.62
 -49.00  21.00  30.75
 -49.00  22.00  29.14
 -49.00  23.00  28.82
 -49.00  24.00  29.68
 -49.00  25.00  31.44
 -49.00  26.00  33.69
 -49.00  27.00  35.95
 -48.00 -37.00  69.74
 -48.00 -36.00  69.42
 -48.00 -35.00  69.16
 -48.00 -34.00  69.04
 -48.00 -33.00  69.03
 -48.00 -32.00  69.04
 -48.00 -31.00  68.93
 -48.00 -30.00  68.57
 -48.00 -29.00  67.92
 -48.00 -28.00  67.00
 -48.00 -27.00  65.99
 -48.00 -26.00  65.17
 -48.00 -25.00  64.86
 -48.00 -24.00  65.38
 -48.00 -23.00  66.92
 -48.00 -22.00  69.53
 -48.00 -21.00  73.09
 -48.00 -20.00  77.26
 -48.00 -19.00  81.59
 -48.00 -18.00  85.60
 -48.00 -17.00  88.81
 -48.00 -16.00  90.87
 -48.00 -15.00  91.61
 -48.00 -14.00  91.02
 -48.00 -13.00  89.30
 -48.00 -12.00  86.73
 -48.00 -11.00  83.64
 -48.00 -10.00  80.38
 -48.00  -9.00  77.18
 -48.00  -8.00  74.21
 -48.00  -7.00  71.51
 -48.00  -6.00  69.09
 -48.00  -5.00  66.91
 -48.00  -4.00  64.92
 -48.00  -3.00  63.14
 -48.00  -2.00  61.64
 -48.00  -1.00  60.51
 -48.00   0.00  59.86
 -48.00   1.00  59.79
 -48.00   2.00  60.35
 -48.00   3.00  61.49
 -48.00   4.00  63.10
 -48.00   5.00  65.02
 -48.00   6.00  67.03
 -48.00   7.00  68.88
 -48.00   8.00  70.36
 -48.00   9.00  71.30
 -48.00  10.00  71.55
 -48.00  11.00  71.00
 -48.00  12.00  69.62
 -48.00  13.00  67.37
 -48.00  14.00  64.27
 -48.00  15.00  60.39
 -48.00  16.00  55.86
 -48.00  17.00  50.87
 -48.00  18.00  45.70
 -48.00  19.00  40.68
 -48.00  20.00  36.17
 -48.00  21.00  32.52
 -48.00  22.00  30.00
 -48.00  23.00  28.78
 -48.00  24.00  28.83
 -48.00  25.00  29.99
 -48.00  26.00  31.92
 -48.00  27.00  34.17
 -47.00 -37.00  69.54
 -47.00 -36.00  69.25
 -47.00 -35.00  68.94
 -47.00 -34.00  68.73
 -47.00 -33.00  68.65
 -47.00 -32.00  68.65
 -47.00 -31.00  68.62
 -47.00 -30.00  68.41
 -47.00 -29.00  67.92
 -47.00 -28.00  67.13
 -47.00 -27.00  66.13
 -47.00 -26.00  65.14
 -47.00 -25.00  64.48
 -47.00 -24.00  64.46
 -47.00 -23.00  65.37
 -47.00 -22.00  67.35
 -47.00 -21.00  70.38
 -47.00 -20.00  74.23
 -47.00 -19.00  78.51
 -47.00 -18.00  82.75
 -47.00 -17.00  86.45
 -47.00 -16.00  89.17
 -47.00 -15.00  90.63
 -47.00 -14.00  90.74
 -47.00 -13.00  89.58
 -47.00 -12.00  87.39
 -47.00 -11.00  84.50
 -47.00 -10.00  81.25
 -47.00  -9.00  77.95
 -47.00  -8.00  74.81
 -47.00  -7.00  71.94
 -47.00  -6.00  69.36
 -47.00  -5.00  67.03
 -47.00  -4.00  64.90
 -47.00  -3.00  62.97
 -47.00  -2.00  61.25
 -47.00  -1.00  59.83
 -47.00   0.00  58.83
 -47.00   1.00  58.36
 -47.00   2.00  58.50
 -47.00   3.00  59.28
 -47.00   4.00  60.65
 -47.00   5.00  62.46
 -47.00   6.00  64.52
 -47.00   7.00  66.61
 -47.00   8.00  68.49
 -47.00   9.00  69.96
 -47.00  10.00  70.85
 -47.00  11.00  71.01
 -47.00  12.00  70.36
 -47.00  13.00  68.84
 -47.00  14.00  66.44
 -47.00  15.00  63.18
 -47.00  16.00  59.14
 -47.00  17.00  54.46
 -47.00  18.00  49.38
 -47.00  19.00  44.19
 -47.00  20.00  39.24
 -47.00  21.00  34.93
 -47.00  22.00  31.57
 -47.00  23.00  29.41
 -47.00  24.00  28.57
 -47.00  25.00  28.98
 -47.00  26.00  30.39
 -47.00  27.00  32.43
 -46.00 -37.00  69.11
 -46.00 -36.00  68.90
 -46.00 -35.00  68.60
 -46.00 -34.00  68.33
 -46.00 -33.00  68.17
 -46.00 -32.00  68.13
 -46.00 -31.00  68.12
 -46.00 -30.00  68.01
 -46.00 -29.00  67.69
 -46.00 -28.00  67.06
 -46.00 -27.00  66.16
 -46.00 -26.00  65.13
 -46.00 -25.00  64.24
 -46.00 -24.00  63.81
 -46.00 -23.00  64.15
 -46.00 -22.00  65.51
 -46.00 -21.00  67.94
 -46.00 -20.00  71.35
 -46.00 -19.00  75.44
 -46.00 -18.00  79.76
 -46.00 -17.00  83.82
 -46.00 -16.00  87.13
 -46.00 -15.00  89.31
 -46.00 -14.00  90.15
 -46.00 -13.00  89.65
 -46.00 -12.00  87.95
 -46.00 -11.00  85.35
 -46.00 -10.00  82.19
 -46.00  -9.00  78.83
 -46.00  -8.00  75.53
 -46.00  -7.00  72.46
 -46.00  -6.00  69.68
 -46.00  -5.00  67.20
 -46.00  -4.00  64.95
 -46.00  -3.00  62.89
 -46.00  -2.00  61.02
 -46.00  -1.00  59.38
 -46.00   0.00  58.08
 -46.00   1.00  57.23
 -46.00   2.00  56.96
 -46.00   3.00  57.34
 -46.00   4.00  58.36
 -46.00   5.00  59.94
 -46.00   6.00  61.94
 -46.00   7.00  64.14
 -46.00   8.00  66.31
 -46.00   9.00  68.23
 -46.00  10.00  69.70
 -46.00  11.00  70.53
 -46.00  12.00  70.62
 -46.00  13.00  69.85
 -46.00  14.00  68.19
 -46.00  15.00  65.61
 -46.00  16.00  62.15
 -46.00  17.00  57.91
 -46.00  18.00  53.07
 -46.00  19.00  47.88
 -46.00  20.00  42.68
 -46.00  21.00  37.84
 -46.00  22.00  33.75
 -46.00  23.00  30.72
 -46.00  24.00  28.95
 -46.00  25.00  28.50
 -46.00  26.00  29.24
 -46.00  27.00  30.87
 -45.00 -37.00  68.44
 -45.00 -36.00  68.37
 -45.00 -35.00  68.13
 -45.00 -34.00  67.85
 -45.00 -33.00  67.62
 -45.00 -32.00  67.51
 -45.00 -31.00  67.48
 -45.00 -30.00  67.43
 -45.00 -29.00  67.24
 -45.00 -28.00  66.78
 -45.00 -27.00  66.03
 -45.00 -26.00  65.05
 -45.00 -25.00  64.06
 -45.00 -24.00  63.34
 -45.00 -23.00  63.22
 -45.00 -22.00  64.00
 -45.00 -21.00  65.83
 -45.00 -20.00  68.72
 -45.00 -19.00  72.48
 -45.00 -18.00  76.73
 -45.00 -17.00  81.01
 -45.00 -16.00  84.79
 -45.00 -15.00  87.63
 -45.00 -14.00  89.22
 -45.00 -13.00  89.43
 -45.00 -12.00  88.32
 -45.00 -11.00  86.12
 -45.00 -10.00  83.16
 -45.00  -9.00  79.79
 -45.00  -8.00  76.35
 -45.00  -7.00  73.07
 -45.00  -6.00  70.08
 -45.00  -5.00  67.40
 -45.00  -4.00  65.01
 -45.00  -3.00  62.84
 -45.00  -2.00  60.86
 -45.00  -1.00  59.06
 -45.00   0.00  57.54
 -45.00   1.00  56.38
 -45.00   2.00  55.73
 -45.00   3.00  55.69
 -45.00   4.00  56.32
 -45.00   5.00  57.58
 -45.00   6.00  59.39
 -45.00   7.00  61.57
 -45.00   8.00  63.91
 -45.00   9.00  66.17
 -45.00  10.00  68.12
 -45.00  11.00  69.58
 -45.00  12.00  70.36
 -45.00  13.00  70.35
 -45.00  14.00  69.45
 -45.00  15.00  67.60
 -45.00  16.00  64.79
 -45.00  17.00  61.09
 -45.00  18.00  56.62
 -45.00  19.00  51.58
 -45.00  20.00  46.29
 -45.00  21.00  41.11
 -45.00  22.00  36.42
 -45.00  23.00  32.60
 -45.00  24.00  29.95
 -45.00  25.00  28.60
 -45.00  26.00  28.55
 -45.00  27.00  29.59
 -44.00 -37.00  67.54
 -44.00 -36.00  67.65
 -44.00 -35.00  67.52
 -44.00 -34.00  67.27
 -44.00 -33.00  67.01
 -44.00 -32.00  66.84
 -44.00 -31.00  66.76
 -44.00 -30.00  66.72
 -44.00 -29.00  66.61
 -44.00 -28.00  66.30
 -44.00 -27.00  65.71
 -44.00 -26.00  64.86
 -44.00 -25.00  63.86
 -44.00 -24.00  62.98
 -44.00 -23.00  62.52
 -44.00 -22.00  62.80
 -44.00 -21.00  64.06
 -44.00 -20.00  66.40
 -44.00 -19.00  69.73
 -44.00 -18.00  73.78
 -44.00 -17.00  78.12
 -44.00 -16.00  82.24
 -44.00 -15.00  85.65
 -44.00 -14.00  87.95
 -44.00 -13.00  88.90
 -44.00 -12.00  88.45
 -44.00 -11.00  86.76
 -44.00 -10.00  84.09
 -44.00  -9.00  80.81
 -44.00  -8.00  77.28
 -44.00  -7.00  73.79
 -44.00  -6.00  70.55
 -44.00  -5.00  67.65
 -44.00  -4.00  65.08
 -44.00  -3.00  62.78
 -44.00  -2.00  60.70
 -44.00  -1.00  58.80
 -44.00   0.00  57.12
 -44.00   1.00  55.73
 -44.00   2.00  54.77
 -44.00   3.00  54.35
 -44.00   4.00  54.56
 -44.00   5.00  55.46
 -44.00   6.00  56.98
 -44.00   7.00  59.01
 -44.00   8.00  61.38
 -44.00   9.00  63.85
 -44.00  10.00  66.19
 -44.00  11.00  68.18
 -44.00  12.00  69.62
 -44.00  13.00  70.33
 -44.00  14.00  70.18
 -44.00  15.00  69.08
 -44.00  16.00  66.98
 -44.00  17.00  63.89
 -44.00  18.00  59.89
 -44.00  19.00  55.15
 -44.00  20.00  49.92
 -44.00  21.00  44.55
 -44.00  22.00  39.42
 -44.00  23.00  34.95
 -44.00  24.00  31.48
 -44.00  25.00  29.25
 -44.00  26.00  28.35
 -44.00  27.00  28.70
 -43.00 -37.00  66.52
 -43.00 -36.00  66.80
 -43.00 -35.00  66.83
 -43.00 -34.00  66.67
 -43.00 -33.00  66.43
 -43.00 -32.00  66.22
 -43.00 -31.00  66.09
 -43.00 -30.00  66.03
 -43.00 -29.00  65.95
 -43.00 -28.00  65.75
 -43.00 -27.00  65.30
 -43.00 -26.00  64.58
 -43.00 -25.00  63.65
 -43.00 -24.00  62.70
 -43.00 -23.00  62.01
 -43.00 -22.00  61.89
 -43.00 -21.00  62.64
 -43.00 -20.00  64.43
 -43.00 -19.00  67.27
 -43.00 -18.00  71.00
 -43.00 -17.00  75.25
 -43.00 -16.00  79.56
 -43.00 -15.00  83.40
 -43.00 -14.00  86.33
 -43.00 -13.00  87.99
 -43.00 -12.00  88.24
 -43.00 -11.00  87.12
 -43.00 -10.00  84.85
 -43.00  -9.00  81.75
 -43.00  -8.00  78.20
 -43.00  -7.00  74.56
 -43.00  -6.00  71.07
 -43.00  -5.00  67.91
 -43.00  -4.00  65.12
 -43.00  -3.00  62.66
 -43.00  -2.00  60.47
 -43.00  -1.00  58.50
 -43.00   0.00  56.72
 -43.00   1.00  55.18
 -43.00   2.00  53.97
 -43.00   3.00  53.23
 -43.00   4.00  53.07
 -43.00   5.00  53.58
 -43.00   6.00  54.76
 -43.00   7.00  56.56
 -43.00   8.00  58.83
 -43.00   9.00  61.39
 -43.00  10.00  64.00
 -43.00  11.00  66.42
 -43.00  12.00  68.42
 -43.00  13.00  69.80
 -43.00  14.00  70.38
 -43.00  15.00  70.03
 -43.00  16.00  68.66
 -43.00  17.00  66.23
 -43.00  18.00  62.77
 -43.00  19.00  58.41
 -43.00  20.00  53.37
 -43.00  21.00  47.95
 -43.00  22.00  42.54
 -43.00  23.00  37.55
 -43.00  24.00  33.38
 -43.00  25.00  30.33
 -43.00  26.00  28.60
 -43.00  27.00  28.20
 -42.00 -37.00  65.40
 -42.00 -36.00  65.82
 -42.00 -35.00  66.01
 -42.00 -34.00  65.98
 -42.00 -33.00  65.80
 -42.00 -32.00  65.59
 -42.00 -31.00  65.42
 -42.00 -30.00  65.32
 -42.00 -29.00  65.26
 -42.00 -28.00  65.11
 -42.00 -27.00  64.78
 -42.00 -26.00  64.20
 -42.00 -25.00  63.37
 -42.00 -24.00  62.42
 -42.00 -23.00  61.59
 -42.00 -22.00  61.18
 -42.00 -21.00  61.50
 -42.00 -20.00  62.79
 -42.00 -19.00  65.13
 -42.00 -18.00  68.47
 -42.00 -17.00  72.52
 -42.00 -16.00  76.88
 -42.00 -15.00  81.03
 -42.00 -14.00  84.48
 -42.00 -13.00  86.80
 -42.00 -12.00  87.75
 -42.00 -11.00  87.26
 -42.00 -10.00  85.47
 -42.00  -9.00  82.65
 -42.00  -8.00  79.17
 -42.00  -7.00  75.41
 -42.00  -6.00  71.70
 -42.00  -5.00  68.26
 -42.00  -4.00  65.21
 -42.00  -3.00  62.54
 -42.00  -2.00  60.22
 -42.00  -1.00  58.16
 -42.00   0.00  56.30
 -42.00   1.00  54.66
 -42.00   2.00  53.29
 -42.00   3.00  52.31
 -42.00   4.00  51.82
 -42.00   5.00  51.96
 -42.00   6.00  52.78
 -42.00   7.00  54.28
 -42.00   8.00  56.36
 -42.00   9.00  58.88
 -42.00  10.00  61.63
 -42.00  11.00  64.37
 -42.00  12.00  66.85
 -42.00  13.00  68.84
 -42.00  14.00  70.11
 -42.00  15.00  70.50
 -42.00  16.00  69.86
 -42.00  17.00  68.11
 -42.00  18.00  65.26
 -42.00  19.00  61.37
 -42.00  20.00  56.62
 -42.00  21.00  51.29
 -42.00  22.00  45.73
 -42.00  23.00  40.36
 -42.00  24.00  35.60
 -42.00  25.00  31.83
 -42.00  26.00  29.30
 -42.00  27.00  28.12
 -41.00 -37.00  64.23
 -41.00 -36.00  64.73
 -41.00 -35.00  65.07
 -41.00 -34.00  65.18
 -41.00 -33.00  65.11
 -41.00 -32.00  64.93
 -41.00 -31.00  64.76
 -41.00 -30.00  64.63
 -41.00 -29.00  64.55
 -41.00 -28.00  64.43
 -41.00 -27.00  64.19
 -41.00 -26.00  63.72
 -41.00 -25.00  63.01
 -41.00 -24.00  62.11
 -41.00 -23.00  61.23
 -41.00 -22.00  60.62
 -41.00 -21.00  60.59
 -41.00 -20.00  61.43
 -41.00 -19.00  63.30
 -41.00 -18.00  66.21
 -41.00 -17.00  69.99
 -41.00 -16.00  74.28
 -41.00 -15.00  78.61
 -41.00 -14.00  82.47
 -41.00 -13.00  85.38
 -41.00 -12.00  87.00
 -41.00 -11.00  87.17
 -41.00 -10.00  85.92
 -41.00  -9.00  83.46
 -41.00  -8.00  80.14
 -41.00  -7.00  76.34
 -41.00  -6.00  72.44
 -41.00  -5.00  68.73
 -41.00  -4.00  65.38
 -41.00  -3.00  62.47
 -41.00  -2.00  59.96
 -41.00  -1.00  57.79
 -41.00   0.00  55.86
 -41.00   1.00  54.16
 -41.00   2.00  52.68
 -41.00   3.00  51.51
 -41.00   4.00  50.77
 -41.00   5.00  50.58
 -41.00   6.00  51.05
 -41.00   7.00  52.20
 -41.00   8.00  54.03
 -41.00   9.00  56.42
 -41.00  10.00  59.20
 -41.00  11.00  62.14
 -41.00  12.00  64.99
 -41.00  13.00  67.50
 -41.00  14.00  69.41
 -41.00  15.00  70.50
 -41.00  16.00  70.59
 -41.00  17.00  69.57
 -41.00  18.00  67.36
 -41.00  19.00  64.01
 -41.00  20.00  59.64
 -41.00  21.00  54.50
 -41.00  22.00  48.91
 -41.00  23.00  43.29
 -41.00  24.00  38.07
 -41.00  25.00  33.66
 -41.00  26.00  30.39
 -41.00  27.00  28.44
 -40.00 -37.00  63.07
 -40.00 -36.00  63.59
 -40.00 -35.00  64.03
 -40.00 -34.00  64.29
 -40.00 -33.00  64.34
 -40.00 -32.00  64.24
 -40.00 -31.00  64.09
 -40.00 -30.00  63.95
 -40.00 -29.00  63.85
 -40.00 -28.00  63.74
 -40.00 -27.00  63.55
 -40.00 -26.00  63.18
 -40.00 -25.00  62.58
 -40.00 -24.00  61.76
 -40.00 -23.00  60.87
 -40.00 -22.00  60.14
 -40.00 -21.00  59.85
 -40.00 -20.00  60.31
 -40.00 -19.00  61.73
 -40.00 -18.00  64.20
 -40.00 -17.00  67.64
 -40.00 -16.00  71.78
 -40.00 -15.00  76.18
 -40.00 -14.00  80.34
 -40.00 -13.00  83.75
 -40.00 -12.00  86.01
 -40.00 -11.00  86.84
 -40.00 -10.00  86.18
 -40.00  -9.00  84.18
 -40.00  -8.00  81.10
 -40.00  -7.00  77.35
 -40.00  -6.00  73.31
 -40.00  -5.00  69.34
 -40.00  -4.00  65.69
 -40.00  -3.00  62.48
 -40.00  -2.00  59.74
 -40.00  -1.00  57.41
 -40.00   0.00  55.40
 -40.00   1.00  53.63
 -40.00   2.00  52.09
 -40.00   3.00  50.80
 -40.00   4.00  49.87
 -40.00   5.00  49.40
 -40.00   6.00  49.54
 -40.00   7.00  50.35
 -40.00   8.00  51.87
 -40.00   9.00  54.05
 -40.00  10.00  56.75
 -40.00  11.00  59.79
 -40.00  12.00  62.91
 -40.00  13.00  65.84
 -40.00  14.00  68.32
 -40.00  15.00  70.08
 -40.00  16.00  70.90
 -40.00  17.00  70.60
 -40.00  18.00  69.08
 -40.00  19.00  66.32
 -40.00  20.00  62.41
 -40.00  21.00  57.55
 -40.00  22.00  52.04
 -40.00  23.00  46.28
 -40.00  24.00  40.70
 -40.00  25.00  35.75
 -40.00  26.00  31.81
 -40.00  27.00  29.13
 -39.00 -37.00  61.97
 -39.00 -36.00  62.43
 -39.00 -35.00  62.93
 -39.00 -34.00  63.31
 -39.00 -33.00  63.49
 -39.00 -32.00  63.50
 -39.00 -31.00  63.40
 -39.00 -30.00  63.28
 -39.00 -29.00  63.16
 -39.00 -28.00  63.06
 -39.00 -27.00  62.90
 -39.00 -26.00  62.60
 -39.00 -25.00  62.10
 -39.00 -24.00  61.37
 -39.00 -23.00  60.52
 -39.00 -22.00  59.71
 -39.00 -21.00  59.23
 -39.00 -20.00  59.36
 -39.00 -19.00  60.38
 -39.00 -18.00  62.42
 -39.00 -17.00  65.48
 -39.00 -16.00  69.38
 -39.00 -15.00  73.75
 -39.00 -14.00  78.11
 -39.00 -13.00  81.95
 -39.00 -12.00  84.78
 -39.00 -11.00  86.28
 -39.00 -10.00  86.26
 -39.00  -9.00  84.78
 -39.00  -8.00  82.05
 -39.00  -7.00  78.43
 -39.00  -6.00  74.33
 -39.00  -5.00  70.14
 -39.00  -4.00  66.18
 -39.00  -3.00  62.64
 -39.00  -2.00  59.62
 -39.00  -1.00  57.07
 -39.00   0.00  54.93
 -39.00   1.00  53.10
 -39.00   2.00  51.50
 -39.00   3.00  50.14
 -39.00   4.00  49.07
 -39.00   5.00  48.39
 -39.00   6.00  48.23
 -39.00   7.00  48.71
 -39.00   8.00  49.90
 -39.00   9.00  51.80
 -39.00  10.00  54.34
 -39.00  11.00  57.36
 -39.00  12.00  60.64
 -39.00  13.00  63.92
 -39.00  14.00  66.89
 -39.00  15.00  69.27
 -39.00  16.00  70.78
 -39.00  17.00  71.22
 -39.00  18.00  70.42
 -39.00  19.00  68.31
 -39.00  20.00  64.94
 -39.00  21.00  60.45
 -39.00  22.00  55.12
 -39.00  23.00  49.33
 -39.00  24.00  43.50
 -39.00  25.00  38.09
 -39.00  26.00  33.54
 -39.00  27.00  30.16
 -38.00 -37.00  61.00
 -38.00 -36.00  61.30
 -38.00 -35.00  61.79
 -38.00 -34.00  62.25
 -38.00 -33.00  62.57
 -38.00 -32.00  62.70
 -38.00 -31.00  62.69
 -38.00 -30.00  62.60
 -38.00 -29.00  62.50
 -38.00 -28.00  62.39
 -38.00 -27.00  62.26
 -38.00 -26.00  62.01
 -38.00 -25.00  61.59
 -38.00 -24.00  60.96
 -38.00 -23.00  60.15
 -38.00 -22.00  59.33
 -38.00 -21.00  58.70
 -38.00 -20.00  58.57
 -38.00 -19.00  59.21
 -38.00 -18.00  60.83
 -38.00 -17.00  63.49
 -38.00 -16.00  67.08
 -38.00 -15.00  71.33
 -38.00 -14.00  75.80
 -38.00 -13.00  79.97
 -38.00 -12.00  83.33
 -38.00 -11.00  85.47
 -38.00 -10.00  86.13
 -38.00  -9.00  85.25
 -38.00  -8.00  82.97
 -38.00  -7.00  79.59
 -38.00  -6.00  75.51
 -38.00  -5.00  71.15
 -38.00  -4.00  66.90
 -38.00  -3.00  63.02
 -38.00  -2.00  59.65
 -38.00  -1.00  56.84
 -38.00   0.00  54.51
 -38.00   1.00  52.57
 -38.00   2.00  50.92
 -38.00   3.00  49.51
 -38.00   4.00  48.35
 -38.00   5.00  47.50
 -38.00   6.00  47.10
 -38.00   7.00  47.27
 -38.00   8.00  48.12
 -38.00   9.00  49.70
 -38.00  10.00  52.00
 -38.00  11.00  54.91
 -38.00  12.00  58.24
 -38.00  13.00  61.75
 -38.00  14.00  65.13
 -38.00  15.00  68.07
 -38.00  16.00  70.26
 -38.00  17.00  71.43
 -38.00  18.00  71.38
 -38.00  19.00  69.98
 -38.00  20.00  67.21
 -38.00  21.00  63.19
 -38.00  22.00  58.15
 -38.00  23.00  52.42
 -38.00  24.00  46.44
 -38.00  25.00  40.68
 -38.00  26.00  35.58
 -38.00  27.00  31.54
 -37.00 -37.00  60.21
 -37.00 -36.00  60.26
 -37.00 -35.00  60.65
 -37.00 -34.00  61.15
 -37.00 -33.00  61.57
 -37.00 -32.00  61.83
 -37.00 -31.00  61.93
 -37.00 -30.00  61.92
 -37.00 -29.00  61.84
 -37.00 -28.00  61.75
 -37.00 -27.00  61.63
 -37.00 -26.00  61.42
 -37.00 -25.00  61.07
 -37.00 -24.00  60.52
 -37.00 -23.00  59.79
 -37.00 -22.00  58.97
 -37.00 -21.00  58.25
 -37.00 -20.00  57.91
 -37.00 -19.00  58.22
 -37.00 -18.00  59.42
 -37.00 -17.00  61.66
 -37.00 -16.00  64.90
 -37.00 -15.00  68.94
 -37.00 -14.00  73.41
 -37.00 -13.00  77.82
 -37.00 -12.00  81.64
 -37.00 -11.00  84.41
 -37.00 -10.00  85.77
 -37.00  -9.00  85.56
 -37.00  -8.00  83.82
 -37.00  -7.00  80.80
 -37.00  -6.00  76.85
 -37.00  -5.00  72.40
 -37.00  -4.00  67.89
 -37.00  -3.00  63.66
 -37.00  -2.00  59.91
 -37.00  -1.00  56.76
 -37.00   0.00  54.19
 -37.00   1.00  52.09
 -37.00   2.00  50.36
 -37.00   3.00  48.90
 -37.00   4.00  47.68
 -37.00   5.00  46.72
 -37.00   6.00  46.12
 -37.00   7.00  46.01
 -37.00   8.00  46.53
 -37.00   9.00  47.77
 -37.00  10.00  49.77
 -37.00  11.00  52.47
 -37.00  12.00  55.75
 -37.00  13.00  59.38
 -37.00  14.00  63.07
 -37.00  15.00  66.49
 -37.00  16.00  69.31
 -37.00  17.00  71.21
 -37.00  18.00  71.93
 -37.00  19.00  71.29
 -37.00  20.00  69.21
 -37.00  21.00  65.76
 -37.00  22.00  61.10
 -37.00  23.00  55.55
 -37.00  24.00  49.53
 -37.00  25.00  43.49
 -37.00  26.00  37.93
 -37.00  27.00  33.27
 -36.00 -37.00  59.67
 -36.00 -36.00  59.37
 -36.00 -35.00  59.58
 -36.00 -34.00  60.03
 -36.00 -33.00  60.51
 -36.00 -32.00  60.90
 -36.00 -31.00  61.12
 -36.00 -30.00  61.20
 -36.00 -29.00  61.19
 -36.00 -28.00  61.13
 -36.00 -27.00  61.02
 -36.00 -26.00  60.85
 -36.00 -25.00  60.55
 -36.00 -24.00  60.08
 -36.00 -23.00  59.42
 -36.00 -22.00  58.64
 -36.00 -21.00  57.87
 -36.00 -20.00  57.36
 -36.00 -19.00  57.38
 -36.00 -18.00  58.20
 -36.00 -17.00  60.00
 -36.00 -16.00  62.84
 -36.00 -15.00  66.60
 -36.00 -14.00  70.98
 -36.00 -13.00  75.53
 -36.00 -12.00  79.74
 -36.00 -11.00  83.08
 -36.00 -10.00  85.14
 -36.00  -9.00  85.65
 -36.00  -8.00  84.56
 -36.00  -7.00  82.00
 -36.00  -6.00  78.30
 -36.00  -5.00  73.88
 -36.00  -4.00  69.17
 -36.00  -3.00  64.60
 -36.00  -2.00  60.46
 -36.00  -1.00  56.92
 -36.00   0.00  54.02
 -36.00   1.00  51.70
 -36.00   2.00  49.84
 -36.00   3.00  48.31
 -36.00   4.00  47.04
 -36.00   5.00  46.01
 -36.00   6.00  45.27
 -36.00   7.00  44.93
 -36.00   8.00  45.14
 -36.00   9.00  46.03
 -36.00  10.00  47.68
 -36.00  11.00  50.11
 -36.00  12.00  53.24
 -36.00  13.00  56.87
 -36.00  14.00  60.76
 -36.00  15.00  64.58
 -36.00  16.00  67.96
 -36.00  17.00  70.56
 -36.00  18.00  72.06
 -36.00  19.00  72.21
 -36.00  20.00  70.89
 -36.00  21.00  68.09
 -36.00  22.00  63.93
 -36.00  23.00  58.68
 -36.00  24.00  52.72
 -36.00  25.00  46.52
 -36.00  26.00  40.58
 -36.00  27.00  35.35
 -35.00 -37.00  59.44
 -35.00 -36.00  58.72
 -35.00 -35.00  58.64
 -35.00 -34.00  58.96
 -35.00 -33.00  59.44
 -35.00 -32.00  59.91
 -35.00 -31.00  60.26
 -35.00 -30.00  60.46
 -35.00 -29.00  60.53
 -35.00 -28.00  60.51
 -35.00 -27.00  60.44
 -35.00 -26.00  60.30
 -35.00 -25.00  60.05
 -35.00 -24.00  59.65
 -35.00 -23.00  59.06
 -35.00 -22.00  58.32
 -35.00 -21.00  57.54
 -35.00 -20.00  56.91
 -35.00 -19.00  56.69
 -35.00 -18.00  57.16
 -35.00 -17.00  58.55
 -35.00 -16.00  60.97
 -35.00 -15.00  64.39
 -35.00 -14.00  68.58
 -35.00 -13.00  73.17
 -35.00 -12.00  77.66
 -35.00 -11.00  81.51
 -35.00 -10.00  84.24
 -35.00  -9.00  85.49
 -35.00  -8.00  85.11
 -35.00  -7.00  83.13
 -35.00  -6.00  79.80
 -35.00  -5.00  75.51
 -35.00  -4.00  70.71
 -35.00  -3.00  65.85
 -35.00  -2.00  61.31
 -35.00  -1.00  57.34
 -35.00   0.00  54.05
 -35.00   1.00  51.43
 -35.00   2.00  49.38
 -35.00   3.00  47.75
 -35.00   4.00  46.43
 -35.00   5.00  45.35
 -35.00   6.00  44.52
 -35.00   7.00  44.00
 -35.00   8.00  43.95
 -35.00   9.00  44.51
 -35.00  10.00  45.80
 -35.00  11.00  47.90
 -35.00  12.00  50.78
 -35.00  13.00  54.32
 -35.00  14.00  58.29
 -35.00  15.00  62.39
 -35.00  16.00  66.25
 -35.00  17.00  69.49
 -35.00  18.00  71.74
 -35.00  19.00  72.71
 -35.00  20.00  72.19
 -35.00  21.00  70.11
 -35.00  22.00  66.54
 -35.00  23.00  61.70
 -35.00  24.00  55.93
 -35.00  25.00  49.67
 -35.00  26.00  43.45
 -35.00  27.00  37.74
 -34.00 -37.00  59.55
 -34.00 -36.00  58.34
 -34.00 -35.00  57.90
 -34.00 -34.00  58.00
 -34.00 -33.00  58.41
 -34.00 -32.00  58.92
 -34.00 -31.00  59.36
 -34.00 -30.00  59.68
 -34.00 -29.00  59.85
 -34.00 -28.00  59.91
 -34.00 -27.00  59.88
 -34.00 -26.00  59.77
 -34.00 -25.00  59.57
 -34.00 -24.00  59.23
 -34.00 -23.00  58.71
 -34.00 -22.00  58.02
 -34.00 -21.00  57.25
 -34.00 -20.00  56.54
 -34.00 -19.00  56.14
 -34.00 -18.00  56.31
 -34.00 -17.00  57.31
 -34.00 -16.00  59.32
 -34.00 -15.00  62.37
 -34.00 -14.00  66.31
 -34.00 -13.00  70.84
 -34.00 -12.00  75.51
 -34.00 -11.00  79.77
 -34.00 -10.00  83.10
 -34.00  -9.00  85.08
 -34.00  -8.00  85.43
 -34.00  -7.00  84.10
 -34.00  -6.00  81.24
 -34.00  -5.00  77.19
 -34.00  -4.00  72.39
 -34.00  -3.00  67.32
 -34.00  -2.00  62.42
 -34.00  -1.00  58.02
 -34.00   0.00  54.30
 -34.00   1.00  51.32
 -34.00   2.00  49.01
 -34.00   3.00  47.23
 -34.00   4.00  45.84
 -34.00   5.00  44.72
 -34.00   6.00  43.82
 -34.00   7.00  43.19
 -34.00   8.00  42.94
 -34.00   9.00  43.21
 -34.00  10.00  44.16
 -34.00  11.00  45.91
 -34.00  12.00  48.49
 -34.00  13.00  51.85
 -34.00  14.00  55.79
 -34.00  15.00  60.06
 -34.00  16.00  64.29
 -34.00  17.00  68.08
 -34.00  18.00  71.02
 -34.00  19.00  72.78
 -34.00  20.00  73.07
 -34.00  21.00  71.76
 -34.00  22.00  68.85
 -34.00  23.00  64.50
 -34.00  24.00  59.01
 -34.00  25.00  52.81
 -34.00  26.00  46.40
 -34.00  27.00  40.30
 -33.00 -37.00  59.95
 -33.00 -36.00  58.24
 -33.00 -35.00  57.39
 -33.00 -34.00  57.22
 -33.00 -33.00  57.49
 -33.00 -32.00  57.97
 -33.00 -31.00  58.47
 -33.00 -30.00  58.89
 -33.00 -29.00  59.16
 -33.00 -28.00  59.31
 -33.00 -27.00  59.34
 -33.00 -26.00  59.28
 -33.00 -25.00  59.11
 -33.00 -24.00  58.82
 -33.00 -23.00  58.36
 -33.00 -22.00  57.73
 -33.00 -21.00  56.98
 -33.00 -20.00  56.23
 -33.00 -19.00  55.70
 -33.00 -18.00  55.63
 -33.00 -17.00  56.31
 -33.00 -16.00  57.94
 -33.00 -15.00  60.62
 -33.00 -14.00  64.28
 -33.00 -13.00  68.69
 -33.00 -12.00  73.43
 -33.00 -11.00  77.99
 -33.00 -10.00  81.83
 -33.00  -9.00  84.45
 -33.00  -8.00  85.50
 -33.00  -7.00  84.83
 -33.00  -6.00  82.51
 -33.00  -5.00  78.78
 -33.00  -4.00  74.08
 -33.00  -3.00  68.89
 -33.00  -2.00  63.69
 -33.00  -1.00  58.87
 -33.00   0.00  54.72
 -33.00   1.00  51.34
 -33.00   2.00  48.72
 -33.00   3.00  46.75
 -33.00   4.00  45.25
 -33.00   5.00  44.09
 -33.00   6.00  43.16
 -33.00   7.00  42.46
 -33.00   8.00  42.06
 -33.00   9.00  42.11
 -33.00  10.00  42.76
 -33.00  11.00  44.18
 -33.00  12.00  46.46
 -33.00  13.00  49.58
 -33.00  14.00  53.43
 -33.00  15.00  57.76
 -33.00  16.00  62.25
 -33.00  17.00  66.48
 -33.00  18.00  70.03
 -33.00  19.00  72.50
 -33.00  20.00  73.56
 -33.00  21.00  73.00
 -33.00  22.00  70.76
 -33.00  23.00  66.94
 -33.00  24.00  61.80
 -33.00  25.00  55.75
 -33.00  26.00  49.26
 -33.00  27.00  42.87
 -32.00 -37.00  60.54
 -32.00 -36.00  58.37
 -32.00 -35.00  57.11
 -32.00 -34.00  56.63
 -32.00 -33.00  56.71
 -32.00 -32.00  57.12
 -32.00 -31.00  57.64
 -32.00 -30.00  58.12
 -32.00 -29.00  58.49
 -32.00 -28.00  58.72
 -32.00 -27.00  58.82
 -32.00 -26.00  58.81
 -32.00 -25.00  58.68
 -32.00 -24.00  58.43
 -32.00 -23.00  58.02
 -32.00 -22.00  57.44
 -32.00 -21.00  56.72
 -32.00 -20.00  55.95
 -32.00 -19.00  55.33
 -32.00 -18.00  55.10
 -32.00 -17.00  55.52
 -32.00 -16.00  56.84
 -32.00 -15.00  59.20
 -32.00 -14.00  62.60
 -32.00 -13.00  66.84
 -32.00 -12.00  71.59
 -32.00 -11.00  76.35
 -32.00 -10.00  80.58
 -32.00  -9.00  83.73
 -32.00  -8.00  85.39
 -32.00  -7.00  85.33
 -32.00  -6.00  83.52
 -32.00  -5.00  80.15
 -32.00  -4.00  75.60
 -32.00  -3.00  70.36
 -32.00  -2.00  64.93
 -32.00  -1.00  59.76
 -32.00   0.00  55.20
 -32.00   1.00  51.43
 -32.00   2.00  48.49
 -32.00   3.00  46.29
 -32.00   4.00  44.67
 -32.00   5.00  43.45
 -32.00   6.00  42.50
 -32.00   7.00  41.76
 -32.00   8.00  41.28
 -32.00   9.00  41.17
 -32.00  10.00  41.60
 -32.00  11.00  42.74
 -32.00  12.00  44.74
 -32.00  13.00  47.63
 -32.00  14.00  51.34
 -32.00  15.00  55.68
 -32.00  16.00  60.34
 -32.00  17.00  64.91
 -32.00  18.00  68.95
 -32.00  19.00  72.03
 -32.00  20.00  73.76
 -32.00  21.00  73.87
 -32.00  22.00  72.25
 -32.00  23.00  68.94
 -32.00  24.00  64.16
 -32.00  25.00  58.28
 -32.00  26.00  51.78
 -32.00  27.00  45.20
 -31.00 -37.00  61.13
 -31.00 -36.00  58.58
 -31.00 -35.00  56.98
 -31.00 -34.00  56.21
 -31.00 -33.00  56.10
 -31.00 -32.00  56.41
 -31.00 -31.00  56.91
 -31.00 -30.00  57.44
 -31.00 -29.00  57.88
 -31.00 -28.00  58.18
 -31.00 -27.00  58.34
 -31.00 -26.00  58.37
 -31.00 -25.00  58.28
 -31.00 -24.00  58.06
 -31.00 -23.00  57.69
 -31.00 -22.00  57.14
 -31.00 -21.00  56.44
 -31.00 -20.00  55.68
 -31.00 -19.00  55.01
 -31.00 -18.00  54.67
 -31.00 -17.00  54.92
 -31.00 -16.00  56.02
 -31.00 -15.00  58.14
 -31.00 -14.00  61.32
 -31.00 -13.00  65.43
 -31.00 -12.00  70.16
 -31.00 -11.00  75.05
 -31.00 -10.00  79.54
 -31.00  -9.00  83.09
 -31.00  -8.00  85.23
 -31.00  -7.00  85.64
 -31.00  -6.00  84.26
 -31.00  -5.00  81.19
 -31.00  -4.00  76.80
 -31.00  -3.00  71.53
 -31.00  -2.00  65.93
 -31.00  -1.00  60.47
 -31.00   0.00  55.57
 -31.00   1.00  51.46
 -31.00   2.00  48.23
 -31.00   3.00  45.81
 -31.00   4.00  44.06
 -31.00   5.00  42.78
 -31.00   6.00  41.82
 -31.00   7.00  41.07
 -31.00   8.00  40.55
 -31.00   9.00  40.35
 -31.00  10.00  40.63
 -31.00  11.00  41.58
 -31.00  12.00  43.36
 -31.00  13.00  46.07
 -31.00  14.00  49.66
 -31.00  15.00  54.00
 -31.00  16.00  58.77
 -31.00  17.00  63.60
 -31.00  18.00  68.02
 -31.00  19.00  71.57
 -31.00  20.00  73.83
 -31.00  21.00  74.48
 -31.00  22.00  73.35
 -31.00  23.00  70.46
 -31.00  24.00  65.97
 -31.00  25.00  60.25
 -31.00  26.00  53.76
 -31.00  27.00  47.05
 -30.00 -37.00  61.89
 -30.00 -36.00  59.13
 -30.00 -35.00  57.32
 -30.00 -34.00  56.40
 -30.00 -33.00  56.20
 -30.00 -32.00  56.48
 -30.00 -31.00  57.01
 -30.00 -30.00  57.60
 -30.00 -29.00  58.11
 -30.00 -28.00  58.48
 -30.00 -27.00  58.70
 -30.00 -26.00  58.78
 -30.00 -25.00  58.72
 -30.00 -24.00  58.51
 -30.00 -23.00  58.14
 -30.00 -22.00  57.59
 -30.00 -21.00  56.87
 -30.00 -20.00  56.06
 -30.00 -19.00  55.31
 -30.00 -18.00  54.85
 -30.00 -17.00  54.96
 -30.00 -16.00  55.88
 -30.00 -15.00  57.82
 -30.00 -14.00  60.85
 -30.00 -13.00  64.86
 -30.00 -12.00  69.55
 -30.00 -11.00  74.49
 -30.00 -10.00  79.11
 -30.00  -9.00  82.86
 -30.00  -8.00  85.23
 -30.00  -7.00  85.89
 -30.00  -6.00  84.70
 -30.00  -5.00  81.79
 -30.00  -4.00  77.45
 -30.00  -3.00  72.17
 -30.00  -2.00  66.47
 -30.00  -1.00  60.87
 -30.00   0.00  55.79
 -30.00   1.00  51.51
 -30.00   2.00  48.12
 -30.00   3.00  45.59
 -30.00   4.00  43.76
 -30.00   5.00  42.44
 -30.00   6.00  41.44
 -30.00   7.00  40.67
 -30.00   8.00  40.11
 -30.00   9.00  39.84
 -30.00  10.00  40.04
 -30.00  11.00  40.89
 -30.00  12.00  42.58
 -30.00  13.00  45.20
 -30.00  14.00  48.76
 -30.00  15.00  53.11
 -30.00  16.00  57.97
 -30.00  17.00  62.95
 -30.00  18.00  67.59
 -30.00  19.00  71.41
 -30.00  20.00  73.98
 -30.00  21.00  74.96
 -30.00  22.00  74.15
 -30.00  23.00  71.54
 -30.00  24.00  67.28
 -30.00  25.00  61.72
 -30.00  26.00  55.29
 -30.00  27.00  48.55
