 -83.00 -37.00  53.63
 -83.00 -36.00  55.26
 -83.00 -35.00  57.61
 -83.00 -34.00  60.89
 -83.00 -33.00  65.26
 -83.00 -32.00  70.74
 -83.00 -31.00  77.19
 -83.00 -30.00  84.31
 -83.00 -29.00  91.66
 -83.00 -28.00  98.72
 -83.00 -27.00 104.98
 -83.00 -26.00 109.99
 -83.00 -25.00 113.45
 -83.00 -24.00 115.26
 -83.00 -23.00 115.50
 -83.00 -22.00 114.42
 -83.00 -21.00 112.41
 -83.00 -20.00 109.87
 -83.00 -19.00 107.19
 -83.00 -18.00 104.68
 -83.00 -17.00 102.52
 -83.00 -16.00 100.76
 -83.00 -15.00  99.37
 -83.00 -14.00  98.25
 -83.00 -13.00  97.30
 -83.00 -12.00  96.47
 -83.00 -11.00  95.78
 -83.00 -10.00  95.34
 -83.00  -9.00  95.28
 -83.00  -8.00  95.77
 -83.00  -7.00  96.93
 -83.00  -6.00  98.80
 -83.00  -5.00 101.26
 -83.00  -4.00 104.10
 -83.00  -3.00 106.97
 -83.00  -2.00 109.47
 -83.00  -1.00 111.16
 -83.00   0.00 111.68
 -83.00   1.00 110.80
 -83.00   2.00 108.44
 -83.00   3.00 104.67
 -83.00   4.00  99.77
 -83.00   5.00  94.11
 -83.00   6.00  88.14
 -83.00   7.00  82.30
 -83.00   8.00  76.99
 -83.00   9.00  72.51
 -83.00  10.00  69.01
 -83.00  11.00  66.52
 -83.00  12.00  64.97
 -83.00  13.00  64.20
 -83.00  14.00  64.01
 -83.00  15.00  64.19
 -83.00  16.00  64.56
 -83.00  17.00  64.98
 -83.00  18.00  65.36
 -83.00  19.00  65.64
 -83.00  20.00  65.81
 -83.00  21.00  65.84
 -83.00  22.00  65.76
 -83.00  23.00  65.55
 -83.00  24.00  65.26
 -83.00  25.00  64.93
 -83.00  26.00  64.66
 -83.00  27.00  64.57
 -82.00 -37.00  53.67
 -82.00 -36.00  55.35
 -82.00 -35.00  57.78
 -82.00 -34.00  61.19
 -82.00 -33.00  65.69
 -82.00 -32.00  71.30
 -82.00 -31.00  77.87
 -82.00 -30.00  85.06
 -82.00 -29.00  92.42
 -82.00 -28.00  99.43
 -82.00 -27.00 105.58
 -82.00 -26.00 110.42
 -82.00 -25.00 113.68
 -82.00 -24.00 115.28
 -82.00 -23.00 115.32
 -82.00 -22.00 114.09
 -82.00 -21.00 111.95
 -82.00 -20.00 109.34
 -82.00 -19.00 106.64
 -82.00 -18.00 104.14
 -82.00 -17.00 102.00
 -82.00 -16.00 100.27
 -82.00 -15.00  98.90
 -82.00 -14.00  97.78
 -82.00 -13.00  96.83
 -82.00 -12.00  95.99
 -82.00 -11.00  95.30
 -82.00 -10.00  94.85
 -82.00  -9.00  94.81
 -82.00  -8.00  95.33
 -82.00  -7.00  96.52
 -82.00  -6.00  98.42
 -82.00  -5.00 100.89
 -82.00  -4.00 103.72
 -82.00  -3.00 106.54
 -82.00  -2.00 108.94
 -82.00  -1.00 110.50
 -82.00   0.00 110.87
 -82.00   1.00 109.81
 -82.00   2.00 107.27
 -82.00   3.00 103.34
 -82.00   4.00  98.31
 -82.00   5.00  92.56
 -82.00   6.00  86.54
 -82.00   7.00  80.71
 -82.00   8.00  75.44
 -82.00   9.00  71.02
 -82.00  10.00  67.60
 -82.00  11.00  65.20
 -82.00  12.00  63.75
 -82.00  13.00  63.06
 -82.00  14.00  62.95
 -82.00  15.00  63.19
 -82.00  16.00  63.62
 -82.00  17.00  64.09
 -82.00  18.00  64.50
 -82.00  19.00  64.80
 -82.00  20.00  64.97
 -82.00  21.00  64.98
 -82.00  22.00  64.85
 -82.00  23.00  64.59
 -82.00  24.00  64.23
 -82.00  25.00  63.84
 -82.00  26.00  63.51
 -82.00  27.00  63.39
 -81.00 -37.00  53.66
 -81.00 -36.00  55.38
 -81.00 -35.00  57.88
 -81.00 -34.00  61.37
 -81.00 -33.00  65.98
 -81.00 -32.00  71.69
 -81.00 -31.00  78.34
 -81.00 -30.00  85.58
 -81.00 -29.00  92.95
 -81.00 -28.00  99.92
 -81.00 -27.00 105.97
 -81.00 -26.00 110.68
 -81.00 -25.00 113.79
 -81.00 -24.00 115.22
 -81.00 -23.00 115.12
 -81.00 -22.00 113.75
 -81.00 -21.00 111.52
 -81.00 -20.00 108.85
 -81.00 -19.00 106.13
 -81.00 -18.00 103.62
 -81.00 -17.00 101.49
 -81.00 -16.00  99.78
 -81.00 -15.00  98.42
 -81.00 -14.00  97.30
 -81.00 -13.00  96.34
 -81.00 -12.00  95.50
 -81.00 -11.00  94.79
 -81.00 -10.00  94.34
 -81.00  -9.00  94.30
 -81.00  -8.00  94.82
 -81.00  -7.00  96.03
 -81.00  -6.00  97.93
 -81.00  -5.00 100.41
 -81.00  -4.00 103.21
 -81.00  -3.00 105.99
 -81.00  -2.00 108.31
 -81.00  -1.00 109.77
 -81.00   0.00 110.01
 -81.00   1.00 108.83
 -81.00   2.00 106.15
 -81.00   3.00 102.11
 -81.00   4.00  96.99
 -81.00   5.00  91.18
 -81.00   6.00  85.13
 -81.00   7.00  79.29
 -81.00   8.00  74.04
 -81.00   9.00  69.66
 -81.00  10.00  66.30
 -81.00  11.00  63.96
 -81.00  12.00  62.57
 -81.00  13.00  61.95
 -81.00  14.00  61.89
 -81.00  15.00  62.20
 -81.00  16.00  62.68
 -81.00  17.00  63.19
 -81.00  18.00  63.64
 -81.00  19.00  63.95
 -81.00  20.00  64.11
 -81.00  21.00  64.11
 -81.00  22.00  63.93
 -81.00  23.00  63.62
 -81.00  24.00  63.19
 -81.00  25.00  62.74
 -81.00  26.00  62.36
 -81.00  27.00  62.21
 -80.00 -37.00  53.62
 -80.00 -36.00  55.36
 -80.00 -35.00  57.91
 -80.00 -34.00  61.46
 -80.00 -33.00  66.14
 -80.00 -32.00  71.92
 -80.00 -31.00  78.63
 -80.00 -30.00  85.90
 -80.00 -29.00  93.27
 -80.00 -28.00 100.21
 -80.00 -27.00 106.19
 -80.00 -26.00 110.80
 -80.00 -25.00 113.79
 -80.00 -24.00 115.11
 -80.00 -23.00 114.88
 -80.00 -22.00 113.41
 -80.00 -21.00 111.11
 -80.00 -20.00 108.39
 -80.00 -19.00 105.63
 -80.00 -18.00 103.12
 -80.00 -17.00 100.99
 -80.00 -16.00  99.28
 -80.00 -15.00  97.92
 -80.00 -14.00  96.80
 -80.00 -13.00  95.83
 -80.00 -12.00  94.97
 -80.00 -11.00  94.25
 -80.00 -10.00  93.79
 -80.00  -9.00  93.74
 -80.00  -8.00  94.26
 -80.00  -7.00  95.46
 -80.00  -6.00  97.35
 -80.00  -5.00  99.81
 -80.00  -4.00 102.59
 -80.00  -3.00 105.32
 -80.00  -2.00 107.58
 -80.00  -1.00 108.97
 -80.00   0.00 109.13
 -80.00   1.00 107.86
 -80.00   2.00 105.10
 -80.00   3.00 100.99
 -80.00   4.00  95.81
 -80.00   5.00  89.95
 -80.00   6.00  83.88
 -80.00   7.00  78.03
 -80.00   8.00  72.79
 -80.00   9.00  68.43
 -80.00  10.00  65.09
 -80.00  11.00  62.79
 -80.00  12.00  61.43
 -80.00  13.00  60.85
 -80.00  14.00  60.85
 -80.00  15.00  61.20
 -80.00  16.00  61.73
 -80.00  17.00  62.28
 -80.00  18.00  62.76
 -80.00  19.00  63.09
 -80.00  20.00  63.25
 -80.00  21.00  63.22
 -80.00  22.00  63.01
 -80.00  23.00  62.64
 -80.00  24.00  62.15
 -80.00  25.00  61.64
 -80.00  26.00  61.20
 -80.00  27.00  61.03
 -79.00 -37.00  53.54
 -79.00 -36.00  55.30
 -79.00 -35.00  57.87
 -79.00 -34.00  61.46
 -79.00 -33.00  66.19
 -79.00 -32.00  72.02
 -79.00 -31.00  78.76
 -79.00 -30.00  86.06
 -79.00 -29.00  93.44
 -79.00 -28.00 100.34
 -79.00 -27.00 106.27
 -79.00 -26.00 110.81
 -79.00 -25.00 113.72
 -79.00 -24.00 114.93
 -79.00 -23.00 114.62
 -79.00 -22.00 113.07
 -79.00 -21.00 110.70
 -79.00 -20.00 107.93
 -79.00 -19.00 105.15
 -79.00 -18.00 102.61
 -79.00 -17.00 100.48
 -79.00 -16.00  98.76
 -79.00 -15.00  97.40
 -79.00 -14.00  96.28
 -79.00 -13.00  95.30
 -79.00 -12.00  94.42
 -79.00 -11.00  93.68
 -79.00 -10.00  93.20
 -79.00  -9.00  93.13
 -79.00  -8.00  93.63
 -79.00  -7.00  94.81
 -79.00  -6.00  96.68
 -79.00  -5.00  99.12
 -79.00  -4.00 101.86
 -79.00  -3.00 104.55
 -79.00  -2.00 106.77
 -79.00  -1.00 108.11
 -79.00   0.00 108.22
 -79.00   1.00 106.90
 -79.00   2.00 104.09
 -79.00   3.00  99.94
 -79.00   4.00  94.73
 -79.00   5.00  88.85
 -79.00   6.00  82.76
 -79.00   7.00  76.90
 -79.00   8.00  71.66
 -79.00   9.00  67.29
 -79.00  10.00  63.95
 -79.00  11.00  61.66
 -79.00  12.00  60.32
 -79.00  13.00  59.77
 -79.00  14.00  59.80
 -79.00  15.00  60.19
 -79.00  16.00  60.76
 -79.00  17.00  61.35
 -79.00  18.00  61.86
 -79.00  19.00  62.22
 -79.00  20.00  62.38
 -79.00  21.00  62.33
 -79.00  22.00  62.08
 -79.00  23.00  61.66
 -79.00  24.00  61.11
 -79.00  25.00  60.53
 -79.00  26.00  60.05
 -79.00  27.00  59.84
 -78.00 -37.00  53.44
 -78.00 -36.00  55.21
 -78.00 -35.00  57.79
 -78.00 -34.00  61.41
 -78.00 -33.00  66.16
 -78.00 -32.00  72.02
 -78.00 -31.00  78.79
 -78.00 -30.00  86.11
 -78.00 -29.00  93.48
 -78.00 -28.00 100.37
 -78.00 -27.00 106.26
 -78.00 -26.00 110.74
 -78.00 -25.00 113.58
 -78.00 -24.00 114.72
 -78.00 -23.00 114.33
 -78.00 -22.00 112.71
 -78.00 -21.00 110.28
 -78.00 -20.00 107.47
 -78.00 -19.00 104.65
 -78.00 -18.00 102.09
 -78.00 -17.00  99.94
 -78.00 -16.00  98.22
 -78.00 -15.00  96.85
 -78.00 -14.00  95.71
 -78.00 -13.00  94.72
 -78.00 -12.00  93.83
 -78.00 -11.00  93.07
 -78.00 -10.00  92.57
 -78.00  -9.00  92.47
 -78.00  -8.00  92.95
 -78.00  -7.00  94.10
 -78.00  -6.00  95.94
 -78.00  -5.00  98.34
 -78.00  -4.00 101.05
 -78.00  -3.00 103.71
 -78.00  -2.00 105.90
 -78.00  -1.00 107.20
 -78.00   0.00 107.29
 -78.00   1.00 105.94
 -78.00   2.00 103.12
 -78.00   3.00  98.96
 -78.00   4.00  93.74
 -78.00   5.00  87.85
 -78.00   6.00  81.74
 -78.00   7.00  75.87
 -78.00   8.00  70.61
 -78.00   9.00  66.23
 -78.00  10.00  62.88
 -78.00  11.00  60.57
 -78.00  12.00  59.24
 -78.00  13.00  58.69
 -78.00  14.00  58.74
 -78.00  15.00  59.17
 -78.00  16.00  59.78
 -78.00  17.00  60.41
 -78.00  18.00  60.96
 -78.00  19.00  61.33
 -78.00  20.00  61.50
 -78.00  21.00  61.43
 -78.00  22.00  61.15
 -78.00  23.00  60.67
 -78.00  24.00  60.07
 -78.00  25.00  59.43
 -78.00  26.00  58.89
 -78.00  27.00  58.65
 -77.00 -37.00  53.33
 -77.00 -36.00  55.09
 -77.00 -35.00  57.68
 -77.00 -34.00  61.30
 -77.00 -33.00  66.08
 -77.00 -32.00  71.96
 -77.00 -31.00  78.74
 -77.00 -30.00  86.06
 -77.00 -29.00  93.43
 -77.00 -28.00 100.30
 -77.00 -27.00 106.16
 -77.00 -26.00 110.60
 -77.00 -25.00 113.39
 -77.00 -24.00 114.47
 -77.00 -23.00 114.01
 -77.00 -22.00 112.34
 -77.00 -21.00 109.85
 -77.00 -20.00 107.00
 -77.00 -19.00 104.14
 -77.00 -18.00 101.55
 -77.00 -17.00  99.38
 -77.00 -16.00  97.64
 -77.00 -15.00  96.26
 -77.00 -14.00  95.11
 -77.00 -13.00  94.11
 -77.00 -12.00  93.20
 -77.00 -11.00  92.42
 -77.00 -10.00  91.89
 -77.00  -9.00  91.77
 -77.00  -8.00  92.21
 -77.00  -7.00  93.33
 -77.00  -6.00  95.13
 -77.00  -5.00  97.49
 -77.00  -4.00 100.17
 -77.00  -3.00 102.80
 -77.00  -2.00 104.97
 -77.00  -1.00 106.26
 -77.00   0.00 106.34
 -77.00   1.00 104.99
 -77.00   2.00 102.18
 -77.00   3.00  98.03
 -77.00   4.00  92.81
 -77.00   5.00  86.92
 -77.00   6.00  80.81
 -77.00   7.00  74.92
 -77.00   8.00  69.64
 -77.00   9.00  65.22
 -77.00  10.00  61.84
 -77.00  11.00  59.52
 -77.00  12.00  58.16
 -77.00  13.00  57.62
 -77.00  14.00  57.68
 -77.00  15.00  58.14
 -77.00  16.00  58.78
 -77.00  17.00  59.46
 -77.00  18.00  60.04
 -77.00  19.00  60.43
 -77.00  20.00  60.60
 -77.00  21.00  60.53
 -77.00  22.00  60.21
 -77.00  23.00  59.68
 -77.00  24.00  59.01
 -77.00  25.00  58.31
 -77.00  26.00  57.73
 -77.00  27.00  57.45
 -76.00 -37.00  53.64
 -76.00 -36.00  55.32
 -76.00 -35.00  57.83
 -76.00 -34.00  61.36
 -76.00 -33.00  66.03
 -76.00 -32.00  71.81
 -76.00 -31.00  78.49
 -76.00 -30.00  85.70
 -76.00 -29.00  92.97
 -76.00 -28.00  99.74
 -76.00 -27.00 105.52
 -76.00 -26.00 109.89
 -76.00 -25.00 112.60
 -76.00 -24.00 113.63
 -76.00 -23.00 113.12
 -76.00 -22.00 111.39
 -76.00 -21.00 108.85
 -76.00 -20.00 105.92
 -76.00 -19.00 103.00
 -76.00 -18.00 100.34
 -76.00 -17.00  98.11
 -76.00 -16.00  96.32
 -76.00 -15.00  94.91
 -76.00 -14.00  93.75
 -76.00 -13.00  92.75
 -76.00 -12.00  91.87
 -76.00 -11.00  91.12
 -76.00 -10.00  90.61
 -76.00  -9.00  90.49
 -76.00  -8.00  90.92
 -76.00  -7.00  92.01
 -76.00  -6.00  93.75
 -76.00  -5.00  96.03
 -76.00  -4.00  98.61
 -76.00  -3.00 101.14
 -76.00  -2.00 103.22
 -76.00  -1.00 104.44
 -76.00   0.00 104.48
 -76.00   1.00 103.12
 -76.00   2.00 100.32
 -76.00   3.00  96.18
 -76.00   4.00  90.99
 -76.00   5.00  85.12
 -76.00   6.00  79.01
 -76.00   7.00  73.11
 -76.00   8.00  67.79
 -76.00   9.00  63.34
 -76.00  10.00  59.92
 -76.00  11.00  57.58
 -76.00  12.00  56.22
 -76.00  13.00  55.72
 -76.00  14.00  55.85
 -76.00  15.00  56.41
 -76.00  16.00  57.17
 -76.00  17.00  57.97
 -76.00  18.00  58.66
 -76.00  19.00  59.13
 -76.00  20.00  59.33
 -76.00  21.00  59.23
 -76.00  22.00  58.84
 -76.00  23.00  58.20
 -76.00  24.00  57.40
 -76.00  25.00  56.55
 -76.00  26.00  55.84
 -76.00  27.00  55.45
 -75.00 -37.00  53.95
 -75.00 -36.00  55.54
 -75.00 -35.00  57.95
 -75.00 -34.00  61.37
 -75.00 -33.00  65.92
 -75.00 -32.00  71.57
 -75.00 -31.00  78.12
 -75.00 -30.00  85.21
 -75.00 -29.00  92.36
 -75.00 -28.00  99.05
 -75.00 -27.00 104.75
 -75.00 -26.00 109.06
 -75.00 -25.00 111.73
 -75.00 -24.00 112.72
 -75.00 -23.00 112.17
 -75.00 -22.00 110.40
 -75.00 -21.00 107.80
 -75.00 -20.00 104.82
 -75.00 -19.00 101.82
 -75.00 -18.00  99.10
 -75.00 -17.00  96.80
 -75.00 -16.00  94.96
 -75.00 -15.00  93.51
 -75.00 -14.00  92.33
 -75.00 -13.00  91.34
 -75.00 -12.00  90.47
 -75.00 -11.00  89.75
 -75.00 -10.00  89.27
 -75.00  -9.00  89.16
 -75.00  -8.00  89.58
 -75.00  -7.00  90.62
 -75.00  -6.00  92.29
 -75.00  -5.00  94.49
 -75.00  -4.00  96.97
 -75.00  -3.00  99.41
 -75.00  -2.00 101.42
 -75.00  -1.00 102.59
 -75.00   0.00 102.61
 -75.00   1.00 101.26
 -75.00   2.00  98.48
 -75.00   3.00  94.39
 -75.00   4.00  89.25
 -75.00   5.00  83.41
 -75.00   6.00  77.31
 -75.00   7.00  71.40
 -75.00   8.00  66.04
 -75.00   9.00  61.54
 -75.00  10.00  58.06
 -75.00  11.00  55.67
 -75.00  12.00  54.31
 -75.00  13.00  53.82
 -75.00  14.00  54.01
 -75.00  15.00  54.66
 -75.00  16.00  55.55
 -75.00  17.00  56.47
 -75.00  18.00  57.26
 -75.00  19.00  57.82
 -75.00  20.00  58.05
 -75.00  21.00  57.94
 -75.00  22.00  57.48
 -75.00  23.00  56.73
 -75.00  24.00  55.79
 -75.00  25.00  54.80
 -75.00  26.00  53.95
 -75.00  27.00  53.45
 -74.00 -37.00  54.25
 -74.00 -36.00  55.74
 -74.00 -35.00  58.02
 -74.00 -34.00  61.30
 -74.00 -33.00  65.70
 -74.00 -32.00  71.20
 -74.00 -31.00  77.60
 -74.00 -30.00  84.55
 -74.00 -29.00  91.59
 -74.00 -28.00  98.19
 -74.00 -27.00 103.83
 -74.00 -26.00 108.10
 -74.00 -25.00 110.76
 -74.00 -24.00 111.74
 -74.00 -23.00 111.18
 -74.00 -22.00 109.38
 -74.00 -21.00 106.75
 -74.00 -20.00 103.71
 -74.00 -19.00 100.64
 -74.00 -18.00  97.84
 -74.00 -17.00  95.47
 -74.00 -16.00  93.56
 -74.00 -15.00  92.07
 -74.00 -14.00  90.88
 -74.00 -13.00  89.89
 -74.00 -12.00  89.03
 -74.00 -11.00  88.34
 -74.00 -10.00  87.87
 -74.00  -9.00  87.77
 -74.00  -8.00  88.16
 -74.00  -7.00  89.15
 -74.00  -6.00  90.76
 -74.00  -5.00  92.86
 -74.00  -4.00  95.26
 -74.00  -3.00  97.62
 -74.00  -2.00  99.56
 -74.00  -1.00 100.71
 -74.00   0.00 100.74
 -74.00   1.00  99.43
 -74.00   2.00  96.72
 -74.00   3.00  92.71
 -74.00   4.00  87.63
 -74.00   5.00  81.84
 -74.00   6.00  75.77
 -74.00   7.00  69.83
 -74.00   8.00  64.42
 -74.00   9.00  59.85
 -74.00  10.00  56.29
 -74.00  11.00  53.83
 -74.00  12.00  52.42
 -74.00  13.00  51.93
 -74.00  14.00  52.17
 -74.00  15.00  52.90
 -74.00  16.00  53.90
 -74.00  17.00  54.95
 -74.00  18.00  55.86
 -74.00  19.00  56.50
 -74.00  20.00  56.78
 -74.00  21.00  56.66
 -74.00  22.00  56.14
 -74.00  23.00  55.29
 -74.00  24.00  54.22
 -74.00  25.00  53.09
 -74.00  26.00  52.10
 -74.00  27.00  51.48
 -73.00 -37.00  54.54
 -73.00 -36.00  55.90
 -73.00 -35.00  58.04
 -73.00 -34.00  61.15
 -73.00 -33.00  65.37
 -73.00 -32.00  70.67
 -73.00 -31.00  76.90
 -73.00 -30.00  83.70
 -73.00 -29.00  90.62
 -73.00 -28.00  97.14
 -73.00 -27.00 102.74
 -73.00 -26.00 107.01
 -73.00 -25.00 109.68
 -73.00 -24.00 110.69
 -73.00 -23.00 110.15
 -73.00 -22.00 108.36
 -73.00 -21.00 105.71
 -73.00 -20.00 102.62
 -73.00 -19.00  99.49
 -73.00 -18.00  96.60
 -73.00 -17.00  94.15
 -73.00 -16.00  92.17
 -73.00 -15.00  90.61
 -73.00 -14.00  89.39
 -73.00 -13.00  88.40
 -73.00 -12.00  87.56
 -73.00 -11.00  86.88
 -73.00 -10.00  86.42
 -73.00  -9.00  86.32
 -73.00  -8.00  86.68
 -73.00  -7.00  87.62
 -73.00  -6.00  89.14
 -73.00  -5.00  91.16
 -73.00  -4.00  93.46
 -73.00  -3.00  95.75
 -73.00  -2.00  97.66
 -73.00  -1.00  98.81
 -73.00   0.00  98.88
 -73.00   1.00  97.66
 -73.00   2.00  95.06
 -73.00   3.00  91.17
 -73.00   4.00  86.19
 -73.00   5.00  80.48
 -73.00   6.00  74.43
 -73.00   7.00  68.47
 -73.00   8.00  63.00
 -73.00   9.00  58.32
 -73.00  10.00  54.65
 -73.00  11.00  52.09
 -73.00  12.00  50.60
 -73.00  13.00  50.08
 -73.00  14.00  50.33
 -73.00  15.00  51.13
 -73.00  16.00  52.23
 -73.00  17.00  53.40
 -73.00  18.00  54.44
 -73.00  19.00  55.18
 -73.00  20.00  55.53
 -73.00  21.00  55.41
 -73.00  22.00  54.85
 -73.00  23.00  53.90
 -73.00  24.00  52.71
 -73.00  25.00  51.43
 -73.00  26.00  50.30
 -73.00  27.00  49.56
 -72.00 -37.00  54.82
 -72.00 -36.00  56.04
 -72.00 -35.00  57.99
 -72.00 -34.00  60.90
 -72.00 -33.00  64.89
 -72.00 -32.00  69.98
 -72.00 -31.00  76.00
 -72.00 -30.00  82.63
 -72.00 -29.00  89.42
 -72.00 -28.00  95.87
 -72.00 -27.00 101.46
 -72.00 -26.00 105.76
 -72.00 -25.00 108.49
 -72.00 -24.00 109.57
 -72.00 -23.00 109.10
 -72.00 -22.00 107.35
 -72.00 -21.00 104.71
 -72.00 -20.00 101.58
 -72.00 -19.00  98.38
 -72.00 -18.00  95.41
 -72.00 -17.00  92.85
 -72.00 -16.00  90.78
 -72.00 -15.00  89.16
 -72.00 -14.00  87.90
 -72.00 -13.00  86.89
 -72.00 -12.00  86.05
 -72.00 -11.00  85.38
 -72.00 -10.00  84.94
 -72.00  -9.00  84.81
 -72.00  -8.00  85.14
 -72.00  -7.00  86.01
 -72.00  -6.00  87.45
 -72.00  -5.00  89.37
 -72.00  -4.00  91.59
 -72.00  -3.00  93.82
 -72.00  -2.00  95.71
 -72.00  -1.00  96.89
 -72.00   0.00  97.06
 -72.00   1.00  95.97
 -72.00   2.00  93.53
 -72.00   3.00  89.79
 -72.00   4.00  84.96
 -72.00   5.00  79.35
 -72.00   6.00  73.34
 -72.00   7.00  67.36
 -72.00   8.00  61.81
 -72.00   9.00  57.00
 -72.00  10.00  53.18
 -72.00  11.00  50.47
 -72.00  12.00  48.86
 -72.00  13.00  48.26
 -72.00  14.00  48.49
 -72.00  15.00  49.33
 -72.00  16.00  50.53
 -72.00  17.00  51.82
 -72.00  18.00  52.99
 -72.00  19.00  53.85
 -72.00  20.00  54.28
 -72.00  21.00  54.19
 -72.00  22.00  53.61
 -72.00  23.00  52.59
 -72.00  24.00  51.28
 -72.00  25.00  49.86
 -72.00  26.00  48.59
 -72.00  27.00  47.71
 -71.00 -37.00  55.09
 -71.00 -36.00  56.14
 -71.00 -35.00  57.89
 -71.00 -34.00  60.56
 -71.00 -33.00  64.29
 -71.00 -32.00  69.11
 -71.00 -31.00  74.89
 -71.00 -30.00  81.32
 -71.00 -29.00  87.99
 -71.00 -28.00  94.37
 -71.00 -27.00  99.97
 -71.00 -26.00 104.34
 -71.00 -25.00 107.18
 -71.00 -24.00 108.39
 -71.00 -23.00 108.03
 -71.00 -22.00 106.37
 -71.00 -21.00 103.75
 -71.00 -20.00 100.61
 -71.00 -19.00  97.34
 -71.00 -18.00  94.27
 -71.00 -17.00  91.61
 -71.00 -16.00  89.43
 -71.00 -15.00  87.72
 -71.00 -14.00  86.40
 -71.00 -13.00  85.36
 -71.00 -12.00  84.52
 -71.00 -11.00  83.86
 -71.00 -10.00  83.41
 -71.00  -9.00  83.26
 -71.00  -8.00  83.54
 -71.00  -7.00  84.34
 -71.00  -6.00  85.67
 -71.00  -5.00  87.50
 -71.00  -4.00  89.63
 -71.00  -3.00  91.81
 -71.00  -2.00  93.71
 -71.00  -1.00  94.96
 -71.00   0.00  95.26
 -71.00   1.00  94.35
 -71.00   2.00  92.12
 -71.00   3.00  88.61
 -71.00   4.00  83.96
 -71.00   5.00  78.48
 -71.00   6.00  72.54
 -71.00   7.00  66.54
 -71.00   8.00  60.89
 -71.00   9.00  55.93
 -71.00  10.00  51.92
 -71.00  11.00  49.00
 -71.00  12.00  47.22
 -71.00  13.00  46.50
 -71.00  14.00  46.67
 -71.00  15.00  47.52
 -71.00  16.00  48.78
 -71.00  17.00  50.20
 -71.00  18.00  51.51
 -71.00  19.00  52.50
 -71.00  20.00  53.03
 -71.00  21.00  53.01
 -71.00  22.00  52.43
 -71.00  23.00  51.37
 -71.00  24.00  49.96
 -71.00  25.00  48.41
 -71.00  26.00  46.98
 -71.00  27.00  45.96
 -70.00 -37.00  55.37
 -70.00 -36.00  56.24
 -70.00 -35.00  57.76
 -70.00 -34.00  60.15
 -70.00 -33.00  63.58
 -70.00 -32.00  68.10
 -70.00 -31.00  73.60
 -70.00 -30.00  79.81
 -70.00 -29.00  86.32
 -70.00 -28.00  92.65
 -70.00 -27.00  98.27
 -70.00 -26.00 102.74
 -70.00 -25.00 105.75
 -70.00 -24.00 107.13
 -70.00 -23.00 106.94
 -70.00 -22.00 105.40
 -70.00 -21.00 102.85
 -70.00 -20.00  99.72
 -70.00 -19.00  96.39
 -70.00 -18.00  93.22
 -70.00 -17.00  90.43
 -70.00 -16.00  88.13
 -70.00 -15.00  86.32
 -70.00 -14.00  84.92
 -70.00 -13.00  83.84
 -70.00 -12.00  82.98
 -70.00 -11.00  82.31
 -70.00 -10.00  81.84
 -70.00  -9.00  81.67
 -70.00  -8.00  81.89
 -70.00  -7.00  82.60
 -70.00  -6.00  83.83
 -70.00  -5.00  85.55
 -70.00  -4.00  87.60
 -70.00  -3.00  89.74
 -70.00  -2.00  91.66
 -70.00  -1.00  93.01
 -70.00   0.00  93.48
 -70.00   1.00  92.80
 -70.00   2.00  90.84
 -70.00   3.00  87.59
 -70.00   4.00  83.19
 -70.00   5.00  77.88
 -70.00   6.00  72.03
 -70.00   7.00  66.02
 -70.00   8.00  60.27
 -70.00   9.00  55.14
 -70.00  10.00  50.90
 -70.00  11.00  47.73
 -70.00  12.00  45.72
 -70.00  13.00  44.81
 -70.00  14.00  44.87
 -70.00  15.00  45.69
 -70.00  16.00  47.00
 -70.00  17.00  48.51
 -70.00  18.00  49.97
 -70.00  19.00  51.12
 -70.00  20.00  51.79
 -70.00  21.00  51.87
 -70.00  22.00  51.33
 -70.00  23.00  50.24
 -70.00  24.00  48.76
 -70.00  25.00  47.09
 -70.00  26.00  45.51
 -70.00  27.00  44.32
 -69.00 -37.00  55.66
 -69.00 -36.00  56.34
 -69.00 -35.00  57.62
 -69.00 -34.00  59.71
 -69.00 -33.00  62.81
 -69.00 -32.00  66.99
 -69.00 -31.00  72.17
 -69.00 -30.00  78.12
 -69.00 -29.00  84.46
 -69.00 -28.00  90.72
 -69.00 -27.00  96.38
 -69.00 -26.00 100.98
 -69.00 -25.00 104.17
 -69.00 -24.00 105.78
 -69.00 -23.00 105.81
 -69.00 -22.00 104.44
 -69.00 -21.00 102.00
 -69.00 -20.00  98.90
 -69.00 -19.00  95.53
 -69.00 -18.00  92.26
 -69.00 -17.00  89.34
 -69.00 -16.00  86.90
 -69.00 -15.00  84.96
 -69.00 -14.00  83.47
 -69.00 -13.00  82.32
 -69.00 -12.00  81.42
 -69.00 -11.00  80.73
 -69.00 -10.00  80.25
 -69.00  -9.00  80.04
 -69.00  -8.00  80.19
 -69.00  -7.00  80.81
 -69.00  -6.00  81.93
 -69.00  -5.00  83.53
 -69.00  -4.00  85.50
 -69.00  -3.00  87.61
 -69.00  -2.00  89.56
 -69.00  -1.00  91.03
 -69.00   0.00  91.70
 -69.00   1.00  91.29
 -69.00   2.00  89.65
 -69.00   3.00  86.72
 -69.00   4.00  82.60
 -69.00   5.00  77.52
 -69.00   6.00  71.80
 -69.00   7.00  65.81
 -69.00   8.00  59.97
 -69.00   9.00  54.64
 -69.00  10.00  50.14
 -69.00  11.00  46.69
 -69.00  12.00  44.38
 -69.00  13.00  43.23
 -69.00  14.00  43.12
 -69.00  15.00  43.86
 -69.00  16.00  45.17
 -69.00  17.00  46.77
 -69.00  18.00  48.37
 -69.00  19.00  49.69
 -69.00  20.00  50.52
 -69.00  21.00  50.74
 -69.00  22.00  50.29
 -69.00  23.00  49.22
 -69.00  24.00  47.69
 -69.00  25.00  45.92
 -69.00  26.00  44.18
 -69.00  27.00  42.81
 -68.00 -37.00  55.98
 -68.00 -36.00  56.48
 -68.00 -35.00  57.49
 -68.00 -34.00  59.28
 -68.00 -33.00  62.02
 -68.00 -32.00  65.82
 -68.00 -31.00  70.65
 -68.00 -30.00  76.31
 -68.00 -29.00  82.45
 -68.00 -28.00  88.62
 -68.00 -27.00  94.31
 -68.00 -26.00  99.06
 -68.00 -25.00 102.47
 -68.00 -24.00 104.34
 -68.00 -23.00 104.62
 -68.00 -22.00 103.47
 -68.00 -21.00 101.18
 -68.00 -20.00  98.14
 -68.00 -19.00  94.75
 -68.00 -18.00  91.39
 -68.00 -17.00  88.33
 -68.00 -16.00  85.73
 -68.00 -15.00  83.65
 -68.00 -14.00  82.04
 -68.00 -13.00  80.81
 -68.00 -12.00  79.87
 -68.00 -11.00  79.14
 -68.00 -10.00  78.63
 -68.00  -9.00  78.37
 -68.00  -8.00  78.46
 -68.00  -7.00  78.98
 -68.00  -6.00  79.98
 -68.00  -5.00  81.47
 -68.00  -4.00  83.35
 -68.00  -3.00  85.42
 -68.00  -2.00  87.41
 -68.00  -1.00  89.02
 -68.00   0.00  89.91
 -68.00   1.00  89.80
 -68.00   2.00  88.51
 -68.00   3.00  85.95
 -68.00   4.00  82.17
 -68.00   5.00  77.37
 -68.00   6.00  71.82
 -68.00   7.00  65.88
 -68.00   8.00  59.96
 -68.00   9.00  54.45
 -68.00  10.00  49.67
 -68.00  11.00  45.88
 -68.00  12.00  43.25
 -68.00  13.00  41.79
 -68.00  14.00  41.45
 -68.00  15.00  42.04
 -68.00  16.00  43.31
 -68.00  17.00  44.97
 -68.00  18.00  46.70
 -68.00  19.00  48.20
 -68.00  20.00  49.22
 -68.00  21.00  49.61
 -68.00  22.00  49.29
 -68.00  23.00  48.28
 -68.00  24.00  46.74
 -68.00  25.00  44.89
 -68.00  26.00  43.01
 -68.00  27.00  41.44
 -67.00 -37.00  56.34
 -67.00 -36.00  56.65
 -67.00 -35.00  57.42
 -67.00 -34.00  58.88
 -67.00 -33.00  61.25
 -67.00 -32.00  64.66
 -67.00 -31.00  69.11
 -67.00 -30.00  74.44
 -67.00 -29.00  80.35
 -67.00 -28.00  86.40
 -67.00 -27.00  92.11
 -67.00 -26.00  97.00
 -67.00 -25.00 100.64
 -67.00 -24.00 102.79
 -67.00 -23.00 103.37
 -67.00 -22.00 102.48
 -67.00 -21.00 100.37
 -67.00 -20.00  97.42
 -67.00 -19.00  94.04
 -67.00 -18.00  90.60
 -67.00 -17.00  87.40
 -67.00 -16.00  84.65
 -67.00 -15.00  82.41
 -67.00 -14.00  80.66
 -67.00 -13.00  79.33
 -67.00 -12.00  78.32
 -67.00 -11.00  77.55
 -67.00 -10.00  76.99
 -67.00  -9.00  76.69
 -67.00  -8.00  76.70
 -67.00  -7.00  77.11
 -67.00  -6.00  78.00
 -67.00  -5.00  79.37
 -67.00  -4.00  81.15
 -67.00  -3.00  83.18
 -67.00  -2.00  85.22
 -67.00  -1.00  86.95
 -67.00   0.00  88.07
 -67.00   1.00  88.29
 -67.00   2.00  87.38
 -67.00   3.00  85.23
 -67.00   4.00  81.84
 -67.00   5.00  77.36
 -67.00   6.00  72.04
 -67.00   7.00  66.20
 -67.00   8.00  60.24
 -67.00   9.00  54.55
 -67.00  10.00  49.49
 -67.00  11.00  45.35
 -67.00  12.00  42.34
 -67.00  13.00  40.53
 -67.00  14.00  39.89
 -67.00  15.00  40.27
 -67.00  16.00  41.45
 -67.00  17.00  43.13
 -67.00  18.00  44.96
 -67.00  19.00  46.63
 -67.00  20.00  47.87
 -67.00  21.00  48.46
 -67.00  22.00  48.31
 -67.00  23.00  47.42
 -67.00  24.00  45.91
 -67.00  25.00  44.00
 -67.00  26.00  42.00
 -67.00  27.00  40.24
 -66.00 -37.00  56.74
 -66.00 -36.00  56.89
 -66.00 -35.00  57.41
 -66.00 -34.00  58.56
 -66.00 -33.00  60.55
 -66.00 -32.00  63.55
 -66.00 -31.00  67.59
 -66.00 -30.00  72.56
 -66.00 -29.00  78.20
 -66.00 -28.00  84.11
 -66.00 -27.00  89.81
 -66.00 -26.00  94.82
 -66.00 -25.00  98.70
 -66.00 -24.00 101.15
 -66.00 -23.00 102.04
 -66.00 -22.00 101.44
 -66.00 -21.00  99.56
 -66.00 -20.00  96.74
 -66.00 -19.00  93.39
 -66.00 -18.00  89.89
 -66.00 -17.00  86.56
 -66.00 -16.00  83.64
 -66.00 -15.00  81.23
 -66.00 -14.00  79.33
 -66.00 -13.00  77.88
 -66.00 -12.00  76.78
 -66.00 -11.00  75.95
 -66.00 -10.00  75.35
 -66.00  -9.00  74.98
 -66.00  -8.00  74.92
 -66.00  -7.00  75.23
 -66.00  -6.00  76.00
 -66.00  -5.00  77.25
 -66.00  -4.00  78.93
 -66.00  -3.00  80.91
 -66.00  -2.00  82.97
 -66.00  -1.00  84.83
 -66.00   0.00  86.19
 -66.00   1.00  86.73
 -66.00   2.00  86.23
 -66.00   3.00  84.52
 -66.00   4.00  81.56
 -66.00   5.00  77.46
 -66.00   6.00  72.41
 -66.00   7.00  66.73
 -66.00   8.00  60.77
 -66.00   9.00  54.93
 -66.00  10.00  49.60
 -66.00  11.00  45.10
 -66.00  12.00  41.68
 -66.00  13.00  39.47
 -66.00  14.00  38.47
 -66.00  15.00  38.59
 -66.00  16.00  39.62
 -66.00  17.00  41.25
 -66.00  18.00  43.16
 -66.00  19.00  45.00
 -66.00  20.00  46.45
 -66.00  21.00  47.28
 -66.00  22.00  47.34
 -66.00  23.00  46.60
 -66.00  24.00  45.17
 -66.00  25.00  43.25
 -66.00  26.00  41.14
 -66.00  27.00  39.20
 -65.00 -37.00  57.18
 -65.00 -36.00  57.18
 -65.00 -35.00  57.48
 -65.00 -34.00  58.32
 -65.00 -33.00  59.94
 -65.00 -32.00  62.51
 -65.00 -31.00  66.12
 -65.00 -30.00  70.71
 -65.00 -29.00  76.05
 -65.00 -28.00  81.78
 -65.00 -27.00  87.44
 -65.00 -26.00  92.55
 -65.00 -25.00  96.64
 -65.00 -24.00  99.40
 -65.00 -23.00 100.63
 -65.00 -22.00 100.35
 -65.00 -21.00  98.72
 -65.00 -20.00  96.07
 -65.00 -19.00  92.78
 -65.00 -18.00  89.24
 -65.00 -17.00  85.81
 -65.00 -16.00  82.73
 -65.00 -15.00  80.13
 -65.00 -14.00  78.07
 -65.00 -13.00  76.47
 -65.00 -12.00  75.27
 -65.00 -11.00  74.36
 -65.00 -10.00  73.70
 -65.00  -9.00  73.27
 -65.00  -8.00  73.13
 -65.00  -7.00  73.34
 -65.00  -6.00  73.99
 -65.00  -5.00  75.10
 -65.00  -4.00  76.68
 -65.00  -3.00  78.60
 -65.00  -2.00  80.67
 -65.00  -1.00  82.65
 -65.00   0.00  84.23
 -65.00   1.00  85.11
 -65.00   2.00  85.02
 -65.00   3.00  83.78
 -65.00   4.00  81.30
 -65.00   5.00  77.62
 -65.00   6.00  72.91
 -65.00   7.00  67.43
 -65.00   8.00  61.53
 -65.00   9.00  55.59
 -65.00  10.00  50.01
 -65.00  11.00  45.16
 -65.00  12.00  41.31
 -65.00  13.00  38.65
 -65.00  14.00  37.24
 -65.00  15.00  37.03
 -65.00  16.00  37.83
 -65.00  17.00  39.38
 -65.00  18.00  41.32
 -65.00  19.00  43.29
 -65.00  20.00  44.96
 -65.00  21.00  46.04
 -65.00  22.00  46.34
 -65.00  23.00  45.80
 -65.00  24.00  44.50
 -65.00  25.00  42.61
 -65.00  26.00  40.44
 -65.00  27.00  38.33
 -64.00 -37.00  57.65
 -64.00 -36.00  57.52
 -64.00 -35.00  57.62
 -64.00 -34.00  58.17
 -64.00 -33.00  59.42
 -64.00 -32.00  61.58
 -64.00 -31.00  64.75
 -64.00 -30.00  68.92
 -64.00 -29.00  73.92
 -64.00 -28.00  79.43
 -64.00 -27.00  85.01
 -64.00 -26.00  90.19
 -64.00 -25.00  94.49
 -64.00 -24.00  97.55
 -64.00 -23.00  99.13
 -64.00 -22.00  99.19
 -64.00 -21.00  97.86
 -64.00 -20.00  95.42
 -64.00 -19.00  92.22
 -64.00 -18.00  88.68
 -64.00 -17.00  85.14
 -64.00 -16.00  81.90
 -64.00 -15.00  79.13
 -64.00 -14.00  76.88
 -64.00 -13.00  75.13
 -64.00 -12.00  73.80
 -64.00 -11.00  72.80
 -64.00 -10.00  72.06
 -64.00  -9.00  71.57
 -64.00  -8.00  71.34
 -64.00  -7.00  71.44
 -64.00  -6.00  71.96
 -64.00  -5.00  72.95
 -64.00  -4.00  74.40
 -64.00  -3.00  76.25
 -64.00  -2.00  78.33
 -64.00  -1.00  80.41
 -64.00   0.00  82.20
 -64.00   1.00  83.40
 -64.00   2.00  83.73
 -64.00   3.00  82.98
 -64.00   4.00  81.01
 -64.00   5.00  77.81
 -64.00   6.00  73.50
 -64.00   7.00  68.29
 -64.00   8.00  62.50
 -64.00   9.00  56.52
 -64.00  10.00  50.73
 -64.00  11.00  45.54
 -64.00  12.00  41.25
 -64.00  13.00  38.11
 -64.00  14.00  36.24
 -64.00  15.00  35.63
 -64.00  16.00  36.14
 -64.00  17.00  37.52
 -64.00  18.00  39.44
 -64.00  19.00  41.52
 -64.00  20.00  43.39
 -64.00  21.00  44.73
 -64.00  22.00  45.30
 -64.00  23.00  45.01
 -64.00  24.00  43.88
 -64.00  25.00  42.08
 -64.00  26.00  39.88
 -64.00  27.00  37.64
 -63.00 -37.00  58.16
 -63.00 -36.00  57.92
 -63.00 -35.00  57.84
 -63.00 -34.00  58.13
 -63.00 -33.00  59.02
 -63.00 -32.00  60.75
 -63.00 -31.00  63.47
 -63.00 -30.00  67.20
 -63.00 -29.00  71.82
 -63.00 -28.00  77.07
 -63.00 -27.00  82.53
 -63.00 -26.00  87.75
 -63.00 -25.00  92.23
 -63.00 -24.00  95.58
 -63.00 -23.00  97.53
 -63.00 -22.00  97.97
 -63.00 -21.00  96.97
 -63.00 -20.00  94.77
 -63.00 -19.00  91.71
 -63.00 -18.00  88.19
 -63.00 -17.00  84.58
 -63.00 -16.00  81.19
 -63.00 -15.00  78.22
 -63.00 -14.00  75.78
 -63.00 -13.00  73.86
 -63.00 -12.00  72.38
 -63.00 -11.00  71.27
 -63.00 -10.00  70.45
 -63.00  -9.00  69.87
 -63.00  -8.00  69.55
 -63.00  -7.00  69.55
 -63.00  -6.00  69.94
 -63.00  -5.00  70.79
 -63.00  -4.00  72.11
 -63.00  -3.00  73.86
 -63.00  -2.00  75.92
 -63.00  -1.00  78.08
 -63.00   0.00  80.07
 -63.00   1.00  81.59
 -63.00   2.00  82.34
 -63.00   3.00  82.09
 -63.00   4.00  80.66
 -63.00   5.00  77.99
 -63.00   6.00  74.14
 -63.00   7.00  69.28
 -63.00   8.00  63.68
 -63.00   9.00  57.71
 -63.00  10.00  51.77
 -63.00  11.00  46.26
 -63.00  12.00  41.54
 -63.00  13.00  37.90
 -63.00  14.00  35.52
 -63.00  15.00  34.45
 -63.00  16.00  34.59
 -63.00  17.00  35.73
 -63.00  18.00  37.55
 -63.00  19.00  39.68
 -63.00  20.00  41.73
 -63.00  21.00  43.32
 -63.00  22.00  44.20
 -63.00  23.00  44.20
 -63.00  24.00  43.30
 -63.00  25.00  41.64
 -63.00  26.00  39.46
 -63.00  27.00  37.13
 -62.00 -37.00  58.69
 -62.00 -36.00  58.37
 -62.00 -35.00  58.13
 -62.00 -34.00  58.18
 -62.00 -33.00  58.73
 -62.00 -32.00  60.05
 -62.00 -31.00  62.30
 -62.00 -30.00  65.56
 -62.00 -29.00  69.77
 -62.00 -28.00  74.71
 -62.00 -27.00  80.01
 -62.00 -26.00  85.22
 -62.00 -25.00  89.86
 -62.00 -24.00  93.50
 -62.00 -23.00  95.82
 -62.00 -22.00  96.66
 -62.00 -21.00  96.03
 -62.00 -20.00  94.12
 -62.00 -19.00  91.25
 -62.00 -18.00  87.79
 -62.00 -17.00  84.13
 -62.00 -16.00  80.60
 -62.00 -15.00  77.45
 -62.00 -14.00  74.80
 -62.00 -13.00  72.68
 -62.00 -12.00  71.04
 -62.00 -11.00  69.80
 -62.00 -10.00  68.87
 -62.00  -9.00  68.20
 -62.00  -8.00  67.79
 -62.00  -7.00  67.67
 -62.00  -6.00  67.93
 -62.00  -5.00  68.62
 -62.00  -4.00  69.80
 -62.00  -3.00  71.44
 -62.00  -2.00  73.45
 -62.00  -1.00  75.66
 -62.00   0.00  77.82
 -62.00   1.00  79.63
 -62.00   2.00  80.81
 -62.00   3.00  81.08
 -62.00   4.00  80.22
 -62.00   5.00  78.13
 -62.00   6.00  74.81
 -62.00   7.00  70.37
 -62.00   8.00  65.05
 -62.00   9.00  59.18
 -62.00  10.00  53.15
 -62.00  11.00  47.36
 -62.00  12.00  42.23
 -62.00  13.00  38.07
 -62.00  14.00  35.14
 -62.00  15.00  33.53
 -62.00  16.00  33.22
 -62.00  17.00  34.03
 -62.00  18.00  35.68
 -62.00  19.00  37.80
 -62.00  20.00  39.97
 -62.00  21.00  41.82
 -62.00  22.00  43.01
 -62.00  23.00  43.34
 -62.00  24.00  42.73
 -62.00  25.00  41.27
 -62.00  26.00  39.19
 -62.00  27.00  36.81
 -61.00 -37.00  59.23
 -61.00 -36.00  58.86
 -61.00 -35.00  58.50
 -61.00 -34.00  58.32
 -61.00 -33.00  58.57
 -61.00 -32.00  59.48
 -61.00 -31.00  61.26
 -61.00 -30.00  64.03
 -61.00 -29.00  67.79
 -61.00 -28.00  72.36
 -61.00 -27.00  77.44
 -61.00 -26.00  82.60
 -61.00 -25.00  87.36
 -61.00 -24.00  91.28
 -61.00 -23.00  93.98
 -61.00 -22.00  95.25
 -61.00 -21.00  95.03
 -61.00 -20.00  93.47
 -61.00 -19.00  90.83
 -61.00 -18.00  87.48
 -61.00 -17.00  83.81
 -61.00 -16.00  80.16
 -61.00 -15.00  76.82
 -61.00 -14.00  73.95
 -61.00 -13.00  71.62
 -61.00 -12.00  69.80
 -61.00 -11.00  68.40
 -61.00 -10.00  67.36
 -61.00  -9.00  66.58
 -61.00  -8.00  66.06
 -61.00  -7.00  65.83
 -61.00  -6.00  65.93
 -61.00  -5.00  66.47
 -61.00  -4.00  67.48
 -61.00  -3.00  68.98
 -61.00  -2.00  70.92
 -61.00  -1.00  73.14
 -61.00   0.00  75.43
 -61.00   1.00  77.52
 -61.00   2.00  79.11
 -61.00   3.00  79.89
 -61.00   4.00  79.64
 -61.00   5.00  78.18
 -61.00   6.00  75.46
 -61.00   7.00  71.53
 -61.00   8.00  66.58
 -61.00   9.00  60.90
 -61.00  10.00  54.86
 -61.00  11.00  48.86
 -61.00  12.00  43.34
 -61.00  13.00  38.67
 -61.00  14.00  35.15
 -61.00  15.00  32.94
 -61.00  16.00  32.09
 -61.00  17.00  32.48
 -61.00  18.00  33.86
 -61.00  19.00  35.88
 -61.00  20.00  38.13
 -61.00  21.00  40.19
 -61.00  22.00  41.70
 -61.00  23.00  42.39
 -61.00  24.00  42.13
 -61.00  25.00  40.95
 -61.00  26.00  39.03
 -61.00  27.00  36.67
 -60.00 -37.00  59.78
 -60.00 -36.00  59.37
 -60.00 -35.00  58.92
 -60.00 -34.00  58.57
 -60.00 -33.00  58.53
 -60.00 -32.00  59.05
 -60.00 -31.00  60.36
 -60.00 -30.00  62.63
 -60.00 -29.00  65.89
 -60.00 -28.00  70.05
 -60.00 -27.00  74.84
 -60.00 -26.00  79.90
 -60.00 -25.00  84.74
 -60.00 -24.00  88.91
 -60.00 -23.00  91.99
 -60.00 -22.00  93.71
 -60.00 -21.00  93.96
 -60.00 -20.00  92.80
 -60.00 -19.00  90.46
 -60.00 -18.00  87.27
 -60.00 -17.00  83.62
 -60.00 -16.00  79.88
 -60.00 -15.00  76.36
 -60.00 -14.00  73.27
 -60.00 -13.00  70.71
 -60.00 -12.00  68.67
 -60.00 -11.00  67.10
 -60.00 -10.00  65.91
 -60.00  -9.00  65.02
 -60.00  -8.00  64.39
 -60.00  -7.00  64.02
 -60.00  -6.00  63.98
 -60.00  -5.00  64.34
 -60.00  -4.00  65.17
 -60.00  -3.00  66.50
 -60.00  -2.00  68.32
 -60.00  -1.00  70.52
 -60.00   0.00  72.90
 -60.00   1.00  75.22
 -60.00   2.00  77.19
 -60.00   3.00  78.49
 -60.00   4.00  78.86
 -60.00   5.00  78.07
 -60.00   6.00  76.02
 -60.00   7.00  72.70
 -60.00   8.00  68.23
 -60.00   9.00  62.85
 -60.00  10.00  56.90
 -60.00  11.00  50.78
 -60.00  12.00  44.92
 -60.00  13.00  39.76
 -60.00  14.00  35.62
 -60.00  15.00  32.76
 -60.00  16.00  31.29
 -60.00  17.00  31.15
 -60.00  18.00  32.15
 -60.00  19.00  33.97
 -60.00  20.00  36.22
 -60.00  21.00  38.44
 -60.00  22.00  40.25
 -60.00  23.00  41.33
 -60.00  24.00  41.47
 -60.00  25.00  40.64
 -60.00  26.00  38.96
 -60.00  27.00  36.71
 -59.00 -37.00  60.33
 -59.00 -36.00  59.91
 -59.00 -35.00  59.40
 -59.00 -34.00  58.91
 -59.00 -33.00  58.63
 -59.00 -32.00  58.80
 -59.00 -31.00  59.65
 -59.00 -30.00  61.39
 -59.00 -29.00  64.13
 -59.00 -28.00  67.82
 -59.00 -27.00  72.26
 -59.00 -26.00  77.14
 -59.00 -25.00  82.00
 -59.00 -24.00  86.38
 -59.00 -23.00  89.83
 -59.00 -22.00  92.03
 -59.00 -21.00  92.78
 -59.00 -20.00  92.09
 -59.00 -19.00  90.11
 -59.00 -18.00  87.15
 -59.00 -17.00  83.58
 -59.00 -16.00  79.79
 -59.00 -15.00  76.10
 -59.00 -14.00  72.78
 -59.00 -13.00  69.96
 -59.00 -12.00  67.69
 -59.00 -11.00  65.91
 -59.00 -10.00  64.56
 -59.00  -9.00  63.53
 -59.00  -8.00  62.78
 -59.00  -7.00  62.28
 -59.00  -6.00  62.09
 -59.00  -5.00  62.26
 -59.00  -4.00  62.89
 -59.00  -3.00  64.03
 -59.00  -2.00  65.69
 -59.00  -1.00  67.80
 -59.00   0.00  70.22
 -59.00   1.00  72.72
 -59.00   2.00  75.03
 -59.00   3.00  76.82
 -59.00   4.00  77.81
 -59.00   5.00  77.73
 -59.00   6.00  76.42
 -59.00   7.00  73.79
 -59.00   8.00  69.91
 -59.00   9.00  64.95
 -59.00  10.00  59.21
 -59.00  11.00  53.07
 -59.00  12.00  46.97
 -59.00  13.00  41.35
 -59.00  14.00  36.62
 -59.00  15.00  33.07
 -59.00  16.00  30.89
 -59.00  17.00  30.12
 -59.00  18.00  30.63
 -59.00  19.00  32.13
 -59.00  20.00  34.26
 -59.00  21.00  36.58
 -59.00  22.00  38.65
 -59.00  23.00  40.10
 -59.00  24.00  40.68
 -59.00  25.00  40.27
 -59.00  26.00  38.93
 -59.00  27.00  36.86
 -58.00 -37.00  60.85
 -58.00 -36.00  60.45
 -58.00 -35.00  59.92
 -58.00 -34.00  59.33
 -58.00 -33.00  58.86
 -58.00 -32.00  58.71
 -58.00 -31.00  59.14
 -58.00 -30.00  60.37
 -58.00 -29.00  62.55
 -58.00 -28.00  65.72
 -58.00 -27.00  69.75
 -58.00 -26.00  74.37
 -58.00 -25.00  79.18
 -58.00 -24.00  83.72
 -58.00 -23.00  87.51
 -58.00 -22.00  90.18
 -58.00 -21.00  91.46
 -58.00 -20.00  91.29
 -58.00 -19.00  89.75
 -58.00 -18.00  87.10
 -58.00 -17.00  83.67
 -58.00 -16.00  79.86
 -58.00 -15.00  76.04
 -58.00 -14.00  72.49
 -58.00 -13.00  69.41
 -58.00 -12.00  66.87
 -58.00 -11.00  64.87
 -58.00 -10.00  63.32
 -58.00  -9.00  62.14
 -58.00  -8.00  61.25
 -58.00  -7.00  60.63
 -58.00  -6.00  60.27
 -58.00  -5.00  60.26
 -58.00  -4.00  60.67
 -58.00  -3.00  61.59
 -58.00  -2.00  63.05
 -58.00  -1.00  65.03
 -58.00   0.00  67.42
 -58.00   1.00  70.03
 -58.00   2.00  72.61
 -58.00   3.00  74.86
 -58.00   4.00  76.45
 -58.00   5.00  77.09
 -58.00   6.00  76.55
 -58.00   7.00  74.70
 -58.00   8.00  71.52
 -58.00   9.00  67.11
 -58.00  10.00  61.73
 -58.00  11.00  55.70
 -58.00  12.00  49.46
 -58.00  13.00  43.47
 -58.00  14.00  38.16
 -58.00  15.00  33.92
 -58.00  16.00  30.99
 -58.00  17.00  29.49
 -58.00  18.00  29.38
 -58.00  19.00  30.44
 -58.00  20.00  32.33
 -58.00  21.00  34.63
 -58.00  22.00  36.89
 -58.00  23.00  38.70
 -58.00  24.00  39.72
 -58.00  25.00  39.79
 -58.00  26.00  38.86
 -58.00  27.00  37.09
 -57.00 -37.00  61.34
 -57.00 -36.00  60.97
 -57.00 -35.00  60.45
 -57.00 -34.00  59.82
 -57.00 -33.00  59.20
 -57.00 -32.00  58.79
 -57.00 -31.00  58.84
 -57.00 -30.00  59.58
 -57.00 -29.00  61.21
 -57.00 -28.00  63.83
 -57.00 -27.00  67.38
 -57.00 -26.00  71.67
 -57.00 -25.00  76.34
 -57.00 -24.00  80.95
 -57.00 -23.00  85.03
 -57.00 -22.00  88.15
 -57.00 -21.00  89.98
 -57.00 -20.00  90.37
 -57.00 -19.00  89.34
 -57.00 -18.00  87.07
 -57.00 -17.00  83.86
 -57.00 -16.00  80.10
 -57.00 -15.00  76.18
 -57.00 -14.00  72.42
 -57.00 -13.00  69.07
 -57.00 -12.00  66.24
 -57.00 -11.00  63.97
 -57.00 -10.00  62.21
 -57.00  -9.00  60.86
 -57.00  -8.00  59.83
 -57.00  -7.00  59.06
 -57.00  -6.00  58.56
 -57.00  -5.00  58.36
 -57.00  -4.00  58.55
 -57.00  -3.00  59.23
 -57.00  -2.00  60.45
 -57.00  -1.00  62.24
 -57.00   0.00  64.53
 -57.00   1.00  67.18
 -57.00   2.00  69.96
 -57.00   3.00  72.59
 -57.00   4.00  74.73
 -57.00   5.00  76.07
 -57.00   6.00  76.34
 -57.00   7.00  75.32
 -57.00   8.00  72.93
 -57.00   9.00  69.21
 -57.00  10.00  64.32
 -57.00  11.00  58.56
 -57.00  12.00  52.32
 -57.00  13.00  46.07
 -57.00  14.00  40.27
 -57.00  15.00  35.35
 -57.00  16.00  31.64
 -57.00  17.00  29.35
 -57.00  18.00  28.51
 -57.00  19.00  28.99
 -57.00  20.00  30.51
 -57.00  21.00  32.66
 -57.00  22.00  35.01
 -57.00  23.00  37.11
 -57.00  24.00  38.56
 -57.00  25.00  39.12
 -57.00  26.00  38.68
 -57.00  27.00  37.30
 -56.00 -37.00  61.79
 -56.00 -36.00  61.46
 -56.00 -35.00  60.97
 -56.00 -34.00  60.33
 -56.00 -33.00  59.63
 -56.00 -32.00  59.03
 -56.00 -31.00  58.75
 -56.00 -30.00  59.04
 -56.00 -29.00  60.14
 -56.00 -28.00  62.19
 -56.00 -27.00  65.21
 -56.00 -26.00  69.09
 -56.00 -25.00  73.53
 -56.00 -24.00  78.13
 -56.00 -23.00  82.42
 -56.00 -22.00  85.95
 -56.00 -21.00  88.32
 -56.00 -20.00  89.31
 -56.00 -19.00  88.84
 -56.00 -18.00  87.02
 -56.00 -17.00  84.11
 -56.00 -16.00  80.48
 -56.00 -15.00  76.51
 -56.00 -14.00  72.57
 -56.00 -13.00  68.95
 -56.00 -12.00  65.82
 -56.00 -11.00  63.26
 -56.00 -10.00  61.25
 -56.00  -9.00  59.69
 -56.00  -8.00  58.50
 -56.00  -7.00  57.60
 -56.00  -6.00  56.95
 -56.00  -5.00  56.58
 -56.00  -4.00  56.56
 -56.00  -3.00  56.98
 -56.00  -2.00  57.94
 -56.00  -1.00  59.49
 -56.00   0.00  61.61
 -56.00   1.00  64.21
 -56.00   2.00  67.10
 -56.00   3.00  70.02
 -56.00   4.00  72.65
 -56.00   5.00  74.66
 -56.00   6.00  75.71
 -56.00   7.00  75.57
 -56.00   8.00  74.05
 -56.00   9.00  71.11
 -56.00  10.00  66.86
 -56.00  11.00  61.52
 -56.00  12.00  55.44
 -56.00  13.00  49.07
 -56.00  14.00  42.88
 -56.00  15.00  37.35
 -56.00  16.00  32.89
 -56.00  17.00  29.76
 -56.00  18.00  28.11
 -56.00  19.00  27.89
 -56.00  20.00  28.89
 -56.00  21.00  30.77
 -56.00  22.00  33.08
 -56.00  23.00  35.36
 -56.00  24.00  37.19
 -56.00  25.00  38.24
 -56.00  26.00  38.32
 -56.00  27.00  37.41
 -55.00 -37.00  62.19
 -55.00 -36.00  61.91
 -55.00 -35.00  61.47
 -55.00 -34.00  60.86
 -55.00 -33.00  60.13
 -55.00 -32.00  59.39
 -55.00 -31.00  58.85
 -55.00 -30.00  58.76
 -55.00 -29.00  59.35
 -55.00 -28.00  60.84
 -55.00 -27.00  63.31
 -55.00 -26.00  66.71
 -55.00 -25.00  70.83
 -55.00 -24.00  75.32
 -55.00 -23.00  79.74
 -55.00 -22.00  83.61
 -55.00 -21.00  86.49
 -55.00 -20.00  88.08
 -55.00 -19.00  88.22
 -55.00 -18.00  86.93
 -55.00 -17.00  84.40
 -55.00 -16.00  80.97
 -55.00 -15.00  77.03
 -55.00 -14.00  72.95
 -55.00 -13.00  69.07
 -55.00 -12.00  65.63
 -55.00 -11.00  62.76
 -55.00 -10.00  60.46
 -55.00  -9.00  58.68
 -55.00  -8.00  57.31
 -55.00  -7.00  56.26
 -55.00  -6.00  55.47
 -55.00  -5.00  54.93
 -55.00  -4.00  54.71
 -55.00  -3.00  54.89
 -55.00  -2.00  55.57
 -55.00  -1.00  56.84
 -55.00   0.00  58.74
 -55.00   1.00  61.20
 -55.00   2.00  64.11
 -55.00   3.00  67.22
 -55.00   4.00  70.24
 -55.00   5.00  72.83
 -55.00   6.00  74.64
 -55.00   7.00  75.36
 -55.00   8.00  74.76
 -55.00   9.00  72.70
 -55.00  10.00  69.22
 -55.00  11.00  64.45
 -55.00  12.00  58.69
 -55.00  13.00  52.36
 -55.00  14.00  45.93
 -55.00  15.00  39.90
 -55.00  16.00  34.72
 -55.00  17.00  30.77
 -55.00  18.00  28.26
 -55.00  19.00  27.25
 -55.00  20.00  27.60
 -55.00  21.00  29.04
 -55.00  22.00  31.16
 -55.00  23.00  33.51
 -55.00  24.00  35.63
 -55.00  25.00  37.13
 -55.00  26.00  37.74
 -55.00  27.00  37.35
 -54.00 -37.00  62.94
 -54.00 -36.00  62.72
 -54.00 -35.00  62.35
 -54.00 -34.00  61.79
 -54.00 -33.00  61.05
 -54.00 -32.00  60.22
 -54.00 -31.00  59.46
 -54.00 -30.00  59.00
 -54.00 -29.00  59.09
 -54.00 -28.00  59.96
 -54.00 -27.00  61.79
 -54.00 -26.00  64.59
 -54.00 -25.00  68.25
 -54.00 -24.00  72.48
 -54.00 -23.00  76.87
 -54.00 -22.00  80.95
 -54.00 -21.00  84.25
 -54.00 -20.00  86.41
 -54.00 -19.00  87.17
 -54.00 -18.00  86.47
 -54.00 -17.00  84.43
 -54.00 -16.00  81.32
 -54.00 -15.00  77.51
 -54.00 -14.00  73.39
 -54.00 -13.00  69.33
 -54.00 -12.00  65.62
 -54.00 -11.00  62.42
 -54.00 -10.00  59.82
 -54.00  -9.00  57.76
 -54.00  -8.00  56.16
 -54.00  -7.00  54.92
 -54.00  -6.00  53.97
 -54.00  -5.00  53.26
 -54.00  -4.00  52.84
 -54.00  -3.00  52.78
 -54.00  -2.00  53.19
 -54.00  -1.00  54.17
 -54.00   0.00  55.78
 -54.00   1.00  58.03
 -54.00   2.00  60.82
 -54.00   3.00  63.97
 -54.00   4.00  67.21
 -54.00   5.00  70.23
 -54.00   6.00  72.66
 -54.00   7.00  74.17
 -54.00   8.00  74.46
 -54.00   9.00  73.35
 -54.00  10.00  70.76
 -54.00  11.00  66.76
 -54.00  12.00  61.56
 -54.00  13.00  55.52
 -54.00  14.00  49.07
 -54.00  15.00  42.73
 -54.00  16.00  36.98
 -54.00  17.00  32.26
 -54.00  18.00  28.88
 -54.00  19.00  27.00
 -54.00  20.00  26.58
 -54.00  21.00  27.44
 -54.00  22.00  29.22
 -54.00  23.00  31.50
 -54.00  24.00  33.79
 -54.00  25.00  35.66
 -54.00  26.00  36.78
 -54.00  27.00  36.94
 -53.00 -37.00  63.62
 -53.00 -36.00  63.45
 -53.00 -35.00  63.14
 -53.00 -34.00  62.66
 -53.00 -33.00  61.97
 -53.00 -32.00  61.12
 -53.00 -31.00  60.23
 -53.00 -30.00  59.49
 -53.00 -29.00  59.15
 -53.00 -28.00  59.47
 -53.00 -27.00  60.67
 -53.00 -26.00  62.85
 -53.00 -25.00  65.98
 -53.00 -24.00  69.84
 -53.00 -23.00  74.10
 -53.00 -22.00  78.30
 -53.00 -21.00  81.95
 -53.00 -20.00  84.63
 -53.00 -19.00  86.01
 -53.00 -18.00  85.94
 -53.00 -17.00  84.45
 -53.00 -16.00  81.74
 -53.00 -15.00  78.14
 -53.00 -14.00  74.06
 -53.00 -13.00  69.87
 -53.00 -12.00  65.91
 -53.00 -11.00  62.41
 -53.00 -10.00  59.48
 -53.00  -9.00  57.12
 -53.00  -8.00  55.28
 -53.00  -7.00  53.83
 -53.00  -6.00  52.69
 -53.00  -5.00  51.81
 -53.00  -4.00  51.19
 -53.00  -3.00  50.89
 -53.00  -2.00  51.02
 -53.00  -1.00  51.70
 -53.00   0.00  53.00
 -53.00   1.00  54.98
 -53.00   2.00  57.58
 -53.00   3.00  60.68
 -53.00   4.00  64.04
 -53.00   5.00  67.36
 -53.00   6.00  70.31
 -53.00   7.00  72.52
 -53.00   8.00  73.67
 -53.00   9.00  73.51
 -53.00  10.00  71.87
 -53.00  11.00  68.75
 -53.00  12.00  64.27
 -53.00  13.00  58.70
 -53.00  14.00  52.45
 -53.00  15.00  45.98
 -53.00  16.00  39.82
 -53.00  17.00  34.43
 -53.00  18.00  30.22
 -53.00  19.00  27.43
 -53.00  20.00  26.16
 -53.00  21.00  26.29
 -53.00  22.00  27.57
 -53.00  23.00  29.59
 -53.00  24.00  31.91
 -53.00  25.00  34.04
 -53.00  26.00  35.60
 -53.00  27.00  36.30
 -52.00 -37.00  64.10
 -52.00 -36.00  63.98
 -52.00 -35.00  63.75
 -52.00 -34.00  63.35
 -52.00 -33.00  62.75
 -52.00 -32.00  61.94
 -52.00 -31.00  61.00
 -52.00 -30.00  60.08
 -52.00 -29.00  59.42
 -52.00 -28.00  59.27
 -52.00 -27.00  59.90
 -52.00 -26.00  61.47
 -52.00 -25.00  64.03
 -52.00 -24.00  67.47
 -52.00 -23.00  71.50
 -52.00 -22.00  75.72
 -52.00 -21.00  79.64
 -52.00 -20.00  82.79
 -52.00 -19.00  84.78
 -52.00 -18.00  85.36
 -52.00 -17.00  84.48
 -52.00 -16.00  82.25
 -52.00 -15.00  78.95
 -52.00 -14.00  74.97
 -52.00 -13.00  70.70
 -52.00 -12.00  66.53
 -52.00 -11.00  62.73
 -52.00 -10.00  59.46
 -52.00  -9.00  56.79
 -52.00  -8.00  54.67
 -52.00  -7.00  53.00
 -52.00  -6.00  51.67
 -52.00  -5.00  50.62
 -52.00  -4.00  49.81
 -52.00  -3.00  49.28
 -52.00  -2.00  49.14
 -52.00  -1.00  49.50
 -52.00   0.00  50.47
 -52.00   1.00  52.13
 -52.00   2.00  54.49
 -52.00   3.00  57.44
 -52.00   4.00  60.83
 -52.00   5.00  64.37
 -52.00   6.00  67.73
 -52.00   7.00  70.57
 -52.00   8.00  72.52
 -52.00   9.00  73.27
 -52.00  10.00  72.61
 -52.00  11.00  70.44
 -52.00  12.00  66.79
 -52.00  13.00  61.86
 -52.00  14.00  55.98
 -52.00  15.00  49.58
 -52.00  16.00  43.16
 -52.00  17.00  37.24
 -52.00  18.00  32.28
 -52.00  19.00  28.61
 -52.00  20.00  26.42
 -52.00  21.00  25.72
 -52.00  22.00  26.34
 -52.00  23.00  27.95
 -52.00  24.00  30.12
 -52.00  25.00  32.36
 -52.00  26.00  34.26
 -52.00  27.00  35.44
 -51.00 -37.00  64.40
 -51.00 -36.00  64.33
 -51.00 -35.00  64.16
 -51.00 -34.00  63.85
 -51.00 -33.00  63.35
 -51.00 -32.00  62.62
 -51.00 -31.00  61.70
 -51.00 -30.00  60.70
 -51.00 -29.00  59.81
 -51.00 -28.00  59.29
 -51.00 -27.00  59.42
 -51.00 -26.00  60.41
 -51.00 -25.00  62.39
 -51.00 -24.00  65.34
 -51.00 -23.00  69.07
 -51.00 -22.00  73.21
 -51.00 -21.00  77.31
 -51.00 -20.00  80.87
 -51.00 -19.00  83.45
 -51.00 -18.00  84.71
 -51.00 -17.00  84.49
 -51.00 -16.00  82.82
 -51.00 -15.00  79.92
 -51.00 -14.00  76.12
 -51.00 -13.00  71.84
 -51.00 -12.00  67.49
 -51.00 -11.00  63.39
 -51.00 -10.00  59.78
 -51.00  -9.00  56.76
 -51.00  -8.00  54.34
 -51.00  -7.00  52.42
 -51.00  -6.00  50.90
 -51.00  -5.00  49.67
 -51.00  -4.00  48.69
 -51.00  -3.00  47.95
 -51.00  -2.00  47.55
 -51.00  -1.00  47.60
 -51.00   0.00  48.22
 -51.00   1.00  49.53
 -51.00   2.00  51.57
 -51.00   3.00  54.31
 -51.00   4.00  57.62
 -51.00   5.00  61.27
 -51.00   6.00  64.95
 -51.00   7.00  68.32
 -51.00   8.00  70.99
 -51.00   9.00  72.62
 -51.00  10.00  72.94
 -51.00  11.00  71.76
 -51.00  12.00  69.04
 -51.00  13.00  64.88
 -51.00  14.00  59.54
 -51.00  15.00  53.39
 -51.00  16.00  46.90
 -51.00  17.00  40.61
 -51.00  18.00  35.01
 -51.00  19.00  30.51
 -51.00  20.00  27.40
 -51.00  21.00  25.80
 -51.00  22.00  25.64
 -51.00  23.00  26.67
 -51.00  24.00  28.51
 -51.00  25.00  30.71
 -51.00  26.00  32.81
 -51.00  27.00  34.39
 -50.00 -37.00  64.51
 -50.00 -36.00  64.49
 -50.00 -35.00  64.37
 -50.00 -34.00  64.14
 -50.00 -33.00  63.74
 -50.00 -32.00  63.13
 -50.00 -31.00  62.28
 -50.00 -30.00  61.28
 -50.00 -29.00  60.27
 -50.00 -28.00  59.47
 -50.00 -27.00  59.17
 -50.00 -26.00  59.63
 -50.00 -25.00  61.04
 -50.00 -24.00  63.46
 -50.00 -23.00  66.79
 -50.00 -22.00  70.76
 -50.00 -21.00  74.93
 -50.00 -20.00  78.84
 -50.00 -19.00  81.96
 -50.00 -18.00  83.91
 -50.00 -17.00  84.41
 -50.00 -16.00  83.40
 -50.00 -15.00  80.99
 -50.00 -14.00  77.49
 -50.00 -13.00  73.29
 -50.00 -12.00  68.80
 -50.00 -11.00  64.43
 -50.00 -10.00  60.46
 -50.00  -9.00  57.06
 -50.00  -8.00  54.29
 -50.00  -7.00  52.09
 -50.00  -6.00  50.35
 -50.00  -5.00  48.95
 -50.00  -4.00  47.81
 -50.00  -3.00  46.89
 -50.00  -2.00  46.26
 -50.00  -1.00  46.00
 -50.00   0.00  46.27
 -50.00   1.00  47.20
 -50.00   2.00  48.88
 -50.00   3.00  51.32
 -50.00   4.00  54.45
 -50.00   5.00  58.10
 -50.00   6.00  61.98
 -50.00   7.00  65.77
 -50.00   8.00  69.09
 -50.00   9.00  71.55
 -50.00  10.00  72.82
 -50.00  11.00  72.66
 -50.00  12.00  70.93
 -50.00  13.00  67.66
 -50.00  14.00  63.01
 -50.00  15.00  57.28
 -50.00  16.00  50.92
 -50.00  17.00  44.43
 -50.00  18.00  38.33
 -50.00  19.00  33.10
 -50.00  20.00  29.10
 -50.00  21.00  26.57
 -50.00  22.00  25.53
 -50.00  23.00  25.83
 -50.00  24.00  27.18
 -50.00  25.00  29.16
 -50.00  26.00  31.31
 -50.00  27.00  33.18
 -49.00 -37.00  64.41
 -49.00 -36.00  64.45
 -49.00 -35.00  64.40
 -49.00 -34.00  64.24
 -49.00 -33.00  63.93
 -49.00 -32.00  63.43
 -49.00 -31.00  62.70
 -49.00 -30.00  61.76
 -49.00 -29.00  60.71
 -49.00 -28.00  59.74
 -49.00 -27.00  59.11
 -49.00 -26.00  59.10
 -49.00 -25.00  59.95
 -49.00 -24.00  61.82
 -49.00 -23.00  64.69
 -49.00 -22.00  68.37
 -49.00 -21.00  72.51
 -49.00 -20.00  76.65
 -49.00 -19.00  80.27
 -49.00 -18.00  82.89
 -49.00 -17.00  84.16
 -49.00 -16.00  83.89
 -49.00 -15.00  82.11
 -49.00 -14.00  79.03
 -49.00 -13.00  75.01
 -49.00 -12.00  70.48
 -49.00 -11.00  65.87
 -49.00 -10.00  61.54
 -49.00  -9.00  57.73
 -49.00  -8.00  54.56
 -49.00  -7.00  52.03
 -49.00  -6.00  50.03
 -49.00  -5.00  48.44
 -49.00  -4.00  47.15
 -49.00  -3.00  46.08
 -49.00  -2.00  45.24
 -49.00  -1.00  44.73
 -49.00   0.00  44.66
 -49.00   1.00  45.19
 -49.00   2.00  46.46
 -49.00   3.00  48.52
 -49.00   4.00  51.38
 -49.00   5.00  54.90
 -49.00   6.00  58.87
 -49.00   7.00  62.96
 -49.00   8.00  66.81
 -49.00   9.00  70.02
 -49.00  10.00  72.21
 -49.00  11.00  73.07
 -49.00  12.00  72.39
 -49.00  13.00  70.10
 -49.00  14.00  66.27
 -49.00  15.00  61.14
 -49.00  16.00  55.09
 -49.00  17.00  48.58
 -49.00  18.00  42.15
 -49.00  19.00  36.30
 -49.00  20.00  31.49
 -49.00  21.00  28.03
 -49.00  22.00  26.05
 -49.00  23.00  25.53
 -49.00  24.00  26.23
 -49.00  25.00  27.81
 -49.00  26.00  29.84
 -49.00  27.00  31.85
 -48.00 -37.00  64.09
 -48.00 -36.00  64.23
 -48.00 -35.00  64.24
 -48.00 -34.00  64.15
 -48.00 -33.00  63.93
 -48.00 -32.00  63.54
 -48.00 -31.00  62.93
 -48.00 -30.00  62.09
 -48.00 -29.00  61.07
 -48.00 -28.00  60.02
 -48.00 -27.00  59.16
 -48.00 -26.00  58.76
 -48.00 -25.00  59.11
 -48.00 -24.00  60.42
 -48.00 -23.00  62.76
 -48.00 -22.00  66.06
 -48.00 -21.00  70.05
 -48.00 -20.00  74.30
 -48.00 -19.00  78.32
 -48.00 -18.00  81.57
 -48.00 -17.00  83.63
 -48.00 -16.00  84.19
 -48.00 -15.00  83.16
 -48.00 -14.00  80.65
 -48.00 -13.00  76.96
 -48.00 -12.00  72.50
 -48.00 -11.00  67.73
 -48.00 -10.00  63.05
 -48.00  -9.00  58.81
 -48.00  -8.00  55.19
 -48.00  -7.00  52.25
 -48.00  -6.00  49.94
 -48.00  -5.00  48.12
 -48.00  -4.00  46.67
 -48.00  -3.00  45.47
 -48.00  -2.00  44.48
 -48.00  -1.00  43.74
 -48.00   0.00  43.37
 -48.00   1.00  43.52
 -48.00   2.00  44.36
 -48.00   3.00  45.99
 -48.00   4.00  48.48
 -48.00   5.00  51.76
 -48.00   6.00  55.66
 -48.00   7.00  59.92
 -48.00   8.00  64.18
 -48.00   9.00  68.03
 -48.00  10.00  71.08
 -48.00  11.00  72.93
 -48.00  12.00  73.32
 -48.00  13.00  72.08
 -48.00  14.00  69.20
 -48.00  15.00  64.83
 -48.00  16.00  59.26
 -48.00  17.00  52.92
 -48.00  18.00  46.34
 -48.00  19.00  40.03
 -48.00  20.00  34.51
 -48.00  21.00  30.16
 -48.00  22.00  27.24
 -48.00  23.00  25.80
 -48.00  24.00  25.74
 -48.00  25.00  26.76
 -48.00  26.00  28.50
 -48.00  27.00  30.49
 -47.00 -37.00  63.56
 -47.00 -36.00  63.81
 -47.00 -35.00  63.91
 -47.00 -34.00  63.88
 -47.00 -33.00  63.74
 -47.00 -32.00  63.45
 -47.00 -31.00  62.97
 -47.00 -30.00  62.25
 -47.00 -29.00  61.32
 -47.00 -28.00  60.26
 -47.00 -27.00  59.26
 -47.00 -26.00  58.58
 -47.00 -25.00  58.49
 -47.00 -24.00  59.26
 -47.00 -23.00  61.05
 -47.00 -22.00  63.88
 -47.00 -21.00  67.59
 -47.00 -20.00  71.82
 -47.00 -19.00  76.11
 -47.00 -18.00  79.92
 -47.00 -17.00  82.74
 -47.00 -16.00  84.17
 -47.00 -15.00  84.00
 -47.00 -14.00  82.22
 -47.00 -13.00  79.03
 -47.00 -12.00  74.80
 -47.00 -11.00  69.97
 -47.00 -10.00  65.02
 -47.00  -9.00  60.34
 -47.00  -8.00  56.23
 -47.00  -7.00  52.81
 -47.00  -6.00  50.10
 -47.00  -5.00  48.00
 -47.00  -4.00  46.35
 -47.00  -3.00  45.02
 -47.00  -2.00  43.91
 -47.00  -1.00  43.01
 -47.00   0.00  42.39
 -47.00   1.00  42.21
 -47.00   2.00  42.62
 -47.00   3.00  43.79
 -47.00   4.00  45.83
 -47.00   5.00  48.75
 -47.00   6.00  52.46
 -47.00   7.00  56.73
 -47.00   8.00  61.25
 -47.00   9.00  65.62
 -47.00  10.00  69.42
 -47.00  11.00  72.22
 -47.00  12.00  73.67
 -47.00  13.00  73.53
 -47.00  14.00  71.69
 -47.00  15.00  68.20
 -47.00  16.00  63.28
 -47.00  17.00  57.30
 -47.00  18.00  50.75
 -47.00  19.00  44.16
 -47.00  20.00  38.06
 -47.00  21.00  32.92
 -47.00  22.00  29.07
 -47.00  23.00  26.69
 -47.00  24.00  25.76
 -47.00  25.00  26.10
 -47.00  26.00  27.38
 -47.00  27.00  29.18
 -46.00 -37.00  62.81
 -46.00 -36.00  63.19
 -46.00 -35.00  63.39
 -46.00 -34.00  63.45
 -46.00 -33.00  63.39
 -46.00 -32.00  63.19
 -46.00 -31.00  62.82
 -46.00 -30.00  62.24
 -46.00 -29.00  61.42
 -46.00 -28.00  60.42
 -46.00 -27.00  59.37
 -46.00 -26.00  58.48
 -46.00 -25.00  58.04
 -46.00 -24.00  58.33
 -46.00 -23.00  59.58
 -46.00 -22.00  61.89
 -46.00 -21.00  65.20
 -46.00 -20.00  69.27
 -46.00 -19.00  73.68
 -46.00 -18.00  77.92
 -46.00 -17.00  81.44
 -46.00 -16.00  83.74
 -46.00 -15.00  84.51
 -46.00 -14.00  83.59
 -46.00 -13.00  81.07
 -46.00 -12.00  77.25
 -46.00 -11.00  72.53
 -46.00 -10.00  67.40
 -46.00  -9.00  62.34
 -46.00  -8.00  57.72
 -46.00  -7.00  53.77
 -46.00  -6.00  50.57
 -46.00  -5.00  48.09
 -46.00  -4.00  46.19
 -46.00  -3.00  44.70
 -46.00  -2.00  43.48
 -46.00  -1.00  42.47
 -46.00   0.00  41.68
 -46.00   1.00  41.21
 -46.00   2.00  41.25
 -46.00   3.00  41.96
 -46.00   4.00  43.51
 -46.00   5.00  45.99
 -46.00   6.00  49.36
 -46.00   7.00  53.49
 -46.00   8.00  58.11
 -46.00   9.00  62.85
 -46.00  10.00  67.27
 -46.00  11.00  70.93
 -46.00  12.00  73.40
 -46.00  13.00  74.37
 -46.00  14.00  73.62
 -46.00  15.00  71.12
 -46.00  16.00  67.00
 -46.00  17.00  61.56
 -46.00  18.00  55.22
 -46.00  19.00  48.52
 -46.00  20.00  42.00
 -46.00  21.00  36.18
 -46.00  22.00  31.48
 -46.00  23.00  28.17
 -46.00  24.00  26.33
 -46.00  25.00  25.88
 -46.00  26.00  26.57
 -46.00  27.00  28.03
 -45.00 -37.00  61.86
 -45.00 -36.00  62.38
 -45.00 -35.00  62.71
 -45.00 -34.00  62.87
 -45.00 -33.00  62.90
 -45.00 -32.00  62.78
 -45.00 -31.00  62.51
 -45.00 -30.00  62.05
 -45.00 -29.00  61.36
 -45.00 -28.00  60.46
 -45.00 -27.00  59.42
 -45.00 -26.00  58.43
 -45.00 -25.00  57.73
 -45.00 -24.00  57.61
 -45.00 -23.00  58.35
 -45.00 -22.00  60.11
 -45.00 -21.00  62.96
 -45.00 -20.00  66.73
 -45.00 -19.00  71.11
 -45.00 -18.00  75.63
 -45.00 -17.00  79.72
 -45.00 -16.00  82.84
 -45.00 -15.00  84.56
 -45.00 -14.00  84.60
 -45.00 -13.00  82.91
 -45.00 -12.00  79.68
 -45.00 -11.00  75.26
 -45.00 -10.00  70.12
 -45.00  -9.00  64.78
 -45.00  -8.00  59.67
 -45.00  -7.00  55.15
 -45.00  -6.00  51.40
 -45.00  -5.00  48.45
 -45.00  -4.00  46.20
 -45.00  -3.00  44.49
 -45.00  -2.00  43.15
 -45.00  -1.00  42.05
 -45.00   0.00  41.15
 -45.00   1.00  40.49
 -45.00   2.00  40.21
 -45.00   3.00  40.51
 -45.00   4.00  41.58
 -45.00   5.00  43.56
 -45.00   6.00  46.50
 -45.00   7.00  50.35
 -45.00   8.00  54.90
 -45.00   9.00  59.83
 -45.00  10.00  64.72
 -45.00  11.00  69.11
 -45.00  12.00  72.52
 -45.00  13.00  74.56
 -45.00  14.00  74.93
 -45.00  15.00  73.50
 -45.00  16.00  70.29
 -45.00  17.00  65.53
 -45.00  18.00  59.58
 -45.00  19.00  52.94
 -45.00  20.00  46.17
 -45.00  21.00  39.82
 -45.00  22.00  34.37
 -45.00  23.00  30.18
 -45.00  24.00  27.43
 -45.00  25.00  26.14
 -45.00  26.00  26.14
 -45.00  27.00  27.11
 -44.00 -37.00  60.77
 -44.00 -36.00  61.40
 -44.00 -35.00  61.87
 -44.00 -34.00  62.15
 -44.00 -33.00  62.27
 -44.00 -32.00  62.24
 -44.00 -31.00  62.07
 -44.00 -30.00  61.71
 -44.00 -29.00  61.15
 -44.00 -28.00  60.36
 -44.00 -27.00  59.39
 -44.00 -26.00  58.36
 -44.00 -25.00  57.50
 -44.00 -24.00  57.06
 -44.00 -23.00  57.35
 -44.00 -22.00  58.59
 -44.00 -21.00  60.92
 -44.00 -20.00  64.30
 -44.00 -19.00  68.50
 -44.00 -18.00  73.12
 -44.00 -17.00  77.64
 -44.00 -16.00  81.47
 -44.00 -15.00  84.10
 -44.00 -14.00  85.13
 -44.00 -13.00  84.40
 -44.00 -12.00  81.93
 -44.00 -11.00  78.00
 -44.00 -10.00  73.04
 -44.00  -9.00  67.55
 -44.00  -8.00  62.06
 -44.00  -7.00  56.99
 -44.00  -6.00  52.63
 -44.00  -5.00  49.12
 -44.00  -4.00  46.42
 -44.00  -3.00  44.41
 -44.00  -2.00  42.90
 -44.00  -1.00  41.71
 -44.00   0.00  40.73
 -44.00   1.00  39.95
 -44.00   2.00  39.46
 -44.00   3.00  39.42
 -44.00   4.00  40.04
 -44.00   5.00  41.52
 -44.00   6.00  43.97
 -44.00   7.00  47.42
 -44.00   8.00  51.76
 -44.00   9.00  56.70
 -44.00  10.00  61.89
 -44.00  11.00  66.85
 -44.00  12.00  71.08
 -44.00  13.00  74.13
 -44.00  14.00  75.60
 -44.00  15.00  75.26
 -44.00  16.00  73.05
 -44.00  17.00  69.09
 -44.00  18.00  63.68
 -44.00  19.00  57.27
 -44.00  20.00  50.41
 -44.00  21.00  43.67
 -44.00  22.00  37.60
 -44.00  23.00  32.61
 -44.00  24.00  29.00
 -44.00  25.00  26.85
 -44.00  26.00  26.10
 -44.00  27.00  26.50
 -43.00 -37.00  59.67
 -43.00 -36.00  60.38
 -43.00 -35.00  60.97
 -43.00 -34.00  61.38
 -43.00 -33.00  61.61
 -43.00 -32.00  61.68
 -43.00 -31.00  61.59
 -43.00 -30.00  61.34
 -43.00 -29.00  60.88
 -43.00 -28.00  60.20
 -43.00 -27.00  59.32
 -43.00 -26.00  58.32
 -43.00 -25.00  57.36
 -43.00 -24.00  56.69
 -43.00 -23.00  56.59
 -43.00 -22.00  57.35
 -43.00 -21.00  59.16
 -43.00 -20.00  62.07
 -43.00 -19.00  65.97
 -43.00 -18.00  70.53
 -43.00 -17.00  75.29
 -43.00 -16.00  79.67
 -43.00 -15.00  83.10
 -43.00 -14.00  85.11
 -43.00 -13.00  85.37
 -43.00 -12.00  83.79
 -43.00 -11.00  80.53
 -43.00 -10.00  75.93
 -43.00  -9.00  70.49
 -43.00  -8.00  64.74
 -43.00  -7.00  59.19
 -43.00  -6.00  54.24
 -43.00  -5.00  50.12
 -43.00  -4.00  46.89
 -43.00  -3.00  44.48
 -43.00  -2.00  42.71
 -43.00  -1.00  41.40
 -43.00   0.00  40.36
 -43.00   1.00  39.52
 -43.00   2.00  38.89
 -43.00   3.00  38.61
 -43.00   4.00  38.86
 -43.00   5.00  39.87
 -43.00   6.00  41.83
 -43.00   7.00  44.82
 -43.00   8.00  48.81
 -43.00   9.00  53.63
 -43.00  10.00  58.94
 -43.00  11.00  64.31
 -43.00  12.00  69.22
 -43.00  13.00  73.15
 -43.00  14.00  75.66
 -43.00  15.00  76.41
 -43.00  16.00  75.22
 -43.00  17.00  72.14
 -43.00  18.00  67.38
 -43.00  19.00  61.34
 -43.00  20.00  54.53
 -43.00  21.00  47.56
 -43.00  22.00  40.98
 -43.00  23.00  35.31
 -43.00  24.00  30.89
 -43.00  25.00  27.92
 -43.00  26.00  26.41
 -43.00  27.00  26.18
 -42.00 -37.00  58.58
 -42.00 -36.00  59.30
 -42.00 -35.00  59.98
 -42.00 -34.00  60.51
 -42.00 -33.00  60.86
 -42.00 -32.00  61.03
 -42.00 -31.00  61.04
 -42.00 -30.00  60.88
 -42.00 -29.00  60.52
 -42.00 -28.00  59.96
 -42.00 -27.00  59.17
 -42.00 -26.00  58.22
 -42.00 -25.00  57.23
 -42.00 -24.00  56.40
 -42.00 -23.00  56.01
 -42.00 -22.00  56.35
 -42.00 -21.00  57.66
 -42.00 -20.00  60.08
 -42.00 -19.00  63.58
 -42.00 -18.00  67.95
 -42.00 -17.00  72.79
 -42.00 -16.00  77.56
 -42.00 -15.00  81.67
 -42.00 -14.00  84.57
 -42.00 -13.00  85.83
 -42.00 -12.00  85.22
 -42.00 -11.00  82.77
 -42.00 -10.00  78.72
 -42.00  -9.00  73.51
 -42.00  -8.00  67.67
 -42.00  -7.00  61.75
 -42.00  -6.00  56.25
 -42.00  -5.00  51.50
 -42.00  -4.00  47.68
 -42.00  -3.00  44.78
 -42.00  -2.00  42.67
 -42.00  -1.00  41.16
 -42.00   0.00  40.03
 -42.00   1.00  39.14
 -42.00   2.00  38.44
 -42.00   3.00  38.00
 -42.00   4.00  37.97
 -42.00   5.00  38.59
 -42.00   6.00  40.07
 -42.00   7.00  42.57
 -42.00   8.00  46.15
 -42.00   9.00  50.71
 -42.00  10.00  55.99
 -42.00  11.00  61.59
 -42.00  12.00  67.01
 -42.00  13.00  71.71
 -42.00  14.00  75.17
 -42.00  15.00  76.96
 -42.00  16.00  76.83
 -42.00  17.00  74.68
 -42.00  18.00  70.67
 -42.00  19.00  65.12
 -42.00  20.00  58.51
 -42.00  21.00  51.43
 -42.00  22.00  44.49
 -42.00  23.00  38.22
 -42.00  24.00  33.08
 -42.00  25.00  29.33
 -42.00  26.00  27.06
 -42.00  27.00  26.18
 -41.00 -37.00  57.56
 -41.00 -36.00  58.21
 -41.00 -35.00  58.93
 -41.00 -34.00  59.56
 -41.00 -33.00  60.02
 -41.00 -32.00  60.31
 -41.00 -31.00  60.42
 -41.00 -30.00  60.35
 -41.00 -29.00  60.09
 -41.00 -28.00  59.63
 -41.00 -27.00  58.95
 -41.00 -26.00  58.07
 -41.00 -25.00  57.09
 -41.00 -24.00  56.17
 -41.00 -23.00  55.56
 -41.00 -22.00  55.54
 -41.00 -21.00  56.40
 -41.00 -20.00  58.32
 -41.00 -19.00  61.38
 -41.00 -18.00  65.45
 -41.00 -17.00  70.23
 -41.00 -16.00  75.23
 -41.00 -15.00  79.87
 -41.00 -14.00  83.55
 -41.00 -13.00  85.77
 -41.00 -12.00  86.17
 -41.00 -11.00  84.63
 -41.00 -10.00  81.29
 -41.00  -9.00  76.49
 -41.00  -8.00  70.73
 -41.00  -7.00  64.60
 -41.00  -6.00  58.64
 -41.00  -5.00  53.29
 -41.00  -4.00  48.83
 -41.00  -3.00  45.37
 -41.00  -2.00  42.82
 -41.00  -1.00  41.03
 -41.00   0.00  39.76
 -41.00   1.00  38.81
 -41.00   2.00  38.07
 -41.00   3.00  37.53
 -41.00   4.00  37.31
 -41.00   5.00  37.61
 -41.00   6.00  38.66
 -41.00   7.00  40.69
 -41.00   8.00  43.80
 -41.00   9.00  48.01
 -41.00  10.00  53.12
 -41.00  11.00  58.80
 -41.00  12.00  64.58
 -41.00  13.00  69.90
 -41.00  14.00  74.20
 -41.00  15.00  76.98
 -41.00  16.00  77.88
 -41.00  17.00  76.71
 -41.00  18.00  73.52
 -41.00  19.00  68.57
 -41.00  20.00  62.28
 -41.00  21.00  55.23
 -41.00  22.00  48.03
 -41.00  23.00  41.29
 -41.00  24.00  35.51
 -41.00  25.00  31.03
 -41.00  26.00  28.02
 -41.00  27.00  26.47
 -40.00 -37.00  56.66
 -40.00 -36.00  57.16
 -40.00 -35.00  57.86
 -40.00 -34.00  58.55
 -40.00 -33.00  59.12
 -40.00 -32.00  59.51
 -40.00 -31.00  59.72
 -40.00 -30.00  59.75
 -40.00 -29.00  59.59
 -40.00 -28.00  59.23
 -40.00 -27.00  58.65
 -40.00 -26.00  57.86
 -40.00 -25.00  56.92
 -40.00 -24.00  55.97
 -40.00 -23.00  55.20
 -40.00 -22.00  54.90
 -40.00 -21.00  55.35
 -40.00 -20.00  56.79
 -40.00 -19.00  59.37
 -40.00 -18.00  63.07
 -40.00 -17.00  67.66
 -40.00 -16.00  72.73
 -40.00 -15.00  77.75
 -40.00 -14.00  82.10
 -40.00 -13.00  85.20
 -40.00 -12.00  86.60
 -40.00 -11.00  86.05
 -40.00 -10.00  83.55
 -40.00  -9.00  79.33
 -40.00  -8.00  73.85
 -40.00  -7.00  67.67
 -40.00  -6.00  61.37
 -40.00  -5.00  55.48
 -40.00  -4.00  50.39
 -40.00  -3.00  46.30
 -40.00  -2.00  43.23
 -40.00  -1.00  41.06
 -40.00   0.00  39.56
 -40.00   1.00  38.52
 -40.00   2.00  37.74
 -40.00   3.00  37.16
 -40.00   4.00  36.81
 -40.00   5.00  36.87
 -40.00   6.00  37.57
 -40.00   7.00  39.14
 -40.00   8.00  41.78
 -40.00   9.00  45.56
 -40.00  10.00  50.39
 -40.00  11.00  56.01
 -40.00  12.00  61.99
 -40.00  13.00  67.79
 -40.00  14.00  72.81
 -40.00  15.00  76.50
 -40.00  16.00  78.41
 -40.00  17.00  78.24
 -40.00  18.00  75.95
 -40.00  19.00  71.68
 -40.00  20.00  65.83
 -40.00  21.00  58.93
 -40.00  22.00  51.60
 -40.00  23.00  44.48
 -40.00  24.00  38.13
 -40.00  25.00  32.97
 -40.00  26.00  29.25
 -40.00  27.00  27.02
 -39.00 -37.00  55.93
 -39.00 -36.00  56.20
 -39.00 -35.00  56.80
 -39.00 -34.00  57.50
 -39.00 -33.00  58.15
 -39.00 -32.00  58.65
 -39.00 -31.00  58.97
 -39.00 -30.00  59.09
 -39.00 -29.00  59.02
 -39.00 -28.00  58.76
 -39.00 -27.00  58.29
 -39.00 -26.00  57.60
 -39.00 -25.00  56.73
 -39.00 -24.00  55.77
 -39.00 -23.00  54.91
 -39.00 -22.00  54.38
 -39.00 -21.00  54.47
 -39.00 -20.00  55.47
 -39.00 -19.00  57.56
 -39.00 -18.00  60.81
 -39.00 -17.00  65.09
 -39.00 -16.00  70.10
 -39.00 -15.00  75.35
 -39.00 -14.00  80.23
 -39.00 -13.00  84.12
 -39.00 -12.00  86.50
 -39.00 -11.00  86.98
 -39.00 -10.00  85.43
 -39.00  -9.00  81.97
 -39.00  -8.00  76.96
 -39.00  -7.00  70.90
 -39.00  -6.00  64.41
 -39.00  -5.00  58.08
 -39.00  -4.00  52.38
 -39.00  -3.00  47.64
 -39.00  -2.00  43.97
 -39.00  -1.00  41.32
 -39.00   0.00  39.51
 -39.00   1.00  38.30
 -39.00   2.00  37.46
 -39.00   3.00  36.84
 -39.00   4.00  36.43
 -39.00   5.00  36.32
 -39.00   6.00  36.72
 -39.00   7.00  37.89
 -39.00   8.00  40.05
 -39.00   9.00  43.37
 -39.00  10.00  47.83
 -39.00  11.00  53.26
 -39.00  12.00  59.29
 -39.00  13.00  65.42
 -39.00  14.00  71.05
 -39.00  15.00  75.56
 -39.00  16.00  78.44
 -39.00  17.00  79.29
 -39.00  18.00  77.94
 -39.00  19.00  74.47
 -39.00  20.00  69.18
 -39.00  21.00  62.55
 -39.00  22.00  55.20
 -39.00  23.00  47.80
 -39.00  24.00  40.95
 -39.00  25.00  35.15
 -39.00  26.00  30.73
 -39.00  27.00  27.82
 -38.00 -37.00  55.42
 -38.00 -36.00  55.36
 -38.00 -35.00  55.79
 -38.00 -34.00  56.44
 -38.00 -33.00  57.13
 -38.00 -32.00  57.72
 -38.00 -31.00  58.14
 -38.00 -30.00  58.37
 -38.00 -29.00  58.40
 -38.00 -28.00  58.24
 -38.00 -27.00  57.86
 -38.00 -26.00  57.28
 -38.00 -25.00  56.50
 -38.00 -24.00  55.58
 -38.00 -23.00  54.67
 -38.00 -22.00  53.97
 -38.00 -21.00  53.76
 -38.00 -20.00  54.33
 -38.00 -19.00  55.92
 -38.00 -18.00  58.68
 -38.00 -17.00  62.57
 -38.00 -16.00  67.38
 -38.00 -15.00  72.70
 -38.00 -14.00  77.96
 -38.00 -13.00  82.54
 -38.00 -12.00  85.83
 -38.00 -11.00  87.37
 -38.00 -10.00  86.87
 -38.00  -9.00  84.32
 -38.00  -8.00  79.96
 -38.00  -7.00  74.24
 -38.00  -6.00  67.74
 -38.00  -5.00  61.09
 -38.00  -4.00  54.85
 -38.00  -3.00  49.45
 -38.00  -2.00  45.12
 -38.00  -1.00  41.90
 -38.00   0.00  39.67
 -38.00   1.00  38.20
 -38.00   2.00  37.23
 -38.00   3.00  36.57
 -38.00   4.00  36.11
 -38.00   5.00  35.90
 -38.00   6.00  36.07
 -38.00   7.00  36.89
 -38.00   8.00  38.61
 -38.00   9.00  41.43
 -38.00  10.00  45.45
 -38.00  11.00  50.57
 -38.00  12.00  56.51
 -38.00  13.00  62.83
 -38.00  14.00  68.92
 -38.00  15.00  74.17
 -38.00  16.00  77.97
 -38.00  17.00  79.84
 -38.00  18.00  79.50
 -38.00  19.00  76.92
 -38.00  20.00  72.31
 -38.00  21.00  66.08
 -38.00  22.00  58.85
 -38.00  23.00  51.26
 -38.00  24.00  44.00
 -38.00  25.00  37.61
 -38.00  26.00  32.51
 -38.00  27.00  28.90
 -37.00 -37.00  55.18
 -37.00 -36.00  54.71
 -37.00 -35.00  54.87
 -37.00 -34.00  55.40
 -37.00 -33.00  56.08
 -37.00 -32.00  56.74
 -37.00 -31.00  57.26
 -37.00 -30.00  57.59
 -37.00 -29.00  57.72
 -37.00 -28.00  57.66
 -37.00 -27.00  57.39
 -37.00 -26.00  56.91
 -37.00 -25.00  56.22
 -37.00 -24.00  55.37
 -37.00 -23.00  54.45
 -37.00 -22.00  53.65
 -37.00 -21.00  53.19
 -37.00 -20.00  53.38
 -37.00 -19.00  54.48
 -37.00 -18.00  56.71
 -37.00 -17.00  60.12
 -37.00 -16.00  64.61
 -37.00 -15.00  69.84
 -37.00 -14.00  75.32
 -37.00 -13.00  80.45
 -37.00 -12.00  84.58
 -37.00 -11.00  87.15
 -37.00 -10.00  87.77
 -37.00  -9.00  86.28
 -37.00  -8.00  82.77
 -37.00  -7.00  77.59
 -37.00  -6.00  71.29
 -37.00  -5.00  64.49
 -37.00  -4.00  57.81
 -37.00  -3.00  51.78
 -37.00  -2.00  46.76
 -37.00  -1.00  42.88
 -37.00   0.00  40.12
 -37.00   1.00  38.28
 -37.00   2.00  37.11
 -37.00   3.00  36.36
 -37.00   4.00  35.86
 -37.00   5.00  35.58
 -37.00   6.00  35.59
 -37.00   7.00  36.12
 -37.00   8.00  37.42
 -37.00   9.00  39.75
 -37.00  10.00  43.27
 -37.00  11.00  47.98
 -37.00  12.00  53.70
 -37.00  13.00  60.05
 -37.00  14.00  66.47
 -37.00  15.00  72.33
 -37.00  16.00  76.99
 -37.00  17.00  79.87
 -37.00  18.00  80.59
 -37.00  19.00  79.00
 -37.00  20.00  75.19
 -37.00  21.00  69.52
 -37.00  22.00  62.53
 -37.00  23.00  54.90
 -37.00  24.00  47.30
 -37.00  25.00  40.37
 -37.00  26.00  34.60
 -37.00  27.00  30.27
 -36.00 -37.00  55.28
 -36.00 -36.00  54.30
 -36.00 -35.00  54.10
 -36.00 -34.00  54.43
 -36.00 -33.00  55.04
 -36.00 -32.00  55.72
 -36.00 -31.00  56.31
 -36.00 -30.00  56.75
 -36.00 -29.00  56.98
 -36.00 -28.00  57.02
 -36.00 -27.00  56.85
 -36.00 -26.00  56.48
 -36.00 -25.00  55.90
 -36.00 -24.00  55.14
 -36.00 -23.00  54.26
 -36.00 -22.00  53.39
 -36.00 -21.00  52.75
 -36.00 -20.00  52.61
 -36.00 -19.00  53.25
 -36.00 -18.00  54.94
 -36.00 -17.00  57.81
 -36.00 -16.00  61.85
 -36.00 -15.00  66.85
 -36.00 -14.00  72.38
 -36.00 -13.00  77.89
 -36.00 -12.00  82.74
 -36.00 -11.00  86.29
 -36.00 -10.00  88.05
 -36.00  -9.00  87.70
 -36.00  -8.00  85.21
 -36.00  -7.00  80.80
 -36.00  -6.00  74.92
 -36.00  -5.00  68.18
 -36.00  -4.00  61.22
 -36.00  -3.00  54.65
 -36.00  -2.00  48.93
 -36.00  -1.00  44.34
 -36.00   0.00  40.94
 -36.00   1.00  38.62
 -36.00   2.00  37.13
 -36.00   3.00  36.23
 -36.00   4.00  35.66
 -36.00   5.00  35.33
 -36.00   6.00  35.23
 -36.00   7.00  35.53
 -36.00   8.00  36.48
 -36.00   9.00  38.34
 -36.00  10.00  41.33
 -36.00  11.00  45.56
 -36.00  12.00  50.94
 -36.00  13.00  57.16
 -36.00  14.00  63.75
 -36.00  15.00  70.09
 -36.00  16.00  75.51
 -36.00  17.00  79.36
 -36.00  18.00  81.16
 -36.00  19.00  80.63
 -36.00  20.00  77.76
 -36.00  21.00  72.79
 -36.00  22.00  66.21
 -36.00  23.00  58.66
 -36.00  24.00  50.84
 -36.00  25.00  43.44
 -36.00  26.00  37.02
 -36.00  27.00  31.98
 -35.00 -37.00  55.73
 -35.00 -36.00  54.18
 -35.00 -35.00  53.54
 -35.00 -34.00  53.58
 -35.00 -33.00  54.05
 -35.00 -32.00  54.69
 -35.00 -31.00  55.34
 -35.00 -30.00  55.85
 -35.00 -29.00  56.19
 -35.00 -28.00  56.32
 -35.00 -27.00  56.26
 -35.00 -26.00  55.99
 -35.00 -25.00  55.52
 -35.00 -24.00  54.86
 -35.00 -23.00  54.04
 -35.00 -22.00  53.17
 -35.00 -21.00  52.41
 -35.00 -20.00  52.00
 -35.00 -19.00  52.25
 -35.00 -18.00  53.41
 -35.00 -17.00  55.72
 -35.00 -16.00  59.23
 -35.00 -15.00  63.86
 -35.00 -14.00  69.27
 -35.00 -13.00  74.99
 -35.00 -12.00  80.38
 -35.00 -11.00  84.79
 -35.00 -10.00  87.64
 -35.00  -9.00  88.49
 -35.00  -8.00  87.14
 -35.00  -7.00  83.68
 -35.00  -6.00  78.45
 -35.00  -5.00  71.99
 -35.00  -4.00  64.94
 -35.00  -3.00  57.96
 -35.00  -2.00  51.62
 -35.00  -1.00  46.31
 -35.00   0.00  42.20
 -35.00   1.00  39.29
 -35.00   2.00  37.38
 -35.00   3.00  36.22
 -35.00   4.00  35.54
 -35.00   5.00  35.14
 -35.00   6.00  34.97
 -35.00   7.00  35.11
 -35.00   8.00  35.76
 -35.00   9.00  37.20
 -35.00  10.00  39.68
 -35.00  11.00  43.39
 -35.00  12.00  48.32
 -35.00  13.00  54.29
 -35.00  14.00  60.90
 -35.00  15.00  67.56
 -35.00  16.00  73.60
 -35.00  17.00  78.34
 -35.00  18.00  81.19
 -35.00  19.00  81.77
 -35.00  20.00  79.92
 -35.00  21.00  75.79
 -35.00  22.00  69.76
 -35.00  23.00  62.44
 -35.00  24.00  54.53
 -35.00  25.00  46.76
 -35.00  26.00  39.76
 -35.00  27.00  34.01
 -34.00 -37.00  56.53
 -34.00 -36.00  54.37
 -34.00 -35.00  53.22
 -34.00 -34.00  52.90
 -34.00 -33.00  53.15
 -34.00 -32.00  53.71
 -34.00 -31.00  54.36
 -34.00 -30.00  54.94
 -34.00 -29.00  55.36
 -34.00 -28.00  55.58
 -34.00 -27.00  55.61
 -34.00 -26.00  55.44
 -34.00 -25.00  55.08
 -34.00 -24.00  54.52
 -34.00 -23.00  53.79
 -34.00 -22.00  52.95
 -34.00 -21.00  52.13
 -34.00 -20.00  51.54
 -34.00 -19.00  51.45
 -34.00 -18.00  52.16
 -34.00 -17.00  53.91
 -34.00 -16.00  56.86
 -34.00 -15.00  61.02
 -34.00 -14.00  66.17
 -34.00 -13.00  71.90
 -34.00 -12.00  77.65
 -34.00 -11.00  82.76
 -34.00 -10.00  86.58
 -34.00  -9.00  88.58
 -34.00  -8.00  88.42
 -34.00  -7.00  86.04
 -34.00  -6.00  81.64
 -34.00  -5.00  75.67
 -34.00  -4.00  68.75
 -34.00  -3.00  61.54
 -34.00  -2.00  54.70
 -34.00  -1.00  48.71
 -34.00   0.00  43.89
 -34.00   1.00  40.31
 -34.00   2.00  37.89
 -34.00   3.00  36.38
 -34.00   4.00  35.50
 -34.00   5.00  35.01
 -34.00   6.00  34.78
 -34.00   7.00  34.81
 -34.00   8.00  35.24
 -34.00   9.00  36.33
 -34.00  10.00  38.35
 -34.00  11.00  41.54
 -34.00  12.00  45.99
 -34.00  13.00  51.61
 -34.00  14.00  58.09
 -34.00  15.00  64.91
 -34.00  16.00  71.42
 -34.00  17.00  76.91
 -34.00  18.00  80.73
 -34.00  19.00  82.38
 -34.00  20.00  81.58
 -34.00  21.00  78.37
 -34.00  22.00  73.02
 -34.00  23.00  66.07
 -34.00  24.00  58.20
 -34.00  25.00  50.18
 -34.00  26.00  42.68
 -34.00  27.00  36.28
 -33.00 -37.00  57.57
 -33.00 -36.00  54.82
 -33.00 -35.00  53.14
 -33.00 -34.00  52.41
 -33.00 -33.00  52.39
 -33.00 -32.00  52.81
 -33.00 -31.00  53.43
 -33.00 -30.00  54.03
 -33.00 -29.00  54.52
 -33.00 -28.00  54.82
 -33.00 -27.00  54.93
 -33.00 -26.00  54.84
 -33.00 -25.00  54.58
 -33.00 -24.00  54.12
 -33.00 -23.00  53.48
 -33.00 -22.00  52.71
 -33.00 -21.00  51.88
 -33.00 -20.00  51.18
 -33.00 -19.00  50.84
 -33.00 -18.00  51.16
 -33.00 -17.00  52.42
 -33.00 -16.00  54.84
 -33.00 -15.00  58.49
 -33.00 -14.00  63.28
 -33.00 -13.00  68.88
 -33.00 -12.00  74.80
 -33.00 -11.00  80.41
 -33.00 -10.00  85.03
 -33.00  -9.00  88.05
 -33.00  -8.00  89.02
 -33.00  -7.00  87.74
 -33.00  -6.00  84.27
 -33.00  -5.00  78.96
 -33.00  -4.00  72.35
 -33.00  -3.00  65.11
 -33.00  -2.00  57.92
 -33.00  -1.00  51.38
 -33.00   0.00  45.89
 -33.00   1.00  41.65
 -33.00   2.00  38.65
 -33.00   3.00  36.72
 -33.00   4.00  35.58
 -33.00   5.00  34.96
 -33.00   6.00  34.66
 -33.00   7.00  34.60
 -33.00   8.00  34.88
 -33.00   9.00  35.71
 -33.00  10.00  37.35
 -33.00  11.00  40.08
 -33.00  12.00  44.06
 -33.00  13.00  49.29
 -33.00  14.00  55.54
 -33.00  15.00  62.38
 -33.00  16.00  69.20
 -33.00  17.00  75.28
 -33.00  18.00  79.92
 -33.00  19.00  82.53
 -33.00  20.00  82.74
 -33.00  21.00  80.44
 -33.00  22.00  75.82
 -33.00  23.00  69.33
 -33.00  24.00  61.63
 -33.00  25.00  53.46
 -33.00  26.00  45.58
 -33.00  27.00  38.62
 -32.00 -37.00  58.68
 -32.00 -36.00  55.40
 -32.00 -35.00  53.23
 -32.00 -34.00  52.10
 -32.00 -33.00  51.79
 -32.00 -32.00  52.04
 -32.00 -31.00  52.58
 -32.00 -30.00  53.19
 -32.00 -29.00  53.71
 -32.00 -28.00  54.07
 -32.00 -27.00  54.24
 -32.00 -26.00  54.22
 -32.00 -25.00  54.03
 -32.00 -24.00  53.66
 -32.00 -23.00  53.11
 -32.00 -22.00  52.40
 -32.00 -21.00  51.61
 -32.00 -20.00  50.85
 -32.00 -19.00  50.36
 -32.00 -18.00  50.39
 -32.00 -17.00  51.26
 -32.00 -16.00  53.21
 -32.00 -15.00  56.39
 -32.00 -14.00  60.78
 -32.00 -13.00  66.17
 -32.00 -12.00  72.11
 -32.00 -11.00  78.03
 -32.00 -10.00  83.24
 -32.00  -9.00  87.09
 -32.00  -8.00  89.04
 -32.00  -7.00  88.77
 -32.00  -6.00  86.22
 -32.00  -5.00  81.62
 -32.00  -4.00  75.44
 -32.00  -3.00  68.33
 -32.00  -2.00  60.97
 -32.00  -1.00  54.02
 -32.00   0.00  47.97
 -32.00   1.00  43.14
 -32.00   2.00  39.59
 -32.00   3.00  37.22
 -32.00   4.00  35.78
 -32.00   5.00  34.98
 -32.00   6.00  34.59
 -32.00   7.00  34.47
 -32.00   8.00  34.65
 -32.00   9.00  35.30
 -32.00  10.00  36.66
 -32.00  11.00  39.02
 -32.00  12.00  42.60
 -32.00  13.00  47.47
 -32.00  14.00  53.47
 -32.00  15.00  60.25
 -32.00  16.00  67.24
 -32.00  17.00  73.73
 -32.00  18.00  79.01
 -32.00  19.00  82.41
 -32.00  20.00  83.47
 -32.00  21.00  81.98
 -32.00  22.00  78.04
 -32.00  23.00  72.03
 -32.00  24.00  64.54
 -32.00  25.00  56.34
 -32.00  26.00  48.19
 -32.00  27.00  40.78
 -31.00 -37.00  59.65
 -31.00 -36.00  55.94
 -31.00 -35.00  53.37
 -31.00 -34.00  51.88
 -31.00 -33.00  51.32
 -31.00 -32.00  51.40
 -31.00 -31.00  51.86
 -31.00 -30.00  52.44
 -31.00 -29.00  52.98
 -31.00 -28.00  53.37
 -31.00 -27.00  53.58
 -31.00 -26.00  53.61
 -31.00 -25.00  53.46
 -31.00 -24.00  53.16
 -31.00 -23.00  52.68
 -31.00 -22.00  52.04
 -31.00 -21.00  51.29
 -31.00 -20.00  50.52
 -31.00 -19.00  49.94
 -31.00 -18.00  49.79
 -31.00 -17.00  50.37
 -31.00 -16.00  51.96
 -31.00 -15.00  54.76
 -31.00 -14.00  58.81
 -31.00 -13.00  63.96
 -31.00 -12.00  69.85
 -31.00 -11.00  75.93
 -31.00 -10.00  81.54
 -31.00  -9.00  86.00
 -31.00  -8.00  88.70
 -31.00  -7.00  89.25
 -31.00  -6.00  87.49
 -31.00  -5.00  83.55
 -31.00  -4.00  77.82
 -31.00  -3.00  70.91
 -31.00  -2.00  63.51
 -31.00  -1.00  56.30
 -31.00   0.00  49.86
 -31.00   1.00  44.55
 -31.00   2.00  40.54
 -31.00   3.00  37.77
 -31.00   4.00  36.04
 -31.00   5.00  35.06
 -31.00   6.00  34.57
 -31.00   7.00  34.40
 -31.00   8.00  34.52
 -31.00   9.00  35.06
 -31.00  10.00  36.24
 -31.00  11.00  38.36
 -31.00  12.00  41.65
 -31.00  13.00  46.24
 -31.00  14.00  52.04
 -31.00  15.00  58.74
 -31.00  16.00  65.81
 -31.00  17.00  72.57
 -31.00  18.00  78.29
 -31.00  19.00  82.25
 -31.00  20.00  83.94
 -31.00  21.00  83.07
 -31.00  22.00  79.66
 -31.00  23.00  74.02
 -31.00  24.00  66.73
 -31.00  25.00  58.52
 -31.00  26.00  50.19
 -31.00  27.00  42.46
 -30.00 -37.00  60.61
 -30.00 -36.00  56.64
 -30.00 -35.00  53.82
 -30.00 -34.00  52.13
 -30.00 -33.00  51.42
 -30.00 -32.00  51.43
 -30.00 -31.00  51.87
 -30.00 -30.00  52.49
 -30.00 -29.00  53.08
 -30.00 -28.00  53.53
 -30.00 -27.00  53.79
 -30.00 -26.00  53.86
 -30.00 -25.00  53.74
 -30.00 -24.00  53.46
 -30.00 -23.00  52.99
 -30.00 -22.00  52.35
 -30.00 -21.00  51.58
 -30.00 -20.00  50.76
 -30.00 -19.00  50.08
 -30.00 -18.00  49.77
 -30.00 -17.00  50.14
 -30.00 -16.00  51.47
 -30.00 -15.00  54.00
 -30.00 -14.00  57.79
 -30.00 -13.00  62.74
 -30.00 -12.00  68.52
 -30.00 -11.00  74.62
 -30.00 -10.00  80.38
 -30.00  -9.00  85.13
 -30.00  -8.00  88.23
 -30.00  -7.00  89.23
 -30.00  -6.00  87.93
 -30.00  -5.00  84.41
 -30.00  -4.00  79.02
 -30.00  -3.00  72.32
 -30.00  -2.00  65.00
 -30.00  -1.00  57.75
 -30.00   0.00  51.16
 -30.00   1.00  45.66
 -30.00   2.00  41.42
 -30.00   3.00  38.44
 -30.00   4.00  36.52
 -30.00   5.00  35.40
 -30.00   6.00  34.81
 -30.00   7.00  34.57
 -30.00   8.00  34.62
 -30.00   9.00  35.07
 -30.00  10.00  36.14
 -30.00  11.00  38.12
 -30.00  12.00  41.26
 -30.00  13.00  45.69
 -30.00  14.00  51.37
 -30.00  15.00  58.01
 -30.00  16.00  65.11
 -30.00  17.00  72.00
 -30.00  18.00  77.94
 -30.00  19.00  82.22
 -30.00  20.00  84.27
 -30.00  21.00  83.77
 -30.00  22.00  80.70
 -30.00  23.00  75.34
 -30.00  24.00  68.24
 -30.00  25.00  60.10
 -30.00  26.00  51.73
 -30.00  27.00  43.86
