 -83.00 -37.00  45.04
 -83.00 -36.00  45.52
 -83.00 -35.00  46.03
 -83.00 -34.00  46.60
 -83.00 -33.00  47.23
 -83.00 -32.00  47.92
 -83.00 -31.00  48.68
 -83.00 -30.00  49.48
 -83.00 -29.00  50.29
 -83.00 -28.00  51.11
 -83.00 -27.00  51.92
 -83.00 -26.00  52.71
 -83.00 -25.00  53.49
 -83.00 -24.00  54.29
 -83.00 -23.00  55.10
 -83.00 -22.00  55.93
 -83.00 -21.00  56.76
 -83.00 -20.00  57.57
 -83.00 -19.00  58.31
 -83.00 -18.00  58.94
 -83.00 -17.00  59.41
 -83.00 -16.00  59.71
 -83.00 -15.00  59.85
 -83.00 -14.00  59.84
 -83.00 -13.00  59.74
 -83.00 -12.00  59.61
 -83.00 -11.00  59.48
 -83.00 -10.00  59.39
 -83.00  -9.00  59.32
 -83.00  -8.00  59.26
 -83.00  -7.00  59.13
 -83.00  -6.00  58.87
 -83.00  -5.00  58.43
 -83.00  -4.00  57.76
 -83.00  -3.00  56.88
 -83.00  -2.00  55.83
 -83.00  -1.00  54.68
 -83.00   0.00  53.51
 -83.00   1.00  52.42
 -83.00   2.00  51.46
 -83.00   3.00  50.65
 -83.00   4.00  49.98
 -83.00   5.00  49.39
 -83.00   6.00  48.80
 -83.00   7.00  48.16
 -83.00   8.00  47.41
 -83.00   9.00  46.55
 -83.00  10.00  45.63
 -83.00  11.00  44.74
 -83.00  12.00  43.97
 -83.00  13.00  43.42
 -83.00  14.00  43.17
 -83.00  15.00  43.23
 -83.00  16.00  43.56
 -83.00  17.00  44.07
 -83.00  18.00  44.62
 -83.00  19.00  45.08
 -83.00  20.00  45.33
 -83.00  21.00  45.32
 -83.00  22.00  45.04
 -83.00  23.00  44.55
 -83.00  24.00  43.95
 -83.00  25.00  43.39
 -83.00  26.00  43.00
 -83.00  27.00  42.87
 -82.00 -37.00  45.53
 -82.00 -36.00  46.04
 -82.00 -35.00  46.58
 -82.00 -34.00  47.17
 -82.00 -33.00  47.83
 -82.00 -32.00  48.55
 -82.00 -31.00  49.32
 -82.00 -30.00  50.14
 -82.00 -29.00  50.98
 -82.00 -28.00  51.81
 -82.00 -27.00  52.63
 -82.00 -26.00  53.43
 -82.00 -25.00  54.23
 -82.00 -24.00  55.02
 -82.00 -23.00  55.84
 -82.00 -22.00  56.66
 -82.00 -21.00  57.49
 -82.00 -20.00  58.29
 -82.00 -19.00  59.02
 -82.00 -18.00  59.63
 -82.00 -17.00  60.09
 -82.00 -16.00  60.38
 -82.00 -15.00  60.51
 -82.00 -14.00  60.51
 -82.00 -13.00  60.43
 -82.00 -12.00  60.32
 -82.00 -11.00  60.23
 -82.00 -10.00  60.17
 -82.00  -9.00  60.14
 -82.00  -8.00  60.10
 -82.00  -7.00  59.99
 -82.00  -6.00  59.73
 -82.00  -5.00  59.28
 -82.00  -4.00  58.60
 -82.00  -3.00  57.70
 -82.00  -2.00  56.63
 -82.00  -1.00  55.45
 -82.00   0.00  54.27
 -82.00   1.00  53.17
 -82.00   2.00  52.20
 -82.00   3.00  51.38
 -82.00   4.00  50.69
 -82.00   5.00  50.08
 -82.00   6.00  49.47
 -82.00   7.00  48.79
 -82.00   8.00  48.01
 -82.00   9.00  47.13
 -82.00  10.00  46.19
 -82.00  11.00  45.28
 -82.00  12.00  44.52
 -82.00  13.00  43.99
 -82.00  14.00  43.75
 -82.00  15.00  43.83
 -82.00  16.00  44.17
 -82.00  17.00  44.68
 -82.00  18.00  45.22
 -82.00  19.00  45.66
 -82.00  20.00  45.89
 -82.00  21.00  45.85
 -82.00  22.00  45.55
 -82.00  23.00  45.05
 -82.00  24.00  44.47
 -82.00  25.00  43.94
 -82.00  26.00  43.59
 -82.00  27.00  43.52
 -81.00 -37.00  46.02
 -81.00 -36.00  46.56
 -81.00 -35.00  47.12
 -81.00 -34.00  47.74
 -81.00 -33.00  48.41
 -81.00 -32.00  49.15
 -81.00 -31.00  49.95
 -81.00 -30.00  50.79
 -81.00 -29.00  51.64
 -81.00 -28.00  52.49
 -81.00 -27.00  53.33
 -81.00 -26.00  54.14
 -81.00 -25.00  54.94
 -81.00 -24.00  55.74
 -81.00 -23.00  56.55
 -81.00 -22.00  57.38
 -81.00 -21.00  58.20
 -81.00 -20.00  58.99
 -81.00 -19.00  59.70
 -81.00 -18.00  60.30
 -81.00 -17.00  60.76
 -81.00 -16.00  61.05
 -81.00 -15.00  61.18
 -81.00 -14.00  61.19
 -81.00 -13.00  61.13
 -81.00 -12.00  61.05
 -81.00 -11.00  60.99
 -81.00 -10.00  60.96
 -81.00  -9.00  60.96
 -81.00  -8.00  60.95
 -81.00  -7.00  60.86
 -81.00  -6.00  60.62
 -81.00  -5.00  60.17
 -81.00  -4.00  59.48
 -81.00  -3.00  58.56
 -81.00  -2.00  57.47
 -81.00  -1.00  56.28
 -81.00   0.00  55.08
 -81.00   1.00  53.96
 -81.00   2.00  52.98
 -81.00   3.00  52.15
 -81.00   4.00  51.44
 -81.00   5.00  50.81
 -81.00   6.00  50.17
 -81.00   7.00  49.46
 -81.00   8.00  48.65
 -81.00   9.00  47.74
 -81.00  10.00  46.78
 -81.00  11.00  45.87
 -81.00  12.00  45.10
 -81.00  13.00  44.57
 -81.00  14.00  44.35
 -81.00  15.00  44.43
 -81.00  16.00  44.78
 -81.00  17.00  45.29
 -81.00  18.00  45.82
 -81.00  19.00  46.24
 -81.00  20.00  46.45
 -81.00  21.00  46.39
 -81.00  22.00  46.08
 -81.00  23.00  45.58
 -81.00  24.00  45.01
 -81.00  25.00  44.51
 -81.00  26.00  44.21
 -81.00  27.00  44.19
 -80.00 -37.00  46.51
 -80.00 -36.00  47.07
 -80.00 -35.00  47.65
 -80.00 -34.00  48.29
 -80.00 -33.00  48.99
 -80.00 -32.00  49.75
 -80.00 -31.00  50.56
 -80.00 -30.00  51.42
 -80.00 -29.00  52.29
 -80.00 -28.00  53.16
 -80.00 -27.00  54.00
 -80.00 -26.00  54.82
 -80.00 -25.00  55.63
 -80.00 -24.00  56.43
 -80.00 -23.00  57.25
 -80.00 -22.00  58.06
 -80.00 -21.00  58.88
 -80.00 -20.00  59.66
 -80.00 -19.00  60.37
 -80.00 -18.00  60.97
 -80.00 -17.00  61.42
 -80.00 -16.00  61.71
 -80.00 -15.00  61.85
 -80.00 -14.00  61.88
 -80.00 -13.00  61.84
 -80.00 -12.00  61.78
 -80.00 -11.00  61.75
 -80.00 -10.00  61.76
 -80.00  -9.00  61.80
 -80.00  -8.00  61.82
 -80.00  -7.00  61.75
 -80.00  -6.00  61.52
 -80.00  -5.00  61.08
 -80.00  -4.00  60.39
 -80.00  -3.00  59.47
 -80.00  -2.00  58.37
 -80.00  -1.00  57.16
 -80.00   0.00  55.94
 -80.00   1.00  54.81
 -80.00   2.00  53.80
 -80.00   3.00  52.95
 -80.00   4.00  52.22
 -80.00   5.00  51.56
 -80.00   6.00  50.90
 -80.00   7.00  50.16
 -80.00   8.00  49.33
 -80.00   9.00  48.39
 -80.00  10.00  47.42
 -80.00  11.00  46.49
 -80.00  12.00  45.71
 -80.00  13.00  45.18
 -80.00  14.00  44.95
 -80.00  15.00  45.04
 -80.00  16.00  45.38
 -80.00  17.00  45.88
 -80.00  18.00  46.40
 -80.00  19.00  46.81
 -80.00  20.00  47.01
 -80.00  21.00  46.94
 -80.00  22.00  46.62
 -80.00  23.00  46.13
 -80.00  24.00  45.58
 -80.00  25.00  45.12
 -80.00  26.00  44.85
 -80.00  27.00  44.87
 -79.00 -37.00  46.98
 -79.00 -36.00  47.56
 -79.00 -35.00  48.17
 -79.00 -34.00  48.83
 -79.00 -33.00  49.54
 -79.00 -32.00  50.32
 -79.00 -31.00  51.16
 -79.00 -30.00  52.03
 -79.00 -29.00  52.92
 -79.00 -28.00  53.80
 -79.00 -27.00  54.66
 -79.00 -26.00  55.49
 -79.00 -25.00  56.30
 -79.00 -24.00  57.11
 -79.00 -23.00  57.92
 -79.00 -22.00  58.73
 -79.00 -21.00  59.54
 -79.00 -20.00  60.32
 -79.00 -19.00  61.02
 -79.00 -18.00  61.62
 -79.00 -17.00  62.07
 -79.00 -16.00  62.37
 -79.00 -15.00  62.52
 -79.00 -14.00  62.57
 -79.00 -13.00  62.55
 -79.00 -12.00  62.52
 -79.00 -11.00  62.52
 -79.00 -10.00  62.57
 -79.00  -9.00  62.64
 -79.00  -8.00  62.69
 -79.00  -7.00  62.65
 -79.00  -6.00  62.44
 -79.00  -5.00  62.02
 -79.00  -4.00  61.34
 -79.00  -3.00  60.41
 -79.00  -2.00  59.30
 -79.00  -1.00  58.08
 -79.00   0.00  56.85
 -79.00   1.00  55.69
 -79.00   2.00  54.66
 -79.00   3.00  53.78
 -79.00   4.00  53.03
 -79.00   5.00  52.35
 -79.00   6.00  51.66
 -79.00   7.00  50.90
 -79.00   8.00  50.04
 -79.00   9.00  49.08
 -79.00  10.00  48.09
 -79.00  11.00  47.14
 -79.00  12.00  46.35
 -79.00  13.00  45.81
 -79.00  14.00  45.57
 -79.00  15.00  45.65
 -79.00  16.00  45.99
 -79.00  17.00  46.48
 -79.00  18.00  46.99
 -79.00  19.00  47.39
 -79.00  20.00  47.58
 -79.00  21.00  47.50
 -79.00  22.00  47.19
 -79.00  23.00  46.71
 -79.00  24.00  46.18
 -79.00  25.00  45.74
 -79.00  26.00  45.52
 -79.00  27.00  45.58
 -78.00 -37.00  47.44
 -78.00 -36.00  48.05
 -78.00 -35.00  48.68
 -78.00 -34.00  49.35
 -78.00 -33.00  50.09
 -78.00 -32.00  50.89
 -78.00 -31.00  51.74
 -78.00 -30.00  52.63
 -78.00 -29.00  53.54
 -78.00 -28.00  54.43
 -78.00 -27.00  55.30
 -78.00 -26.00  56.15
 -78.00 -25.00  56.96
 -78.00 -24.00  57.77
 -78.00 -23.00  58.58
 -78.00 -22.00  59.39
 -78.00 -21.00  60.19
 -78.00 -20.00  60.96
 -78.00 -19.00  61.67
 -78.00 -18.00  62.26
 -78.00 -17.00  62.72
 -78.00 -16.00  63.02
 -78.00 -15.00  63.19
 -78.00 -14.00  63.25
 -78.00 -13.00  63.26
 -78.00 -12.00  63.26
 -78.00 -11.00  63.30
 -78.00 -10.00  63.38
 -78.00  -9.00  63.49
 -78.00  -8.00  63.57
 -78.00  -7.00  63.56
 -78.00  -6.00  63.38
 -78.00  -5.00  62.98
 -78.00  -4.00  62.31
 -78.00  -3.00  61.39
 -78.00  -2.00  60.28
 -78.00  -1.00  59.04
 -78.00   0.00  57.79
 -78.00   1.00  56.61
 -78.00   2.00  55.56
 -78.00   3.00  54.65
 -78.00   4.00  53.87
 -78.00   5.00  53.16
 -78.00   6.00  52.45
 -78.00   7.00  51.67
 -78.00   8.00  50.78
 -78.00   9.00  49.81
 -78.00  10.00  48.79
 -78.00  11.00  47.83
 -78.00  12.00  47.02
 -78.00  13.00  46.46
 -78.00  14.00  46.22
 -78.00  15.00  46.28
 -78.00  16.00  46.60
 -78.00  17.00  47.08
 -78.00  18.00  47.58
 -78.00  19.00  47.97
 -78.00  20.00  48.16
 -78.00  21.00  48.08
 -78.00  22.00  47.78
 -78.00  23.00  47.31
 -78.00  24.00  46.81
 -78.00  25.00  46.40
 -78.00  26.00  46.21
 -78.00  27.00  46.32
 -77.00 -37.00  47.89
 -77.00 -36.00  48.52
 -77.00 -35.00  49.18
 -77.00 -34.00  49.87
 -77.00 -33.00  50.62
 -77.00 -32.00  51.43
 -77.00 -31.00  52.30
 -77.00 -30.00  53.21
 -77.00 -29.00  54.14
 -77.00 -28.00  55.05
 -77.00 -27.00  55.93
 -77.00 -26.00  56.78
 -77.00 -25.00  57.61
 -77.00 -24.00  58.41
 -77.00 -23.00  59.22
 -77.00 -22.00  60.03
 -77.00 -21.00  60.83
 -77.00 -20.00  61.60
 -77.00 -19.00  62.30
 -77.00 -18.00  62.89
 -77.00 -17.00  63.36
 -77.00 -16.00  63.68
 -77.00 -15.00  63.86
 -77.00 -14.00  63.94
 -77.00 -13.00  63.98
 -77.00 -12.00  64.01
 -77.00 -11.00  64.07
 -77.00 -10.00  64.19
 -77.00  -9.00  64.34
 -77.00  -8.00  64.46
 -77.00  -7.00  64.49
 -77.00  -6.00  64.34
 -77.00  -5.00  63.96
 -77.00  -4.00  63.31
 -77.00  -3.00  62.40
 -77.00  -2.00  61.28
 -77.00  -1.00  60.04
 -77.00   0.00  58.77
 -77.00   1.00  57.57
 -77.00   2.00  56.49
 -77.00   3.00  55.55
 -77.00   4.00  54.75
 -77.00   5.00  54.01
 -77.00   6.00  53.27
 -77.00   7.00  52.47
 -77.00   8.00  51.56
 -77.00   9.00  50.57
 -77.00  10.00  49.53
 -77.00  11.00  48.55
 -77.00  12.00  47.72
 -77.00  13.00  47.15
 -77.00  14.00  46.88
 -77.00  15.00  46.92
 -77.00  16.00  47.23
 -77.00  17.00  47.69
 -77.00  18.00  48.18
 -77.00  19.00  48.57
 -77.00  20.00  48.75
 -77.00  21.00  48.68
 -77.00  22.00  48.39
 -77.00  23.00  47.94
 -77.00  24.00  47.46
 -77.00  25.00  47.09
 -77.00  26.00  46.93
 -77.00  27.00  47.08
 -76.00 -37.00  48.52
 -76.00 -36.00  49.16
 -76.00 -35.00  49.82
 -76.00 -34.00  50.52
 -76.00 -33.00  51.27
 -76.00 -32.00  52.08
 -76.00 -31.00  52.94
 -76.00 -30.00  53.84
 -76.00 -29.00  54.76
 -76.00 -28.00  55.67
 -76.00 -27.00  56.55
 -76.00 -26.00  57.41
 -76.00 -25.00  58.23
 -76.00 -24.00  59.04
 -76.00 -23.00  59.84
 -76.00 -22.00  60.63
 -76.00 -21.00  61.41
 -76.00 -20.00  62.14
 -76.00 -19.00  62.80
 -76.00 -18.00  63.36
 -76.00 -17.00  63.78
 -76.00 -16.00  64.08
 -76.00 -15.00  64.26
 -76.00 -14.00  64.37
 -76.00 -13.00  64.44
 -76.00 -12.00  64.54
 -76.00 -11.00  64.68
 -76.00 -10.00  64.88
 -76.00  -9.00  65.10
 -76.00  -8.00  65.29
 -76.00  -7.00  65.36
 -76.00  -6.00  65.24
 -76.00  -5.00  64.86
 -76.00  -4.00  64.19
 -76.00  -3.00  63.25
 -76.00  -2.00  62.09
 -76.00  -1.00  60.80
 -76.00   0.00  59.49
 -76.00   1.00  58.24
 -76.00   2.00  57.14
 -76.00   3.00  56.18
 -76.00   4.00  55.36
 -76.00   5.00  54.61
 -76.00   6.00  53.85
 -76.00   7.00  53.03
 -76.00   8.00  52.10
 -76.00   9.00  51.07
 -76.00  10.00  50.00
 -76.00  11.00  48.99
 -76.00  12.00  48.13
 -76.00  13.00  47.53
 -76.00  14.00  47.26
 -76.00  15.00  47.30
 -76.00  16.00  47.62
 -76.00  17.00  48.09
 -76.00  18.00  48.60
 -76.00  19.00  49.00
 -76.00  20.00  49.19
 -76.00  21.00  49.13
 -76.00  22.00  48.84
 -76.00  23.00  48.38
 -76.00  24.00  47.90
 -76.00  25.00  47.53
 -76.00  26.00  47.38
 -76.00  27.00  47.55
 -75.00 -37.00  49.14
 -75.00 -36.00  49.80
 -75.00 -35.00  50.47
 -75.00 -34.00  51.17
 -75.00 -33.00  51.91
 -75.00 -32.00  52.72
 -75.00 -31.00  53.57
 -75.00 -30.00  54.46
 -75.00 -29.00  55.37
 -75.00 -28.00  56.27
 -75.00 -27.00  57.15
 -75.00 -26.00  58.01
 -75.00 -25.00  58.84
 -75.00 -24.00  59.65
 -75.00 -23.00  60.44
 -75.00 -22.00  61.22
 -75.00 -21.00  61.97
 -75.00 -20.00  62.66
 -75.00 -19.00  63.28
 -75.00 -18.00  63.79
 -75.00 -17.00  64.18
 -75.00 -16.00  64.46
 -75.00 -15.00  64.64
 -75.00 -14.00  64.76
 -75.00 -13.00  64.88
 -75.00 -12.00  65.04
 -75.00 -11.00  65.26
 -75.00 -10.00  65.54
 -75.00  -9.00  65.85
 -75.00  -8.00  66.11
 -75.00  -7.00  66.24
 -75.00  -6.00  66.15
 -75.00  -5.00  65.78
 -75.00  -4.00  65.09
 -75.00  -3.00  64.12
 -75.00  -2.00  62.91
 -75.00  -1.00  61.57
 -75.00   0.00  60.21
 -75.00   1.00  58.93
 -75.00   2.00  57.79
 -75.00   3.00  56.81
 -75.00   4.00  55.97
 -75.00   5.00  55.20
 -75.00   6.00  54.44
 -75.00   7.00  53.59
 -75.00   8.00  52.64
 -75.00   9.00  51.58
 -75.00  10.00  50.48
 -75.00  11.00  49.42
 -75.00  12.00  48.54
 -75.00  13.00  47.91
 -75.00  14.00  47.62
 -75.00  15.00  47.67
 -75.00  16.00  47.99
 -75.00  17.00  48.48
 -75.00  18.00  49.01
 -75.00  19.00  49.43
 -75.00  20.00  49.64
 -75.00  21.00  49.59
 -75.00  22.00  49.29
 -75.00  23.00  48.83
 -75.00  24.00  48.34
 -75.00  25.00  47.96
 -75.00  26.00  47.82
 -75.00  27.00  48.00
 -74.00 -37.00  49.76
 -74.00 -36.00  50.43
 -74.00 -35.00  51.10
 -74.00 -34.00  51.80
 -74.00 -33.00  52.55
 -74.00 -32.00  53.34
 -74.00 -31.00  54.18
 -74.00 -30.00  55.06
 -74.00 -29.00  55.96
 -74.00 -28.00  56.86
 -74.00 -27.00  57.74
 -74.00 -26.00  58.60
 -74.00 -25.00  59.43
 -74.00 -24.00  60.24
 -74.00 -23.00  61.02
 -74.00 -22.00  61.78
 -74.00 -21.00  62.50
 -74.00 -20.00  63.16
 -74.00 -19.00  63.74
 -74.00 -18.00  64.20
 -74.00 -17.00  64.56
 -74.00 -16.00  64.81
 -74.00 -15.00  64.98
 -74.00 -14.00  65.12
 -74.00 -13.00  65.28
 -74.00 -12.00  65.50
 -74.00 -11.00  65.80
 -74.00 -10.00  66.18
 -74.00  -9.00  66.57
 -74.00  -8.00  66.92
 -74.00  -7.00  67.11
 -74.00  -6.00  67.06
 -74.00  -5.00  66.71
 -74.00  -4.00  66.01
 -74.00  -3.00  65.01
 -74.00  -2.00  63.76
 -74.00  -1.00  62.37
 -74.00   0.00  60.95
 -74.00   1.00  59.62
 -74.00   2.00  58.44
 -74.00   3.00  57.43
 -74.00   4.00  56.58
 -74.00   5.00  55.80
 -74.00   6.00  55.02
 -74.00   7.00  54.16
 -74.00   8.00  53.19
 -74.00   9.00  52.10
 -74.00  10.00  50.96
 -74.00  11.00  49.87
 -74.00  12.00  48.94
 -74.00  13.00  48.29
 -74.00  14.00  47.98
 -74.00  15.00  48.01
 -74.00  16.00  48.34
 -74.00  17.00  48.86
 -74.00  18.00  49.41
 -74.00  19.00  49.86
 -74.00  20.00  50.09
 -74.00  21.00  50.05
 -74.00  22.00  49.75
 -74.00  23.00  49.29
 -74.00  24.00  48.79
 -74.00  25.00  48.40
 -74.00  26.00  48.25
 -74.00  27.00  48.44
 -73.00 -37.00  50.38
 -73.00 -36.00  51.05
 -73.00 -35.00  51.73
 -73.00 -34.00  52.43
 -73.00 -33.00  53.16
 -73.00 -32.00  53.95
 -73.00 -31.00  54.78
 -73.00 -30.00  55.64
 -73.00 -29.00  56.53
 -73.00 -28.00  57.42
 -73.00 -27.00  58.30
 -73.00 -26.00  59.16
 -73.00 -25.00  59.99
 -73.00 -24.00  60.80
 -73.00 -23.00  61.58
 -73.00 -22.00  62.32
 -73.00 -21.00  63.02
 -73.00 -20.00  63.64
 -73.00 -19.00  64.17
 -73.00 -18.00  64.59
 -73.00 -17.00  64.91
 -73.00 -16.00  65.13
 -73.00 -15.00  65.29
 -73.00 -14.00  65.45
 -73.00 -13.00  65.64
 -73.00 -12.00  65.92
 -73.00 -11.00  66.30
 -73.00 -10.00  66.77
 -73.00  -9.00  67.26
 -73.00  -8.00  67.69
 -73.00  -7.00  67.97
 -73.00  -6.00  67.98
 -73.00  -5.00  67.65
 -73.00  -4.00  66.96
 -73.00  -3.00  65.94
 -73.00  -2.00  64.64
 -73.00  -1.00  63.20
 -73.00   0.00  61.73
 -73.00   1.00  60.34
 -73.00   2.00  59.11
 -73.00   3.00  58.07
 -73.00   4.00  57.19
 -73.00   5.00  56.40
 -73.00   6.00  55.61
 -73.00   7.00  54.74
 -73.00   8.00  53.76
 -73.00   9.00  52.64
 -73.00  10.00  51.47
 -73.00  11.00  50.33
 -73.00  12.00  49.36
 -73.00  13.00  48.66
 -73.00  14.00  48.32
 -73.00  15.00  48.34
 -73.00  16.00  48.67
 -73.00  17.00  49.20
 -73.00  18.00  49.78
 -73.00  19.00  50.27
 -73.00  20.00  50.53
 -73.00  21.00  50.51
 -73.00  22.00  50.22
 -73.00  23.00  49.75
 -73.00  24.00  49.24
 -73.00  25.00  48.83
 -73.00  26.00  48.67
 -73.00  27.00  48.85
 -72.00 -37.00  50.98
 -72.00 -36.00  51.66
 -72.00 -35.00  52.34
 -72.00 -34.00  53.04
 -72.00 -33.00  53.77
 -72.00 -32.00  54.54
 -72.00 -31.00  55.35
 -72.00 -30.00  56.20
 -72.00 -29.00  57.08
 -72.00 -28.00  57.96
 -72.00 -27.00  58.84
 -72.00 -26.00  59.70
 -72.00 -25.00  60.54
 -72.00 -24.00  61.34
 -72.00 -23.00  62.11
 -72.00 -22.00  62.84
 -72.00 -21.00  63.51
 -72.00 -20.00  64.09
 -72.00 -19.00  64.58
 -72.00 -18.00  64.96
 -72.00 -17.00  65.24
 -72.00 -16.00  65.43
 -72.00 -15.00  65.58
 -72.00 -14.00  65.74
 -72.00 -13.00  65.96
 -72.00 -12.00  66.30
 -72.00 -11.00  66.75
 -72.00 -10.00  67.31
 -72.00  -9.00  67.90
 -72.00  -8.00  68.44
 -72.00  -7.00  68.80
 -72.00  -6.00  68.89
 -72.00  -5.00  68.61
 -72.00  -4.00  67.95
 -72.00  -3.00  66.91
 -72.00  -2.00  65.58
 -72.00  -1.00  64.08
 -72.00   0.00  62.54
 -72.00   1.00  61.09
 -72.00   2.00  59.80
 -72.00   3.00  58.71
 -72.00   4.00  57.80
 -72.00   5.00  57.00
 -72.00   6.00  56.21
 -72.00   7.00  55.34
 -72.00   8.00  54.34
 -72.00   9.00  53.21
 -72.00  10.00  52.01
 -72.00  11.00  50.82
 -72.00  12.00  49.80
 -72.00  13.00  49.04
 -72.00  14.00  48.65
 -72.00  15.00  48.64
 -72.00  16.00  48.97
 -72.00  17.00  49.52
 -72.00  18.00  50.13
 -72.00  19.00  50.66
 -72.00  20.00  50.96
 -72.00  21.00  50.97
 -72.00  22.00  50.70
 -72.00  23.00  50.23
 -72.00  24.00  49.69
 -72.00  25.00  49.25
 -72.00  26.00  49.07
 -72.00  27.00  49.23
 -71.00 -37.00  51.57
 -71.00 -36.00  52.25
 -71.00 -35.00  52.94
 -71.00 -34.00  53.63
 -71.00 -33.00  54.35
 -71.00 -32.00  55.11
 -71.00 -31.00  55.91
 -71.00 -30.00  56.74
 -71.00 -29.00  57.61
 -71.00 -28.00  58.48
 -71.00 -27.00  59.35
 -71.00 -26.00  60.21
 -71.00 -25.00  61.05
 -71.00 -24.00  61.86
 -71.00 -23.00  62.62
 -71.00 -22.00  63.33
 -71.00 -21.00  63.98
 -71.00 -20.00  64.53
 -71.00 -19.00  64.98
 -71.00 -18.00  65.32
 -71.00 -17.00  65.56
 -71.00 -16.00  65.72
 -71.00 -15.00  65.84
 -71.00 -14.00  66.00
 -71.00 -13.00  66.24
 -71.00 -12.00  66.62
 -71.00 -11.00  67.14
 -71.00 -10.00  67.78
 -71.00  -9.00  68.48
 -71.00  -8.00  69.12
 -71.00  -7.00  69.60
 -71.00  -6.00  69.78
 -71.00  -5.00  69.59
 -71.00  -4.00  68.97
 -71.00  -3.00  67.94
 -71.00  -2.00  66.59
 -71.00  -1.00  65.04
 -71.00   0.00  63.43
 -71.00   1.00  61.89
 -71.00   2.00  60.53
 -71.00   3.00  59.38
 -71.00   4.00  58.43
 -71.00   5.00  57.61
 -71.00   6.00  56.81
 -71.00   7.00  55.95
 -71.00   8.00  54.96
 -71.00   9.00  53.82
 -71.00  10.00  52.58
 -71.00  11.00  51.35
 -71.00  12.00  50.26
 -71.00  13.00  49.44
 -71.00  14.00  48.98
 -71.00  15.00  48.93
 -71.00  16.00  49.23
 -71.00  17.00  49.79
 -71.00  18.00  50.44
 -71.00  19.00  51.02
 -71.00  20.00  51.37
 -71.00  21.00  51.43
 -71.00  22.00  51.19
 -71.00  23.00  50.72
 -71.00  24.00  50.16
 -71.00  25.00  49.68
 -71.00  26.00  49.45
 -71.00  27.00  49.58
 -70.00 -37.00  52.16
 -70.00 -36.00  52.84
 -70.00 -35.00  53.52
 -70.00 -34.00  54.21
 -70.00 -33.00  54.93
 -70.00 -32.00  55.67
 -70.00 -31.00  56.45
 -70.00 -30.00  57.27
 -70.00 -29.00  58.12
 -70.00 -28.00  58.98
 -70.00 -27.00  59.85
 -70.00 -26.00  60.71
 -70.00 -25.00  61.54
 -70.00 -24.00  62.35
 -70.00 -23.00  63.11
 -70.00 -22.00  63.81
 -70.00 -21.00  64.43
 -70.00 -20.00  64.96
 -70.00 -19.00  65.38
 -70.00 -18.00  65.68
 -70.00 -17.00  65.87
 -70.00 -16.00  65.99
 -70.00 -15.00  66.09
 -70.00 -14.00  66.23
 -70.00 -13.00  66.47
 -70.00 -12.00  66.88
 -70.00 -11.00  67.45
 -70.00 -10.00  68.17
 -70.00  -9.00  68.97
 -70.00  -8.00  69.74
 -70.00  -7.00  70.35
 -70.00  -6.00  70.66
 -70.00  -5.00  70.56
 -70.00  -4.00  70.02
 -70.00  -3.00  69.03
 -70.00  -2.00  67.67
 -70.00  -1.00  66.07
 -70.00   0.00  64.39
 -70.00   1.00  62.76
 -70.00   2.00  61.31
 -70.00   3.00  60.08
 -70.00   4.00  59.08
 -70.00   5.00  58.23
 -70.00   6.00  57.43
 -70.00   7.00  56.58
 -70.00   8.00  55.60
 -70.00   9.00  54.46
 -70.00  10.00  53.19
 -70.00  11.00  51.92
 -70.00  12.00  50.75
 -70.00  13.00  49.85
 -70.00  14.00  49.31
 -70.00  15.00  49.20
 -70.00  16.00  49.47
 -70.00  17.00  50.02
 -70.00  18.00  50.70
 -70.00  19.00  51.34
 -70.00  20.00  51.76
 -70.00  21.00  51.88
 -70.00  22.00  51.68
 -70.00  23.00  51.22
 -70.00  24.00  50.64
 -70.00  25.00  50.11
 -70.00  26.00  49.83
 -70.00  27.00  49.90
 -69.00 -37.00  52.73
 -69.00 -36.00  53.41
 -69.00 -35.00  54.10
 -69.00 -34.00  54.78
 -69.00 -33.00  55.49
 -69.00 -32.00  56.21
 -69.00 -31.00  56.98
 -69.00 -30.00  57.78
 -69.00 -29.00  58.61
 -69.00 -28.00  59.46
 -69.00 -27.00  60.32
 -69.00 -26.00  61.18
 -69.00 -25.00  62.01
 -69.00 -24.00  62.82
 -69.00 -23.00  63.57
 -69.00 -22.00  64.26
 -69.00 -21.00  64.87
 -69.00 -20.00  65.38
 -69.00 -19.00  65.77
 -69.00 -18.00  66.03
 -69.00 -17.00  66.19
 -69.00 -16.00  66.27
 -69.00 -15.00  66.33
 -69.00 -14.00  66.44
 -69.00 -13.00  66.67
 -69.00 -12.00  67.08
 -69.00 -11.00  67.69
 -69.00 -10.00  68.48
 -69.00  -9.00  69.38
 -69.00  -8.00  70.28
 -69.00  -7.00  71.03
 -69.00  -6.00  71.48
 -69.00  -5.00  71.53
 -69.00  -4.00  71.09
 -69.00  -3.00  70.17
 -69.00  -2.00  68.83
 -69.00  -1.00  67.20
 -69.00   0.00  65.44
 -69.00   1.00  63.71
 -69.00   2.00  62.15
 -69.00   3.00  60.83
 -69.00   4.00  59.76
 -69.00   5.00  58.87
 -69.00   6.00  58.06
 -69.00   7.00  57.22
 -69.00   8.00  56.26
 -69.00   9.00  55.13
 -69.00  10.00  53.85
 -69.00  11.00  52.53
 -69.00  12.00  51.29
 -69.00  13.00  50.30
 -69.00  14.00  49.66
 -69.00  15.00  49.46
 -69.00  16.00  49.67
 -69.00  17.00  50.21
 -69.00  18.00  50.92
 -69.00  19.00  51.61
 -69.00  20.00  52.11
 -69.00  21.00  52.31
 -69.00  22.00  52.16
 -69.00  23.00  51.73
 -69.00  24.00  51.13
 -69.00  25.00  50.56
 -69.00  26.00  50.20
 -69.00  27.00  50.20
 -68.00 -37.00  53.29
 -68.00 -36.00  53.98
 -68.00 -35.00  54.66
 -68.00 -34.00  55.34
 -68.00 -33.00  56.04
 -68.00 -32.00  56.75
 -68.00 -31.00  57.49
 -68.00 -30.00  58.28
 -68.00 -29.00  59.09
 -68.00 -28.00  59.93
 -68.00 -27.00  60.79
 -68.00 -26.00  61.64
 -68.00 -25.00  62.47
 -68.00 -24.00  63.27
 -68.00 -23.00  64.02
 -68.00 -22.00  64.71
 -68.00 -21.00  65.31
 -68.00 -20.00  65.79
 -68.00 -19.00  66.16
 -68.00 -18.00  66.39
 -68.00 -17.00  66.51
 -68.00 -16.00  66.55
 -68.00 -15.00  66.57
 -68.00 -14.00  66.64
 -68.00 -13.00  66.84
 -68.00 -12.00  67.23
 -68.00 -11.00  67.86
 -68.00 -10.00  68.70
 -68.00  -9.00  69.69
 -68.00  -8.00  70.71
 -68.00  -7.00  71.62
 -68.00  -6.00  72.25
 -68.00  -5.00  72.46
 -68.00  -4.00  72.17
 -68.00  -3.00  71.35
 -68.00  -2.00  70.06
 -68.00  -1.00  68.41
 -68.00   0.00  66.59
 -68.00   1.00  64.76
 -68.00   2.00  63.08
 -68.00   3.00  61.64
 -68.00   4.00  60.47
 -68.00   5.00  59.52
 -68.00   6.00  58.70
 -68.00   7.00  57.87
 -68.00   8.00  56.94
 -68.00   9.00  55.83
 -68.00  10.00  54.55
 -68.00  11.00  53.20
 -68.00  12.00  51.89
 -68.00  13.00  50.78
 -68.00  14.00  50.03
 -68.00  15.00  49.72
 -68.00  16.00  49.85
 -68.00  17.00  50.36
 -68.00  18.00  51.08
 -68.00  19.00  51.83
 -68.00  20.00  52.43
 -68.00  21.00  52.72
 -68.00  22.00  52.64
 -68.00  23.00  52.25
 -68.00  24.00  51.65
 -68.00  25.00  51.03
 -68.00  26.00  50.58
 -68.00  27.00  50.49
 -67.00 -37.00  53.85
 -67.00 -36.00  54.54
 -67.00 -35.00  55.22
 -67.00 -34.00  55.90
 -67.00 -33.00  56.58
 -67.00 -32.00  57.28
 -67.00 -31.00  58.00
 -67.00 -30.00  58.77
 -67.00 -29.00  59.57
 -67.00 -28.00  60.39
 -67.00 -27.00  61.24
 -67.00 -26.00  62.08
 -67.00 -25.00  62.91
 -67.00 -24.00  63.71
 -67.00 -23.00  64.46
 -67.00 -22.00  65.14
 -67.00 -21.00  65.73
 -67.00 -20.00  66.21
 -67.00 -19.00  66.56
 -67.00 -18.00  66.77
 -67.00 -17.00  66.85
 -67.00 -16.00  66.85
 -67.00 -15.00  66.82
 -67.00 -14.00  66.84
 -67.00 -13.00  66.99
 -67.00 -12.00  67.35
 -67.00 -11.00  67.96
 -67.00 -10.00  68.83
 -67.00  -9.00  69.89
 -67.00  -8.00  71.03
 -67.00  -7.00  72.10
 -67.00  -6.00  72.92
 -67.00  -5.00  73.34
 -67.00  -4.00  73.23
 -67.00  -3.00  72.55
 -67.00  -2.00  71.34
 -67.00  -1.00  69.72
 -67.00   0.00  67.84
 -67.00   1.00  65.91
 -67.00   2.00  64.10
 -67.00   3.00  62.52
 -67.00   4.00  61.23
 -67.00   5.00  60.21
 -67.00   6.00  59.35
 -67.00   7.00  58.53
 -67.00   8.00  57.62
 -67.00   9.00  56.55
 -67.00  10.00  55.29
 -67.00  11.00  53.91
 -67.00  12.00  52.53
 -67.00  13.00  51.32
 -67.00  14.00  50.44
 -67.00  15.00  50.00
 -67.00  16.00  50.03
 -67.00  17.00  50.48
 -67.00  18.00  51.20
 -67.00  19.00  52.00
 -67.00  20.00  52.69
 -67.00  21.00  53.08
 -67.00  22.00  53.10
 -67.00  23.00  52.77
 -67.00  24.00  52.18
 -67.00  25.00  51.51
 -67.00  26.00  50.99
 -67.00  27.00  50.79
 -66.00 -37.00  54.40
 -66.00 -36.00  55.09
 -66.00 -35.00  55.77
 -66.00 -34.00  56.44
 -66.00 -33.00  57.11
 -66.00 -32.00  57.80
 -66.00 -31.00  58.51
 -66.00 -30.00  59.25
 -66.00 -29.00  60.04
 -66.00 -28.00  60.85
 -66.00 -27.00  61.68
 -66.00 -26.00  62.52
 -66.00 -25.00  63.35
 -66.00 -24.00  64.15
 -66.00 -23.00  64.90
 -66.00 -22.00  65.57
 -66.00 -21.00  66.16
 -66.00 -20.00  66.63
 -66.00 -19.00  66.96
 -66.00 -18.00  67.16
 -66.00 -17.00  67.22
 -66.00 -16.00  67.17
 -66.00 -15.00  67.09
 -66.00 -14.00  67.05
 -66.00 -13.00  67.13
 -66.00 -12.00  67.43
 -66.00 -11.00  68.01
 -66.00 -10.00  68.88
 -66.00  -9.00  69.99
 -66.00  -8.00  71.24
 -66.00  -7.00  72.47
 -66.00  -6.00  73.49
 -66.00  -5.00  74.13
 -66.00  -4.00  74.24
 -66.00  -3.00  73.75
 -66.00  -2.00  72.67
 -66.00  -1.00  71.10
 -66.00   0.00  69.20
 -66.00   1.00  67.18
 -66.00   2.00  65.23
 -66.00   3.00  63.50
 -66.00   4.00  62.07
 -66.00   5.00  60.93
 -66.00   6.00  60.02
 -66.00   7.00  59.19
 -66.00   8.00  58.31
 -66.00   9.00  57.28
 -66.00  10.00  56.05
 -66.00  11.00  54.66
 -66.00  12.00  53.22
 -66.00  13.00  51.91
 -66.00  14.00  50.90
 -66.00  15.00  50.31
 -66.00  16.00  50.22
 -66.00  17.00  50.58
 -66.00  18.00  51.28
 -66.00  19.00  52.12
 -66.00  20.00  52.89
 -66.00  21.00  53.40
 -66.00  22.00  53.53
 -66.00  23.00  53.28
 -66.00  24.00  52.72
 -66.00  25.00  52.02
 -66.00  26.00  51.42
 -66.00  27.00  51.10
 -65.00 -37.00  54.95
 -65.00 -36.00  55.64
 -65.00 -35.00  56.31
 -65.00 -34.00  56.98
 -65.00 -33.00  57.65
 -65.00 -32.00  58.32
 -65.00 -31.00  59.01
 -65.00 -30.00  59.74
 -65.00 -29.00  60.50
 -65.00 -28.00  61.30
 -65.00 -27.00  62.13
 -65.00 -26.00  62.96
 -65.00 -25.00  63.79
 -65.00 -24.00  64.58
 -65.00 -23.00  65.33
 -65.00 -22.00  66.00
 -65.00 -21.00  66.58
 -65.00 -20.00  67.05
 -65.00 -19.00  67.38
 -65.00 -18.00  67.56
 -65.00 -17.00  67.60
 -65.00 -16.00  67.52
 -65.00 -15.00  67.39
 -65.00 -14.00  67.28
 -65.00 -13.00  67.29
 -65.00 -12.00  67.51
 -65.00 -11.00  68.03
 -65.00 -10.00  68.87
 -65.00  -9.00  70.00
 -65.00  -8.00  71.33
 -65.00  -7.00  72.70
 -65.00  -6.00  73.93
 -65.00  -5.00  74.81
 -65.00  -4.00  75.17
 -65.00  -3.00  74.92
 -65.00  -2.00  74.02
 -65.00  -1.00  72.55
 -65.00   0.00  70.66
 -65.00   1.00  68.57
 -65.00   2.00  66.48
 -65.00   3.00  64.58
 -65.00   4.00  62.99
 -65.00   5.00  61.72
 -65.00   6.00  60.72
 -65.00   7.00  59.86
 -65.00   8.00  59.00
 -65.00   9.00  58.01
 -65.00  10.00  56.82
 -65.00  11.00  55.44
 -65.00  12.00  53.97
 -65.00  13.00  52.57
 -65.00  14.00  51.41
 -65.00  15.00  50.67
 -65.00  16.00  50.42
 -65.00  17.00  50.67
 -65.00  18.00  51.32
 -65.00  19.00  52.18
 -65.00  20.00  53.03
 -65.00  21.00  53.66
 -65.00  22.00  53.92
 -65.00  23.00  53.77
 -65.00  24.00  53.26
 -65.00  25.00  52.56
 -65.00  26.00  51.88
 -65.00  27.00  51.44
 -64.00 -37.00  55.50
 -64.00 -36.00  56.18
 -64.00 -35.00  56.85
 -64.00 -34.00  57.52
 -64.00 -33.00  58.17
 -64.00 -32.00  58.83
 -64.00 -31.00  59.51
 -64.00 -30.00  60.21
 -64.00 -29.00  60.96
 -64.00 -28.00  61.75
 -64.00 -27.00  62.57
 -64.00 -26.00  63.40
 -64.00 -25.00  64.22
 -64.00 -24.00  65.01
 -64.00 -23.00  65.76
 -64.00 -22.00  66.43
 -64.00 -21.00  67.01
 -64.00 -20.00  67.47
 -64.00 -19.00  67.80
 -64.00 -18.00  67.98
 -64.00 -17.00  68.00
 -64.00 -16.00  67.90
 -64.00 -15.00  67.72
 -64.00 -14.00  67.55
 -64.00 -13.00  67.47
 -64.00 -12.00  67.60
 -64.00 -11.00  68.03
 -64.00 -10.00  68.80
 -64.00  -9.00  69.92
 -64.00  -8.00  71.30
 -64.00  -7.00  72.80
 -64.00  -6.00  74.22
 -64.00  -5.00  75.35
 -64.00  -4.00  76.00
 -64.00  -3.00  76.02
 -64.00  -2.00  75.35
 -64.00  -1.00  74.04
 -64.00   0.00  72.21
 -64.00   1.00  70.08
 -64.00   2.00  67.88
 -64.00   3.00  65.80
 -64.00   4.00  64.02
 -64.00   5.00  62.58
 -64.00   6.00  61.46
 -64.00   7.00  60.55
 -64.00   8.00  59.69
 -64.00   9.00  58.74
 -64.00  10.00  57.60
 -64.00  11.00  56.25
 -64.00  12.00  54.76
 -64.00  13.00  53.28
 -64.00  14.00  52.00
 -64.00  15.00  51.08
 -64.00  16.00  50.67
 -64.00  17.00  50.78
 -64.00  18.00  51.34
 -64.00  19.00  52.19
 -64.00  20.00  53.10
 -64.00  21.00  53.85
 -64.00  22.00  54.25
 -64.00  23.00  54.22
 -64.00  24.00  53.80
 -64.00  25.00  53.11
 -64.00  26.00  52.37
 -64.00  27.00  51.82
 -63.00 -37.00  56.04
 -63.00 -36.00  56.71
 -63.00 -35.00  57.39
 -63.00 -34.00  58.05
 -63.00 -33.00  58.69
 -63.00 -32.00  59.34
 -63.00 -31.00  60.00
 -63.00 -30.00  60.69
 -63.00 -29.00  61.42
 -63.00 -28.00  62.19
 -63.00 -27.00  63.00
 -63.00 -26.00  63.83
 -63.00 -25.00  64.65
 -63.00 -24.00  65.44
 -63.00 -23.00  66.19
 -63.00 -22.00  66.86
 -63.00 -21.00  67.44
 -63.00 -20.00  67.90
 -63.00 -19.00  68.23
 -63.00 -18.00  68.41
 -63.00 -17.00  68.43
 -63.00 -16.00  68.32
 -63.00 -15.00  68.10
 -63.00 -14.00  67.86
 -63.00 -13.00  67.70
 -63.00 -12.00  67.72
 -63.00 -11.00  68.04
 -63.00 -10.00  68.71
 -63.00  -9.00  69.77
 -63.00  -8.00  71.16
 -63.00  -7.00  72.75
 -63.00  -6.00  74.35
 -63.00  -5.00  75.73
 -63.00  -4.00  76.69
 -63.00  -3.00  77.02
 -63.00  -2.00  76.64
 -63.00  -1.00  75.54
 -63.00   0.00  73.84
 -63.00   1.00  71.72
 -63.00   2.00  69.43
 -63.00   3.00  67.19
 -63.00   4.00  65.20
 -63.00   5.00  63.56
 -63.00   6.00  62.28
 -63.00   7.00  61.27
 -63.00   8.00  60.39
 -63.00   9.00  59.47
 -63.00  10.00  58.38
 -63.00  11.00  57.08
 -63.00  12.00  55.60
 -63.00  13.00  54.06
 -63.00  14.00  52.66
 -63.00  15.00  51.57
 -63.00  16.00  50.97
 -63.00  17.00  50.90
 -63.00  18.00  51.35
 -63.00  19.00  52.15
 -63.00  20.00  53.10
 -63.00  21.00  53.96
 -63.00  22.00  54.51
 -63.00  23.00  54.63
 -63.00  24.00  54.31
 -63.00  25.00  53.67
 -63.00  26.00  52.89
 -63.00  27.00  52.24
 -62.00 -37.00  56.58
 -62.00 -36.00  57.24
 -62.00 -35.00  57.92
 -62.00 -34.00  58.57
 -62.00 -33.00  59.21
 -62.00 -32.00  59.85
 -62.00 -31.00  60.49
 -62.00 -30.00  61.16
 -62.00 -29.00  61.87
 -62.00 -28.00  62.63
 -62.00 -27.00  63.43
 -62.00 -26.00  64.25
 -62.00 -25.00  65.07
 -62.00 -24.00  65.87
 -62.00 -23.00  66.62
 -62.00 -22.00  67.29
 -62.00 -21.00  67.87
 -62.00 -20.00  68.34
 -62.00 -19.00  68.67
 -62.00 -18.00  68.86
 -62.00 -17.00  68.89
 -62.00 -16.00  68.76
 -62.00 -15.00  68.52
 -62.00 -14.00  68.23
 -62.00 -13.00  67.98
 -62.00 -12.00  67.89
 -62.00 -11.00  68.07
 -62.00 -10.00  68.61
 -62.00  -9.00  69.57
 -62.00  -8.00  70.92
 -62.00  -7.00  72.55
 -62.00  -6.00  74.29
 -62.00  -5.00  75.92
 -62.00  -4.00  77.19
 -62.00  -3.00  77.88
 -62.00  -2.00  77.84
 -62.00  -1.00  77.04
 -62.00   0.00  75.53
 -62.00   1.00  73.49
 -62.00   2.00  71.15
 -62.00   3.00  68.76
 -62.00   4.00  66.56
 -62.00   5.00  64.70
 -62.00   6.00  63.22
 -62.00   7.00  62.07
 -62.00   8.00  61.12
 -62.00   9.00  60.20
 -62.00  10.00  59.17
 -62.00  11.00  57.93
 -62.00  12.00  56.47
 -62.00  13.00  54.91
 -62.00  14.00  53.40
 -62.00  15.00  52.15
 -62.00  16.00  51.34
 -62.00  17.00  51.08
 -62.00  18.00  51.36
 -62.00  19.00  52.08
 -62.00  20.00  53.04
 -62.00  21.00  53.98
 -62.00  22.00  54.67
 -62.00  23.00  54.96
 -62.00  24.00  54.79
 -62.00  25.00  54.22
 -62.00  26.00  53.45
 -62.00  27.00  52.70
 -61.00 -37.00  57.10
 -61.00 -36.00  57.77
 -61.00 -35.00  58.44
 -61.00 -34.00  59.10
 -61.00 -33.00  59.73
 -61.00 -32.00  60.35
 -61.00 -31.00  60.97
 -61.00 -30.00  61.62
 -61.00 -29.00  62.31
 -61.00 -28.00  63.06
 -61.00 -27.00  63.85
 -61.00 -26.00  64.67
 -61.00 -25.00  65.49
 -61.00 -24.00  66.30
 -61.00 -23.00  67.05
 -61.00 -22.00  67.73
 -61.00 -21.00  68.31
 -61.00 -20.00  68.78
 -61.00 -19.00  69.13
 -61.00 -18.00  69.32
 -61.00 -17.00  69.36
 -61.00 -16.00  69.24
 -61.00 -15.00  68.99
 -61.00 -14.00  68.66
 -61.00 -13.00  68.33
 -61.00 -12.00  68.12
 -61.00 -11.00  68.15
 -61.00 -10.00  68.53
 -61.00  -9.00  69.34
 -61.00  -8.00  70.59
 -61.00  -7.00  72.22
 -61.00  -6.00  74.05
 -61.00  -5.00  75.89
 -61.00  -4.00  77.47
 -61.00  -3.00  78.53
 -61.00  -2.00  78.90
 -61.00  -1.00  78.46
 -61.00   0.00  77.23
 -61.00   1.00  75.35
 -61.00   2.00  73.03
 -61.00   3.00  70.54
 -61.00   4.00  68.14
 -61.00   5.00  66.03
 -61.00   6.00  64.31
 -61.00   7.00  62.97
 -61.00   8.00  61.91
 -61.00   9.00  60.96
 -61.00  10.00  59.96
 -61.00  11.00  58.78
 -61.00  12.00  57.38
 -61.00  13.00  55.81
 -61.00  14.00  54.23
 -61.00  15.00  52.83
 -61.00  16.00  51.81
 -61.00  17.00  51.32
 -61.00  18.00  51.40
 -61.00  19.00  51.99
 -61.00  20.00  52.90
 -61.00  21.00  53.90
 -61.00  22.00  54.74
 -61.00  23.00  55.20
 -61.00  24.00  55.20
 -61.00  25.00  54.76
 -61.00  26.00  54.02
 -61.00  27.00  53.22
 -60.00 -37.00  57.62
 -60.00 -36.00  58.28
 -60.00 -35.00  58.95
 -60.00 -34.00  59.61
 -60.00 -33.00  60.25
 -60.00 -32.00  60.85
 -60.00 -31.00  61.46
 -60.00 -30.00  62.08
 -60.00 -29.00  62.75
 -60.00 -28.00  63.47
 -60.00 -27.00  64.25
 -60.00 -26.00  65.07
 -60.00 -25.00  65.90
 -60.00 -24.00  66.71
 -60.00 -23.00  67.48
 -60.00 -22.00  68.17
 -60.00 -21.00  68.76
 -60.00 -20.00  69.24
 -60.00 -19.00  69.59
 -60.00 -18.00  69.80
 -60.00 -17.00  69.85
 -60.00 -16.00  69.75
 -60.00 -15.00  69.50
 -60.00 -14.00  69.15
 -60.00 -13.00  68.76
 -60.00 -12.00  68.44
 -60.00 -11.00  68.31
 -60.00 -10.00  68.51
 -60.00  -9.00  69.13
 -60.00  -8.00  70.23
 -60.00  -7.00  71.77
 -60.00  -6.00  73.63
 -60.00  -5.00  75.63
 -60.00  -4.00  77.49
 -60.00  -3.00  78.94
 -60.00  -2.00  79.75
 -60.00  -1.00  79.75
 -60.00   0.00  78.90
 -60.00   1.00  77.28
 -60.00   2.00  75.07
 -60.00   3.00  72.54
 -60.00   4.00  69.97
 -60.00   5.00  67.61
 -60.00   6.00  65.61
 -60.00   7.00  64.03
 -60.00   8.00  62.80
 -60.00   9.00  61.77
 -60.00  10.00  60.77
 -60.00  11.00  59.65
 -60.00  12.00  58.31
 -60.00  13.00  56.77
 -60.00  14.00  55.15
 -60.00  15.00  53.62
 -60.00  16.00  52.39
 -60.00  17.00  51.66
 -60.00  18.00  51.50
 -60.00  19.00  51.90
 -60.00  20.00  52.72
 -60.00  21.00  53.74
 -60.00  22.00  54.69
 -60.00  23.00  55.33
 -60.00  24.00  55.53
 -60.00  25.00  55.25
 -60.00  26.00  54.60
 -60.00  27.00  53.78
 -59.00 -37.00  58.13
 -59.00 -36.00  58.78
 -59.00 -35.00  59.45
 -59.00 -34.00  60.12
 -59.00 -33.00  60.76
 -59.00 -32.00  61.36
 -59.00 -31.00  61.95
 -59.00 -30.00  62.55
 -59.00 -29.00  63.18
 -59.00 -28.00  63.88
 -59.00 -27.00  64.64
 -59.00 -26.00  65.45
 -59.00 -25.00  66.29
 -59.00 -24.00  67.12
 -59.00 -23.00  67.90
 -59.00 -22.00  68.61
 -59.00 -21.00  69.21
 -59.00 -20.00  69.70
 -59.00 -19.00  70.06
 -59.00 -18.00  70.29
 -59.00 -17.00  70.36
 -59.00 -16.00  70.29
 -59.00 -15.00  70.06
 -59.00 -14.00  69.70
 -59.00 -13.00  69.27
 -59.00 -12.00  68.85
 -59.00 -11.00  68.58
 -59.00 -10.00  68.58
 -59.00  -9.00  68.98
 -59.00  -8.00  69.86
 -59.00  -7.00  71.25
 -59.00  -6.00  73.06
 -59.00  -5.00  75.13
 -59.00  -4.00  77.22
 -59.00  -3.00  79.04
 -59.00  -2.00  80.31
 -59.00  -1.00  80.82
 -59.00   0.00  80.44
 -59.00   1.00  79.19
 -59.00   2.00  77.21
 -59.00   3.00  74.73
 -59.00   4.00  72.06
 -59.00   5.00  69.47
 -59.00   6.00  67.18
 -59.00   7.00  65.30
 -59.00   8.00  63.83
 -59.00   9.00  62.66
 -59.00  10.00  61.62
 -59.00  11.00  60.53
 -59.00  12.00  59.26
 -59.00  13.00  57.78
 -59.00  14.00  56.14
 -59.00  15.00  54.52
 -59.00  16.00  53.11
 -59.00  17.00  52.12
 -59.00  18.00  51.70
 -59.00  19.00  51.86
 -59.00  20.00  52.52
 -59.00  21.00  53.50
 -59.00  22.00  54.52
 -59.00  23.00  55.33
 -59.00  24.00  55.75
 -59.00  25.00  55.67
 -59.00  26.00  55.16
 -59.00  27.00  54.37
 -58.00 -37.00  58.63
 -58.00 -36.00  59.26
 -58.00 -35.00  59.94
 -58.00 -34.00  60.62
 -58.00 -33.00  61.26
 -58.00 -32.00  61.87
 -58.00 -31.00  62.44
 -58.00 -30.00  63.02
 -58.00 -29.00  63.62
 -58.00 -28.00  64.28
 -58.00 -27.00  65.02
 -58.00 -26.00  65.82
 -58.00 -25.00  66.67
 -58.00 -24.00  67.51
 -58.00 -23.00  68.32
 -58.00 -22.00  69.05
 -58.00 -21.00  69.67
 -58.00 -20.00  70.18
 -58.00 -19.00  70.55
 -58.00 -18.00  70.79
 -58.00 -17.00  70.89
 -58.00 -16.00  70.84
 -58.00 -15.00  70.64
 -58.00 -14.00  70.30
 -58.00 -13.00  69.85
 -58.00 -12.00  69.37
 -58.00 -11.00  68.97
 -58.00 -10.00  68.77
 -58.00  -9.00  68.93
 -58.00  -8.00  69.55
 -58.00  -7.00  70.71
 -58.00  -6.00  72.39
 -58.00  -5.00  74.45
 -58.00  -4.00  76.68
 -58.00  -3.00  78.82
 -58.00  -2.00  80.54
 -58.00  -1.00  81.58
 -58.00   0.00  81.75
 -58.00   1.00  80.99
 -58.00   2.00  79.36
 -58.00   3.00  77.07
 -58.00   4.00  74.38
 -58.00   5.00  71.62
 -58.00   6.00  69.05
 -58.00   7.00  66.85
 -58.00   8.00  65.08
 -58.00   9.00  63.69
 -58.00  10.00  62.54
 -58.00  11.00  61.44
 -58.00  12.00  60.22
 -58.00  13.00  58.81
 -58.00  14.00  57.20
 -58.00  15.00  55.52
 -58.00  16.00  53.97
 -58.00  17.00  52.74
 -58.00  18.00  52.02
 -58.00  19.00  51.90
 -58.00  20.00  52.35
 -58.00  21.00  53.21
 -58.00  22.00  54.25
 -58.00  23.00  55.20
 -58.00  24.00  55.82
 -58.00  25.00  55.98
 -58.00  26.00  55.65
 -58.00  27.00  54.96
 -57.00 -37.00  59.12
 -57.00 -36.00  59.72
 -57.00 -35.00  60.40
 -57.00 -34.00  61.09
 -57.00 -33.00  61.76
 -57.00 -32.00  62.37
 -57.00 -31.00  62.94
 -57.00 -30.00  63.49
 -57.00 -29.00  64.06
 -57.00 -28.00  64.69
 -57.00 -27.00  65.39
 -57.00 -26.00  66.17
 -57.00 -25.00  67.02
 -57.00 -24.00  67.88
 -57.00 -23.00  68.72
 -57.00 -22.00  69.48
 -57.00 -21.00  70.14
 -57.00 -20.00  70.67
 -57.00 -19.00  71.06
 -57.00 -18.00  71.32
 -57.00 -17.00  71.44
 -57.00 -16.00  71.42
 -57.00 -15.00  71.25
 -57.00 -14.00  70.94
 -57.00 -13.00  70.50
 -57.00 -12.00  69.98
 -57.00 -11.00  69.48
 -57.00 -10.00  69.11
 -57.00  -9.00  69.03
 -57.00  -8.00  69.37
 -57.00  -7.00  70.24
 -57.00  -6.00  71.68
 -57.00  -5.00  73.63
 -57.00  -4.00  75.91
 -57.00  -3.00  78.26
 -57.00  -2.00  80.39
 -57.00  -1.00  81.96
 -57.00   0.00  82.74
 -57.00   1.00  82.56
 -57.00   2.00  81.42
 -57.00   3.00  79.44
 -57.00   4.00  76.88
 -57.00   5.00  74.05
 -57.00   6.00  71.24
 -57.00   7.00  68.72
 -57.00   8.00  66.61
 -57.00   9.00  64.93
 -57.00  10.00  63.58
 -57.00  11.00  62.40
 -57.00  12.00  61.20
 -57.00  13.00  59.84
 -57.00  14.00  58.29
 -57.00  15.00  56.61
 -57.00  16.00  54.95
 -57.00  17.00  53.51
 -57.00  18.00  52.51
 -57.00  19.00  52.08
 -57.00  20.00  52.25
 -57.00  21.00  52.93
 -57.00  22.00  53.92
 -57.00  23.00  54.94
 -57.00  24.00  55.75
 -57.00  25.00  56.15
 -57.00  26.00  56.06
 -57.00  27.00  55.53
 -56.00 -37.00  59.60
 -56.00 -36.00  60.17
 -56.00 -35.00  60.84
 -56.00 -34.00  61.55
 -56.00 -33.00  62.24
 -56.00 -32.00  62.87
 -56.00 -31.00  63.45
 -56.00 -30.00  63.99
 -56.00 -29.00  64.52
 -56.00 -28.00  65.10
 -56.00 -27.00  65.76
 -56.00 -26.00  66.51
 -56.00 -25.00  67.35
 -56.00 -24.00  68.22
 -56.00 -23.00  69.09
 -56.00 -22.00  69.90
 -56.00 -21.00  70.61
 -56.00 -20.00  71.17
 -56.00 -19.00  71.59
 -56.00 -18.00  71.87
 -56.00 -17.00  72.01
 -56.00 -16.00  72.01
 -56.00 -15.00  71.87
 -56.00 -14.00  71.60
 -56.00 -13.00  71.19
 -56.00 -12.00  70.67
 -56.00 -11.00  70.10
 -56.00 -10.00  69.60
 -56.00  -9.00  69.30
 -56.00  -8.00  69.35
 -56.00  -7.00  69.90
 -56.00  -6.00  71.04
 -56.00  -5.00  72.76
 -56.00  -4.00  74.96
 -56.00  -3.00  77.43
 -56.00  -2.00  79.86
 -56.00  -1.00  81.93
 -56.00   0.00  83.31
 -56.00   1.00  83.79
 -56.00   2.00  83.25
 -56.00   3.00  81.75
 -56.00   4.00  79.46
 -56.00   5.00  76.68
 -56.00   6.00  73.73
 -56.00   7.00  70.92
 -56.00   8.00  68.45
 -56.00   9.00  66.42
 -56.00  10.00  64.80
 -56.00  11.00  63.46
 -56.00  12.00  62.21
 -56.00  13.00  60.89
 -56.00  14.00  59.40
 -56.00  15.00  57.74
 -56.00  16.00  56.03
 -56.00  17.00  54.43
 -56.00  18.00  53.17
 -56.00  19.00  52.43
 -56.00  20.00  52.29
 -56.00  21.00  52.71
 -56.00  22.00  53.56
 -56.00  23.00  54.60
 -56.00  24.00  55.54
 -56.00  25.00  56.17
 -56.00  26.00  56.33
 -56.00  27.00  56.01
 -55.00 -37.00  60.09
 -55.00 -36.00  60.60
 -55.00 -35.00  61.25
 -55.00 -34.00  61.97
 -55.00 -33.00  62.68
 -55.00 -32.00  63.35
 -55.00 -31.00  63.95
 -55.00 -30.00  64.49
 -55.00 -29.00  65.00
 -55.00 -28.00  65.54
 -55.00 -27.00  66.14
 -55.00 -26.00  66.85
 -55.00 -25.00  67.66
 -55.00 -24.00  68.54
 -55.00 -23.00  69.44
 -55.00 -22.00  70.30
 -55.00 -21.00  71.06
 -55.00 -20.00  71.68
 -55.00 -19.00  72.14
 -55.00 -18.00  72.44
 -55.00 -17.00  72.60
 -55.00 -16.00  72.62
 -55.00 -15.00  72.51
 -55.00 -14.00  72.27
 -55.00 -13.00  71.90
 -55.00 -12.00  71.40
 -55.00 -11.00  70.82
 -55.00 -10.00  70.23
 -55.00  -9.00  69.74
 -55.00  -8.00  69.53
 -55.00  -7.00  69.75
 -55.00  -6.00  70.54
 -55.00  -5.00  71.95
 -55.00  -4.00  73.95
 -55.00  -3.00  76.39
 -55.00  -2.00  79.00
 -55.00  -1.00  81.46
 -55.00   0.00  83.42
 -55.00   1.00  84.57
 -55.00   2.00  84.72
 -55.00   3.00  83.82
 -55.00   4.00  81.98
 -55.00   5.00  79.42
 -55.00   6.00  76.46
 -55.00   7.00  73.44
 -55.00   8.00  70.64
 -55.00   9.00  68.23
 -55.00  10.00  66.27
 -55.00  11.00  64.68
 -55.00  12.00  63.30
 -55.00  13.00  61.96
 -55.00  14.00  60.51
 -55.00  15.00  58.90
 -55.00  16.00  57.17
 -55.00  17.00  55.47
 -55.00  18.00  54.00
 -55.00  19.00  52.96
 -55.00  20.00  52.48
 -55.00  21.00  52.61
 -55.00  22.00  53.25
 -55.00  23.00  54.21
 -55.00  24.00  55.22
 -55.00  25.00  56.03
 -55.00  26.00  56.45
 -55.00  27.00  56.38
 -54.00 -37.00  60.87
 -54.00 -36.00  61.29
 -54.00 -35.00  61.89
 -54.00 -34.00  62.59
 -54.00 -33.00  63.32
 -54.00 -32.00  64.01
 -54.00 -31.00  64.62
 -54.00 -30.00  65.15
 -54.00 -29.00  65.63
 -54.00 -28.00  66.11
 -54.00 -27.00  66.65
 -54.00 -26.00  67.30
 -54.00 -25.00  68.06
 -54.00 -24.00  68.93
 -54.00 -23.00  69.86
 -54.00 -22.00  70.76
 -54.00 -21.00  71.58
 -54.00 -20.00  72.26
 -54.00 -19.00  72.76
 -54.00 -18.00  73.08
 -54.00 -17.00  73.24
 -54.00 -16.00  73.25
 -54.00 -15.00  73.14
 -54.00 -14.00  72.92
 -54.00 -13.00  72.58
 -54.00 -12.00  72.11
 -54.00 -11.00  71.53
 -54.00 -10.00  70.88
 -54.00  -9.00  70.26
 -54.00  -8.00  69.80
 -54.00  -7.00  69.68
 -54.00  -6.00  70.07
 -54.00  -5.00  71.08
 -54.00  -4.00  72.76
 -54.00  -3.00  75.03
 -54.00  -2.00  77.69
 -54.00  -1.00  80.43
 -54.00   0.00  82.89
 -54.00   1.00  84.72
 -54.00   2.00  85.62
 -54.00   3.00  85.45
 -54.00   4.00  84.19
 -54.00   5.00  82.01
 -54.00   6.00  79.19
 -54.00   7.00  76.07
 -54.00   8.00  72.97
 -54.00   9.00  70.17
 -54.00  10.00  67.79
 -54.00  11.00  65.85
 -54.00  12.00  64.24
 -54.00  13.00  62.79
 -54.00  14.00  61.34
 -54.00  15.00  59.77
 -54.00  16.00  58.06
 -54.00  17.00  56.30
 -54.00  18.00  54.67
 -54.00  19.00  53.37
 -54.00  20.00  52.58
 -54.00  21.00  52.38
 -54.00  22.00  52.76
 -54.00  23.00  53.57
 -54.00  24.00  54.59
 -54.00  25.00  55.54
 -54.00  26.00  56.18
 -54.00  27.00  56.37
 -53.00 -37.00  61.66
 -53.00 -36.00  61.99
 -53.00 -35.00  62.52
 -53.00 -34.00  63.19
 -53.00 -33.00  63.93
 -53.00 -32.00  64.65
 -53.00 -31.00  65.29
 -53.00 -30.00  65.83
 -53.00 -29.00  66.29
 -53.00 -28.00  66.73
 -53.00 -27.00  67.20
 -53.00 -26.00  67.77
 -53.00 -25.00  68.48
 -53.00 -24.00  69.32
 -53.00 -23.00  70.26
 -53.00 -22.00  71.21
 -53.00 -21.00  72.11
 -53.00 -20.00  72.86
 -53.00 -19.00  73.42
 -53.00 -18.00  73.78
 -53.00 -17.00  73.95
 -53.00 -16.00  73.95
 -53.00 -15.00  73.84
 -53.00 -14.00  73.62
 -53.00 -13.00  73.30
 -53.00 -12.00  72.88
 -53.00 -11.00  72.33
 -53.00 -10.00  71.68
 -53.00  -9.00  70.99
 -53.00  -8.00  70.35
 -53.00  -7.00  69.93
 -53.00  -6.00  69.92
 -53.00  -5.00  70.49
 -53.00  -4.00  71.74
 -53.00  -3.00  73.69
 -53.00  -2.00  76.21
 -53.00  -1.00  79.06
 -53.00   0.00  81.89
 -53.00   1.00  84.31
 -53.00   2.00  85.97
 -53.00   3.00  86.59
 -53.00   4.00  86.08
 -53.00   5.00  84.47
 -53.00   6.00  81.98
 -53.00   7.00  78.92
 -53.00   8.00  75.66
 -53.00   9.00  72.51
 -53.00  10.00  69.71
 -53.00  11.00  67.36
 -53.00  12.00  65.42
 -53.00  13.00  63.77
 -53.00  14.00  62.23
 -53.00  15.00  60.66
 -53.00  16.00  58.98
 -53.00  17.00  57.21
 -53.00  18.00  55.48
 -53.00  19.00  53.98
 -53.00  20.00  52.89
 -53.00  21.00  52.35
 -53.00  22.00  52.42
 -53.00  23.00  53.01
 -53.00  24.00  53.93
 -53.00  25.00  54.93
 -53.00  26.00  55.75
 -53.00  27.00  56.19
 -52.00 -37.00  62.42
 -52.00 -36.00  62.63
 -52.00 -35.00  63.07
 -52.00 -34.00  63.70
 -52.00 -33.00  64.44
 -52.00 -32.00  65.20
 -52.00 -31.00  65.89
 -52.00 -30.00  66.47
 -52.00 -29.00  66.95
 -52.00 -28.00  67.35
 -52.00 -27.00  67.77
 -52.00 -26.00  68.26
 -52.00 -25.00  68.89
 -52.00 -24.00  69.68
 -52.00 -23.00  70.61
 -52.00 -22.00  71.61
 -52.00 -21.00  72.57
 -52.00 -20.00  73.42
 -52.00 -19.00  74.08
 -52.00 -18.00  74.51
 -52.00 -17.00  74.71
 -52.00 -16.00  74.73
 -52.00 -15.00  74.60
 -52.00 -14.00  74.38
 -52.00 -13.00  74.07
 -52.00 -12.00  73.69
 -52.00 -11.00  73.20
 -52.00 -10.00  72.59
 -52.00  -9.00  71.89
 -52.00  -8.00  71.15
 -52.00  -7.00  70.52
 -52.00  -6.00  70.16
 -52.00  -5.00  70.29
 -52.00  -4.00  71.06
 -52.00  -3.00  72.56
 -52.00  -2.00  74.78
 -52.00  -1.00  77.54
 -52.00   0.00  80.54
 -52.00   1.00  83.41
 -52.00   2.00  85.75
 -52.00   3.00  87.19
 -52.00   4.00  87.51
 -52.00   5.00  86.64
 -52.00   6.00  84.68
 -52.00   7.00  81.91
 -52.00   8.00  78.65
 -52.00   9.00  75.28
 -52.00  10.00  72.11
 -52.00  11.00  69.32
 -52.00  12.00  66.98
 -52.00  13.00  65.03
 -52.00  14.00  63.32
 -52.00  15.00  61.69
 -52.00  16.00  60.01
 -52.00  17.00  58.25
 -52.00  18.00  56.46
 -52.00  19.00  54.81
 -52.00  20.00  53.47
 -52.00  21.00  52.61
 -52.00  22.00  52.33
 -52.00  23.00  52.63
 -52.00  24.00  53.36
 -52.00  25.00  54.32
 -52.00  26.00  55.25
 -52.00  27.00  55.90
 -51.00 -37.00  63.16
 -51.00 -36.00  63.23
 -51.00 -35.00  63.56
 -51.00 -34.00  64.12
 -51.00 -33.00  64.84
 -51.00 -32.00  65.63
 -51.00 -31.00  66.38
 -51.00 -30.00  67.04
 -51.00 -29.00  67.56
 -51.00 -28.00  67.97
 -51.00 -27.00  68.34
 -51.00 -26.00  68.76
 -51.00 -25.00  69.31
 -51.00 -24.00  70.03
 -51.00 -23.00  70.92
 -51.00 -22.00  71.93
 -51.00 -21.00  72.96
 -51.00 -20.00  73.92
 -51.00 -19.00  74.69
 -51.00 -18.00  75.23
 -51.00 -17.00  75.51
 -51.00 -16.00  75.56
 -51.00 -15.00  75.43
 -51.00 -14.00  75.20
 -51.00 -13.00  74.89
 -51.00 -12.00  74.53
 -51.00 -11.00  74.09
 -51.00 -10.00  73.56
 -51.00  -9.00  72.90
 -51.00  -8.00  72.14
 -51.00  -7.00  71.38
 -51.00  -6.00  70.77
 -51.00  -5.00  70.50
 -51.00  -4.00  70.78
 -51.00  -3.00  71.77
 -51.00  -2.00  73.54
 -51.00  -1.00  76.03
 -51.00   0.00  79.00
 -51.00   1.00  82.12
 -51.00   2.00  84.99
 -51.00   3.00  87.18
 -51.00   4.00  88.36
 -51.00   5.00  88.35
 -51.00   6.00  87.12
 -51.00   7.00  84.84
 -51.00   8.00  81.81
 -51.00   9.00  78.39
 -51.00  10.00  74.94
 -51.00  11.00  71.75
 -51.00  12.00  68.98
 -51.00  13.00  66.65
 -51.00  14.00  64.67
 -51.00  15.00  62.89
 -51.00  16.00  61.16
 -51.00  17.00  59.39
 -51.00  18.00  57.59
 -51.00  19.00  55.83
 -51.00  20.00  54.30
 -51.00  21.00  53.15
 -51.00  22.00  52.53
 -51.00  23.00  52.48
 -51.00  24.00  52.96
 -51.00  25.00  53.78
 -51.00  26.00  54.71
 -51.00  27.00  55.51
 -50.00 -37.00  63.90
 -50.00 -36.00  63.81
 -50.00 -35.00  63.99
 -50.00 -34.00  64.44
 -50.00 -33.00  65.12
 -50.00 -32.00  65.92
 -50.00 -31.00  66.74
 -50.00 -30.00  67.48
 -50.00 -29.00  68.08
 -50.00 -28.00  68.54
 -50.00 -27.00  68.91
 -50.00 -26.00  69.28
 -50.00 -25.00  69.74
 -50.00 -24.00  70.36
 -50.00 -23.00  71.18
 -50.00 -22.00  72.17
 -50.00 -21.00  73.25
 -50.00 -20.00  74.31
 -50.00 -19.00  75.22
 -50.00 -18.00  75.89
 -50.00 -17.00  76.29
 -50.00 -16.00  76.42
 -50.00 -15.00  76.32
 -50.00 -14.00  76.08
 -50.00 -13.00  75.76
 -50.00 -12.00  75.40
 -50.00 -11.00  75.01
 -50.00 -10.00  74.53
 -50.00  -9.00  73.95
 -50.00  -8.00  73.25
 -50.00  -7.00  72.45
 -50.00  -6.00  71.67
 -50.00  -5.00  71.09
 -50.00  -4.00  70.93
 -50.00  -3.00  71.39
 -50.00  -2.00  72.63
 -50.00  -1.00  74.68
 -50.00   0.00  77.42
 -50.00   1.00  80.58
 -50.00   2.00  83.78
 -50.00   3.00  86.58
 -50.00   4.00  88.59
 -50.00   5.00  89.48
 -50.00   6.00  89.11
 -50.00   7.00  87.53
 -50.00   8.00  84.94
 -50.00   9.00  81.68
 -50.00  10.00  78.13
 -50.00  11.00  74.63
 -50.00  12.00  71.44
 -50.00  13.00  68.68
 -50.00  14.00  66.35
 -50.00  15.00  64.32
 -50.00  16.00  62.47
 -50.00  17.00  60.66
 -50.00  18.00  58.83
 -50.00  19.00  57.02
 -50.00  20.00  55.33
 -50.00  21.00  53.94
 -50.00  22.00  53.00
 -50.00  23.00  52.61
 -50.00  24.00  52.76
 -50.00  25.00  53.36
 -50.00  26.00  54.21
 -50.00  27.00  55.07
 -49.00 -37.00  64.63
 -49.00 -36.00  64.39
 -49.00 -35.00  64.40
 -49.00 -34.00  64.70
 -49.00 -33.00  65.29
 -49.00 -32.00  66.07
 -49.00 -31.00  66.94
 -49.00 -30.00  67.77
 -49.00 -29.00  68.49
 -49.00 -28.00  69.03
 -49.00 -27.00  69.45
 -49.00 -26.00  69.79
 -49.00 -25.00  70.18
 -49.00 -24.00  70.70
 -49.00 -23.00  71.43
 -49.00 -22.00  72.36
 -49.00 -21.00  73.45
 -49.00 -20.00  74.58
 -49.00 -19.00  75.62
 -49.00 -18.00  76.46
 -49.00 -17.00  77.01
 -49.00 -16.00  77.26
 -49.00 -15.00  77.24
 -49.00 -14.00  77.03
 -49.00 -13.00  76.70
 -49.00 -12.00  76.32
 -49.00 -11.00  75.93
 -49.00 -10.00  75.51
 -49.00  -9.00  75.01
 -49.00  -8.00  74.38
 -49.00  -7.00  73.63
 -49.00  -6.00  72.79
 -49.00  -5.00  72.01
 -49.00  -4.00  71.49
 -49.00  -3.00  71.46
 -49.00  -2.00  72.14
 -49.00  -1.00  73.64
 -49.00   0.00  75.96
 -49.00   1.00  78.94
 -49.00   2.00  82.25
 -49.00   3.00  85.47
 -49.00   4.00  88.17
 -49.00   5.00  89.94
 -49.00   6.00  90.51
 -49.00   7.00  89.79
 -49.00   8.00  87.86
 -49.00   9.00  85.00
 -49.00  10.00  81.54
 -49.00  11.00  77.89
 -49.00  12.00  74.36
 -49.00  13.00  71.17
 -49.00  14.00  68.42
 -49.00  15.00  66.07
 -49.00  16.00  64.00
 -49.00  17.00  62.07
 -49.00  18.00  60.19
 -49.00  19.00  58.33
 -49.00  20.00  56.54
 -49.00  21.00  54.96
 -49.00  22.00  53.73
 -49.00  23.00  53.00
 -49.00  24.00  52.81
 -49.00  25.00  53.12
 -49.00  26.00  53.79
 -49.00  27.00  54.62
 -48.00 -37.00  65.39
 -48.00 -36.00  64.98
 -48.00 -35.00  64.81
 -48.00 -34.00  64.94
 -48.00 -33.00  65.38
 -48.00 -32.00  66.09
 -48.00 -31.00  66.97
 -48.00 -30.00  67.89
 -48.00 -29.00  68.72
 -48.00 -28.00  69.40
 -48.00 -27.00  69.90
 -48.00 -26.00  70.27
 -48.00 -25.00  70.62
 -48.00 -24.00  71.06
 -48.00 -23.00  71.67
 -48.00 -22.00  72.52
 -48.00 -21.00  73.56
 -48.00 -20.00  74.72
 -48.00 -19.00  75.88
 -48.00 -18.00  76.88
 -48.00 -17.00  77.62
 -48.00 -16.00  78.05
 -48.00 -15.00  78.15
 -48.00 -14.00  78.00
 -48.00 -13.00  77.68
 -48.00 -12.00  77.29
 -48.00 -11.00  76.88
 -48.00 -10.00  76.48
 -48.00  -9.00  76.04
 -48.00  -8.00  75.51
 -48.00  -7.00  74.83
 -48.00  -6.00  74.02
 -48.00  -5.00  73.15
 -48.00  -4.00  72.39
 -48.00  -3.00  71.96
 -48.00  -2.00  72.10
 -48.00  -1.00  73.02
 -48.00   0.00  74.80
 -48.00   1.00  77.39
 -48.00   2.00  80.57
 -48.00   3.00  83.99
 -48.00   4.00  87.20
 -48.00   5.00  89.73
 -48.00   6.00  91.23
 -48.00   7.00  91.45
 -48.00   8.00  90.36
 -48.00   9.00  88.11
 -48.00  10.00  84.99
 -48.00  11.00  81.38
 -48.00  12.00  77.64
 -48.00  13.00  74.09
 -48.00  14.00  70.92
 -48.00  15.00  68.17
 -48.00  16.00  65.80
 -48.00  17.00  63.68
 -48.00  18.00  61.69
 -48.00  19.00  59.76
 -48.00  20.00  57.89
 -48.00  21.00  56.16
 -48.00  22.00  54.70
 -48.00  23.00  53.65
 -48.00  24.00  53.10
 -48.00  25.00  53.09
 -48.00  26.00  53.51
 -48.00  27.00  54.21
 -47.00 -37.00  66.15
 -47.00 -36.00  65.62
 -47.00 -35.00  65.26
 -47.00 -34.00  65.18
 -47.00 -33.00  65.44
 -47.00 -32.00  66.02
 -47.00 -31.00  66.86
 -47.00 -30.00  67.82
 -47.00 -29.00  68.77
 -47.00 -28.00  69.59
 -47.00 -27.00  70.22
 -47.00 -26.00  70.68
 -47.00 -25.00  71.05
 -47.00 -24.00  71.43
 -47.00 -23.00  71.94
 -47.00 -22.00  72.66
 -47.00 -21.00  73.62
 -47.00 -20.00  74.77
 -47.00 -19.00  75.99
 -47.00 -18.00  77.14
 -47.00 -17.00  78.08
 -47.00 -16.00  78.70
 -47.00 -15.00  78.99
 -47.00 -14.00  78.95
 -47.00 -13.00  78.69
 -47.00 -12.00  78.30
 -47.00 -11.00  77.87
 -47.00 -10.00  77.46
 -47.00  -9.00  77.04
 -47.00  -8.00  76.58
 -47.00  -7.00  76.01
 -47.00  -6.00  75.28
 -47.00  -5.00  74.42
 -47.00  -4.00  73.53
 -47.00  -3.00  72.82
 -47.00  -2.00  72.51
 -47.00  -1.00  72.85
 -47.00   0.00  74.03
 -47.00   1.00  76.10
 -47.00   2.00  78.96
 -47.00   3.00  82.32
 -47.00   4.00  85.80
 -47.00   5.00  88.92
 -47.00   6.00  91.24
 -47.00   7.00  92.42
 -47.00   8.00  92.27
 -47.00   9.00  90.82
 -47.00  10.00  88.26
 -47.00  11.00  84.91
 -47.00  12.00  81.16
 -47.00  13.00  77.38
 -47.00  14.00  73.82
 -47.00  15.00  70.66
 -47.00  16.00  67.91
 -47.00  17.00  65.51
 -47.00  18.00  63.34
 -47.00  19.00  61.31
 -47.00  20.00  59.35
 -47.00  21.00  57.50
 -47.00  22.00  55.84
 -47.00  23.00  54.52
 -47.00  24.00  53.65
 -47.00  25.00  53.28
 -47.00  26.00  53.41
 -47.00  27.00  53.91
 -46.00 -37.00  66.91
 -46.00 -36.00  66.29
 -46.00 -35.00  65.76
 -46.00 -34.00  65.47
 -46.00 -33.00  65.51
 -46.00 -32.00  65.91
 -46.00 -31.00  66.65
 -46.00 -30.00  67.60
 -46.00 -29.00  68.62
 -46.00 -28.00  69.58
 -46.00 -27.00  70.38
 -46.00 -26.00  70.97
 -46.00 -25.00  71.41
 -46.00 -24.00  71.78
 -46.00 -23.00  72.21
 -46.00 -22.00  72.82
 -46.00 -21.00  73.67
 -46.00 -20.00  74.75
 -46.00 -19.00  75.98
 -46.00 -18.00  77.23
 -46.00 -17.00  78.35
 -46.00 -16.00  79.20
 -46.00 -15.00  79.70
 -46.00 -14.00  79.84
 -46.00 -13.00  79.69
 -46.00 -12.00  79.34
 -46.00 -11.00  78.90
 -46.00 -10.00  78.46
 -46.00  -9.00  78.03
 -46.00  -8.00  77.61
 -46.00  -7.00  77.12
 -46.00  -6.00  76.49
 -46.00  -5.00  75.71
 -46.00  -4.00  74.80
 -46.00  -3.00  73.92
 -46.00  -2.00  73.28
 -46.00  -1.00  73.14
 -46.00   0.00  73.73
 -46.00   1.00  75.20
 -46.00   2.00  77.57
 -46.00   3.00  80.67
 -46.00   4.00  84.18
 -46.00   5.00  87.65
 -46.00   6.00  90.63
 -46.00   7.00  92.68
 -46.00   8.00  93.50
 -46.00   9.00  92.96
 -46.00  10.00  91.15
 -46.00  11.00  88.29
 -46.00  12.00  84.74
 -46.00  13.00  80.88
 -46.00  14.00  77.06
 -46.00  15.00  73.52
 -46.00  16.00  70.37
 -46.00  17.00  67.62
 -46.00  18.00  65.19
 -46.00  19.00  62.98
 -46.00  20.00  60.90
 -46.00  21.00  58.94
 -46.00  22.00  57.13
 -46.00  23.00  55.57
 -46.00  24.00  54.40
 -46.00  25.00  53.70
 -46.00  26.00  53.50
 -46.00  27.00  53.73
 -45.00 -37.00  67.64
 -45.00 -36.00  66.97
 -45.00 -35.00  66.32
 -45.00 -34.00  65.83
 -45.00 -33.00  65.64
 -45.00 -32.00  65.82
 -45.00 -31.00  66.38
 -45.00 -30.00  67.26
 -45.00 -29.00  68.30
 -45.00 -28.00  69.38
 -45.00 -27.00  70.33
 -45.00 -26.00  71.10
 -45.00 -25.00  71.66
 -45.00 -24.00  72.09
 -45.00 -23.00  72.49
 -45.00 -22.00  73.01
 -45.00 -21.00  73.74
 -45.00 -20.00  74.71
 -45.00 -19.00  75.90
 -45.00 -18.00  77.20
 -45.00 -17.00  78.45
 -45.00 -16.00  79.50
 -45.00 -15.00  80.24
 -45.00 -14.00  80.60
 -45.00 -13.00  80.61
 -45.00 -12.00  80.36
 -45.00 -11.00  79.94
 -45.00 -10.00  79.48
 -45.00  -9.00  79.03
 -45.00  -8.00  78.61
 -45.00  -7.00  78.16
 -45.00  -6.00  77.63
 -45.00  -5.00  76.94
 -45.00  -4.00  76.08
 -45.00  -3.00  75.15
 -45.00  -2.00  74.30
 -45.00  -1.00  73.79
 -45.00   0.00  73.87
 -45.00   1.00  74.75
 -45.00   2.00  76.55
 -45.00   3.00  79.22
 -45.00   4.00  82.54
 -45.00   5.00  86.14
 -45.00   6.00  89.55
 -45.00   7.00  92.31
 -45.00   8.00  94.02
 -45.00   9.00  94.43
 -45.00  10.00  93.48
 -45.00  11.00  91.30
 -45.00  12.00  88.16
 -45.00  13.00  84.43
 -45.00  14.00  80.49
 -45.00  15.00  76.66
 -45.00  16.00  73.13
 -45.00  17.00  70.01
 -45.00  18.00  67.26
 -45.00  19.00  64.81
 -45.00  20.00  62.56
 -45.00  21.00  60.46
 -45.00  22.00  58.50
 -45.00  23.00  56.76
 -45.00  24.00  55.33
 -45.00  25.00  54.31
 -45.00  26.00  53.78
 -45.00  27.00  53.72
 -44.00 -37.00  68.31
 -44.00 -36.00  67.64
 -44.00 -35.00  66.91
 -44.00 -34.00  66.26
 -44.00 -33.00  65.84
 -44.00 -32.00  65.79
 -44.00 -31.00  66.14
 -44.00 -30.00  66.87
 -44.00 -29.00  67.87
 -44.00 -28.00  69.00
 -44.00 -27.00  70.10
 -44.00 -26.00  71.03
 -44.00 -25.00  71.76
 -44.00 -24.00  72.30
 -44.00 -23.00  72.74
 -44.00 -22.00  73.20
 -44.00 -21.00  73.83
 -44.00 -20.00  74.68
 -44.00 -19.00  75.79
 -44.00 -18.00  77.07
 -44.00 -17.00  78.40
 -44.00 -16.00  79.62
 -44.00 -15.00  80.59
 -44.00 -14.00  81.19
 -44.00 -13.00  81.42
 -44.00 -12.00  81.31
 -44.00 -11.00  80.97
 -44.00 -10.00  80.51
 -44.00  -9.00  80.03
 -44.00  -8.00  79.58
 -44.00  -7.00  79.15
 -44.00  -6.00  78.67
 -44.00  -5.00  78.07
 -44.00  -4.00  77.31
 -44.00  -3.00  76.40
 -44.00  -2.00  75.46
 -44.00  -1.00  74.70
 -44.00   0.00  74.37
 -44.00   1.00  74.72
 -44.00   2.00  75.95
 -44.00   3.00  78.10
 -44.00   4.00  81.07
 -44.00   5.00  84.57
 -44.00   6.00  88.20
 -44.00   7.00  91.47
 -44.00   8.00  93.93
 -44.00   9.00  95.24
 -44.00  10.00  95.19
 -44.00  11.00  93.80
 -44.00  12.00  91.24
 -44.00  13.00  87.84
 -44.00  14.00  83.96
 -44.00  15.00  79.96
 -44.00  16.00  76.13
 -44.00  17.00  72.64
 -44.00  18.00  69.54
 -44.00  19.00  66.80
 -44.00  20.00  64.33
 -44.00  21.00  62.06
 -44.00  22.00  59.95
 -44.00  23.00  58.03
 -44.00  24.00  56.37
 -44.00  25.00  55.08
 -44.00  26.00  54.24
 -44.00  27.00  53.88
 -43.00 -37.00  69.00
 -43.00 -36.00  68.36
 -43.00 -35.00  67.60
 -43.00 -34.00  66.83
 -43.00 -33.00  66.22
 -43.00 -32.00  65.92
 -43.00 -31.00  66.03
 -43.00 -30.00  66.57
 -43.00 -29.00  67.46
 -43.00 -28.00  68.59
 -43.00 -27.00  69.77
 -43.00 -26.00  70.86
 -43.00 -25.00  71.77
 -43.00 -24.00  72.45
 -43.00 -23.00  72.97
 -43.00 -22.00  73.43
 -43.00 -21.00  73.98
 -43.00 -20.00  74.72
 -43.00 -19.00  75.71
 -43.00 -18.00  76.93
 -43.00 -17.00  78.29
 -43.00 -16.00  79.62
 -43.00 -15.00  80.77
 -43.00 -14.00  81.62
 -43.00 -13.00  82.07
 -43.00 -12.00  82.15
 -43.00 -11.00  81.93
 -43.00 -10.00  81.51
 -43.00  -9.00  81.02
 -43.00  -8.00  80.54
 -43.00  -7.00  80.08
 -43.00  -6.00  79.62
 -43.00  -5.00  79.08
 -43.00  -4.00  78.40
 -43.00  -3.00  77.56
 -43.00  -2.00  76.60
 -43.00  -1.00  75.70
 -43.00   0.00  75.07
 -43.00   1.00  74.99
 -43.00   2.00  75.68
 -43.00   3.00  77.28
 -43.00   4.00  79.80
 -43.00   5.00  83.05
 -43.00   6.00  86.69
 -43.00   7.00  90.28
 -43.00   8.00  93.33
 -43.00   9.00  95.42
 -43.00  10.00  96.26
 -43.00  11.00  95.72
 -43.00  12.00  93.88
 -43.00  13.00  90.96
 -43.00  14.00  87.32
 -43.00  15.00  83.31
 -43.00  16.00  79.29
 -43.00  17.00  75.49
 -43.00  18.00  72.03
 -43.00  19.00  68.96
 -43.00  20.00  66.22
 -43.00  21.00  63.74
 -43.00  22.00  61.45
 -43.00  23.00  59.37
 -43.00  24.00  57.51
 -43.00  25.00  55.98
 -43.00  26.00  54.86
 -43.00  27.00  54.21
 -42.00 -37.00  69.64
 -42.00 -36.00  69.06
 -42.00 -35.00  68.29
 -42.00 -34.00  67.45
 -42.00 -33.00  66.69
 -42.00 -32.00  66.18
 -42.00 -31.00  66.04
 -42.00 -30.00  66.34
 -42.00 -29.00  67.08
 -42.00 -28.00  68.13
 -42.00 -27.00  69.35
 -42.00 -26.00  70.56
 -42.00 -25.00  71.63
 -42.00 -24.00  72.48
 -42.00 -23.00  73.12
 -42.00 -22.00  73.64
 -42.00 -21.00  74.15
 -42.00 -20.00  74.80
 -42.00 -19.00  75.68
 -42.00 -18.00  76.81
 -42.00 -17.00  78.14
 -42.00 -16.00  79.53
 -42.00 -15.00  80.83
 -42.00 -14.00  81.88
 -42.00 -13.00  82.58
 -42.00 -12.00  82.88
 -42.00 -11.00  82.82
 -42.00 -10.00  82.49
 -42.00  -9.00  82.02
 -42.00  -8.00  81.51
 -42.00  -7.00  81.02
 -42.00  -6.00  80.54
 -42.00  -5.00  80.03
 -42.00  -4.00  79.42
 -42.00  -3.00  78.64
 -42.00  -2.00  77.73
 -42.00  -1.00  76.76
 -42.00   0.00  75.94
 -42.00   1.00  75.51
 -42.00   2.00  75.74
 -42.00   3.00  76.83
 -42.00   4.00  78.85
 -42.00   5.00  81.73
 -42.00   6.00  85.22
 -42.00   7.00  88.93
 -42.00   8.00  92.38
 -42.00   9.00  95.12
 -42.00  10.00  96.76
 -42.00  11.00  97.06
 -42.00  12.00  96.00
 -42.00  13.00  93.70
 -42.00  14.00  90.44
 -42.00  15.00  86.58
 -42.00  16.00  82.49
 -42.00  17.00  78.45
 -42.00  18.00  74.69
 -42.00  19.00  71.28
 -42.00  20.00  68.24
 -42.00  21.00  65.51
 -42.00  22.00  63.02
 -42.00  23.00  60.75
 -42.00  24.00  58.72
 -42.00  25.00  56.97
 -42.00  26.00  55.59
 -42.00  27.00  54.66
 -41.00 -37.00  70.23
 -41.00 -36.00  69.71
 -41.00 -35.00  68.98
 -41.00 -34.00  68.11
 -41.00 -33.00  67.24
 -41.00 -32.00  66.54
 -41.00 -31.00  66.16
 -41.00 -30.00  66.22
 -41.00 -29.00  66.75
 -41.00 -28.00  67.68
 -41.00 -27.00  68.87
 -41.00 -26.00  70.15
 -41.00 -25.00  71.36
 -41.00 -24.00  72.38
 -41.00 -23.00  73.18
 -41.00 -22.00  73.79
 -41.00 -21.00  74.32
 -41.00 -20.00  74.92
 -41.00 -19.00  75.70
 -41.00 -18.00  76.73
 -41.00 -17.00  77.99
 -41.00 -16.00  79.39
 -41.00 -15.00  80.79
 -41.00 -14.00  82.02
 -41.00 -13.00  82.94
 -41.00 -12.00  83.47
 -41.00 -11.00  83.60
 -41.00 -10.00  83.41
 -41.00  -9.00  83.00
 -41.00  -8.00  82.49
 -41.00  -7.00  81.96
 -41.00  -6.00  81.45
 -41.00  -5.00  80.94
 -41.00  -4.00  80.37
 -41.00  -3.00  79.66
 -41.00  -2.00  78.80
 -41.00  -1.00  77.83
 -41.00   0.00  76.90
 -41.00   1.00  76.23
 -41.00   2.00  76.08
 -41.00   3.00  76.69
 -41.00   4.00  78.22
 -41.00   5.00  80.67
 -41.00   6.00  83.88
 -41.00   7.00  87.55
 -41.00   8.00  91.23
 -41.00   9.00  94.45
 -41.00  10.00  96.77
 -41.00  11.00  97.87
 -41.00  12.00  97.60
 -41.00  13.00  95.99
 -41.00  14.00  93.24
 -41.00  15.00  89.67
 -41.00  16.00  85.64
 -41.00  17.00  81.48
 -41.00  18.00  77.47
 -41.00  19.00  73.75
 -41.00  20.00  70.40
 -41.00  21.00  67.39
 -41.00  22.00  64.67
 -41.00  23.00  62.20
 -41.00  24.00  59.97
 -41.00  25.00  58.02
 -41.00  26.00  56.41
 -41.00  27.00  55.22
 -40.00 -37.00  70.79
 -40.00 -36.00  70.34
 -40.00 -35.00  69.66
 -40.00 -34.00  68.80
 -40.00 -33.00  67.85
 -40.00 -32.00  67.00
 -40.00 -31.00  66.40
 -40.00 -30.00  66.22
 -40.00 -29.00  66.51
 -40.00 -28.00  67.26
 -40.00 -27.00  68.37
 -40.00 -26.00  69.67
 -40.00 -25.00  70.99
 -40.00 -24.00  72.17
 -40.00 -23.00  73.13
 -40.00 -22.00  73.87
 -40.00 -21.00  74.47
 -40.00 -20.00  75.05
 -40.00 -19.00  75.76
 -40.00 -18.00  76.68
 -40.00 -17.00  77.85
 -40.00 -16.00  79.23
 -40.00 -15.00  80.67
 -40.00 -14.00  82.04
 -40.00 -13.00  83.16
 -40.00 -12.00  83.92
 -40.00 -11.00  84.28
 -40.00 -10.00  84.25
 -40.00  -9.00  83.94
 -40.00  -8.00  83.46
 -40.00  -7.00  82.92
 -40.00  -6.00  82.38
 -40.00  -5.00  81.84
 -40.00  -4.00  81.28
 -40.00  -3.00  80.62
 -40.00  -2.00  79.81
 -40.00  -1.00  78.86
 -40.00   0.00  77.89
 -40.00   1.00  77.05
 -40.00   2.00  76.61
 -40.00   3.00  76.81
 -40.00   4.00  77.87
 -40.00   5.00  79.86
 -40.00   6.00  82.72
 -40.00   7.00  86.21
 -40.00   8.00  89.96
 -40.00   9.00  93.51
 -40.00  10.00  96.38
 -40.00  11.00  98.20
 -40.00  12.00  98.70
 -40.00  13.00  97.83
 -40.00  14.00  95.69
 -40.00  15.00  92.53
 -40.00  16.00  88.68
 -40.00  17.00  84.52
 -40.00  18.00  80.33
 -40.00  19.00  76.35
 -40.00  20.00  72.70
 -40.00  21.00  69.39
 -40.00  22.00  66.41
 -40.00  23.00  63.72
 -40.00  24.00  61.29
 -40.00  25.00  59.14
 -40.00  26.00  57.31
 -40.00  27.00  55.88
 -39.00 -37.00  71.35
 -39.00 -36.00  70.95
 -39.00 -35.00  70.34
 -39.00 -34.00  69.50
 -39.00 -33.00  68.52
 -39.00 -32.00  67.55
 -39.00 -31.00  66.77
 -39.00 -30.00  66.34
 -39.00 -29.00  66.38
 -39.00 -28.00  66.92
 -39.00 -27.00  67.89
 -39.00 -26.00  69.15
 -39.00 -25.00  70.53
 -39.00 -24.00  71.84
 -39.00 -23.00  72.96
 -39.00 -22.00  73.86
 -39.00 -21.00  74.56
 -39.00 -20.00  75.18
 -39.00 -19.00  75.84
 -39.00 -18.00  76.67
 -39.00 -17.00  77.75
 -39.00 -16.00  79.06
 -39.00 -15.00  80.51
 -39.00 -14.00  81.97
 -39.00 -13.00  83.26
 -39.00 -12.00  84.24
 -39.00 -11.00  84.82
 -39.00 -10.00  85.00
 -39.00  -9.00  84.84
 -39.00  -8.00  84.43
 -39.00  -7.00  83.89
 -39.00  -6.00  83.32
 -39.00  -5.00  82.75
 -39.00  -4.00  82.18
 -39.00  -3.00  81.53
 -39.00  -2.00  80.77
 -39.00  -1.00  79.87
 -39.00   0.00  78.88
 -39.00   1.00  77.94
 -39.00   2.00  77.28
 -39.00   3.00  77.14
 -39.00   4.00  77.76
 -39.00   5.00  79.28
 -39.00   6.00  81.73
 -39.00   7.00  84.95
 -39.00   8.00  88.64
 -39.00   9.00  92.37
 -39.00  10.00  95.67
 -39.00  11.00  98.11
 -39.00  12.00  99.35
 -39.00  13.00  99.23
 -39.00  14.00  97.76
 -39.00  15.00  95.11
 -39.00  16.00  91.58
 -39.00  17.00  87.52
 -39.00  18.00  83.26
 -39.00  19.00  79.08
 -39.00  20.00  75.14
 -39.00  21.00  71.54
 -39.00  22.00  68.29
 -39.00  23.00  65.35
 -39.00  24.00  62.70
 -39.00  25.00  60.33
 -39.00  26.00  58.29
 -39.00  27.00  56.62
 -38.00 -37.00  71.92
 -38.00 -36.00  71.57
 -38.00 -35.00  71.01
 -38.00 -34.00  70.23
 -38.00 -33.00  69.25
 -38.00 -32.00  68.21
 -38.00 -31.00  67.27
 -38.00 -30.00  66.61
 -38.00 -29.00  66.39
 -38.00 -28.00  66.68
 -38.00 -27.00  67.46
 -38.00 -26.00  68.62
 -38.00 -25.00  70.00
 -38.00 -24.00  71.41
 -38.00 -23.00  72.69
 -38.00 -22.00  73.75
 -38.00 -21.00  74.58
 -38.00 -20.00  75.27
 -38.00 -19.00  75.93
 -38.00 -18.00  76.70
 -38.00 -17.00  77.68
 -38.00 -16.00  78.90
 -38.00 -15.00  80.32
 -38.00 -14.00  81.82
 -38.00 -13.00  83.25
 -38.00 -12.00  84.43
 -38.00 -11.00  85.25
 -38.00 -10.00  85.65
 -38.00  -9.00  85.66
 -38.00  -8.00  85.36
 -38.00  -7.00  84.87
 -38.00  -6.00  84.29
 -38.00  -5.00  83.69
 -38.00  -4.00  83.08
 -38.00  -3.00  82.44
 -38.00  -2.00  81.71
 -38.00  -1.00  80.85
 -38.00   0.00  79.87
 -38.00   1.00  78.88
 -38.00   2.00  78.05
 -38.00   3.00  77.62
 -38.00   4.00  77.85
 -38.00   5.00  78.92
 -38.00   6.00  80.93
 -38.00   7.00  83.80
 -38.00   8.00  87.31
 -38.00   9.00  91.09
 -38.00  10.00  94.69
 -38.00  11.00  97.64
 -38.00  12.00  99.56
 -38.00  13.00 100.19
 -38.00  14.00  99.43
 -38.00  15.00  97.39
 -38.00  16.00  94.29
 -38.00  17.00  90.46
 -38.00  18.00  86.23
 -38.00  19.00  81.92
 -38.00  20.00  77.75
 -38.00  21.00  73.87
 -38.00  22.00  70.33
 -38.00  23.00  67.12
 -38.00  24.00  64.23
 -38.00  25.00  61.64
 -38.00  26.00  59.37
 -38.00  27.00  57.46
 -37.00 -37.00  72.54
 -37.00 -36.00  72.20
 -37.00 -35.00  71.71
 -37.00 -34.00  70.98
 -37.00 -33.00  70.04
 -37.00 -32.00  68.95
 -37.00 -31.00  67.89
 -37.00 -30.00  67.03
 -37.00 -29.00  66.55
 -37.00 -28.00  66.57
 -37.00 -27.00  67.12
 -37.00 -26.00  68.12
 -37.00 -25.00  69.45
 -37.00 -24.00  70.90
 -37.00 -23.00  72.31
 -37.00 -22.00  73.53
 -37.00 -21.00  74.52
 -37.00 -20.00  75.31
 -37.00 -19.00  76.00
 -37.00 -18.00  76.74
 -37.00 -17.00  77.63
 -37.00 -16.00  78.76
 -37.00 -15.00  80.12
 -37.00 -14.00  81.63
 -37.00 -13.00  83.14
 -37.00 -12.00  84.49
 -37.00 -11.00  85.53
 -37.00 -10.00  86.18
 -37.00  -9.00  86.40
 -37.00  -8.00  86.26
 -37.00  -7.00  85.85
 -37.00  -6.00  85.28
 -37.00  -5.00  84.66
 -37.00  -4.00  84.02
 -37.00  -3.00  83.36
 -37.00  -2.00  82.63
 -37.00  -1.00  81.80
 -37.00   0.00  80.85
 -37.00   1.00  79.84
 -37.00   2.00  78.90
 -37.00   3.00  78.24
 -37.00   4.00  78.12
 -37.00   5.00  78.76
 -37.00   6.00  80.30
 -37.00   7.00  82.77
 -37.00   8.00  86.00
 -37.00   9.00  89.70
 -37.00  10.00  93.47
 -37.00  11.00  96.83
 -37.00  12.00  99.35
 -37.00  13.00 100.71
 -37.00  14.00 100.70
 -37.00  15.00  99.34
 -37.00  16.00  96.78
 -37.00  17.00  93.29
 -37.00  18.00  89.20
 -37.00  19.00  84.85
 -37.00  20.00  80.52
 -37.00  21.00  76.38
 -37.00  22.00  72.56
 -37.00  23.00  69.07
 -37.00  24.00  65.91
 -37.00  25.00  63.08
 -37.00  26.00  60.57
 -37.00  27.00  58.43
 -36.00 -37.00  73.21
 -36.00 -36.00  72.87
 -36.00 -35.00  72.42
 -36.00 -34.00  71.76
 -36.00 -33.00  70.87
 -36.00 -32.00  69.78
 -36.00 -31.00  68.63
 -36.00 -30.00  67.60
 -36.00 -29.00  66.88
 -36.00 -28.00  66.62
 -36.00 -27.00  66.89
 -36.00 -26.00  67.69
 -36.00 -25.00  68.89
 -36.00 -24.00  70.34
 -36.00 -23.00  71.83
 -36.00 -22.00  73.21
 -36.00 -21.00  74.36
 -36.00 -20.00  75.29
 -36.00 -19.00  76.05
 -36.00 -18.00  76.78
 -36.00 -17.00  77.61
 -36.00 -16.00  78.64
 -36.00 -15.00  79.92
 -36.00 -14.00  81.39
 -36.00 -13.00  82.95
 -36.00 -12.00  84.44
 -36.00 -11.00  85.69
 -36.00 -10.00  86.57
 -36.00  -9.00  87.03
 -36.00  -8.00  87.08
 -36.00  -7.00  86.80
 -36.00  -6.00  86.29
 -36.00  -5.00  85.66
 -36.00  -4.00  84.99
 -36.00  -3.00  84.30
 -36.00  -2.00  83.56
 -36.00  -1.00  82.75
 -36.00   0.00  81.82
 -36.00   1.00  80.81
 -36.00   2.00  79.80
 -36.00   3.00  78.97
 -36.00   4.00  78.56
 -36.00   5.00  78.80
 -36.00   6.00  79.88
 -36.00   7.00  81.89
 -36.00   8.00  84.76
 -36.00   9.00  88.28
 -36.00  10.00  92.08
 -36.00  11.00  95.72
 -36.00  12.00  98.76
 -36.00  13.00 100.78
 -36.00  14.00 101.53
 -36.00  15.00 100.91
 -36.00  16.00  98.98
 -36.00  17.00  95.95
 -36.00  18.00  92.13
 -36.00  19.00  87.84
 -36.00  20.00  83.41
 -36.00  21.00  79.07
 -36.00  22.00  74.98
 -36.00  23.00  71.21
 -36.00  24.00  67.77
 -36.00  25.00  64.68
 -36.00  26.00  61.93
 -36.00  27.00  59.53
 -35.00 -37.00  73.95
 -35.00 -36.00  73.57
 -35.00 -35.00  73.15
 -35.00 -34.00  72.55
 -35.00 -33.00  71.72
 -35.00 -32.00  70.67
 -35.00 -31.00  69.48
 -35.00 -30.00  68.32
 -35.00 -29.00  67.38
 -35.00 -28.00  66.84
 -35.00 -27.00  66.82
 -35.00 -26.00  67.36
 -35.00 -25.00  68.39
 -35.00 -24.00  69.77
 -35.00 -23.00  71.30
 -35.00 -22.00  72.79
 -35.00 -21.00  74.10
 -35.00 -20.00  75.18
 -35.00 -19.00  76.06
 -35.00 -18.00  76.82
 -35.00 -17.00  77.62
 -35.00 -16.00  78.56
 -35.00 -15.00  79.74
 -35.00 -14.00  81.16
 -35.00 -13.00  82.72
 -35.00 -12.00  84.30
 -35.00 -11.00  85.72
 -35.00 -10.00  86.84
 -35.00  -9.00  87.55
 -35.00  -8.00  87.82
 -35.00  -7.00  87.70
 -35.00  -6.00  87.28
 -35.00  -5.00  86.68
 -35.00  -4.00  85.99
 -35.00  -3.00  85.26
 -35.00  -2.00  84.51
 -35.00  -1.00  83.69
 -35.00   0.00  82.78
 -35.00   1.00  81.78
 -35.00   2.00  80.73
 -35.00   3.00  79.78
 -35.00   4.00  79.13
 -35.00   5.00  79.02
 -35.00   6.00  79.66
 -35.00   7.00  81.20
 -35.00   8.00  83.66
 -35.00   9.00  86.89
 -35.00  10.00  90.60
 -35.00  11.00  94.40
 -35.00  12.00  97.83
 -35.00  13.00 100.44
 -35.00  14.00 101.92
 -35.00  15.00 102.05
 -35.00  16.00 100.81
 -35.00  17.00  98.34
 -35.00  18.00  94.90
 -35.00  19.00  90.80
 -35.00  20.00  86.37
 -35.00  21.00  81.89
 -35.00  22.00  77.56
 -35.00  23.00  73.51
 -35.00  24.00  69.80
 -35.00  25.00  66.43
 -35.00  26.00  63.42
 -35.00  27.00  60.77
 -34.00 -37.00  74.74
 -34.00 -36.00  74.31
 -34.00 -35.00  73.88
 -34.00 -34.00  73.33
 -34.00 -33.00  72.57
 -34.00 -32.00  71.57
 -34.00 -31.00  70.38
 -34.00 -30.00  69.13
 -34.00 -29.00  68.01
 -34.00 -28.00  67.22
 -34.00 -27.00  66.92
 -34.00 -26.00  67.18
 -34.00 -25.00  68.00
 -34.00 -24.00  69.24
 -34.00 -23.00  70.75
 -34.00 -22.00  72.32
 -34.00 -21.00  73.77
 -34.00 -20.00  75.01
 -34.00 -19.00  76.01
 -34.00 -18.00  76.85
 -34.00 -17.00  77.64
 -34.00 -16.00  78.53
 -34.00 -15.00  79.61
 -34.00 -14.00  80.95
 -34.00 -13.00  82.48
 -34.00 -12.00  84.11
 -34.00 -11.00  85.66
 -34.00 -10.00  86.98
 -34.00  -9.00  87.93
 -34.00  -8.00  88.44
 -34.00  -7.00  88.52
 -34.00  -6.00  88.24
 -34.00  -5.00  87.70
 -34.00  -4.00  87.01
 -34.00  -3.00  86.25
 -34.00  -2.00  85.46
 -34.00  -1.00  84.63
 -34.00   0.00  83.73
 -34.00   1.00  82.73
 -34.00   2.00  81.67
 -34.00   3.00  80.63
 -34.00   4.00  79.80
 -34.00   5.00  79.40
 -34.00   6.00  79.65
 -34.00   7.00  80.74
 -34.00   8.00  82.76
 -34.00   9.00  85.63
 -34.00  10.00  89.16
 -34.00  11.00  92.98
 -34.00  12.00  96.67
 -34.00  13.00  99.77
 -34.00  14.00 101.88
 -34.00  15.00 102.74
 -34.00  16.00 102.23
 -34.00  17.00 100.39
 -34.00  18.00  97.42
 -34.00  19.00  93.60
 -34.00  20.00  89.27
 -34.00  21.00  84.73
 -34.00  22.00  80.23
 -34.00  23.00  75.93
 -34.00  24.00  71.94
 -34.00  25.00  68.30
 -34.00  26.00  65.02
 -34.00  27.00  62.11
 -33.00 -37.00  75.58
 -33.00 -36.00  75.07
 -33.00 -35.00  74.61
 -33.00 -34.00  74.09
 -33.00 -33.00  73.39
 -33.00 -32.00  72.44
 -33.00 -31.00  71.27
 -33.00 -30.00  69.98
 -33.00 -29.00  68.73
 -33.00 -28.00  67.73
 -33.00 -27.00  67.17
 -33.00 -26.00  67.16
 -33.00 -25.00  67.73
 -33.00 -24.00  68.82
 -33.00 -23.00  70.25
 -33.00 -22.00  71.85
 -33.00 -21.00  73.40
 -33.00 -20.00  74.78
 -33.00 -19.00  75.92
 -33.00 -18.00  76.85
 -33.00 -17.00  77.67
 -33.00 -16.00  78.53
 -33.00 -15.00  79.54
 -33.00 -14.00  80.79
 -33.00 -13.00  82.28
 -33.00 -12.00  83.92
 -33.00 -11.00  85.56
 -33.00 -10.00  87.05
 -33.00  -9.00  88.21
 -33.00  -8.00  88.96
 -33.00  -7.00  89.24
 -33.00  -6.00  89.12
 -33.00  -5.00  88.67
 -33.00  -4.00  88.00
 -33.00  -3.00  87.23
 -33.00  -2.00  86.41
 -33.00  -1.00  85.55
 -33.00   0.00  84.63
 -33.00   1.00  83.64
 -33.00   2.00  82.57
 -33.00   3.00  81.49
 -33.00   4.00  80.53
 -33.00   5.00  79.90
 -33.00   6.00  79.83
 -33.00   7.00  80.52
 -33.00   8.00  82.11
 -33.00   9.00  84.61
 -33.00  10.00  87.87
 -33.00  11.00  91.62
 -33.00  12.00  95.44
 -33.00  13.00  98.89
 -33.00  14.00 101.54
 -33.00  15.00 103.05
 -33.00  16.00 103.22
 -33.00  17.00 102.02
 -33.00  18.00  99.58
 -33.00  19.00  96.12
 -33.00  20.00  91.98
 -33.00  21.00  87.45
 -33.00  22.00  82.84
 -33.00  23.00  78.34
 -33.00  24.00  74.11
 -33.00  25.00  70.20
 -33.00  26.00  66.66
 -33.00  27.00  63.50
 -32.00 -37.00  76.42
 -32.00 -36.00  75.81
 -32.00 -35.00  75.31
 -32.00 -34.00  74.79
 -32.00 -33.00  74.13
 -32.00 -32.00  73.24
 -32.00 -31.00  72.10
 -32.00 -30.00  70.79
 -32.00 -29.00  69.46
 -32.00 -28.00  68.31
 -32.00 -27.00  67.53
 -32.00 -26.00  67.27
 -32.00 -25.00  67.62
 -32.00 -24.00  68.52
 -32.00 -23.00  69.86
 -32.00 -22.00  71.44
 -32.00 -21.00  73.07
 -32.00 -20.00  74.56
 -32.00 -19.00  75.82
 -32.00 -18.00  76.85
 -32.00 -17.00  77.73
 -32.00 -16.00  78.58
 -32.00 -15.00  79.54
 -32.00 -14.00  80.72
 -32.00 -13.00  82.15
 -32.00 -12.00  83.78
 -32.00 -11.00  85.48
 -32.00 -10.00  87.09
 -32.00  -9.00  88.44
 -32.00  -8.00  89.38
 -32.00  -7.00  89.87
 -32.00  -6.00  89.91
 -32.00  -5.00  89.56
 -32.00  -4.00  88.94
 -32.00  -3.00  88.17
 -32.00  -2.00  87.32
 -32.00  -1.00  86.42
 -32.00   0.00  85.48
 -32.00   1.00  84.48
 -32.00   2.00  83.40
 -32.00   3.00  82.29
 -32.00   4.00  81.25
 -32.00   5.00  80.46
 -32.00   6.00  80.14
 -32.00   7.00  80.50
 -32.00   8.00  81.72
 -32.00   9.00  83.87
 -32.00  10.00  86.85
 -32.00  11.00  90.45
 -32.00  12.00  94.31
 -32.00  13.00  97.98
 -32.00  14.00 101.03
 -32.00  15.00 103.08
 -32.00  16.00 103.85
 -32.00  17.00 103.24
 -32.00  18.00 101.31
 -32.00  19.00  98.25
 -32.00  20.00  94.34
 -32.00  21.00  89.90
 -32.00  22.00  85.24
 -32.00  23.00  80.59
 -32.00  24.00  76.15
 -32.00  25.00  72.01
 -32.00  26.00  68.22
 -32.00  27.00  64.83
 -31.00 -37.00  77.19
 -31.00 -36.00  76.51
 -31.00 -35.00  75.95
 -31.00 -34.00  75.42
 -31.00 -33.00  74.78
 -31.00 -32.00  73.92
 -31.00 -31.00  72.82
 -31.00 -30.00  71.50
 -31.00 -29.00  70.12
 -31.00 -28.00  68.85
 -31.00 -27.00  67.91
 -31.00 -26.00  67.47
 -31.00 -25.00  67.62
 -31.00 -24.00  68.37
 -31.00 -23.00  69.61
 -31.00 -22.00  71.17
 -31.00 -21.00  72.82
 -31.00 -20.00  74.39
 -31.00 -19.00  75.76
 -31.00 -18.00  76.88
 -31.00 -17.00  77.81
 -31.00 -16.00  78.68
 -31.00 -15.00  79.62
 -31.00 -14.00  80.75
 -31.00 -13.00  82.14
 -31.00 -12.00  83.75
 -31.00 -11.00  85.49
 -31.00 -10.00  87.18
 -31.00  -9.00  88.67
 -31.00  -8.00  89.78
 -31.00  -7.00  90.43
 -31.00  -6.00  90.61
 -31.00  -5.00  90.36
 -31.00  -4.00  89.80
 -31.00  -3.00  89.03
 -31.00  -2.00  88.15
 -31.00  -1.00  87.22
 -31.00   0.00  86.25
 -31.00   1.00  85.23
 -31.00   2.00  84.14
 -31.00   3.00  83.00
 -31.00   4.00  81.91
 -31.00   5.00  81.01
 -31.00   6.00  80.51
 -31.00   7.00  80.63
 -31.00   8.00  81.57
 -31.00   9.00  83.42
 -31.00  10.00  86.16
 -31.00  11.00  89.60
 -31.00  12.00  93.43
 -31.00  13.00  97.23
 -31.00  14.00 100.56
 -31.00  15.00 102.99
 -31.00  16.00 104.23
 -31.00  17.00 104.11
 -31.00  18.00 102.63
 -31.00  19.00  99.92
 -31.00  20.00  96.25
 -31.00  21.00  91.92
 -31.00  22.00  87.25
 -31.00  23.00  82.51
 -31.00  24.00  77.90
 -31.00  25.00  73.56
 -31.00  26.00  69.57
 -31.00  27.00  65.97
 -30.00 -37.00  78.24
 -30.00 -36.00  77.54
 -30.00 -35.00  77.00
 -30.00 -34.00  76.52
 -30.00 -33.00  75.94
 -30.00 -32.00  75.16
 -30.00 -31.00  74.11
 -30.00 -30.00  72.82
 -30.00 -29.00  71.41
 -30.00 -28.00  70.07
 -30.00 -27.00  69.03
 -30.00 -26.00  68.46
 -30.00 -25.00  68.49
 -30.00 -24.00  69.14
 -30.00 -23.00  70.32
 -30.00 -22.00  71.84
 -30.00 -21.00  73.51
 -30.00 -20.00  75.11
 -30.00 -19.00  76.51
 -30.00 -18.00  77.64
 -30.00 -17.00  78.56
 -30.00 -16.00  79.38
 -30.00 -15.00  80.25
 -30.00 -14.00  81.31
 -30.00 -13.00  82.63
 -30.00 -12.00  84.21
 -30.00 -11.00  85.95
 -30.00 -10.00  87.70
 -30.00  -9.00  89.25
 -30.00  -8.00  90.45
 -30.00  -7.00  91.18
 -30.00  -6.00  91.40
 -30.00  -5.00  91.17
 -30.00  -4.00  90.56
 -30.00  -3.00  89.73
 -30.00  -2.00  88.76
 -30.00  -1.00  87.75
 -30.00   0.00  86.72
 -30.00   1.00  85.66
 -30.00   2.00  84.55
 -30.00   3.00  83.39
 -30.00   4.00  82.25
 -30.00   5.00  81.26
 -30.00   6.00  80.60
 -30.00   7.00  80.51
 -30.00   8.00  81.18
 -30.00   9.00  82.75
 -30.00  10.00  85.24
 -30.00  11.00  88.50
 -30.00  12.00  92.28
 -30.00  13.00  96.16
 -30.00  14.00  99.72
 -30.00  15.00 102.52
 -30.00  16.00 104.21
 -30.00  17.00 104.58
 -30.00  18.00 103.55
 -30.00  19.00 101.23
 -30.00  20.00  97.83
 -30.00  21.00  93.65
 -30.00  22.00  89.00
 -30.00  23.00  84.19
 -30.00  24.00  79.45
 -30.00  25.00  74.95
 -30.00  26.00  70.81
 -30.00  27.00  67.09
