 -83.00 -37.00  16.59
 -83.00 -36.00  16.33
 -83.00 -35.00  16.23
 -83.00 -34.00  16.28
 -83.00 -33.00  16.46
 -83.00 -32.00  16.71
 -83.00 -31.00  17.03
 -83.00 -30.00  17.39
 -83.00 -29.00  17.80
 -83.00 -28.00  18.27
 -83.00 -27.00  18.84
 -83.00 -26.00  19.53
 -83.00 -25.00  20.36
 -83.00 -24.00  21.33
 -83.00 -23.00  22.40
 -83.00 -22.00  23.49
 -83.00 -21.00  24.52
 -83.00 -20.00  25.38
 -83.00 -19.00  25.99
 -83.00 -18.00  26.26
 -83.00 -17.00  26.15
 -83.00 -16.00  25.69
 -83.00 -15.00  24.91
 -83.00 -14.00  23.91
 -83.00 -13.00  22.80
 -83.00 -12.00  21.68
 -83.00 -11.00  20.65
 -83.00 -10.00  19.77
 -83.00  -9.00  19.08
 -83.00  -8.00  18.57
 -83.00  -7.00  18.17
 -83.00  -6.00  17.85
 -83.00  -5.00  17.53
 -83.00  -4.00  17.18
 -83.00  -3.00  16.75
 -83.00  -2.00  16.27
 -83.00  -1.00  15.77
 -83.00   0.00  15.28
 -83.00   1.00  14.86
 -83.00   2.00  14.55
 -83.00   3.00  14.38
 -83.00   4.00  14.35
 -83.00   5.00  14.44
 -83.00   6.00  14.61
 -83.00   7.00  14.84
 -83.00   8.00  15.08
 -83.00   9.00  15.32
 -83.00  10.00  15.55
 -83.00  11.00  15.80
 -83.00  12.00  16.08
 -83.00  13.00  16.42
 -83.00  14.00  16.84
 -83.00  15.00  17.33
 -83.00  16.00  17.87
 -83.00  17.00  18.41
 -83.00  18.00  18.90
 -83.00  19.00  19.27
 -83.00  20.00  19.48
 -83.00  21.00  19.49
 -83.00  22.00  19.31
 -83.00  23.00  18.97
 -83.00  24.00  18.50
 -83.00  25.00  17.98
 -83.00  26.00  17.46
 -83.00  27.00  16.98
 -82.00 -37.00  16.47
 -82.00 -36.00  16.22
 -82.00 -35.00  16.13
 -82.00 -34.00  16.18
 -82.00 -33.00  16.36
 -82.00 -32.00  16.62
 -82.00 -31.00  16.94
 -82.00 -30.00  17.30
 -82.00 -29.00  17.71
 -82.00 -28.00  18.18
 -82.00 -27.00  18.73
 -82.00 -26.00  19.41
 -82.00 -25.00  20.21
 -82.00 -24.00  21.13
 -82.00 -23.00  22.13
 -82.00 -22.00  23.16
 -82.00 -21.00  24.11
 -82.00 -20.00  24.91
 -82.00 -19.00  25.46
 -82.00 -18.00  25.68
 -82.00 -17.00  25.55
 -82.00 -16.00  25.07
 -82.00 -15.00  24.30
 -82.00 -14.00  23.32
 -82.00 -13.00  22.23
 -82.00 -12.00  21.14
 -82.00 -11.00  20.14
 -82.00 -10.00  19.30
 -82.00  -9.00  18.63
 -82.00  -8.00  18.14
 -82.00  -7.00  17.77
 -82.00  -6.00  17.46
 -82.00  -5.00  17.17
 -82.00  -4.00  16.84
 -82.00  -3.00  16.44
 -82.00  -2.00  16.00
 -82.00  -1.00  15.53
 -82.00   0.00  15.07
 -82.00   1.00  14.68
 -82.00   2.00  14.40
 -82.00   3.00  14.24
 -82.00   4.00  14.22
 -82.00   5.00  14.31
 -82.00   6.00  14.47
 -82.00   7.00  14.69
 -82.00   8.00  14.92
 -82.00   9.00  15.15
 -82.00  10.00  15.38
 -82.00  11.00  15.62
 -82.00  12.00  15.91
 -82.00  13.00  16.26
 -82.00  14.00  16.69
 -82.00  15.00  17.19
 -82.00  16.00  17.73
 -82.00  17.00  18.26
 -82.00  18.00  18.73
 -82.00  19.00  19.09
 -82.00  20.00  19.27
 -82.00  21.00  19.26
 -82.00  22.00  19.06
 -82.00  23.00  18.70
 -82.00  24.00  18.23
 -82.00  25.00  17.70
 -82.00  26.00  17.18
 -82.00  27.00  16.70
 -81.00 -37.00  16.36
 -81.00 -36.00  16.11
 -81.00 -35.00  16.02
 -81.00 -34.00  16.08
 -81.00 -33.00  16.26
 -81.00 -32.00  16.52
 -81.00 -31.00  16.84
 -81.00 -30.00  17.20
 -81.00 -29.00  17.61
 -81.00 -28.00  18.07
 -81.00 -27.00  18.60
 -81.00 -26.00  19.25
 -81.00 -25.00  20.01
 -81.00 -24.00  20.87
 -81.00 -23.00  21.82
 -81.00 -22.00  22.78
 -81.00 -21.00  23.67
 -81.00 -20.00  24.41
 -81.00 -19.00  24.91
 -81.00 -18.00  25.10
 -81.00 -17.00  24.95
 -81.00 -16.00  24.48
 -81.00 -15.00  23.72
 -81.00 -14.00  22.75
 -81.00 -13.00  21.69
 -81.00 -12.00  20.63
 -81.00 -11.00  19.66
 -81.00 -10.00  18.84
 -81.00  -9.00  18.20
 -81.00  -8.00  17.72
 -81.00  -7.00  17.36
 -81.00  -6.00  17.08
 -81.00  -5.00  16.81
 -81.00  -4.00  16.50
 -81.00  -3.00  16.14
 -81.00  -2.00  15.73
 -81.00  -1.00  15.29
 -81.00   0.00  14.87
 -81.00   1.00  14.50
 -81.00   2.00  14.24
 -81.00   3.00  14.10
 -81.00   4.00  14.07
 -81.00   5.00  14.16
 -81.00   6.00  14.32
 -81.00   7.00  14.52
 -81.00   8.00  14.74
 -81.00   9.00  14.96
 -81.00  10.00  15.19
 -81.00  11.00  15.44
 -81.00  12.00  15.73
 -81.00  13.00  16.09
 -81.00  14.00  16.52
 -81.00  15.00  17.03
 -81.00  16.00  17.56
 -81.00  17.00  18.09
 -81.00  18.00  18.55
 -81.00  19.00  18.89
 -81.00  20.00  19.05
 -81.00  21.00  19.02
 -81.00  22.00  18.81
 -81.00  23.00  18.44
 -81.00  24.00  17.96
 -81.00  25.00  17.43
 -81.00  26.00  16.91
 -81.00  27.00  16.44
 -80.00 -37.00  16.26
 -80.00 -36.00  16.01
 -80.00 -35.00  15.92
 -80.00 -34.00  15.97
 -80.00 -33.00  16.15
 -80.00 -32.00  16.41
 -80.00 -31.00  16.73
 -80.00 -30.00  17.09
 -80.00 -29.00  17.49
 -80.00 -28.00  17.93
 -80.00 -27.00  18.45
 -80.00 -26.00  19.06
 -80.00 -25.00  19.77
 -80.00 -24.00  20.59
 -80.00 -23.00  21.47
 -80.00 -22.00  22.37
 -80.00 -21.00  23.21
 -80.00 -20.00  23.90
 -80.00 -19.00  24.36
 -80.00 -18.00  24.52
 -80.00 -17.00  24.37
 -80.00 -16.00  23.90
 -80.00 -15.00  23.16
 -80.00 -14.00  22.22
 -80.00 -13.00  21.19
 -80.00 -12.00  20.16
 -80.00 -11.00  19.21
 -80.00 -10.00  18.41
 -80.00  -9.00  17.78
 -80.00  -8.00  17.31
 -80.00  -7.00  16.97
 -80.00  -6.00  16.70
 -80.00  -5.00  16.45
 -80.00  -4.00  16.17
 -80.00  -3.00  15.84
 -80.00  -2.00  15.46
 -80.00  -1.00  15.05
 -80.00   0.00  14.66
 -80.00   1.00  14.32
 -80.00   2.00  14.07
 -80.00   3.00  13.94
 -80.00   4.00  13.91
 -80.00   5.00  13.99
 -80.00   6.00  14.14
 -80.00   7.00  14.34
 -80.00   8.00  14.55
 -80.00   9.00  14.76
 -80.00  10.00  14.99
 -80.00  11.00  15.24
 -80.00  12.00  15.54
 -80.00  13.00  15.90
 -80.00  14.00  16.34
 -80.00  15.00  16.84
 -80.00  16.00  17.38
 -80.00  17.00  17.90
 -80.00  18.00  18.35
 -80.00  19.00  18.67
 -80.00  20.00  18.83
 -80.00  21.00  18.79
 -80.00  22.00  18.56
 -80.00  23.00  18.19
 -80.00  24.00  17.70
 -80.00  25.00  17.18
 -80.00  26.00  16.66
 -80.00  27.00  16.18
 -79.00 -37.00  16.17
 -79.00 -36.00  15.91
 -79.00 -35.00  15.81
 -79.00 -34.00  15.86
 -79.00 -33.00  16.04
 -79.00 -32.00  16.30
 -79.00 -31.00  16.61
 -79.00 -30.00  16.97
 -79.00 -29.00  17.36
 -79.00 -28.00  17.78
 -79.00 -27.00  18.28
 -79.00 -26.00  18.85
 -79.00 -25.00  19.52
 -79.00 -24.00  20.28
 -79.00 -23.00  21.10
 -79.00 -22.00  21.94
 -79.00 -21.00  22.72
 -79.00 -20.00  23.37
 -79.00 -19.00  23.80
 -79.00 -18.00  23.95
 -79.00 -17.00  23.80
 -79.00 -16.00  23.35
 -79.00 -15.00  22.63
 -79.00 -14.00  21.72
 -79.00 -13.00  20.71
 -79.00 -12.00  19.70
 -79.00 -11.00  18.77
 -79.00 -10.00  17.99
 -79.00  -9.00  17.37
 -79.00  -8.00  16.91
 -79.00  -7.00  16.58
 -79.00  -6.00  16.32
 -79.00  -5.00  16.09
 -79.00  -4.00  15.84
 -79.00  -3.00  15.54
 -79.00  -2.00  15.19
 -79.00  -1.00  14.81
 -79.00   0.00  14.44
 -79.00   1.00  14.12
 -79.00   2.00  13.89
 -79.00   3.00  13.76
 -79.00   4.00  13.74
 -79.00   5.00  13.81
 -79.00   6.00  13.95
 -79.00   7.00  14.14
 -79.00   8.00  14.34
 -79.00   9.00  14.55
 -79.00  10.00  14.78
 -79.00  11.00  15.03
 -79.00  12.00  15.33
 -79.00  13.00  15.70
 -79.00  14.00  16.14
 -79.00  15.00  16.65
 -79.00  16.00  17.18
 -79.00  17.00  17.70
 -79.00  18.00  18.14
 -79.00  19.00  18.45
 -79.00  20.00  18.59
 -79.00  21.00  18.55
 -79.00  22.00  18.32
 -79.00  23.00  17.93
 -79.00  24.00  17.45
 -79.00  25.00  16.92
 -79.00  26.00  16.40
 -79.00  27.00  15.93
 -78.00 -37.00  16.08
 -78.00 -36.00  15.82
 -78.00 -35.00  15.71
 -78.00 -34.00  15.76
 -78.00 -33.00  15.92
 -78.00 -32.00  16.18
 -78.00 -31.00  16.49
 -78.00 -30.00  16.84
 -78.00 -29.00  17.21
 -78.00 -28.00  17.62
 -78.00 -27.00  18.09
 -78.00 -26.00  18.62
 -78.00 -25.00  19.24
 -78.00 -24.00  19.95
 -78.00 -23.00  20.72
 -78.00 -22.00  21.50
 -78.00 -21.00  22.23
 -78.00 -20.00  22.84
 -78.00 -19.00  23.24
 -78.00 -18.00  23.39
 -78.00 -17.00  23.24
 -78.00 -16.00  22.80
 -78.00 -15.00  22.11
 -78.00 -14.00  21.23
 -78.00 -13.00  20.25
 -78.00 -12.00  19.26
 -78.00 -11.00  18.35
 -78.00 -10.00  17.58
 -78.00  -9.00  16.96
 -78.00  -8.00  16.51
 -78.00  -7.00  16.19
 -78.00  -6.00  15.95
 -78.00  -5.00  15.73
 -78.00  -4.00  15.50
 -78.00  -3.00  15.23
 -78.00  -2.00  14.90
 -78.00  -1.00  14.56
 -78.00   0.00  14.21
 -78.00   1.00  13.91
 -78.00   2.00  13.69
 -78.00   3.00  13.57
 -78.00   4.00  13.55
 -78.00   5.00  13.62
 -78.00   6.00  13.75
 -78.00   7.00  13.93
 -78.00   8.00  14.13
 -78.00   9.00  14.33
 -78.00  10.00  14.56
 -78.00  11.00  14.81
 -78.00  12.00  15.11
 -78.00  13.00  15.49
 -78.00  14.00  15.93
 -78.00  15.00  16.43
 -78.00  16.00  16.96
 -78.00  17.00  17.48
 -78.00  18.00  17.91
 -78.00  19.00  18.22
 -78.00  20.00  18.35
 -78.00  21.00  18.30
 -78.00  22.00  18.07
 -78.00  23.00  17.68
 -78.00  24.00  17.20
 -78.00  25.00  16.67
 -78.00  26.00  16.15
 -78.00  27.00  15.68
 -77.00 -37.00  16.00
 -77.00 -36.00  15.73
 -77.00 -35.00  15.62
 -77.00 -34.00  15.65
 -77.00 -33.00  15.81
 -77.00 -32.00  16.06
 -77.00 -31.00  16.36
 -77.00 -30.00  16.70
 -77.00 -29.00  17.07
 -77.00 -28.00  17.46
 -77.00 -27.00  17.89
 -77.00 -26.00  18.39
 -77.00 -25.00  18.96
 -77.00 -24.00  19.61
 -77.00 -23.00  20.32
 -77.00 -22.00  21.05
 -77.00 -21.00  21.74
 -77.00 -20.00  22.31
 -77.00 -19.00  22.69
 -77.00 -18.00  22.83
 -77.00 -17.00  22.70
 -77.00 -16.00  22.28
 -77.00 -15.00  21.61
 -77.00 -14.00  20.76
 -77.00 -13.00  19.80
 -77.00 -12.00  18.84
 -77.00 -11.00  17.94
 -77.00 -10.00  17.18
 -77.00  -9.00  16.57
 -77.00  -8.00  16.12
 -77.00  -7.00  15.81
 -77.00  -6.00  15.57
 -77.00  -5.00  15.37
 -77.00  -4.00  15.16
 -77.00  -3.00  14.91
 -77.00  -2.00  14.61
 -77.00  -1.00  14.29
 -77.00   0.00  13.97
 -77.00   1.00  13.69
 -77.00   2.00  13.48
 -77.00   3.00  13.36
 -77.00   4.00  13.34
 -77.00   5.00  13.41
 -77.00   6.00  13.54
 -77.00   7.00  13.71
 -77.00   8.00  13.90
 -77.00   9.00  14.11
 -77.00  10.00  14.33
 -77.00  11.00  14.59
 -77.00  12.00  14.89
 -77.00  13.00  15.27
 -77.00  14.00  15.71
 -77.00  15.00  16.21
 -77.00  16.00  16.74
 -77.00  17.00  17.24
 -77.00  18.00  17.67
 -77.00  19.00  17.97
 -77.00  20.00  18.10
 -77.00  21.00  18.05
 -77.00  22.00  17.81
 -77.00  23.00  17.43
 -77.00  24.00  16.95
 -77.00  25.00  16.42
 -77.00  26.00  15.90
 -77.00  27.00  15.42
 -76.00 -37.00  15.76
 -76.00 -36.00  15.47
 -76.00 -35.00  15.33
 -76.00 -34.00  15.34
 -76.00 -33.00  15.47
 -76.00 -32.00  15.70
 -76.00 -31.00  15.97
 -76.00 -30.00  16.28
 -76.00 -29.00  16.61
 -76.00 -28.00  16.95
 -76.00 -27.00  17.34
 -76.00 -26.00  17.77
 -76.00 -25.00  18.28
 -76.00 -24.00  18.85
 -76.00 -23.00  19.48
 -76.00 -22.00  20.14
 -76.00 -21.00  20.75
 -76.00 -20.00  21.27
 -76.00 -19.00  21.62
 -76.00 -18.00  21.75
 -76.00 -17.00  21.63
 -76.00 -16.00  21.24
 -76.00 -15.00  20.63
 -76.00 -14.00  19.84
 -76.00 -13.00  18.96
 -76.00 -12.00  18.06
 -76.00 -11.00  17.23
 -76.00 -10.00  16.51
 -76.00  -9.00  15.95
 -76.00  -8.00  15.53
 -76.00  -7.00  15.23
 -76.00  -6.00  15.02
 -76.00  -5.00  14.84
 -76.00  -4.00  14.65
 -76.00  -3.00  14.42
 -76.00  -2.00  14.16
 -76.00  -1.00  13.88
 -76.00   0.00  13.60
 -76.00   1.00  13.35
 -76.00   2.00  13.18
 -76.00   3.00  13.08
 -76.00   4.00  13.07
 -76.00   5.00  13.15
 -76.00   6.00  13.28
 -76.00   7.00  13.45
 -76.00   8.00  13.64
 -76.00   9.00  13.84
 -76.00  10.00  14.06
 -76.00  11.00  14.32
 -76.00  12.00  14.64
 -76.00  13.00  15.02
 -76.00  14.00  15.47
 -76.00  15.00  15.98
 -76.00  16.00  16.52
 -76.00  17.00  17.03
 -76.00  18.00  17.46
 -76.00  19.00  17.76
 -76.00  20.00  17.89
 -76.00  21.00  17.84
 -76.00  22.00  17.60
 -76.00  23.00  17.21
 -76.00  24.00  16.72
 -76.00  25.00  16.18
 -76.00  26.00  15.64
 -76.00  27.00  15.15
 -75.00 -37.00  15.53
 -75.00 -36.00  15.21
 -75.00 -35.00  15.05
 -75.00 -34.00  15.03
 -75.00 -33.00  15.14
 -75.00 -32.00  15.33
 -75.00 -31.00  15.58
 -75.00 -30.00  15.85
 -75.00 -29.00  16.14
 -75.00 -28.00  16.45
 -75.00 -27.00  16.78
 -75.00 -26.00  17.15
 -75.00 -25.00  17.59
 -75.00 -24.00  18.09
 -75.00 -23.00  18.65
 -75.00 -22.00  19.23
 -75.00 -21.00  19.78
 -75.00 -20.00  20.25
 -75.00 -19.00  20.57
 -75.00 -18.00  20.69
 -75.00 -17.00  20.58
 -75.00 -16.00  20.23
 -75.00 -15.00  19.66
 -75.00 -14.00  18.94
 -75.00 -13.00  18.13
 -75.00 -12.00  17.30
 -75.00 -11.00  16.53
 -75.00 -10.00  15.87
 -75.00  -9.00  15.34
 -75.00  -8.00  14.95
 -75.00  -7.00  14.67
 -75.00  -6.00  14.47
 -75.00  -5.00  14.30
 -75.00  -4.00  14.13
 -75.00  -3.00  13.93
 -75.00  -2.00  13.70
 -75.00  -1.00  13.45
 -75.00   0.00  13.21
 -75.00   1.00  13.00
 -75.00   2.00  12.85
 -75.00   3.00  12.78
 -75.00   4.00  12.79
 -75.00   5.00  12.88
 -75.00   6.00  13.01
 -75.00   7.00  13.18
 -75.00   8.00  13.37
 -75.00   9.00  13.57
 -75.00  10.00  13.80
 -75.00  11.00  14.06
 -75.00  12.00  14.38
 -75.00  13.00  14.77
 -75.00  14.00  15.23
 -75.00  15.00  15.75
 -75.00  16.00  16.29
 -75.00  17.00  16.81
 -75.00  18.00  17.25
 -75.00  19.00  17.55
 -75.00  20.00  17.68
 -75.00  21.00  17.63
 -75.00  22.00  17.39
 -75.00  23.00  16.99
 -75.00  24.00  16.50
 -75.00  25.00  15.95
 -75.00  26.00  15.40
 -75.00  27.00  14.90
 -74.00 -37.00  15.32
 -74.00 -36.00  14.97
 -74.00 -35.00  14.78
 -74.00 -34.00  14.73
 -74.00 -33.00  14.81
 -74.00 -32.00  14.97
 -74.00 -31.00  15.19
 -74.00 -30.00  15.43
 -74.00 -29.00  15.68
 -74.00 -28.00  15.94
 -74.00 -27.00  16.22
 -74.00 -26.00  16.54
 -74.00 -25.00  16.91
 -74.00 -24.00  17.34
 -74.00 -23.00  17.82
 -74.00 -22.00  18.33
 -74.00 -21.00  18.83
 -74.00 -20.00  19.25
 -74.00 -19.00  19.54
 -74.00 -18.00  19.65
 -74.00 -17.00  19.55
 -74.00 -16.00  19.24
 -74.00 -15.00  18.73
 -74.00 -14.00  18.07
 -74.00 -13.00  17.33
 -74.00 -12.00  16.57
 -74.00 -11.00  15.86
 -74.00 -10.00  15.24
 -74.00  -9.00  14.75
 -74.00  -8.00  14.39
 -74.00  -7.00  14.13
 -74.00  -6.00  13.94
 -74.00  -5.00  13.78
 -74.00  -4.00  13.62
 -74.00  -3.00  13.44
 -74.00  -2.00  13.24
 -74.00  -1.00  13.02
 -74.00   0.00  12.81
 -74.00   1.00  12.63
 -74.00   2.00  12.52
 -74.00   3.00  12.47
 -74.00   4.00  12.50
 -74.00   5.00  12.60
 -74.00   6.00  12.74
 -74.00   7.00  12.91
 -74.00   8.00  13.10
 -74.00   9.00  13.30
 -74.00  10.00  13.53
 -74.00  11.00  13.80
 -74.00  12.00  14.12
 -74.00  13.00  14.52
 -74.00  14.00  14.99
 -74.00  15.00  15.51
 -74.00  16.00  16.06
 -74.00  17.00  16.59
 -74.00  18.00  17.03
 -74.00  19.00  17.34
 -74.00  20.00  17.47
 -74.00  21.00  17.42
 -74.00  22.00  17.18
 -74.00  23.00  16.79
 -74.00  24.00  16.29
 -74.00  25.00  15.73
 -74.00  26.00  15.18
 -74.00  27.00  14.66
 -73.00 -37.00  15.13
 -73.00 -36.00  14.75
 -73.00 -35.00  14.52
 -73.00 -34.00  14.45
 -73.00 -33.00  14.49
 -73.00 -32.00  14.62
 -73.00 -31.00  14.81
 -73.00 -30.00  15.01
 -73.00 -29.00  15.23
 -73.00 -28.00  15.44
 -73.00 -27.00  15.67
 -73.00 -26.00  15.93
 -73.00 -25.00  16.23
 -73.00 -24.00  16.60
 -73.00 -23.00  17.01
 -73.00 -22.00  17.46
 -73.00 -21.00  17.89
 -73.00 -20.00  18.27
 -73.00 -19.00  18.53
 -73.00 -18.00  18.64
 -73.00 -17.00  18.56
 -73.00 -16.00  18.28
 -73.00 -15.00  17.83
 -73.00 -14.00  17.24
 -73.00 -13.00  16.56
 -73.00 -12.00  15.87
 -73.00 -11.00  15.22
 -73.00 -10.00  14.65
 -73.00  -9.00  14.19
 -73.00  -8.00  13.85
 -73.00  -7.00  13.60
 -73.00  -6.00  13.42
 -73.00  -5.00  13.27
 -73.00  -4.00  13.12
 -73.00  -3.00  12.95
 -73.00  -2.00  12.77
 -73.00  -1.00  12.58
 -73.00   0.00  12.40
 -73.00   1.00  12.26
 -73.00   2.00  12.17
 -73.00   3.00  12.15
 -73.00   4.00  12.20
 -73.00   5.00  12.31
 -73.00   6.00  12.46
 -73.00   7.00  12.64
 -73.00   8.00  12.84
 -73.00   9.00  13.04
 -73.00  10.00  13.27
 -73.00  11.00  13.54
 -73.00  12.00  13.87
 -73.00  13.00  14.27
 -73.00  14.00  14.74
 -73.00  15.00  15.27
 -73.00  16.00  15.82
 -73.00  17.00  16.35
 -73.00  18.00  16.80
 -73.00  19.00  17.12
 -73.00  20.00  17.27
 -73.00  21.00  17.22
 -73.00  22.00  16.99
 -73.00  23.00  16.60
 -73.00  24.00  16.10
 -73.00  25.00  15.54
 -73.00  26.00  14.98
 -73.00  27.00  14.44
 -72.00 -37.00  14.97
 -72.00 -36.00  14.55
 -72.00 -35.00  14.29
 -72.00 -34.00  14.18
 -72.00 -33.00  14.19
 -72.00 -32.00  14.29
 -72.00 -31.00  14.44
 -72.00 -30.00  14.61
 -72.00 -29.00  14.78
 -72.00 -28.00  14.95
 -72.00 -27.00  15.13
 -72.00 -26.00  15.34
 -72.00 -25.00  15.58
 -72.00 -24.00  15.88
 -72.00 -23.00  16.22
 -72.00 -22.00  16.60
 -72.00 -21.00  16.98
 -72.00 -20.00  17.32
 -72.00 -19.00  17.56
 -72.00 -18.00  17.67
 -72.00 -17.00  17.61
 -72.00 -16.00  17.37
 -72.00 -15.00  16.97
 -72.00 -14.00  16.44
 -72.00 -13.00  15.83
 -72.00 -12.00  15.20
 -72.00 -11.00  14.61
 -72.00 -10.00  14.08
 -72.00  -9.00  13.66
 -72.00  -8.00  13.34
 -72.00  -7.00  13.10
 -72.00  -6.00  12.92
 -72.00  -5.00  12.77
 -72.00  -4.00  12.63
 -72.00  -3.00  12.48
 -72.00  -2.00  12.31
 -72.00  -1.00  12.14
 -72.00   0.00  11.99
 -72.00   1.00  11.88
 -72.00   2.00  11.82
 -72.00   3.00  11.82
 -72.00   4.00  11.90
 -72.00   5.00  12.02
 -72.00   6.00  12.19
 -72.00   7.00  12.37
 -72.00   8.00  12.57
 -72.00   9.00  12.79
 -72.00  10.00  13.02
 -72.00  11.00  13.29
 -72.00  12.00  13.62
 -72.00  13.00  14.02
 -72.00  14.00  14.49
 -72.00  15.00  15.02
 -72.00  16.00  15.57
 -72.00  17.00  16.11
 -72.00  18.00  16.57
 -72.00  19.00  16.90
 -72.00  20.00  17.06
 -72.00  21.00  17.03
 -72.00  22.00  16.82
 -72.00  23.00  16.44
 -72.00  24.00  15.94
 -72.00  25.00  15.38
 -72.00  26.00  14.81
 -72.00  27.00  14.26
 -71.00 -37.00  14.85
 -71.00 -36.00  14.39
 -71.00 -35.00  14.09
 -71.00 -34.00  13.93
 -71.00 -33.00  13.91
 -71.00 -32.00  13.97
 -71.00 -31.00  14.08
 -71.00 -30.00  14.22
 -71.00 -29.00  14.36
 -71.00 -28.00  14.49
 -71.00 -27.00  14.62
 -71.00 -26.00  14.77
 -71.00 -25.00  14.95
 -71.00 -24.00  15.18
 -71.00 -23.00  15.46
 -71.00 -22.00  15.78
 -71.00 -21.00  16.11
 -71.00 -20.00  16.41
 -71.00 -19.00  16.63
 -71.00 -18.00  16.74
 -71.00 -17.00  16.70
 -71.00 -16.00  16.50
 -71.00 -15.00  16.15
 -71.00 -14.00  15.68
 -71.00 -13.00  15.14
 -71.00 -12.00  14.58
 -71.00 -11.00  14.04
 -71.00 -10.00  13.56
 -71.00  -9.00  13.16
 -71.00  -8.00  12.86
 -71.00  -7.00  12.63
 -71.00  -6.00  12.45
 -71.00  -5.00  12.31
 -71.00  -4.00  12.17
 -71.00  -3.00  12.02
 -71.00  -2.00  11.87
 -71.00  -1.00  11.71
 -71.00   0.00  11.58
 -71.00   1.00  11.49
 -71.00   2.00  11.46
 -71.00   3.00  11.49
 -71.00   4.00  11.58
 -71.00   5.00  11.73
 -71.00   6.00  11.91
 -71.00   7.00  12.11
 -71.00   8.00  12.32
 -71.00   9.00  12.54
 -71.00  10.00  12.77
 -71.00  11.00  13.04
 -71.00  12.00  13.37
 -71.00  13.00  13.76
 -71.00  14.00  14.23
 -71.00  15.00  14.75
 -71.00  16.00  15.31
 -71.00  17.00  15.85
 -71.00  18.00  16.33
 -71.00  19.00  16.68
 -71.00  20.00  16.86
 -71.00  21.00  16.86
 -71.00  22.00  16.66
 -71.00  23.00  16.30
 -71.00  24.00  15.81
 -71.00  25.00  15.25
 -71.00  26.00  14.67
 -71.00  27.00  14.12
 -70.00 -37.00  14.77
 -70.00 -36.00  14.27
 -70.00 -35.00  13.92
 -70.00 -34.00  13.72
 -70.00 -33.00  13.65
 -70.00 -32.00  13.68
 -70.00 -31.00  13.76
 -70.00 -30.00  13.86
 -70.00 -29.00  13.96
 -70.00 -28.00  14.05
 -70.00 -27.00  14.14
 -70.00 -26.00  14.23
 -70.00 -25.00  14.36
 -70.00 -24.00  14.53
 -70.00 -23.00  14.75
 -70.00 -22.00  15.01
 -70.00 -21.00  15.29
 -70.00 -20.00  15.55
 -70.00 -19.00  15.75
 -70.00 -18.00  15.85
 -70.00 -17.00  15.83
 -70.00 -16.00  15.67
 -70.00 -15.00  15.38
 -70.00 -14.00  14.97
 -70.00 -13.00  14.50
 -70.00 -12.00  13.99
 -70.00 -11.00  13.50
 -70.00 -10.00  13.07
 -70.00  -9.00  12.70
 -70.00  -8.00  12.41
 -70.00  -7.00  12.19
 -70.00  -6.00  12.02
 -70.00  -5.00  11.87
 -70.00  -4.00  11.73
 -70.00  -3.00  11.59
 -70.00  -2.00  11.44
 -70.00  -1.00  11.30
 -70.00   0.00  11.18
 -70.00   1.00  11.11
 -70.00   2.00  11.10
 -70.00   3.00  11.15
 -70.00   4.00  11.27
 -70.00   5.00  11.43
 -70.00   6.00  11.63
 -70.00   7.00  11.85
 -70.00   8.00  12.07
 -70.00   9.00  12.29
 -70.00  10.00  12.53
 -70.00  11.00  12.80
 -70.00  12.00  13.12
 -70.00  13.00  13.50
 -70.00  14.00  13.96
 -70.00  15.00  14.48
 -70.00  16.00  15.04
 -70.00  17.00  15.59
 -70.00  18.00  16.08
 -70.00  19.00  16.45
 -70.00  20.00  16.66
 -70.00  21.00  16.68
 -70.00  22.00  16.52
 -70.00  23.00  16.18
 -70.00  24.00  15.71
 -70.00  25.00  15.15
 -70.00  26.00  14.57
 -70.00  27.00  14.01
 -69.00 -37.00  14.75
 -69.00 -36.00  14.20
 -69.00 -35.00  13.80
 -69.00 -34.00  13.55
 -69.00 -33.00  13.44
 -69.00 -32.00  13.42
 -69.00 -31.00  13.47
 -69.00 -30.00  13.54
 -69.00 -29.00  13.60
 -69.00 -28.00  13.66
 -69.00 -27.00  13.70
 -69.00 -26.00  13.75
 -69.00 -25.00  13.82
 -69.00 -24.00  13.92
 -69.00 -23.00  14.08
 -69.00 -22.00  14.28
 -69.00 -21.00  14.51
 -69.00 -20.00  14.74
 -69.00 -19.00  14.92
 -69.00 -18.00  15.03
 -69.00 -17.00  15.02
 -69.00 -16.00  14.90
 -69.00 -15.00  14.65
 -69.00 -14.00  14.31
 -69.00 -13.00  13.89
 -69.00 -12.00  13.44
 -69.00 -11.00  13.01
 -69.00 -10.00  12.61
 -69.00  -9.00  12.28
 -69.00  -8.00  12.01
 -69.00  -7.00  11.79
 -69.00  -6.00  11.62
 -69.00  -5.00  11.47
 -69.00  -4.00  11.33
 -69.00  -3.00  11.18
 -69.00  -2.00  11.04
 -69.00  -1.00  10.90
 -69.00   0.00  10.80
 -69.00   1.00  10.74
 -69.00   2.00  10.74
 -69.00   3.00  10.81
 -69.00   4.00  10.95
 -69.00   5.00  11.14
 -69.00   6.00  11.36
 -69.00   7.00  11.59
 -69.00   8.00  11.82
 -69.00   9.00  12.06
 -69.00  10.00  12.30
 -69.00  11.00  12.56
 -69.00  12.00  12.87
 -69.00  13.00  13.24
 -69.00  14.00  13.69
 -69.00  15.00  14.20
 -69.00  16.00  14.76
 -69.00  17.00  15.31
 -69.00  18.00  15.81
 -69.00  19.00  16.21
 -69.00  20.00  16.46
 -69.00  21.00  16.52
 -69.00  22.00  16.39
 -69.00  23.00  16.08
 -69.00  24.00  15.63
 -69.00  25.00  15.09
 -69.00  26.00  14.50
 -69.00  27.00  13.93
 -68.00 -37.00  14.79
 -68.00 -36.00  14.19
 -68.00 -35.00  13.73
 -68.00 -34.00  13.43
 -68.00 -33.00  13.27
 -68.00 -32.00  13.21
 -68.00 -31.00  13.22
 -68.00 -30.00  13.25
 -68.00 -29.00  13.29
 -68.00 -28.00  13.31
 -68.00 -27.00  13.31
 -68.00 -26.00  13.31
 -68.00 -25.00  13.33
 -68.00 -24.00  13.38
 -68.00 -23.00  13.48
 -68.00 -22.00  13.63
 -68.00 -21.00  13.81
 -68.00 -20.00  13.99
 -68.00 -19.00  14.16
 -68.00 -18.00  14.26
 -68.00 -17.00  14.27
 -68.00 -16.00  14.18
 -68.00 -15.00  13.98
 -68.00 -14.00  13.68
 -68.00 -13.00  13.32
 -68.00 -12.00  12.93
 -68.00 -11.00  12.55
 -68.00 -10.00  12.19
 -68.00  -9.00  11.89
 -68.00  -8.00  11.64
 -68.00  -7.00  11.44
 -68.00  -6.00  11.27
 -68.00  -5.00  11.12
 -68.00  -4.00  10.97
 -68.00  -3.00  10.82
 -68.00  -2.00  10.67
 -68.00  -1.00  10.54
 -68.00   0.00  10.43
 -68.00   1.00  10.38
 -68.00   2.00  10.40
 -68.00   3.00  10.48
 -68.00   4.00  10.64
 -68.00   5.00  10.84
 -68.00   6.00  11.08
 -68.00   7.00  11.34
 -68.00   8.00  11.59
 -68.00   9.00  11.83
 -68.00  10.00  12.08
 -68.00  11.00  12.34
 -68.00  12.00  12.63
 -68.00  13.00  12.99
 -68.00  14.00  13.42
 -68.00  15.00  13.92
 -68.00  16.00  14.46
 -68.00  17.00  15.02
 -68.00  18.00  15.54
 -68.00  19.00  15.97
 -68.00  20.00  16.25
 -68.00  21.00  16.35
 -68.00  22.00  16.27
 -68.00  23.00  16.00
 -68.00  24.00  15.57
 -68.00  25.00  15.04
 -68.00  26.00  14.47
 -68.00  27.00  13.89
 -67.00 -37.00  14.89
 -67.00 -36.00  14.23
 -67.00 -35.00  13.72
 -67.00 -34.00  13.36
 -67.00 -33.00  13.15
 -67.00 -32.00  13.04
 -67.00 -31.00  13.01
 -67.00 -30.00  13.02
 -67.00 -29.00  13.02
 -67.00 -28.00  13.01
 -67.00 -27.00  12.98
 -67.00 -26.00  12.94
 -67.00 -25.00  12.91
 -67.00 -24.00  12.91
 -67.00 -23.00  12.95
 -67.00 -22.00  13.04
 -67.00 -21.00  13.17
 -67.00 -20.00  13.32
 -67.00 -19.00  13.46
 -67.00 -18.00  13.56
 -67.00 -17.00  13.58
 -67.00 -16.00  13.52
 -67.00 -15.00  13.36
 -67.00 -14.00  13.11
 -67.00 -13.00  12.80
 -67.00 -12.00  12.46
 -67.00 -11.00  12.12
 -67.00 -10.00  11.81
 -67.00  -9.00  11.54
 -67.00  -8.00  11.31
 -67.00  -7.00  11.13
 -67.00  -6.00  10.96
 -67.00  -5.00  10.82
 -67.00  -4.00  10.66
 -67.00  -3.00  10.51
 -67.00  -2.00  10.35
 -67.00  -1.00  10.21
 -67.00   0.00  10.10
 -67.00   1.00  10.05
 -67.00   2.00  10.07
 -67.00   3.00  10.16
 -67.00   4.00  10.33
 -67.00   5.00  10.55
 -67.00   6.00  10.81
 -67.00   7.00  11.09
 -67.00   8.00  11.36
 -67.00   9.00  11.61
 -67.00  10.00  11.86
 -67.00  11.00  12.12
 -67.00  12.00  12.41
 -67.00  13.00  12.75
 -67.00  14.00  13.16
 -67.00  15.00  13.64
 -67.00  16.00  14.17
 -67.00  17.00  14.73
 -67.00  18.00  15.26
 -67.00  19.00  15.71
 -67.00  20.00  16.04
 -67.00  21.00  16.19
 -67.00  22.00  16.15
 -67.00  23.00  15.92
 -67.00  24.00  15.53
 -67.00  25.00  15.03
 -67.00  26.00  14.46
 -67.00  27.00  13.88
 -66.00 -37.00  15.05
 -66.00 -36.00  14.34
 -66.00 -35.00  13.77
 -66.00 -34.00  13.35
 -66.00 -33.00  13.08
 -66.00 -32.00  12.93
 -66.00 -31.00  12.86
 -66.00 -30.00  12.84
 -66.00 -29.00  12.81
 -66.00 -28.00  12.78
 -66.00 -27.00  12.71
 -66.00 -26.00  12.63
 -66.00 -25.00  12.56
 -66.00 -24.00  12.50
 -66.00 -23.00  12.49
 -66.00 -22.00  12.53
 -66.00 -21.00  12.62
 -66.00 -20.00  12.73
 -66.00 -19.00  12.85
 -66.00 -18.00  12.93
 -66.00 -17.00  12.96
 -66.00 -16.00  12.92
 -66.00 -15.00  12.79
 -66.00 -14.00  12.59
 -66.00 -13.00  12.33
 -66.00 -12.00  12.04
 -66.00 -11.00  11.74
 -66.00 -10.00  11.47
 -66.00  -9.00  11.23
 -66.00  -8.00  11.03
 -66.00  -7.00  10.86
 -66.00  -6.00  10.71
 -66.00  -5.00  10.56
 -66.00  -4.00  10.41
 -66.00  -3.00  10.25
 -66.00  -2.00  10.08
 -66.00  -1.00   9.93
 -66.00   0.00   9.81
 -66.00   1.00   9.75
 -66.00   2.00   9.76
 -66.00   3.00   9.86
 -66.00   4.00  10.03
 -66.00   5.00  10.27
 -66.00   6.00  10.55
 -66.00   7.00  10.85
 -66.00   8.00  11.14
 -66.00   9.00  11.41
 -66.00  10.00  11.67
 -66.00  11.00  11.92
 -66.00  12.00  12.20
 -66.00  13.00  12.52
 -66.00  14.00  12.90
 -66.00  15.00  13.36
 -66.00  16.00  13.88
 -66.00  17.00  14.43
 -66.00  18.00  14.97
 -66.00  19.00  15.45
 -66.00  20.00  15.81
 -66.00  21.00  16.02
 -66.00  22.00  16.03
 -66.00  23.00  15.85
 -66.00  24.00  15.50
 -66.00  25.00  15.03
 -66.00  26.00  14.47
 -66.00  27.00  13.90
 -65.00 -37.00  15.27
 -65.00 -36.00  14.51
 -65.00 -35.00  13.88
 -65.00 -34.00  13.40
 -65.00 -33.00  13.08
 -65.00 -32.00  12.88
 -65.00 -31.00  12.77
 -65.00 -30.00  12.71
 -65.00 -29.00  12.66
 -65.00 -28.00  12.60
 -65.00 -27.00  12.51
 -65.00 -26.00  12.40
 -65.00 -25.00  12.28
 -65.00 -24.00  12.18
 -65.00 -23.00  12.12
 -65.00 -22.00  12.11
 -65.00 -21.00  12.15
 -65.00 -20.00  12.22
 -65.00 -19.00  12.31
 -65.00 -18.00  12.39
 -65.00 -17.00  12.42
 -65.00 -16.00  12.40
 -65.00 -15.00  12.30
 -65.00 -14.00  12.13
 -65.00 -13.00  11.91
 -65.00 -12.00  11.66
 -65.00 -11.00  11.41
 -65.00 -10.00  11.17
 -65.00  -9.00  10.96
 -65.00  -8.00  10.78
 -65.00  -7.00  10.64
 -65.00  -6.00  10.50
 -65.00  -5.00  10.36
 -65.00  -4.00  10.21
 -65.00  -3.00  10.05
 -65.00  -2.00   9.87
 -65.00  -1.00   9.70
 -65.00   0.00   9.57
 -65.00   1.00   9.50
 -65.00   2.00   9.50
 -65.00   3.00   9.59
 -65.00   4.00   9.76
 -65.00   5.00  10.01
 -65.00   6.00  10.31
 -65.00   7.00  10.62
 -65.00   8.00  10.93
 -65.00   9.00  11.22
 -65.00  10.00  11.49
 -65.00  11.00  11.74
 -65.00  12.00  12.00
 -65.00  13.00  12.30
 -65.00  14.00  12.66
 -65.00  15.00  13.09
 -65.00  16.00  13.59
 -65.00  17.00  14.13
 -65.00  18.00  14.68
 -65.00  19.00  15.18
 -65.00  20.00  15.59
 -65.00  21.00  15.84
 -65.00  22.00  15.91
 -65.00  23.00  15.79
 -65.00  24.00  15.48
 -65.00  25.00  15.04
 -65.00  26.00  14.51
 -65.00  27.00  13.93
 -64.00 -37.00  15.55
 -64.00 -36.00  14.75
 -64.00 -35.00  14.06
 -64.00 -34.00  13.52
 -64.00 -33.00  13.14
 -64.00 -32.00  12.89
 -64.00 -31.00  12.74
 -64.00 -30.00  12.65
 -64.00 -29.00  12.57
 -64.00 -28.00  12.49
 -64.00 -27.00  12.38
 -64.00 -26.00  12.24
 -64.00 -25.00  12.08
 -64.00 -24.00  11.94
 -64.00 -23.00  11.83
 -64.00 -22.00  11.77
 -64.00 -21.00  11.76
 -64.00 -20.00  11.80
 -64.00 -19.00  11.87
 -64.00 -18.00  11.93
 -64.00 -17.00  11.96
 -64.00 -16.00  11.95
 -64.00 -15.00  11.87
 -64.00 -14.00  11.74
 -64.00 -13.00  11.55
 -64.00 -12.00  11.34
 -64.00 -11.00  11.12
 -64.00 -10.00  10.91
 -64.00  -9.00  10.73
 -64.00  -8.00  10.59
 -64.00  -7.00  10.46
 -64.00  -6.00  10.34
 -64.00  -5.00  10.22
 -64.00  -4.00  10.08
 -64.00  -3.00   9.91
 -64.00  -2.00   9.73
 -64.00  -1.00   9.55
 -64.00   0.00   9.39
 -64.00   1.00   9.30
 -64.00   2.00   9.28
 -64.00   3.00   9.36
 -64.00   4.00   9.52
 -64.00   5.00   9.77
 -64.00   6.00  10.08
 -64.00   7.00  10.41
 -64.00   8.00  10.74
 -64.00   9.00  11.04
 -64.00  10.00  11.32
 -64.00  11.00  11.58
 -64.00  12.00  11.83
 -64.00  13.00  12.11
 -64.00  14.00  12.43
 -64.00  15.00  12.83
 -64.00  16.00  13.31
 -64.00  17.00  13.83
 -64.00  18.00  14.39
 -64.00  19.00  14.91
 -64.00  20.00  15.35
 -64.00  21.00  15.65
 -64.00  22.00  15.79
 -64.00  23.00  15.72
 -64.00  24.00  15.48
 -64.00  25.00  15.07
 -64.00  26.00  14.56
 -64.00  27.00  14.00
 -63.00 -37.00  15.91
 -63.00 -36.00  15.07
 -63.00 -35.00  14.32
 -63.00 -34.00  13.72
 -63.00 -33.00  13.27
 -63.00 -32.00  12.96
 -63.00 -31.00  12.77
 -63.00 -30.00  12.64
 -63.00 -29.00  12.55
 -63.00 -28.00  12.44
 -63.00 -27.00  12.31
 -63.00 -26.00  12.15
 -63.00 -25.00  11.97
 -63.00 -24.00  11.79
 -63.00 -23.00  11.63
 -63.00 -22.00  11.53
 -63.00 -21.00  11.47
 -63.00 -20.00  11.47
 -63.00 -19.00  11.51
 -63.00 -18.00  11.56
 -63.00 -17.00  11.59
 -63.00 -16.00  11.59
 -63.00 -15.00  11.53
 -63.00 -14.00  11.42
 -63.00 -13.00  11.26
 -63.00 -12.00  11.08
 -63.00 -11.00  10.89
 -63.00 -10.00  10.71
 -63.00  -9.00  10.56
 -63.00  -8.00  10.44
 -63.00  -7.00  10.34
 -63.00  -6.00  10.24
 -63.00  -5.00  10.14
 -63.00  -4.00  10.00
 -63.00  -3.00   9.84
 -63.00  -2.00   9.66
 -63.00  -1.00   9.46
 -63.00   0.00   9.29
 -63.00   1.00   9.17
 -63.00   2.00   9.12
 -63.00   3.00   9.18
 -63.00   4.00   9.33
 -63.00   5.00   9.57
 -63.00   6.00   9.88
 -63.00   7.00  10.22
 -63.00   8.00  10.56
 -63.00   9.00  10.89
 -63.00  10.00  11.18
 -63.00  11.00  11.43
 -63.00  12.00  11.68
 -63.00  13.00  11.93
 -63.00  14.00  12.23
 -63.00  15.00  12.60
 -63.00  16.00  13.04
 -63.00  17.00  13.54
 -63.00  18.00  14.09
 -63.00  19.00  14.63
 -63.00  20.00  15.11
 -63.00  21.00  15.46
 -63.00  22.00  15.66
 -63.00  23.00  15.66
 -63.00  24.00  15.47
 -63.00  25.00  15.12
 -63.00  26.00  14.64
 -63.00  27.00  14.09
 -62.00 -37.00  16.33
 -62.00 -36.00  15.46
 -62.00 -35.00  14.66
 -62.00 -34.00  13.99
 -62.00 -33.00  13.48
 -62.00 -32.00  13.11
 -62.00 -31.00  12.87
 -62.00 -30.00  12.71
 -62.00 -29.00  12.59
 -62.00 -28.00  12.47
 -62.00 -27.00  12.32
 -62.00 -26.00  12.14
 -62.00 -25.00  11.93
 -62.00 -24.00  11.72
 -62.00 -23.00  11.53
 -62.00 -22.00  11.37
 -62.00 -21.00  11.28
 -62.00 -20.00  11.24
 -62.00 -19.00  11.25
 -62.00 -18.00  11.28
 -62.00 -17.00  11.31
 -62.00 -16.00  11.31
 -62.00 -15.00  11.27
 -62.00 -14.00  11.18
 -62.00 -13.00  11.04
 -62.00 -12.00  10.88
 -62.00 -11.00  10.72
 -62.00 -10.00  10.57
 -62.00  -9.00  10.44
 -62.00  -8.00  10.34
 -62.00  -7.00  10.26
 -62.00  -6.00  10.19
 -62.00  -5.00  10.11
 -62.00  -4.00  10.00
 -62.00  -3.00   9.85
 -62.00  -2.00   9.66
 -62.00  -1.00   9.46
 -62.00   0.00   9.27
 -62.00   1.00   9.12
 -62.00   2.00   9.04
 -62.00   3.00   9.06
 -62.00   4.00   9.18
 -62.00   5.00   9.41
 -62.00   6.00   9.71
 -62.00   7.00  10.06
 -62.00   8.00  10.42
 -62.00   9.00  10.75
 -62.00  10.00  11.06
 -62.00  11.00  11.32
 -62.00  12.00  11.55
 -62.00  13.00  11.79
 -62.00  14.00  12.05
 -62.00  15.00  12.38
 -62.00  16.00  12.78
 -62.00  17.00  13.26
 -62.00  18.00  13.80
 -62.00  19.00  14.35
 -62.00  20.00  14.85
 -62.00  21.00  15.26
 -62.00  22.00  15.53
 -62.00  23.00  15.60
 -62.00  24.00  15.48
 -62.00  25.00  15.18
 -62.00  26.00  14.74
 -62.00  27.00  14.22
 -61.00 -37.00  16.84
 -61.00 -36.00  15.94
 -61.00 -35.00  15.10
 -61.00 -34.00  14.36
 -61.00 -33.00  13.78
 -61.00 -32.00  13.34
 -61.00 -31.00  13.05
 -61.00 -30.00  12.85
 -61.00 -29.00  12.71
 -61.00 -28.00  12.57
 -61.00 -27.00  12.41
 -61.00 -26.00  12.22
 -61.00 -25.00  11.99
 -61.00 -24.00  11.75
 -61.00 -23.00  11.52
 -61.00 -22.00  11.32
 -61.00 -21.00  11.18
 -61.00 -20.00  11.10
 -61.00 -19.00  11.08
 -61.00 -18.00  11.09
 -61.00 -17.00  11.11
 -61.00 -16.00  11.12
 -61.00 -15.00  11.09
 -61.00 -14.00  11.02
 -61.00 -13.00  10.91
 -61.00 -12.00  10.77
 -61.00 -11.00  10.62
 -61.00 -10.00  10.49
 -61.00  -9.00  10.38
 -61.00  -8.00  10.30
 -61.00  -7.00  10.25
 -61.00  -6.00  10.20
 -61.00  -5.00  10.14
 -61.00  -4.00  10.06
 -61.00  -3.00   9.92
 -61.00  -2.00   9.75
 -61.00  -1.00   9.54
 -61.00   0.00   9.33
 -61.00   1.00   9.15
 -61.00   2.00   9.04
 -61.00   3.00   9.02
 -61.00   4.00   9.11
 -61.00   5.00   9.30
 -61.00   6.00   9.59
 -61.00   7.00   9.93
 -61.00   8.00  10.29
 -61.00   9.00  10.65
 -61.00  10.00  10.96
 -61.00  11.00  11.23
 -61.00  12.00  11.46
 -61.00  13.00  11.68
 -61.00  14.00  11.91
 -61.00  15.00  12.19
 -61.00  16.00  12.55
 -61.00  17.00  12.99
 -61.00  18.00  13.51
 -61.00  19.00  14.06
 -61.00  20.00  14.59
 -61.00  21.00  15.05
 -61.00  22.00  15.38
 -61.00  23.00  15.54
 -61.00  24.00  15.50
 -61.00  25.00  15.27
 -61.00  26.00  14.88
 -61.00  27.00  14.38
 -60.00 -37.00  17.41
 -60.00 -36.00  16.52
 -60.00 -35.00  15.63
 -60.00 -34.00  14.83
 -60.00 -33.00  14.18
 -60.00 -32.00  13.67
 -60.00 -31.00  13.31
 -60.00 -30.00  13.07
 -60.00 -29.00  12.90
 -60.00 -28.00  12.74
 -60.00 -27.00  12.58
 -60.00 -26.00  12.38
 -60.00 -25.00  12.14
 -60.00 -24.00  11.87
 -60.00 -23.00  11.61
 -60.00 -22.00  11.37
 -60.00 -21.00  11.19
 -60.00 -20.00  11.07
 -60.00 -19.00  11.01
 -60.00 -18.00  11.00
 -60.00 -17.00  11.02
 -60.00 -16.00  11.03
 -60.00 -15.00  11.01
 -60.00 -14.00  10.96
 -60.00 -13.00  10.86
 -60.00 -12.00  10.74
 -60.00 -11.00  10.61
 -60.00 -10.00  10.48
 -60.00  -9.00  10.38
 -60.00  -8.00  10.32
 -60.00  -7.00  10.28
 -60.00  -6.00  10.26
 -60.00  -5.00  10.23
 -60.00  -4.00  10.18
 -60.00  -3.00  10.07
 -60.00  -2.00   9.91
 -60.00  -1.00   9.71
 -60.00   0.00   9.49
 -60.00   1.00   9.29
 -60.00   2.00   9.13
 -60.00   3.00   9.07
 -60.00   4.00   9.11
 -60.00   5.00   9.26
 -60.00   6.00   9.52
 -60.00   7.00   9.84
 -60.00   8.00  10.21
 -60.00   9.00  10.57
 -60.00  10.00  10.90
 -60.00  11.00  11.17
 -60.00  12.00  11.40
 -60.00  13.00  11.60
 -60.00  14.00  11.80
 -60.00  15.00  12.04
 -60.00  16.00  12.35
 -60.00  17.00  12.75
 -60.00  18.00  13.23
 -60.00  19.00  13.77
 -60.00  20.00  14.32
 -60.00  21.00  14.83
 -60.00  22.00  15.23
 -60.00  23.00  15.47
 -60.00  24.00  15.52
 -60.00  25.00  15.37
 -60.00  26.00  15.04
 -60.00  27.00  14.58
 -59.00 -37.00  18.06
 -59.00 -36.00  17.18
 -59.00 -35.00  16.27
 -59.00 -34.00  15.41
 -59.00 -33.00  14.68
 -59.00 -32.00  14.10
 -59.00 -31.00  13.68
 -59.00 -30.00  13.38
 -59.00 -29.00  13.17
 -59.00 -28.00  13.00
 -59.00 -27.00  12.82
 -59.00 -26.00  12.62
 -59.00 -25.00  12.37
 -59.00 -24.00  12.09
 -59.00 -23.00  11.80
 -59.00 -22.00  11.53
 -59.00 -21.00  11.31
 -59.00 -20.00  11.15
 -59.00 -19.00  11.05
 -59.00 -18.00  11.02
 -59.00 -17.00  11.02
 -59.00 -16.00  11.03
 -59.00 -15.00  11.02
 -59.00 -14.00  10.99
 -59.00 -13.00  10.91
 -59.00 -12.00  10.80
 -59.00 -11.00  10.68
 -59.00 -10.00  10.56
 -59.00  -9.00  10.46
 -59.00  -8.00  10.40
 -59.00  -7.00  10.38
 -59.00  -6.00  10.38
 -59.00  -5.00  10.38
 -59.00  -4.00  10.36
 -59.00  -3.00  10.28
 -59.00  -2.00  10.16
 -59.00  -1.00   9.97
 -59.00   0.00   9.75
 -59.00   1.00   9.53
 -59.00   2.00   9.33
 -59.00   3.00   9.22
 -59.00   4.00   9.20
 -59.00   5.00   9.30
 -59.00   6.00   9.51
 -59.00   7.00   9.82
 -59.00   8.00  10.17
 -59.00   9.00  10.53
 -59.00  10.00  10.87
 -59.00  11.00  11.16
 -59.00  12.00  11.39
 -59.00  13.00  11.57
 -59.00  14.00  11.74
 -59.00  15.00  11.94
 -59.00  16.00  12.19
 -59.00  17.00  12.54
 -59.00  18.00  12.98
 -59.00  19.00  13.49
 -59.00  20.00  14.05
 -59.00  21.00  14.60
 -59.00  22.00  15.06
 -59.00  23.00  15.39
 -59.00  24.00  15.54
 -59.00  25.00  15.48
 -59.00  26.00  15.23
 -59.00  27.00  14.82
 -58.00 -37.00  18.76
 -58.00 -36.00  17.92
 -58.00 -35.00  17.00
 -58.00 -34.00  16.11
 -58.00 -33.00  15.31
 -58.00 -32.00  14.65
 -58.00 -31.00  14.14
 -58.00 -30.00  13.78
 -58.00 -29.00  13.53
 -58.00 -28.00  13.34
 -58.00 -27.00  13.15
 -58.00 -26.00  12.95
 -58.00 -25.00  12.70
 -58.00 -24.00  12.41
 -58.00 -23.00  12.10
 -58.00 -22.00  11.80
 -58.00 -21.00  11.54
 -58.00 -20.00  11.33
 -58.00 -19.00  11.20
 -58.00 -18.00  11.13
 -58.00 -17.00  11.12
 -58.00 -16.00  11.13
 -58.00 -15.00  11.13
 -58.00 -14.00  11.11
 -58.00 -13.00  11.05
 -58.00 -12.00  10.96
 -58.00 -11.00  10.84
 -58.00 -10.00  10.72
 -58.00  -9.00  10.63
 -58.00  -8.00  10.57
 -58.00  -7.00  10.55
 -58.00  -6.00  10.56
 -58.00  -5.00  10.58
 -58.00  -4.00  10.59
 -58.00  -3.00  10.56
 -58.00  -2.00  10.47
 -58.00  -1.00  10.31
 -58.00   0.00  10.10
 -58.00   1.00   9.87
 -58.00   2.00   9.64
 -58.00   3.00   9.48
 -58.00   4.00   9.40
 -58.00   5.00   9.44
 -58.00   6.00   9.60
 -58.00   7.00   9.86
 -58.00   8.00  10.18
 -58.00   9.00  10.54
 -58.00  10.00  10.88
 -58.00  11.00  11.18
 -58.00  12.00  11.42
 -58.00  13.00  11.60
 -58.00  14.00  11.74
 -58.00  15.00  11.89
 -58.00  16.00  12.09
 -58.00  17.00  12.37
 -58.00  18.00  12.75
 -58.00  19.00  13.23
 -58.00  20.00  13.78
 -58.00  21.00  14.35
 -58.00  22.00  14.88
 -58.00  23.00  15.29
 -58.00  24.00  15.54
 -58.00  25.00  15.59
 -58.00  26.00  15.43
 -58.00  27.00  15.09
 -57.00 -37.00  19.49
 -57.00 -36.00  18.72
 -57.00 -35.00  17.82
 -57.00 -34.00  16.90
 -57.00 -33.00  16.05
 -57.00 -32.00  15.31
 -57.00 -31.00  14.72
 -57.00 -30.00  14.29
 -57.00 -29.00  13.98
 -57.00 -28.00  13.76
 -57.00 -27.00  13.56
 -57.00 -26.00  13.36
 -57.00 -25.00  13.11
 -57.00 -24.00  12.83
 -57.00 -23.00  12.51
 -57.00 -22.00  12.18
 -57.00 -21.00  11.88
 -57.00 -20.00  11.63
 -57.00 -19.00  11.46
 -57.00 -18.00  11.36
 -57.00 -17.00  11.32
 -57.00 -16.00  11.32
 -57.00 -15.00  11.33
 -57.00 -14.00  11.33
 -57.00 -13.00  11.29
 -57.00 -12.00  11.21
 -57.00 -11.00  11.10
 -57.00 -10.00  10.99
 -57.00  -9.00  10.88
 -57.00  -8.00  10.81
 -57.00  -7.00  10.79
 -57.00  -6.00  10.80
 -57.00  -5.00  10.84
 -57.00  -4.00  10.88
 -57.00  -3.00  10.89
 -57.00  -2.00  10.84
 -57.00  -1.00  10.72
 -57.00   0.00  10.54
 -57.00   1.00  10.31
 -57.00   2.00  10.06
 -57.00   3.00   9.85
 -57.00   4.00   9.72
 -57.00   5.00   9.69
 -57.00   6.00   9.78
 -57.00   7.00   9.98
 -57.00   8.00  10.27
 -57.00   9.00  10.61
 -57.00  10.00  10.95
 -57.00  11.00  11.26
 -57.00  12.00  11.50
 -57.00  13.00  11.68
 -57.00  14.00  11.81
 -57.00  15.00  11.92
 -57.00  16.00  12.06
 -57.00  17.00  12.27
 -57.00  18.00  12.59
 -57.00  19.00  13.01
 -57.00  20.00  13.53
 -57.00  21.00  14.11
 -57.00  22.00  14.68
 -57.00  23.00  15.17
 -57.00  24.00  15.53
 -57.00  25.00  15.69
 -57.00  26.00  15.64
 -57.00  27.00  15.39
 -56.00 -37.00  20.23
 -56.00 -36.00  19.56
 -56.00 -35.00  18.72
 -56.00 -34.00  17.80
 -56.00 -33.00  16.90
 -56.00 -32.00  16.09
 -56.00 -31.00  15.42
 -56.00 -30.00  14.91
 -56.00 -29.00  14.53
 -56.00 -28.00  14.27
 -56.00 -27.00  14.05
 -56.00 -26.00  13.85
 -56.00 -25.00  13.61
 -56.00 -24.00  13.33
 -56.00 -23.00  13.00
 -56.00 -22.00  12.66
 -56.00 -21.00  12.33
 -56.00 -20.00  12.04
 -56.00 -19.00  11.82
 -56.00 -18.00  11.69
 -56.00 -17.00  11.62
 -56.00 -16.00  11.61
 -56.00 -15.00  11.63
 -56.00 -14.00  11.64
 -56.00 -13.00  11.62
 -56.00 -12.00  11.56
 -56.00 -11.00  11.47
 -56.00 -10.00  11.35
 -56.00  -9.00  11.24
 -56.00  -8.00  11.15
 -56.00  -7.00  11.11
 -56.00  -6.00  11.12
 -56.00  -5.00  11.16
 -56.00  -4.00  11.22
 -56.00  -3.00  11.27
 -56.00  -2.00  11.26
 -56.00  -1.00  11.19
 -56.00   0.00  11.05
 -56.00   1.00  10.84
 -56.00   2.00  10.59
 -56.00   3.00  10.35
 -56.00   4.00  10.16
 -56.00   5.00  10.06
 -56.00   6.00  10.07
 -56.00   7.00  10.21
 -56.00   8.00  10.44
 -56.00   9.00  10.75
 -56.00  10.00  11.08
 -56.00  11.00  11.39
 -56.00  12.00  11.64
 -56.00  13.00  11.83
 -56.00  14.00  11.94
 -56.00  15.00  12.03
 -56.00  16.00  12.11
 -56.00  17.00  12.25
 -56.00  18.00  12.49
 -56.00  19.00  12.85
 -56.00  20.00  13.32
 -56.00  21.00  13.88
 -56.00  22.00  14.48
 -56.00  23.00  15.04
 -56.00  24.00  15.49
 -56.00  25.00  15.77
 -56.00  26.00  15.85
 -56.00  27.00  15.71
 -55.00 -37.00  20.96
 -55.00 -36.00  20.42
 -55.00 -35.00  19.66
 -55.00 -34.00  18.77
 -55.00 -33.00  17.84
 -55.00 -32.00  16.98
 -55.00 -31.00  16.23
 -55.00 -30.00  15.63
 -55.00 -29.00  15.19
 -55.00 -28.00  14.87
 -55.00 -27.00  14.62
 -55.00 -26.00  14.41
 -55.00 -25.00  14.18
 -55.00 -24.00  13.91
 -55.00 -23.00  13.59
 -55.00 -22.00  13.24
 -55.00 -21.00  12.88
 -55.00 -20.00  12.56
 -55.00 -19.00  12.30
 -55.00 -18.00  12.12
 -55.00 -17.00  12.02
 -55.00 -16.00  12.00
 -55.00 -15.00  12.01
 -55.00 -14.00  12.04
 -55.00 -13.00  12.04
 -55.00 -12.00  12.01
 -55.00 -11.00  11.93
 -55.00 -10.00  11.82
 -55.00  -9.00  11.70
 -55.00  -8.00  11.59
 -55.00  -7.00  11.53
 -55.00  -6.00  11.52
 -55.00  -5.00  11.55
 -55.00  -4.00  11.62
 -55.00  -3.00  11.69
 -55.00  -2.00  11.74
 -55.00  -1.00  11.72
 -55.00   0.00  11.62
 -55.00   1.00  11.44
 -55.00   2.00  11.21
 -55.00   3.00  10.95
 -55.00   4.00  10.72
 -55.00   5.00  10.55
 -55.00   6.00  10.49
 -55.00   7.00  10.55
 -55.00   8.00  10.72
 -55.00   9.00  10.98
 -55.00  10.00  11.28
 -55.00  11.00  11.59
 -55.00  12.00  11.85
 -55.00  13.00  12.04
 -55.00  14.00  12.16
 -55.00  15.00  12.22
 -55.00  16.00  12.26
 -55.00  17.00  12.33
 -55.00  18.00  12.49
 -55.00  19.00  12.76
 -55.00  20.00  13.16
 -55.00  21.00  13.68
 -55.00  22.00  14.28
 -55.00  23.00  14.89
 -55.00  24.00  15.43
 -55.00  25.00  15.83
 -55.00  26.00  16.04
 -55.00  27.00  16.02
 -54.00 -37.00  21.73
 -54.00 -36.00  21.35
 -54.00 -35.00  20.70
 -54.00 -34.00  19.87
 -54.00 -33.00  18.94
 -54.00 -32.00  18.03
 -54.00 -31.00  17.20
 -54.00 -30.00  16.51
 -54.00 -29.00  15.98
 -54.00 -28.00  15.59
 -54.00 -27.00  15.30
 -54.00 -26.00  15.07
 -54.00 -25.00  14.84
 -54.00 -24.00  14.58
 -54.00 -23.00  14.27
 -54.00 -22.00  13.92
 -54.00 -21.00  13.55
 -54.00 -20.00  13.19
 -54.00 -19.00  12.88
 -54.00 -18.00  12.65
 -54.00 -17.00  12.51
 -54.00 -16.00  12.45
 -54.00 -15.00  12.45
 -54.00 -14.00  12.47
 -54.00 -13.00  12.49
 -54.00 -12.00  12.48
 -54.00 -11.00  12.42
 -54.00 -10.00  12.32
 -54.00  -9.00  12.19
 -54.00  -8.00  12.07
 -54.00  -7.00  11.97
 -54.00  -6.00  11.93
 -54.00  -5.00  11.95
 -54.00  -4.00  12.01
 -54.00  -3.00  12.10
 -54.00  -2.00  12.18
 -54.00  -1.00  12.21
 -54.00   0.00  12.17
 -54.00   1.00  12.04
 -54.00   2.00  11.84
 -54.00   3.00  11.60
 -54.00   4.00  11.34
 -54.00   5.00  11.12
 -54.00   6.00  10.99
 -54.00   7.00  10.97
 -54.00   8.00  11.06
 -54.00   9.00  11.26
 -54.00  10.00  11.53
 -54.00  11.00  11.82
 -54.00  12.00  12.09
 -54.00  13.00  12.30
 -54.00  14.00  12.42
 -54.00  15.00  12.47
 -54.00  16.00  12.48
 -54.00  17.00  12.49
 -54.00  18.00  12.56
 -54.00  19.00  12.74
 -54.00  20.00  13.05
 -54.00  21.00  13.51
 -54.00  22.00  14.08
 -54.00  23.00  14.71
 -54.00  24.00  15.32
 -54.00  25.00  15.83
 -54.00  26.00  16.17
 -54.00  27.00  16.29
 -53.00 -37.00  22.44
 -53.00 -36.00  22.26
 -53.00 -35.00  21.76
 -53.00 -34.00  21.02
 -53.00 -33.00  20.13
 -53.00 -32.00  19.20
 -53.00 -31.00  18.31
 -53.00 -30.00  17.54
 -53.00 -29.00  16.91
 -53.00 -28.00  16.44
 -53.00 -27.00  16.09
 -53.00 -26.00  15.82
 -53.00 -25.00  15.59
 -53.00 -24.00  15.34
 -53.00 -23.00  15.05
 -53.00 -22.00  14.71
 -53.00 -21.00  14.33
 -53.00 -20.00  13.96
 -53.00 -19.00  13.61
 -53.00 -18.00  13.33
 -53.00 -17.00  13.14
 -53.00 -16.00  13.04
 -53.00 -15.00  13.01
 -53.00 -14.00  13.03
 -53.00 -13.00  13.06
 -53.00 -12.00  13.06
 -53.00 -11.00  13.03
 -53.00 -10.00  12.94
 -53.00  -9.00  12.82
 -53.00  -8.00  12.68
 -53.00  -7.00  12.55
 -53.00  -6.00  12.47
 -53.00  -5.00  12.45
 -53.00  -4.00  12.48
 -53.00  -3.00  12.56
 -53.00  -2.00  12.66
 -53.00  -1.00  12.73
 -53.00   0.00  12.75
 -53.00   1.00  12.69
 -53.00   2.00  12.54
 -53.00   3.00  12.31
 -53.00   4.00  12.06
 -53.00   5.00  11.80
 -53.00   6.00  11.61
 -53.00   7.00  11.51
 -53.00   8.00  11.52
 -53.00   9.00  11.65
 -53.00  10.00  11.87
 -53.00  11.00  12.14
 -53.00  12.00  12.40
 -53.00  13.00  12.62
 -53.00  14.00  12.76
 -53.00  15.00  12.82
 -53.00  16.00  12.80
 -53.00  17.00  12.77
 -53.00  18.00  12.76
 -53.00  19.00  12.84
 -53.00  20.00  13.05
 -53.00  21.00  13.42
 -53.00  22.00  13.94
 -53.00  23.00  14.56
 -53.00  24.00  15.21
 -53.00  25.00  15.81
 -53.00  26.00  16.28
 -53.00  27.00  16.54
 -52.00 -37.00  23.07
 -52.00 -36.00  23.09
 -52.00 -35.00  22.77
 -52.00 -34.00  22.17
 -52.00 -33.00  21.36
 -52.00 -32.00  20.44
 -52.00 -31.00  19.52
 -52.00 -30.00  18.68
 -52.00 -29.00  17.97
 -52.00 -28.00  17.40
 -52.00 -27.00  16.99
 -52.00 -26.00  16.68
 -52.00 -25.00  16.42
 -52.00 -24.00  16.18
 -52.00 -23.00  15.91
 -52.00 -22.00  15.59
 -52.00 -21.00  15.22
 -52.00 -20.00  14.83
 -52.00 -19.00  14.46
 -52.00 -18.00  14.14
 -52.00 -17.00  13.90
 -52.00 -16.00  13.75
 -52.00 -15.00  13.69
 -52.00 -14.00  13.70
 -52.00 -13.00  13.73
 -52.00 -12.00  13.76
 -52.00 -11.00  13.76
 -52.00 -10.00  13.70
 -52.00  -9.00  13.58
 -52.00  -8.00  13.44
 -52.00  -7.00  13.28
 -52.00  -6.00  13.16
 -52.00  -5.00  13.08
 -52.00  -4.00  13.07
 -52.00  -3.00  13.13
 -52.00  -2.00  13.22
 -52.00  -1.00  13.31
 -52.00   0.00  13.38
 -52.00   1.00  13.37
 -52.00   2.00  13.28
 -52.00   3.00  13.10
 -52.00   4.00  12.86
 -52.00   5.00  12.60
 -52.00   6.00  12.36
 -52.00   7.00  12.19
 -52.00   8.00  12.12
 -52.00   9.00  12.16
 -52.00  10.00  12.31
 -52.00  11.00  12.54
 -52.00  12.00  12.79
 -52.00  13.00  13.02
 -52.00  14.00  13.18
 -52.00  15.00  13.25
 -52.00  16.00  13.23
 -52.00  17.00  13.17
 -52.00  18.00  13.09
 -52.00  19.00  13.08
 -52.00  20.00  13.19
 -52.00  21.00  13.45
 -52.00  22.00  13.88
 -52.00  23.00  14.46
 -52.00  24.00  15.12
 -52.00  25.00  15.78
 -52.00  26.00  16.35
 -52.00  27.00  16.76
 -51.00 -37.00  23.59
 -51.00 -36.00  23.83
 -51.00 -35.00  23.71
 -51.00 -34.00  23.28
 -51.00 -33.00  22.59
 -51.00 -32.00  21.73
 -51.00 -31.00  20.81
 -51.00 -30.00  19.92
 -51.00 -29.00  19.13
 -51.00 -28.00  18.49
 -51.00 -27.00  17.99
 -51.00 -26.00  17.62
 -51.00 -25.00  17.34
 -51.00 -24.00  17.09
 -51.00 -23.00  16.83
 -51.00 -22.00  16.53
 -51.00 -21.00  16.19
 -51.00 -20.00  15.80
 -51.00 -19.00  15.42
 -51.00 -18.00  15.06
 -51.00 -17.00  14.78
 -51.00 -16.00  14.58
 -51.00 -15.00  14.48
 -51.00 -14.00  14.46
 -51.00 -13.00  14.50
 -51.00 -12.00  14.55
 -51.00 -11.00  14.57
 -51.00 -10.00  14.55
 -51.00  -9.00  14.46
 -51.00  -8.00  14.32
 -51.00  -7.00  14.15
 -51.00  -6.00  13.99
 -51.00  -5.00  13.86
 -51.00  -4.00  13.79
 -51.00  -3.00  13.79
 -51.00  -2.00  13.86
 -51.00  -1.00  13.95
 -51.00   0.00  14.04
 -51.00   1.00  14.09
 -51.00   2.00  14.06
 -51.00   3.00  13.94
 -51.00   4.00  13.74
 -51.00   5.00  13.48
 -51.00   6.00  13.22
 -51.00   7.00  12.99
 -51.00   8.00  12.84
 -51.00   9.00  12.80
 -51.00  10.00  12.87
 -51.00  11.00  13.03
 -51.00  12.00  13.25
 -51.00  13.00  13.47
 -51.00  14.00  13.65
 -51.00  15.00  13.75
 -51.00  16.00  13.75
 -51.00  17.00  13.67
 -51.00  18.00  13.56
 -51.00  19.00  13.46
 -51.00  20.00  13.46
 -51.00  21.00  13.60
 -51.00  22.00  13.93
 -51.00  23.00  14.42
 -51.00  24.00  15.05
 -51.00  25.00  15.74
 -51.00  26.00  16.40
 -51.00  27.00  16.93
 -50.00 -37.00  23.99
 -50.00 -36.00  24.45
 -50.00 -35.00  24.55
 -50.00 -34.00  24.31
 -50.00 -33.00  23.78
 -50.00 -32.00  23.02
 -50.00 -31.00  22.14
 -50.00 -30.00  21.24
 -50.00 -29.00  20.39
 -50.00 -28.00  19.67
 -50.00 -27.00  19.09
 -50.00 -26.00  18.65
 -50.00 -25.00  18.32
 -50.00 -24.00  18.05
 -50.00 -23.00  17.80
 -50.00 -22.00  17.52
 -50.00 -21.00  17.20
 -50.00 -20.00  16.84
 -50.00 -19.00  16.45
 -50.00 -18.00  16.07
 -50.00 -17.00  15.75
 -50.00 -16.00  15.51
 -50.00 -15.00  15.36
 -50.00 -14.00  15.31
 -50.00 -13.00  15.34
 -50.00 -12.00  15.40
 -50.00 -11.00  15.45
 -50.00 -10.00  15.47
 -50.00  -9.00  15.42
 -50.00  -8.00  15.31
 -50.00  -7.00  15.14
 -50.00  -6.00  14.95
 -50.00  -5.00  14.77
 -50.00  -4.00  14.64
 -50.00  -3.00  14.58
 -50.00  -2.00  14.59
 -50.00  -1.00  14.66
 -50.00   0.00  14.76
 -50.00   1.00  14.84
 -50.00   2.00  14.86
 -50.00   3.00  14.81
 -50.00   4.00  14.66
 -50.00   5.00  14.44
 -50.00   6.00  14.17
 -50.00   7.00  13.90
 -50.00   8.00  13.68
 -50.00   9.00  13.55
 -50.00  10.00  13.53
 -50.00  11.00  13.62
 -50.00  12.00  13.79
 -50.00  13.00  14.00
 -50.00  14.00  14.18
 -50.00  15.00  14.30
 -50.00  16.00  14.33
 -50.00  17.00  14.26
 -50.00  18.00  14.13
 -50.00  19.00  13.98
 -50.00  20.00  13.88
 -50.00  21.00  13.90
 -50.00  22.00  14.09
 -50.00  23.00  14.47
 -50.00  24.00  15.03
 -50.00  25.00  15.71
 -50.00  26.00  16.41
 -50.00  27.00  17.05
 -49.00 -37.00  24.27
 -49.00 -36.00  24.94
 -49.00 -35.00  25.27
 -49.00 -34.00  25.24
 -49.00 -33.00  24.90
 -49.00 -32.00  24.28
 -49.00 -31.00  23.48
 -49.00 -30.00  22.60
 -49.00 -29.00  21.73
 -49.00 -28.00  20.94
 -49.00 -27.00  20.27
 -49.00 -26.00  19.76
 -49.00 -25.00  19.37
 -49.00 -24.00  19.07
 -49.00 -23.00  18.81
 -49.00 -22.00  18.55
 -49.00 -21.00  18.26
 -49.00 -20.00  17.91
 -49.00 -19.00  17.54
 -49.00 -18.00  17.15
 -49.00 -17.00  16.80
 -49.00 -16.00  16.51
 -49.00 -15.00  16.32
 -49.00 -14.00  16.23
 -49.00 -13.00  16.23
 -49.00 -12.00  16.29
 -49.00 -11.00  16.37
 -49.00 -10.00  16.43
 -49.00  -9.00  16.43
 -49.00  -8.00  16.36
 -49.00  -7.00  16.21
 -49.00  -6.00  16.01
 -49.00  -5.00  15.80
 -49.00  -4.00  15.62
 -49.00  -3.00  15.49
 -49.00  -2.00  15.44
 -49.00  -1.00  15.46
 -49.00   0.00  15.53
 -49.00   1.00  15.62
 -49.00   2.00  15.68
 -49.00   3.00  15.69
 -49.00   4.00  15.60
 -49.00   5.00  15.42
 -49.00   6.00  15.18
 -49.00   7.00  14.89
 -49.00   8.00  14.63
 -49.00   9.00  14.42
 -49.00  10.00  14.31
 -49.00  11.00  14.31
 -49.00  12.00  14.41
 -49.00  13.00  14.58
 -49.00  14.00  14.76
 -49.00  15.00  14.90
 -49.00  16.00  14.96
 -49.00  17.00  14.92
 -49.00  18.00  14.78
 -49.00  19.00  14.60
 -49.00  20.00  14.42
 -49.00  21.00  14.32
 -49.00  22.00  14.38
 -49.00  23.00  14.63
 -49.00  24.00  15.08
 -49.00  25.00  15.69
 -49.00  26.00  16.41
 -49.00  27.00  17.12
 -48.00 -37.00  24.44
 -48.00 -36.00  25.29
 -48.00 -35.00  25.84
 -48.00 -34.00  26.04
 -48.00 -33.00  25.90
 -48.00 -32.00  25.46
 -48.00 -31.00  24.79
 -48.00 -30.00  23.97
 -48.00 -29.00  23.10
 -48.00 -28.00  22.27
 -48.00 -27.00  21.54
 -48.00 -26.00  20.94
 -48.00 -25.00  20.48
 -48.00 -24.00  20.13
 -48.00 -23.00  19.85
 -48.00 -22.00  19.60
 -48.00 -21.00  19.32
 -48.00 -20.00  19.01
 -48.00 -19.00  18.65
 -48.00 -18.00  18.28
 -48.00 -17.00  17.91
 -48.00 -16.00  17.59
 -48.00 -15.00  17.35
 -48.00 -14.00  17.21
 -48.00 -13.00  17.18
 -48.00 -12.00  17.23
 -48.00 -11.00  17.32
 -48.00 -10.00  17.41
 -48.00  -9.00  17.46
 -48.00  -8.00  17.44
 -48.00  -7.00  17.33
 -48.00  -6.00  17.16
 -48.00  -5.00  16.93
 -48.00  -4.00  16.71
 -48.00  -3.00  16.51
 -48.00  -2.00  16.39
 -48.00  -1.00  16.34
 -48.00   0.00  16.37
 -48.00   1.00  16.44
 -48.00   2.00  16.52
 -48.00   3.00  16.57
 -48.00   4.00  16.54
 -48.00   5.00  16.43
 -48.00   6.00  16.22
 -48.00   7.00  15.95
 -48.00   8.00  15.65
 -48.00   9.00  15.39
 -48.00  10.00  15.19
 -48.00  11.00  15.10
 -48.00  12.00  15.12
 -48.00  13.00  15.22
 -48.00  14.00  15.38
 -48.00  15.00  15.52
 -48.00  16.00  15.61
 -48.00  17.00  15.61
 -48.00  18.00  15.50
 -48.00  19.00  15.30
 -48.00  20.00  15.07
 -48.00  21.00  14.88
 -48.00  22.00  14.80
 -48.00  23.00  14.90
 -48.00  24.00  15.21
 -48.00  25.00  15.73
 -48.00  26.00  16.40
 -48.00  27.00  17.14
 -47.00 -37.00  24.52
 -47.00 -36.00  25.53
 -47.00 -35.00  26.27
 -47.00 -34.00  26.69
 -47.00 -33.00  26.78
 -47.00 -32.00  26.54
 -47.00 -31.00  26.02
 -47.00 -30.00  25.30
 -47.00 -29.00  24.48
 -47.00 -28.00  23.64
 -47.00 -27.00  22.86
 -47.00 -26.00  22.19
 -47.00 -25.00  21.65
 -47.00 -24.00  21.24
 -47.00 -23.00  20.93
 -47.00 -22.00  20.66
 -47.00 -21.00  20.40
 -47.00 -20.00  20.11
 -47.00 -19.00  19.78
 -47.00 -18.00  19.42
 -47.00 -17.00  19.04
 -47.00 -16.00  18.70
 -47.00 -15.00  18.42
 -47.00 -14.00  18.24
 -47.00 -13.00  18.16
 -47.00 -12.00  18.18
 -47.00 -11.00  18.27
 -47.00 -10.00  18.39
 -47.00  -9.00  18.49
 -47.00  -8.00  18.52
 -47.00  -7.00  18.47
 -47.00  -6.00  18.33
 -47.00  -5.00  18.12
 -47.00  -4.00  17.88
 -47.00  -3.00  17.64
 -47.00  -2.00  17.44
 -47.00  -1.00  17.32
 -47.00   0.00  17.28
 -47.00   1.00  17.31
 -47.00   2.00  17.39
 -47.00   3.00  17.46
 -47.00   4.00  17.48
 -47.00   5.00  17.42
 -47.00   6.00  17.27
 -47.00   7.00  17.03
 -47.00   8.00  16.74
 -47.00   9.00  16.43
 -47.00  10.00  16.17
 -47.00  11.00  15.98
 -47.00  12.00  15.91
 -47.00  13.00  15.93
 -47.00  14.00  16.04
 -47.00  15.00  16.18
 -47.00  16.00  16.28
 -47.00  17.00  16.32
 -47.00  18.00  16.24
 -47.00  19.00  16.06
 -47.00  20.00  15.81
 -47.00  21.00  15.55
 -47.00  22.00  15.35
 -47.00  23.00  15.30
 -47.00  24.00  15.45
 -47.00  25.00  15.83
 -47.00  26.00  16.41
 -47.00  27.00  17.12
 -46.00 -37.00  24.54
 -46.00 -36.00  25.66
 -46.00 -35.00  26.57
 -46.00 -34.00  27.19
 -46.00 -33.00  27.50
 -46.00 -32.00  27.47
 -46.00 -31.00  27.13
 -46.00 -30.00  26.56
 -46.00 -29.00  25.81
 -46.00 -28.00  25.00
 -46.00 -27.00  24.20
 -46.00 -26.00  23.48
 -46.00 -25.00  22.87
 -46.00 -24.00  22.39
 -46.00 -23.00  22.02
 -46.00 -22.00  21.73
 -46.00 -21.00  21.46
 -46.00 -20.00  21.19
 -46.00 -19.00  20.89
 -46.00 -18.00  20.55
 -46.00 -17.00  20.19
 -46.00 -16.00  19.83
 -46.00 -15.00  19.52
 -46.00 -14.00  19.30
 -46.00 -13.00  19.18
 -46.00 -12.00  19.16
 -46.00 -11.00  19.23
 -46.00 -10.00  19.36
 -46.00  -9.00  19.49
 -46.00  -8.00  19.58
 -46.00  -7.00  19.60
 -46.00  -6.00  19.52
 -46.00  -5.00  19.34
 -46.00  -4.00  19.10
 -46.00  -3.00  18.83
 -46.00  -2.00  18.58
 -46.00  -1.00  18.39
 -46.00   0.00  18.27
 -46.00   1.00  18.25
 -46.00   2.00  18.29
 -46.00   3.00  18.36
 -46.00   4.00  18.41
 -46.00   5.00  18.41
 -46.00   6.00  18.31
 -46.00   7.00  18.12
 -46.00   8.00  17.85
 -46.00   9.00  17.53
 -46.00  10.00  17.21
 -46.00  11.00  16.95
 -46.00  12.00  16.78
 -46.00  13.00  16.72
 -46.00  14.00  16.75
 -46.00  15.00  16.85
 -46.00  16.00  16.96
 -46.00  17.00  17.03
 -46.00  18.00  16.99
 -46.00  19.00  16.85
 -46.00  20.00  16.60
 -46.00  21.00  16.29
 -46.00  22.00  16.01
 -46.00  23.00  15.82
 -46.00  24.00  15.81
 -46.00  25.00  16.03
 -46.00  26.00  16.47
 -46.00  27.00  17.11
 -45.00 -37.00  24.52
 -45.00 -36.00  25.72
 -45.00 -35.00  26.75
 -45.00 -34.00  27.55
 -45.00 -33.00  28.06
 -45.00 -32.00  28.24
 -45.00 -31.00  28.11
 -45.00 -30.00  27.69
 -45.00 -29.00  27.07
 -45.00 -28.00  26.32
 -45.00 -27.00  25.52
 -45.00 -26.00  24.77
 -45.00 -25.00  24.10
 -45.00 -24.00  23.56
 -45.00 -23.00  23.13
 -45.00 -22.00  22.80
 -45.00 -21.00  22.52
 -45.00 -20.00  22.25
 -45.00 -19.00  21.97
 -45.00 -18.00  21.65
 -45.00 -17.00  21.31
 -45.00 -16.00  20.95
 -45.00 -15.00  20.63
 -45.00 -14.00  20.37
 -45.00 -13.00  20.20
 -45.00 -12.00  20.15
 -45.00 -11.00  20.19
 -45.00 -10.00  20.31
 -45.00  -9.00  20.47
 -45.00  -8.00  20.61
 -45.00  -7.00  20.68
 -45.00  -6.00  20.67
 -45.00  -5.00  20.55
 -45.00  -4.00  20.33
 -45.00  -3.00  20.06
 -45.00  -2.00  19.78
 -45.00  -1.00  19.52
 -45.00   0.00  19.34
 -45.00   1.00  19.24
 -45.00   2.00  19.23
 -45.00   3.00  19.28
 -45.00   4.00  19.34
 -45.00   5.00  19.37
 -45.00   6.00  19.33
 -45.00   7.00  19.19
 -45.00   8.00  18.95
 -45.00   9.00  18.64
 -45.00  10.00  18.30
 -45.00  11.00  17.98
 -45.00  12.00  17.72
 -45.00  13.00  17.57
 -45.00  14.00  17.52
 -45.00  15.00  17.57
 -45.00  16.00  17.66
 -45.00  17.00  17.73
 -45.00  18.00  17.74
 -45.00  19.00  17.63
 -45.00  20.00  17.41
 -45.00  21.00  17.10
 -45.00  22.00  16.75
 -45.00  23.00  16.45
 -45.00  24.00  16.29
 -45.00  25.00  16.33
 -45.00  26.00  16.62
 -45.00  27.00  17.13
 -44.00 -37.00  24.50
 -44.00 -36.00  25.73
 -44.00 -35.00  26.86
 -44.00 -34.00  27.80
 -44.00 -33.00  28.48
 -44.00 -32.00  28.86
 -44.00 -31.00  28.92
 -44.00 -30.00  28.68
 -44.00 -29.00  28.20
 -44.00 -28.00  27.54
 -44.00 -27.00  26.79
 -44.00 -26.00  26.03
 -44.00 -25.00  25.33
 -44.00 -24.00  24.73
 -44.00 -23.00  24.24
 -44.00 -22.00  23.86
 -44.00 -21.00  23.55
 -44.00 -20.00  23.28
 -44.00 -19.00  23.01
 -44.00 -18.00  22.72
 -44.00 -17.00  22.39
 -44.00 -16.00  22.05
 -44.00 -15.00  21.72
 -44.00 -14.00  21.43
 -44.00 -13.00  21.23
 -44.00 -12.00  21.13
 -44.00 -11.00  21.14
 -44.00 -10.00  21.25
 -44.00  -9.00  21.41
 -44.00  -8.00  21.58
 -44.00  -7.00  21.71
 -44.00  -6.00  21.76
 -44.00  -5.00  21.71
 -44.00  -4.00  21.55
 -44.00  -3.00  21.30
 -44.00  -2.00  21.00
 -44.00  -1.00  20.71
 -44.00   0.00  20.46
 -44.00   1.00  20.29
 -44.00   2.00  20.22
 -44.00   3.00  20.22
 -44.00   4.00  20.27
 -44.00   5.00  20.32
 -44.00   6.00  20.32
 -44.00   7.00  20.23
 -44.00   8.00  20.04
 -44.00   9.00  19.76
 -44.00  10.00  19.41
 -44.00  11.00  19.05
 -44.00  12.00  18.72
 -44.00  13.00  18.48
 -44.00  14.00  18.34
 -44.00  15.00  18.32
 -44.00  16.00  18.36
 -44.00  17.00  18.43
 -44.00  18.00  18.46
 -44.00  19.00  18.40
 -44.00  20.00  18.22
 -44.00  21.00  17.92
 -44.00  22.00  17.54
 -44.00  23.00  17.16
 -44.00  24.00  16.87
 -44.00  25.00  16.75
 -44.00  26.00  16.86
 -44.00  27.00  17.22
 -43.00 -37.00  24.53
 -43.00 -36.00  25.77
 -43.00 -35.00  26.95
 -43.00 -34.00  28.00
 -43.00 -33.00  28.83
 -43.00 -32.00  29.38
 -43.00 -31.00  29.63
 -43.00 -30.00  29.57
 -43.00 -29.00  29.24
 -43.00 -28.00  28.69
 -43.00 -27.00  28.01
 -43.00 -26.00  27.27
 -43.00 -25.00  26.55
 -43.00 -24.00  25.90
 -43.00 -23.00  25.35
 -43.00 -22.00  24.92
 -43.00 -21.00  24.57
 -43.00 -20.00  24.28
 -43.00 -19.00  24.02
 -43.00 -18.00  23.74
 -43.00 -17.00  23.43
 -43.00 -16.00  23.11
 -43.00 -15.00  22.78
 -43.00 -14.00  22.48
 -43.00 -13.00  22.25
 -43.00 -12.00  22.11
 -43.00 -11.00  22.08
 -43.00 -10.00  22.16
 -43.00  -9.00  22.32
 -43.00  -8.00  22.51
 -43.00  -7.00  22.69
 -43.00  -6.00  22.80
 -43.00  -5.00  22.82
 -43.00  -4.00  22.72
 -43.00  -3.00  22.51
 -43.00  -2.00  22.22
 -43.00  -1.00  21.91
 -43.00   0.00  21.62
 -43.00   1.00  21.39
 -43.00   2.00  21.25
 -43.00   3.00  21.20
 -43.00   4.00  21.22
 -43.00   5.00  21.27
 -43.00   6.00  21.29
 -43.00   7.00  21.25
 -43.00   8.00  21.11
 -43.00   9.00  20.87
 -43.00  10.00  20.53
 -43.00  11.00  20.15
 -43.00  12.00  19.77
 -43.00  13.00  19.45
 -43.00  14.00  19.23
 -43.00  15.00  19.12
 -43.00  16.00  19.11
 -43.00  17.00  19.15
 -43.00  18.00  19.19
 -43.00  19.00  19.16
 -43.00  20.00  19.02
 -43.00  21.00  18.76
 -43.00  22.00  18.38
 -43.00  23.00  17.95
 -43.00  24.00  17.55
 -43.00  25.00  17.28
 -43.00  26.00  17.22
 -43.00  27.00  17.42
 -42.00 -37.00  24.61
 -42.00 -36.00  25.83
 -42.00 -35.00  27.04
 -42.00 -34.00  28.15
 -42.00 -33.00  29.10
 -42.00 -32.00  29.80
 -42.00 -31.00  30.22
 -42.00 -30.00  30.34
 -42.00 -29.00  30.16
 -42.00 -28.00  29.74
 -42.00 -27.00  29.14
 -42.00 -26.00  28.45
 -42.00 -25.00  27.73
 -42.00 -24.00  27.05
 -42.00 -23.00  26.46
 -42.00 -22.00  25.97
 -42.00 -21.00  25.58
 -42.00 -20.00  25.27
 -42.00 -19.00  24.99
 -42.00 -18.00  24.72
 -42.00 -17.00  24.43
 -42.00 -16.00  24.12
 -42.00 -15.00  23.80
 -42.00 -14.00  23.50
 -42.00 -13.00  23.25
 -42.00 -12.00  23.08
 -42.00 -11.00  23.02
 -42.00 -10.00  23.07
 -42.00  -9.00  23.22
 -42.00  -8.00  23.42
 -42.00  -7.00  23.63
 -42.00  -6.00  23.79
 -42.00  -5.00  23.87
 -42.00  -4.00  23.84
 -42.00  -3.00  23.69
 -42.00  -2.00  23.43
 -42.00  -1.00  23.12
 -42.00   0.00  22.80
 -42.00   1.00  22.52
 -42.00   2.00  22.32
 -42.00   3.00  22.21
 -42.00   4.00  22.19
 -42.00   5.00  22.22
 -42.00   6.00  22.26
 -42.00   7.00  22.25
 -42.00   8.00  22.15
 -42.00   9.00  21.95
 -42.00  10.00  21.64
 -42.00  11.00  21.26
 -42.00  12.00  20.85
 -42.00  13.00  20.47
 -42.00  14.00  20.16
 -42.00  15.00  19.97
 -42.00  16.00  19.89
 -42.00  17.00  19.89
 -42.00  18.00  19.92
 -42.00  19.00  19.91
 -42.00  20.00  19.81
 -42.00  21.00  19.59
 -42.00  22.00  19.23
 -42.00  23.00  18.78
 -42.00  24.00  18.31
 -42.00  25.00  17.92
 -42.00  26.00  17.70
 -42.00  27.00  17.72
 -41.00 -37.00  24.75
 -41.00 -36.00  25.93
 -41.00 -35.00  27.14
 -41.00 -34.00  28.29
 -41.00 -33.00  29.31
 -41.00 -32.00  30.14
 -41.00 -31.00  30.71
 -41.00 -30.00  30.99
 -41.00 -29.00  30.97
 -41.00 -28.00  30.69
 -41.00 -27.00  30.19
 -41.00 -26.00  29.55
 -41.00 -25.00  28.86
 -41.00 -24.00  28.17
 -41.00 -23.00  27.54
 -41.00 -22.00  27.01
 -41.00 -21.00  26.58
 -41.00 -20.00  26.23
 -41.00 -19.00  25.94
 -41.00 -18.00  25.67
 -41.00 -17.00  25.39
 -41.00 -16.00  25.10
 -41.00 -15.00  24.80
 -41.00 -14.00  24.50
 -41.00 -13.00  24.24
 -41.00 -12.00  24.05
 -41.00 -11.00  23.95
 -41.00 -10.00  23.97
 -41.00  -9.00  24.10
 -41.00  -8.00  24.30
 -41.00  -7.00  24.53
 -41.00  -6.00  24.74
 -41.00  -5.00  24.88
 -41.00  -4.00  24.91
 -41.00  -3.00  24.82
 -41.00  -2.00  24.61
 -41.00  -1.00  24.32
 -41.00   0.00  23.99
 -41.00   1.00  23.67
 -41.00   2.00  23.42
 -41.00   3.00  23.25
 -41.00   4.00  23.18
 -41.00   5.00  23.18
 -41.00   6.00  23.21
 -41.00   7.00  23.22
 -41.00   8.00  23.17
 -41.00   9.00  23.01
 -41.00  10.00  22.74
 -41.00  11.00  22.36
 -41.00  12.00  21.94
 -41.00  13.00  21.51
 -41.00  14.00  21.13
 -41.00  15.00  20.86
 -41.00  16.00  20.70
 -41.00  17.00  20.64
 -41.00  18.00  20.65
 -41.00  19.00  20.65
 -41.00  20.00  20.59
 -41.00  21.00  20.40
 -41.00  22.00  20.08
 -41.00  23.00  19.63
 -41.00  24.00  19.12
 -41.00  25.00  18.63
 -41.00  26.00  18.27
 -41.00  27.00  18.13
 -40.00 -37.00  24.95
 -40.00 -36.00  26.08
 -40.00 -35.00  27.26
 -40.00 -34.00  28.42
 -40.00 -33.00  29.50
 -40.00 -32.00  30.42
 -40.00 -31.00  31.12
 -40.00 -30.00  31.54
 -40.00 -29.00  31.68
 -40.00 -28.00  31.53
 -40.00 -27.00  31.15
 -40.00 -26.00  30.59
 -40.00 -25.00  29.94
 -40.00 -24.00  29.25
 -40.00 -23.00  28.60
 -40.00 -22.00  28.03
 -40.00 -21.00  27.56
 -40.00 -20.00  27.18
 -40.00 -19.00  26.86
 -40.00 -18.00  26.59
 -40.00 -17.00  26.32
 -40.00 -16.00  26.04
 -40.00 -15.00  25.76
 -40.00 -14.00  25.47
 -40.00 -13.00  25.20
 -40.00 -12.00  25.00
 -40.00 -11.00  24.88
 -40.00 -10.00  24.87
 -40.00  -9.00  24.97
 -40.00  -8.00  25.16
 -40.00  -7.00  25.40
 -40.00  -6.00  25.64
 -40.00  -5.00  25.84
 -40.00  -4.00  25.93
 -40.00  -3.00  25.91
 -40.00  -2.00  25.75
 -40.00  -1.00  25.50
 -40.00   0.00  25.17
 -40.00   1.00  24.83
 -40.00   2.00  24.54
 -40.00   3.00  24.32
 -40.00   4.00  24.19
 -40.00   5.00  24.15
 -40.00   6.00  24.16
 -40.00   7.00  24.18
 -40.00   8.00  24.16
 -40.00   9.00  24.04
 -40.00  10.00  23.80
 -40.00  11.00  23.46
 -40.00  12.00  23.03
 -40.00  13.00  22.56
 -40.00  14.00  22.13
 -40.00  15.00  21.78
 -40.00  16.00  21.54
 -40.00  17.00  21.42
 -40.00  18.00  21.38
 -40.00  19.00  21.38
 -40.00  20.00  21.34
 -40.00  21.00  21.19
 -40.00  22.00  20.91
 -40.00  23.00  20.49
 -40.00  24.00  19.96
 -40.00  25.00  19.41
 -40.00  26.00  18.93
 -40.00  27.00  18.63
 -39.00 -37.00  25.21
 -39.00 -36.00  26.28
 -39.00 -35.00  27.42
 -39.00 -34.00  28.57
 -39.00 -33.00  29.68
 -39.00 -32.00  30.67
 -39.00 -31.00  31.47
 -39.00 -30.00  32.02
 -39.00 -29.00  32.30
 -39.00 -28.00  32.29
 -39.00 -27.00  32.03
 -39.00 -26.00  31.57
 -39.00 -25.00  30.97
 -39.00 -24.00  30.31
 -39.00 -23.00  29.65
 -39.00 -22.00  29.05
 -39.00 -21.00  28.53
 -39.00 -20.00  28.11
 -39.00 -19.00  27.77
 -39.00 -18.00  27.48
 -39.00 -17.00  27.22
 -39.00 -16.00  26.95
 -39.00 -15.00  26.68
 -39.00 -14.00  26.41
 -39.00 -13.00  26.14
 -39.00 -12.00  25.93
 -39.00 -11.00  25.79
 -39.00 -10.00  25.76
 -39.00  -9.00  25.83
 -39.00  -8.00  26.00
 -39.00  -7.00  26.25
 -39.00  -6.00  26.52
 -39.00  -5.00  26.75
 -39.00  -4.00  26.91
 -39.00  -3.00  26.95
 -39.00  -2.00  26.86
 -39.00  -1.00  26.64
 -39.00   0.00  26.34
 -39.00   1.00  26.00
 -39.00   2.00  25.67
 -39.00   3.00  25.40
 -39.00   4.00  25.22
 -39.00   5.00  25.13
 -39.00   6.00  25.12
 -39.00   7.00  25.14
 -39.00   8.00  25.13
 -39.00   9.00  25.04
 -39.00  10.00  24.85
 -39.00  11.00  24.53
 -39.00  12.00  24.11
 -39.00  13.00  23.63
 -39.00  14.00  23.15
 -39.00  15.00  22.73
 -39.00  16.00  22.41
 -39.00  17.00  22.22
 -39.00  18.00  22.13
 -39.00  19.00  22.10
 -39.00  20.00  22.07
 -39.00  21.00  21.96
 -39.00  22.00  21.72
 -39.00  23.00  21.34
 -39.00  24.00  20.82
 -39.00  25.00  20.22
 -39.00  26.00  19.66
 -39.00  27.00  19.22
 -38.00 -37.00  25.52
 -38.00 -36.00  26.53
 -38.00 -35.00  27.61
 -38.00 -34.00  28.74
 -38.00 -33.00  29.85
 -38.00 -32.00  30.89
 -38.00 -31.00  31.77
 -38.00 -30.00  32.44
 -38.00 -29.00  32.84
 -38.00 -28.00  32.98
 -38.00 -27.00  32.84
 -38.00 -26.00  32.48
 -38.00 -25.00  31.95
 -38.00 -24.00  31.33
 -38.00 -23.00  30.67
 -38.00 -22.00  30.05
 -38.00 -21.00  29.50
 -38.00 -20.00  29.04
 -38.00 -19.00  28.67
 -38.00 -18.00  28.36
 -38.00 -17.00  28.09
 -38.00 -16.00  27.84
 -38.00 -15.00  27.58
 -38.00 -14.00  27.32
 -38.00 -13.00  27.07
 -38.00 -12.00  26.85
 -38.00 -11.00  26.70
 -38.00 -10.00  26.64
 -38.00  -9.00  26.69
 -38.00  -8.00  26.84
 -38.00  -7.00  27.08
 -38.00  -6.00  27.36
 -38.00  -5.00  27.63
 -38.00  -4.00  27.84
 -38.00  -3.00  27.95
 -38.00  -2.00  27.92
 -38.00  -1.00  27.76
 -38.00   0.00  27.49
 -38.00   1.00  27.15
 -38.00   2.00  26.81
 -38.00   3.00  26.50
 -38.00   4.00  26.27
 -38.00   5.00  26.13
 -38.00   6.00  26.08
 -38.00   7.00  26.08
 -38.00   8.00  26.08
 -38.00   9.00  26.02
 -38.00  10.00  25.87
 -38.00  11.00  25.59
 -38.00  12.00  25.19
 -38.00  13.00  24.71
 -38.00  14.00  24.19
 -38.00  15.00  23.71
 -38.00  16.00  23.31
 -38.00  17.00  23.03
 -38.00  18.00  22.88
 -38.00  19.00  22.82
 -38.00  20.00  22.78
 -38.00  21.00  22.70
 -38.00  22.00  22.51
 -38.00  23.00  22.17
 -38.00  24.00  21.68
 -38.00  25.00  21.07
 -38.00  26.00  20.44
 -38.00  27.00  19.88
 -37.00 -37.00  25.88
 -37.00 -36.00  26.83
 -37.00 -35.00  27.85
 -37.00 -34.00  28.94
 -37.00 -33.00  30.04
 -37.00 -32.00  31.09
 -37.00 -31.00  32.04
 -37.00 -30.00  32.80
 -37.00 -29.00  33.33
 -37.00 -28.00  33.59
 -37.00 -27.00  33.59
 -37.00 -26.00  33.34
 -37.00 -25.00  32.90
 -37.00 -24.00  32.32
 -37.00 -23.00  31.69
 -37.00 -22.00  31.05
 -37.00 -21.00  30.48
 -37.00 -20.00  29.98
 -37.00 -19.00  29.57
 -37.00 -18.00  29.23
 -37.00 -17.00  28.95
 -37.00 -16.00  28.70
 -37.00 -15.00  28.46
 -37.00 -14.00  28.21
 -37.00 -13.00  27.97
 -37.00 -12.00  27.76
 -37.00 -11.00  27.60
 -37.00 -10.00  27.52
 -37.00  -9.00  27.54
 -37.00  -8.00  27.67
 -37.00  -7.00  27.89
 -37.00  -6.00  28.18
 -37.00  -5.00  28.47
 -37.00  -4.00  28.73
 -37.00  -3.00  28.90
 -37.00  -2.00  28.94
 -37.00  -1.00  28.84
 -37.00   0.00  28.62
 -37.00   1.00  28.31
 -37.00   2.00  27.95
 -37.00   3.00  27.61
 -37.00   4.00  27.33
 -37.00   5.00  27.15
 -37.00   6.00  27.05
 -37.00   7.00  27.02
 -37.00   8.00  27.02
 -37.00   9.00  26.98
 -37.00  10.00  26.87
 -37.00  11.00  26.63
 -37.00  12.00  26.26
 -37.00  13.00  25.78
 -37.00  14.00  25.25
 -37.00  15.00  24.71
 -37.00  16.00  24.24
 -37.00  17.00  23.88
 -37.00  18.00  23.65
 -37.00  19.00  23.53
 -37.00  20.00  23.48
 -37.00  21.00  23.42
 -37.00  22.00  23.27
 -37.00  23.00  22.98
 -37.00  24.00  22.53
 -37.00  25.00  21.94
 -37.00  26.00  21.27
 -37.00  27.00  20.62
 -36.00 -37.00  26.30
 -36.00 -36.00  27.18
 -36.00 -35.00  28.14
 -36.00 -34.00  29.17
 -36.00 -33.00  30.24
 -36.00 -32.00  31.30
 -36.00 -31.00  32.28
 -36.00 -30.00  33.12
 -36.00 -29.00  33.75
 -36.00 -28.00  34.14
 -36.00 -27.00  34.27
 -36.00 -26.00  34.14
 -36.00 -25.00  33.79
 -36.00 -24.00  33.28
 -36.00 -23.00  32.68
 -36.00 -22.00  32.05
 -36.00 -21.00  31.45
 -36.00 -20.00  30.91
 -36.00 -19.00  30.46
 -36.00 -18.00  30.10
 -36.00 -17.00  29.80
 -36.00 -16.00  29.54
 -36.00 -15.00  29.31
 -36.00 -14.00  29.08
 -36.00 -13.00  28.85
 -36.00 -12.00  28.65
 -36.00 -11.00  28.48
 -36.00 -10.00  28.39
 -36.00  -9.00  28.38
 -36.00  -8.00  28.49
 -36.00  -7.00  28.69
 -36.00  -6.00  28.97
 -36.00  -5.00  29.29
 -36.00  -4.00  29.58
 -36.00  -3.00  29.81
 -36.00  -2.00  29.92
 -36.00  -1.00  29.89
 -36.00   0.00  29.72
 -36.00   1.00  29.44
 -36.00   2.00  29.10
 -36.00   3.00  28.74
 -36.00   4.00  28.42
 -36.00   5.00  28.18
 -36.00   6.00  28.03
 -36.00   7.00  27.97
 -36.00   8.00  27.95
 -36.00   9.00  27.93
 -36.00  10.00  27.84
 -36.00  11.00  27.64
 -36.00  12.00  27.31
 -36.00  13.00  26.86
 -36.00  14.00  26.31
 -36.00  15.00  25.74
 -36.00  16.00  25.21
 -36.00  17.00  24.76
 -36.00  18.00  24.45
 -36.00  19.00  24.26
 -36.00  20.00  24.17
 -36.00  21.00  24.11
 -36.00  22.00  24.00
 -36.00  23.00  23.77
 -36.00  24.00  23.37
 -36.00  25.00  22.82
 -36.00  26.00  22.14
 -36.00  27.00  21.43
 -35.00 -37.00  26.76
 -35.00 -36.00  27.58
 -35.00 -35.00  28.48
 -35.00 -34.00  29.44
 -35.00 -33.00  30.47
 -35.00 -32.00  31.51
 -35.00 -31.00  32.51
 -35.00 -30.00  33.40
 -35.00 -29.00  34.12
 -35.00 -28.00  34.62
 -35.00 -27.00  34.87
 -35.00 -26.00  34.86
 -35.00 -25.00  34.62
 -35.00 -24.00  34.19
 -35.00 -23.00  33.63
 -35.00 -22.00  33.02
 -35.00 -21.00  32.40
 -35.00 -20.00  31.84
 -35.00 -19.00  31.35
 -35.00 -18.00  30.95
 -35.00 -17.00  30.63
 -35.00 -16.00  30.36
 -35.00 -15.00  30.13
 -35.00 -14.00  29.91
 -35.00 -13.00  29.70
 -35.00 -12.00  29.51
 -35.00 -11.00  29.35
 -35.00 -10.00  29.24
 -35.00  -9.00  29.22
 -35.00  -8.00  29.30
 -35.00  -7.00  29.48
 -35.00  -6.00  29.75
 -35.00  -5.00  30.07
 -35.00  -4.00  30.40
 -35.00  -3.00  30.67
 -35.00  -2.00  30.85
 -35.00  -1.00  30.89
 -35.00   0.00  30.79
 -35.00   1.00  30.56
 -35.00   2.00  30.23
 -35.00   3.00  29.87
 -35.00   4.00  29.51
 -35.00   5.00  29.22
 -35.00   6.00  29.03
 -35.00   7.00  28.92
 -35.00   8.00  28.87
 -35.00   9.00  28.85
 -35.00  10.00  28.78
 -35.00  11.00  28.63
 -35.00  12.00  28.34
 -35.00  13.00  27.92
 -35.00  14.00  27.38
 -35.00  15.00  26.79
 -35.00  16.00  26.20
 -35.00  17.00  25.68
 -35.00  18.00  25.28
 -35.00  19.00  25.01
 -35.00  20.00  24.86
 -35.00  21.00  24.78
 -35.00  22.00  24.69
 -35.00  23.00  24.51
 -35.00  24.00  24.18
 -35.00  25.00  23.68
 -35.00  26.00  23.02
 -35.00  27.00  22.28
 -34.00 -37.00  27.26
 -34.00 -36.00  28.03
 -34.00 -35.00  28.86
 -34.00 -34.00  29.76
 -34.00 -33.00  30.73
 -34.00 -32.00  31.74
 -34.00 -31.00  32.73
 -34.00 -30.00  33.66
 -34.00 -29.00  34.45
 -34.00 -28.00  35.04
 -34.00 -27.00  35.40
 -34.00 -26.00  35.51
 -34.00 -25.00  35.37
 -34.00 -24.00  35.03
 -34.00 -23.00  34.53
 -34.00 -22.00  33.94
 -34.00 -21.00  33.32
 -34.00 -20.00  32.74
 -34.00 -19.00  32.22
 -34.00 -18.00  31.78
 -34.00 -17.00  31.43
 -34.00 -16.00  31.15
 -34.00 -15.00  30.91
 -34.00 -14.00  30.71
 -34.00 -13.00  30.51
 -34.00 -12.00  30.33
 -34.00 -11.00  30.18
 -34.00 -10.00  30.07
 -34.00  -9.00  30.04
 -34.00  -8.00  30.10
 -34.00  -7.00  30.26
 -34.00  -6.00  30.51
 -34.00  -5.00  30.83
 -34.00  -4.00  31.18
 -34.00  -3.00  31.49
 -34.00  -2.00  31.73
 -34.00  -1.00  31.84
 -34.00   0.00  31.81
 -34.00   1.00  31.63
 -34.00   2.00  31.34
 -34.00   3.00  30.98
 -34.00   4.00  30.61
 -34.00   5.00  30.28
 -34.00   6.00  30.03
 -34.00   7.00  29.87
 -34.00   8.00  29.79
 -34.00   9.00  29.76
 -34.00  10.00  29.70
 -34.00  11.00  29.58
 -34.00  12.00  29.34
 -34.00  13.00  28.95
 -34.00  14.00  28.44
 -34.00  15.00  27.84
 -34.00  16.00  27.21
 -34.00  17.00  26.62
 -34.00  18.00  26.13
 -34.00  19.00  25.78
 -34.00  20.00  25.57
 -34.00  21.00  25.45
 -34.00  22.00  25.36
 -34.00  23.00  25.22
 -34.00  24.00  24.95
 -34.00  25.00  24.51
 -34.00  26.00  23.89
 -34.00  27.00  23.15
 -33.00 -37.00  27.79
 -33.00 -36.00  28.51
 -33.00 -35.00  29.28
 -33.00 -34.00  30.12
 -33.00 -33.00  31.03
 -33.00 -32.00  32.00
 -33.00 -31.00  32.97
 -33.00 -30.00  33.91
 -33.00 -29.00  34.74
 -33.00 -28.00  35.41
 -33.00 -27.00  35.86
 -33.00 -26.00  36.07
 -33.00 -25.00  36.04
 -33.00 -24.00  35.78
 -33.00 -23.00  35.34
 -33.00 -22.00  34.79
 -33.00 -21.00  34.19
 -33.00 -20.00  33.59
 -33.00 -19.00  33.04
 -33.00 -18.00  32.57
 -33.00 -17.00  32.19
 -33.00 -16.00  31.88
 -33.00 -15.00  31.64
 -33.00 -14.00  31.44
 -33.00 -13.00  31.26
 -33.00 -12.00  31.10
 -33.00 -11.00  30.96
 -33.00 -10.00  30.86
 -33.00  -9.00  30.82
 -33.00  -8.00  30.87
 -33.00  -7.00  31.01
 -33.00  -6.00  31.25
 -33.00  -5.00  31.56
 -33.00  -4.00  31.92
 -33.00  -3.00  32.27
 -33.00  -2.00  32.56
 -33.00  -1.00  32.73
 -33.00   0.00  32.77
 -33.00   1.00  32.65
 -33.00   2.00  32.40
 -33.00   3.00  32.06
 -33.00   4.00  31.68
 -33.00   5.00  31.32
 -33.00   6.00  31.03
 -33.00   7.00  30.82
 -33.00   8.00  30.71
 -33.00   9.00  30.65
 -33.00  10.00  30.60
 -33.00  11.00  30.50
 -33.00  12.00  30.29
 -33.00  13.00  29.95
 -33.00  14.00  29.46
 -33.00  15.00  28.87
 -33.00  16.00  28.21
 -33.00  17.00  27.57
 -33.00  18.00  27.00
 -33.00  19.00  26.57
 -33.00  20.00  26.28
 -33.00  21.00  26.12
 -33.00  22.00  26.02
 -33.00  23.00  25.90
 -33.00  24.00  25.68
 -33.00  25.00  25.31
 -33.00  26.00  24.74
 -33.00  27.00  24.02
 -32.00 -37.00  28.33
 -32.00 -36.00  29.01
 -32.00 -35.00  29.74
 -32.00 -34.00  30.52
 -32.00 -33.00  31.37
 -32.00 -32.00  32.29
 -32.00 -31.00  33.24
 -32.00 -30.00  34.17
 -32.00 -29.00  35.02
 -32.00 -28.00  35.74
 -32.00 -27.00  36.26
 -32.00 -26.00  36.55
 -32.00 -25.00  36.61
 -32.00 -24.00  36.43
 -32.00 -23.00  36.06
 -32.00 -22.00  35.55
 -32.00 -21.00  34.96
 -32.00 -20.00  34.35
 -32.00 -19.00  33.79
 -32.00 -18.00  33.29
 -32.00 -17.00  32.88
 -32.00 -16.00  32.56
 -32.00 -15.00  32.31
 -32.00 -14.00  32.11
 -32.00 -13.00  31.95
 -32.00 -12.00  31.80
 -32.00 -11.00  31.68
 -32.00 -10.00  31.59
 -32.00  -9.00  31.56
 -32.00  -8.00  31.60
 -32.00  -7.00  31.73
 -32.00  -6.00  31.96
 -32.00  -5.00  32.27
 -32.00  -4.00  32.64
 -32.00  -3.00  33.01
 -32.00  -2.00  33.34
 -32.00  -1.00  33.57
 -32.00   0.00  33.66
 -32.00   1.00  33.61
 -32.00   2.00  33.41
 -32.00   3.00  33.09
 -32.00   4.00  32.72
 -32.00   5.00  32.34
 -32.00   6.00  32.01
 -32.00   7.00  31.76
 -32.00   8.00  31.60
 -32.00   9.00  31.52
 -32.00  10.00  31.46
 -32.00  11.00  31.38
 -32.00  12.00  31.20
 -32.00  13.00  30.89
 -32.00  14.00  30.44
 -32.00  15.00  29.85
 -32.00  16.00  29.18
 -32.00  17.00  28.50
 -32.00  18.00  27.88
 -32.00  19.00  27.37
 -32.00  20.00  27.01
 -32.00  21.00  26.79
 -32.00  22.00  26.67
 -32.00  23.00  26.56
 -32.00  24.00  26.38
 -32.00  25.00  26.05
 -32.00  26.00  25.54
 -32.00  27.00  24.85
 -31.00 -37.00  28.88
 -31.00 -36.00  29.53
 -31.00 -35.00  30.21
 -31.00 -34.00  30.94
 -31.00 -33.00  31.75
 -31.00 -32.00  32.62
 -31.00 -31.00  33.54
 -31.00 -30.00  34.45
 -31.00 -29.00  35.31
 -31.00 -28.00  36.05
 -31.00 -27.00  36.62
 -31.00 -26.00  36.97
 -31.00 -25.00  37.09
 -31.00 -24.00  36.97
 -31.00 -23.00  36.66
 -31.00 -22.00  36.18
 -31.00 -21.00  35.61
 -31.00 -20.00  35.01
 -31.00 -19.00  34.44
 -31.00 -18.00  33.92
 -31.00 -17.00  33.50
 -31.00 -16.00  33.16
 -31.00 -15.00  32.90
 -31.00 -14.00  32.71
 -31.00 -13.00  32.56
 -31.00 -12.00  32.43
 -31.00 -11.00  32.33
 -31.00 -10.00  32.26
 -31.00  -9.00  32.24
 -31.00  -8.00  32.28
 -31.00  -7.00  32.42
 -31.00  -6.00  32.64
 -31.00  -5.00  32.96
 -31.00  -4.00  33.33
 -31.00  -3.00  33.72
 -31.00  -2.00  34.08
 -31.00  -1.00  34.36
 -31.00   0.00  34.50
 -31.00   1.00  34.50
 -31.00   2.00  34.34
 -31.00   3.00  34.06
 -31.00   4.00  33.69
 -31.00   5.00  33.30
 -31.00   6.00  32.95
 -31.00   7.00  32.67
 -31.00   8.00  32.48
 -31.00   9.00  32.37
 -31.00  10.00  32.30
 -31.00  11.00  32.22
 -31.00  12.00  32.06
 -31.00  13.00  31.78
 -31.00  14.00  31.35
 -31.00  15.00  30.77
 -31.00  16.00  30.10
 -31.00  17.00  29.39
 -31.00  18.00  28.72
 -31.00  19.00  28.15
 -31.00  20.00  27.73
 -31.00  21.00  27.46
 -31.00  22.00  27.31
 -31.00  23.00  27.20
 -31.00  24.00  27.04
 -31.00  25.00  26.76
 -31.00  26.00  26.29
 -31.00  27.00  25.63
 -30.00 -37.00  29.58
 -30.00 -36.00  30.22
 -30.00 -35.00  30.89
 -30.00 -34.00  31.62
 -30.00 -33.00  32.42
 -30.00 -32.00  33.30
 -30.00 -31.00  34.22
 -30.00 -30.00  35.16
 -30.00 -29.00  36.06
 -30.00 -28.00  36.84
 -30.00 -27.00  37.46
 -30.00 -26.00  37.86
 -30.00 -25.00  38.02
 -30.00 -24.00  37.93
 -30.00 -23.00  37.63
 -30.00 -22.00  37.16
 -30.00 -21.00  36.57
 -30.00 -20.00  35.94
 -30.00 -19.00  35.32
 -30.00 -18.00  34.76
 -30.00 -17.00  34.30
 -30.00 -16.00  33.92
 -30.00 -15.00  33.65
 -30.00 -14.00  33.44
 -30.00 -13.00  33.29
 -30.00 -12.00  33.17
 -30.00 -11.00  33.08
 -30.00 -10.00  33.02
 -30.00  -9.00  33.00
 -30.00  -8.00  33.04
 -30.00  -7.00  33.16
 -30.00  -6.00  33.38
 -30.00  -5.00  33.68
 -30.00  -4.00  34.06
 -30.00  -3.00  34.46
 -30.00  -2.00  34.84
 -30.00  -1.00  35.15
 -30.00   0.00  35.34
 -30.00   1.00  35.38
 -30.00   2.00  35.26
 -30.00   3.00  35.00
 -30.00   4.00  34.65
 -30.00   5.00  34.25
 -30.00   6.00  33.87
 -30.00   7.00  33.56
 -30.00   8.00  33.33
 -30.00   9.00  33.19
 -30.00  10.00  33.10
 -30.00  11.00  33.02
 -30.00  12.00  32.88
 -30.00  13.00  32.62
 -30.00  14.00  32.22
 -30.00  15.00  31.67
 -30.00  16.00  31.01
 -30.00  17.00  30.30
 -30.00  18.00  29.60
 -30.00  19.00  29.01
 -30.00  20.00  28.55
 -30.00  21.00  28.25
 -30.00  22.00  28.07
 -30.00  23.00  27.96
 -30.00  24.00  27.83
 -30.00  25.00  27.58
 -30.00  26.00  27.16
 -30.00  27.00  26.54
