 -83.00 -37.00  50.66
 -83.00 -36.00  52.18
 -83.00 -35.00  54.60
 -83.00 -34.00  58.10
 -83.00 -33.00  62.78
 -83.00 -32.00  68.58
 -83.00 -31.00  75.28
 -83.00 -30.00  82.51
 -83.00 -29.00  89.76
 -83.00 -28.00  96.48
 -83.00 -27.00 102.16
 -83.00 -26.00 106.37
 -83.00 -25.00 108.86
 -83.00 -24.00 109.60
 -83.00 -23.00 108.75
 -83.00 -22.00 106.64
 -83.00 -21.00 103.69
 -83.00 -20.00 100.38
 -83.00 -19.00  97.12
 -83.00 -18.00  94.21
 -83.00 -17.00  91.81
 -83.00 -16.00  89.94
 -83.00 -15.00  88.53
 -83.00 -14.00  87.43
 -83.00 -13.00  86.50
 -83.00 -12.00  85.66
 -83.00 -11.00  84.88
 -83.00 -10.00  84.26
 -83.00  -9.00  83.95
 -83.00  -8.00  84.11
 -83.00  -7.00  84.91
 -83.00  -6.00  86.41
 -83.00  -5.00  88.56
 -83.00  -4.00  91.18
 -83.00  -3.00  93.95
 -83.00  -2.00  96.51
 -83.00  -1.00  98.42
 -83.00   0.00  99.31
 -83.00   1.00  98.90
 -83.00   2.00  97.05
 -83.00   3.00  93.78
 -83.00   4.00  89.28
 -83.00   5.00  83.86
 -83.00   6.00  77.95
 -83.00   7.00  71.98
 -83.00   8.00  66.37
 -83.00   9.00  61.46
 -83.00  10.00  57.51
 -83.00  11.00  54.61
 -83.00  12.00  52.79
 -83.00  13.00  51.93
 -83.00  14.00  51.86
 -83.00  15.00  52.36
 -83.00  16.00  53.20
 -83.00  17.00  54.17
 -83.00  18.00  55.07
 -83.00  19.00  55.77
 -83.00  20.00  56.17
 -83.00  21.00  56.21
 -83.00  22.00  55.90
 -83.00  23.00  55.29
 -83.00  24.00  54.47
 -83.00  25.00  53.59
 -83.00  26.00  52.81
 -83.00  27.00  52.36
 -82.00 -37.00  50.60
 -82.00 -36.00  52.21
 -82.00 -35.00  54.77
 -82.00 -34.00  58.44
 -82.00 -33.00  63.29
 -82.00 -32.00  69.24
 -82.00 -31.00  76.04
 -82.00 -30.00  83.29
 -82.00 -29.00  90.48
 -82.00 -28.00  97.06
 -82.00 -27.00 102.50
 -82.00 -26.00 106.42
 -82.00 -25.00 108.59
 -82.00 -24.00 109.01
 -82.00 -23.00 107.86
 -82.00 -22.00 105.51
 -82.00 -21.00 102.40
 -82.00 -20.00  99.00
 -82.00 -19.00  95.70
 -82.00 -18.00  92.80
 -82.00 -17.00  90.45
 -82.00 -16.00  88.63
 -82.00 -15.00  87.27
 -82.00 -14.00  86.20
 -82.00 -13.00  85.29
 -82.00 -12.00  84.45
 -82.00 -11.00  83.69
 -82.00 -10.00  83.09
 -82.00  -9.00  82.81
 -82.00  -8.00  83.03
 -82.00  -7.00  83.90
 -82.00  -6.00  85.47
 -82.00  -5.00  87.68
 -82.00  -4.00  90.35
 -82.00  -3.00  93.15
 -82.00  -2.00  95.70
 -82.00  -1.00  97.59
 -82.00   0.00  98.42
 -82.00   1.00  97.95
 -82.00   2.00  96.02
 -82.00   3.00  92.68
 -82.00   4.00  88.12
 -82.00   5.00  82.68
 -82.00   6.00  76.75
 -82.00   7.00  70.79
 -82.00   8.00  65.20
 -82.00   9.00  60.33
 -82.00  10.00  56.41
 -82.00  11.00  53.57
 -82.00  12.00  51.79
 -82.00  13.00  50.99
 -82.00  14.00  50.97
 -82.00  15.00  51.52
 -82.00  16.00  52.42
 -82.00  17.00  53.42
 -82.00  18.00  54.34
 -82.00  19.00  55.04
 -82.00  20.00  55.41
 -82.00  21.00  55.40
 -82.00  22.00  55.02
 -82.00  23.00  54.34
 -82.00  24.00  53.45
 -82.00  25.00  52.52
 -82.00  26.00  51.73
 -82.00  27.00  51.31
 -81.00 -37.00  50.50
 -81.00 -36.00  52.19
 -81.00 -35.00  54.86
 -81.00 -34.00  58.66
 -81.00 -33.00  63.65
 -81.00 -32.00  69.72
 -81.00 -31.00  76.60
 -81.00 -30.00  83.86
 -81.00 -29.00  90.99
 -81.00 -28.00  97.43
 -81.00 -27.00 102.67
 -81.00 -26.00 106.33
 -81.00 -25.00 108.23
 -81.00 -24.00 108.37
 -81.00 -23.00 106.98
 -81.00 -22.00 104.42
 -81.00 -21.00 101.17
 -81.00 -20.00  97.67
 -81.00 -19.00  94.34
 -81.00 -18.00  91.44
 -81.00 -17.00  89.11
 -81.00 -16.00  87.33
 -81.00 -15.00  86.00
 -81.00 -14.00  84.96
 -81.00 -13.00  84.07
 -81.00 -12.00  83.24
 -81.00 -11.00  82.49
 -81.00 -10.00  81.90
 -81.00  -9.00  81.65
 -81.00  -8.00  81.90
 -81.00  -7.00  82.82
 -81.00  -6.00  84.44
 -81.00  -5.00  86.72
 -81.00  -4.00  89.43
 -81.00  -3.00  92.28
 -81.00  -2.00  94.85
 -81.00  -1.00  96.74
 -81.00   0.00  97.57
 -81.00   1.00  97.08
 -81.00   2.00  95.13
 -81.00   3.00  91.77
 -81.00   4.00  87.20
 -81.00   5.00  81.74
 -81.00   6.00  75.80
 -81.00   7.00  69.83
 -81.00   8.00  64.24
 -81.00   9.00  59.37
 -81.00  10.00  55.46
 -81.00  11.00  52.63
 -81.00  12.00  50.87
 -81.00  13.00  50.09
 -81.00  14.00  50.11
 -81.00  15.00  50.70
 -81.00  16.00  51.63
 -81.00  17.00  52.67
 -81.00  18.00  53.61
 -81.00  19.00  54.31
 -81.00  20.00  54.66
 -81.00  21.00  54.61
 -81.00  22.00  54.18
 -81.00  23.00  53.42
 -81.00  24.00  52.47
 -81.00  25.00  51.50
 -81.00  26.00  50.70
 -81.00  27.00  50.31
 -80.00 -37.00  50.37
 -80.00 -36.00  52.12
 -80.00 -35.00  54.88
 -80.00 -34.00  58.79
 -80.00 -33.00  63.88
 -80.00 -32.00  70.04
 -80.00 -31.00  76.98
 -80.00 -30.00  84.25
 -80.00 -29.00  91.32
 -80.00 -28.00  97.64
 -80.00 -27.00 102.71
 -80.00 -26.00 106.15
 -80.00 -25.00 107.81
 -80.00 -24.00 107.72
 -80.00 -23.00 106.11
 -80.00 -22.00 103.37
 -80.00 -21.00  99.98
 -80.00 -20.00  96.40
 -80.00 -19.00  93.02
 -80.00 -18.00  90.11
 -80.00 -17.00  87.79
 -80.00 -16.00  86.04
 -80.00 -15.00  84.74
 -80.00 -14.00  83.72
 -80.00 -13.00  82.84
 -80.00 -12.00  82.02
 -80.00 -11.00  81.27
 -80.00 -10.00  80.69
 -80.00  -9.00  80.45
 -80.00  -8.00  80.73
 -80.00  -7.00  81.68
 -80.00  -6.00  83.35
 -80.00  -5.00  85.67
 -80.00  -4.00  88.44
 -80.00  -3.00  91.34
 -80.00  -2.00  93.97
 -80.00  -1.00  95.90
 -80.00   0.00  96.77
 -80.00   1.00  96.31
 -80.00   2.00  94.39
 -80.00   3.00  91.05
 -80.00   4.00  86.49
 -80.00   5.00  81.03
 -80.00   6.00  75.09
 -80.00   7.00  69.10
 -80.00   8.00  63.48
 -80.00   9.00  58.58
 -80.00  10.00  54.64
 -80.00  11.00  51.78
 -80.00  12.00  50.01
 -80.00  13.00  49.23
 -80.00  14.00  49.26
 -80.00  15.00  49.88
 -80.00  16.00  50.84
 -80.00  17.00  51.91
 -80.00  18.00  52.89
 -80.00  19.00  53.59
 -80.00  20.00  53.93
 -80.00  21.00  53.85
 -80.00  22.00  53.36
 -80.00  23.00  52.55
 -80.00  24.00  51.54
 -80.00  25.00  50.52
 -80.00  26.00  49.71
 -80.00  27.00  49.34
 -79.00 -37.00  50.20
 -79.00 -36.00  52.00
 -79.00 -35.00  54.83
 -79.00 -34.00  58.83
 -79.00 -33.00  64.01
 -79.00 -32.00  70.24
 -79.00 -31.00  77.22
 -79.00 -30.00  84.49
 -79.00 -29.00  91.51
 -79.00 -28.00  97.73
 -79.00 -27.00 102.65
 -79.00 -26.00 105.91
 -79.00 -25.00 107.37
 -79.00 -24.00 107.06
 -79.00 -23.00 105.26
 -79.00 -22.00 102.36
 -79.00 -21.00  98.83
 -79.00 -20.00  95.16
 -79.00 -19.00  91.73
 -79.00 -18.00  88.80
 -79.00 -17.00  86.48
 -79.00 -16.00  84.75
 -79.00 -15.00  83.46
 -79.00 -14.00  82.46
 -79.00 -13.00  81.59
 -79.00 -12.00  80.78
 -79.00 -11.00  80.03
 -79.00 -10.00  79.46
 -79.00  -9.00  79.22
 -79.00  -8.00  79.52
 -79.00  -7.00  80.49
 -79.00  -6.00  82.20
 -79.00  -5.00  84.57
 -79.00  -4.00  87.39
 -79.00  -3.00  90.36
 -79.00  -2.00  93.06
 -79.00  -1.00  95.07
 -79.00   0.00  96.02
 -79.00   1.00  95.64
 -79.00   2.00  93.78
 -79.00   3.00  90.49
 -79.00   4.00  85.97
 -79.00   5.00  80.52
 -79.00   6.00  74.57
 -79.00   7.00  68.55
 -79.00   8.00  62.89
 -79.00   9.00  57.93
 -79.00  10.00  53.93
 -79.00  11.00  51.02
 -79.00  12.00  49.20
 -79.00  13.00  48.40
 -79.00  14.00  48.42
 -79.00  15.00  49.06
 -79.00  16.00  50.05
 -79.00  17.00  51.16
 -79.00  18.00  52.16
 -79.00  19.00  52.89
 -79.00  20.00  53.22
 -79.00  21.00  53.11
 -79.00  22.00  52.58
 -79.00  23.00  51.71
 -79.00  24.00  50.64
 -79.00  25.00  49.58
 -79.00  26.00  48.75
 -79.00  27.00  48.41
 -78.00 -37.00  50.02
 -78.00 -36.00  51.86
 -78.00 -35.00  54.74
 -78.00 -34.00  58.80
 -78.00 -33.00  64.06
 -78.00 -32.00  70.35
 -78.00 -31.00  77.36
 -78.00 -30.00  84.64
 -78.00 -29.00  91.62
 -78.00 -28.00  97.75
 -78.00 -27.00 102.54
 -78.00 -26.00 105.64
 -78.00 -25.00 106.91
 -78.00 -24.00 106.42
 -78.00 -23.00 104.43
 -78.00 -22.00 101.37
 -78.00 -21.00  97.72
 -78.00 -20.00  93.95
 -78.00 -19.00  90.46
 -78.00 -18.00  87.50
 -78.00 -17.00  85.18
 -78.00 -16.00  83.45
 -78.00 -15.00  82.18
 -78.00 -14.00  81.19
 -78.00 -13.00  80.33
 -78.00 -12.00  79.52
 -78.00 -11.00  78.78
 -78.00 -10.00  78.20
 -78.00  -9.00  77.97
 -78.00  -8.00  78.27
 -78.00  -7.00  79.26
 -78.00  -6.00  80.99
 -78.00  -5.00  83.41
 -78.00  -4.00  86.31
 -78.00  -3.00  89.36
 -78.00  -2.00  92.15
 -78.00  -1.00  94.27
 -78.00   0.00  95.33
 -78.00   1.00  95.05
 -78.00   2.00  93.29
 -78.00   3.00  90.08
 -78.00   4.00  85.60
 -78.00   5.00  80.18
 -78.00   6.00  74.22
 -78.00   7.00  68.16
 -78.00   8.00  62.43
 -78.00   9.00  57.39
 -78.00  10.00  53.31
 -78.00  11.00  50.31
 -78.00  12.00  48.44
 -78.00  13.00  47.59
 -78.00  14.00  47.61
 -78.00  15.00  48.25
 -78.00  16.00  49.27
 -78.00  17.00  50.41
 -78.00  18.00  51.45
 -78.00  19.00  52.19
 -78.00  20.00  52.52
 -78.00  21.00  52.40
 -78.00  22.00  51.82
 -78.00  23.00  50.90
 -78.00  24.00  49.78
 -78.00  25.00  48.67
 -78.00  26.00  47.83
 -78.00  27.00  47.50
 -77.00 -37.00  49.82
 -77.00 -36.00  51.68
 -77.00 -35.00  54.61
 -77.00 -34.00  58.73
 -77.00 -33.00  64.04
 -77.00 -32.00  70.39
 -77.00 -31.00  77.43
 -77.00 -30.00  84.71
 -77.00 -29.00  91.66
 -77.00 -28.00  97.71
 -77.00 -27.00 102.39
 -77.00 -26.00 105.35
 -77.00 -25.00 106.45
 -77.00 -24.00 105.79
 -77.00 -23.00 103.63
 -77.00 -22.00 100.42
 -77.00 -21.00  96.64
 -77.00 -20.00  92.77
 -77.00 -19.00  89.21
 -77.00 -18.00  86.21
 -77.00 -17.00  83.87
 -77.00 -16.00  82.14
 -77.00 -15.00  80.88
 -77.00 -14.00  79.90
 -77.00 -13.00  79.05
 -77.00 -12.00  78.25
 -77.00 -11.00  77.50
 -77.00 -10.00  76.92
 -77.00  -9.00  76.68
 -77.00  -8.00  76.98
 -77.00  -7.00  77.99
 -77.00  -6.00  79.75
 -77.00  -5.00  82.22
 -77.00  -4.00  85.19
 -77.00  -3.00  88.34
 -77.00  -2.00  91.25
 -77.00  -1.00  93.51
 -77.00   0.00  94.71
 -77.00   1.00  94.56
 -77.00   2.00  92.92
 -77.00   3.00  89.80
 -77.00   4.00  85.39
 -77.00   5.00  79.99
 -77.00   6.00  74.01
 -77.00   7.00  67.90
 -77.00   8.00  62.09
 -77.00   9.00  56.95
 -77.00  10.00  52.76
 -77.00  11.00  49.67
 -77.00  12.00  47.71
 -77.00  13.00  46.81
 -77.00  14.00  46.80
 -77.00  15.00  47.45
 -77.00  16.00  48.49
 -77.00  17.00  49.67
 -77.00  18.00  50.74
 -77.00  19.00  51.51
 -77.00  20.00  51.85
 -77.00  21.00  51.70
 -77.00  22.00  51.09
 -77.00  23.00  50.12
 -77.00  24.00  48.95
 -77.00  25.00  47.80
 -77.00  26.00  46.93
 -77.00  27.00  46.61
 -76.00 -37.00  49.95
 -76.00 -36.00  51.75
 -76.00 -35.00  54.62
 -76.00 -34.00  58.68
 -76.00 -33.00  63.92
 -76.00 -32.00  70.18
 -76.00 -31.00  77.12
 -76.00 -30.00  84.28
 -76.00 -29.00  91.10
 -76.00 -28.00  97.01
 -76.00 -27.00 101.54
 -76.00 -26.00 104.36
 -76.00 -25.00 105.32
 -76.00 -24.00 104.52
 -76.00 -23.00 102.25
 -76.00 -22.00  98.92
 -76.00 -21.00  95.04
 -76.00 -20.00  91.08
 -76.00 -19.00  87.44
 -76.00 -18.00  84.38
 -76.00 -17.00  82.00
 -76.00 -16.00  80.24
 -76.00 -15.00  78.97
 -76.00 -14.00  78.01
 -76.00 -13.00  77.19
 -76.00 -12.00  76.42
 -76.00 -11.00  75.71
 -76.00 -10.00  75.16
 -76.00  -9.00  74.96
 -76.00  -8.00  75.29
 -76.00  -7.00  76.31
 -76.00  -6.00  78.10
 -76.00  -5.00  80.59
 -76.00  -4.00  83.60
 -76.00  -3.00  86.79
 -76.00  -2.00  89.78
 -76.00  -1.00  92.13
 -76.00   0.00  93.44
 -76.00   1.00  93.41
 -76.00   2.00  91.88
 -76.00   3.00  88.86
 -76.00   4.00  84.51
 -76.00   5.00  79.13
 -76.00   6.00  73.13
 -76.00   7.00  66.96
 -76.00   8.00  61.06
 -76.00   9.00  55.81
 -76.00  10.00  51.50
 -76.00  11.00  48.31
 -76.00  12.00  46.29
 -76.00  13.00  45.37
 -76.00  14.00  45.38
 -76.00  15.00  46.09
 -76.00  16.00  47.22
 -76.00  17.00  48.50
 -76.00  18.00  49.66
 -76.00  19.00  50.49
 -76.00  20.00  50.86
 -76.00  21.00  50.70
 -76.00  22.00  50.03
 -76.00  23.00  48.96
 -76.00  24.00  47.68
 -76.00  25.00  46.42
 -76.00  26.00  45.46
 -76.00  27.00  45.09
 -75.00 -37.00  50.08
 -75.00 -36.00  51.81
 -75.00 -35.00  54.60
 -75.00 -34.00  58.56
 -75.00 -33.00  63.71
 -75.00 -32.00  69.86
 -75.00 -31.00  76.69
 -75.00 -30.00  83.73
 -75.00 -29.00  90.42
 -75.00 -28.00  96.21
 -75.00 -27.00 100.62
 -75.00 -26.00 103.31
 -75.00 -25.00 104.16
 -75.00 -24.00 103.26
 -75.00 -23.00 100.87
 -75.00 -22.00  97.44
 -75.00 -21.00  93.46
 -75.00 -20.00  89.42
 -75.00 -19.00  85.70
 -75.00 -18.00  82.57
 -75.00 -17.00  80.13
 -75.00 -16.00  78.34
 -75.00 -15.00  77.06
 -75.00 -14.00  76.10
 -75.00 -13.00  75.30
 -75.00 -12.00  74.56
 -75.00 -11.00  73.89
 -75.00 -10.00  73.38
 -75.00  -9.00  73.21
 -75.00  -8.00  73.56
 -75.00  -7.00  74.60
 -75.00  -6.00  76.40
 -75.00  -5.00  78.91
 -75.00  -4.00  81.96
 -75.00  -3.00  85.21
 -75.00  -2.00  88.29
 -75.00  -1.00  90.75
 -75.00   0.00  92.20
 -75.00   1.00  92.31
 -75.00   2.00  90.93
 -75.00   3.00  88.02
 -75.00   4.00  83.75
 -75.00   5.00  78.41
 -75.00   6.00  72.39
 -75.00   7.00  66.15
 -75.00   8.00  60.14
 -75.00   9.00  54.76
 -75.00  10.00  50.32
 -75.00  11.00  47.01
 -75.00  12.00  44.91
 -75.00  13.00  43.94
 -75.00  14.00  43.96
 -75.00  15.00  44.72
 -75.00  16.00  45.94
 -75.00  17.00  47.31
 -75.00  18.00  48.57
 -75.00  19.00  49.47
 -75.00  20.00  49.88
 -75.00  21.00  49.71
 -75.00  22.00  48.99
 -75.00  23.00  47.83
 -75.00  24.00  46.44
 -75.00  25.00  45.07
 -75.00  26.00  44.01
 -75.00  27.00  43.58
 -74.00 -37.00  50.21
 -74.00 -36.00  51.84
 -74.00 -35.00  54.52
 -74.00 -34.00  58.37
 -74.00 -33.00  63.39
 -74.00 -32.00  69.42
 -74.00 -31.00  76.12
 -74.00 -30.00  83.03
 -74.00 -29.00  89.61
 -74.00 -28.00  95.30
 -74.00 -27.00  99.61
 -74.00 -26.00 102.22
 -74.00 -25.00 102.99
 -74.00 -24.00 102.00
 -74.00 -23.00  99.54
 -74.00 -22.00  96.03
 -74.00 -21.00  91.96
 -74.00 -20.00  87.81
 -74.00 -19.00  84.00
 -74.00 -18.00  80.79
 -74.00 -17.00  78.28
 -74.00 -16.00  76.45
 -74.00 -15.00  75.14
 -74.00 -14.00  74.18
 -74.00 -13.00  73.40
 -74.00 -12.00  72.69
 -74.00 -11.00  72.06
 -74.00 -10.00  71.58
 -74.00  -9.00  71.42
 -74.00  -8.00  71.79
 -74.00  -7.00  72.83
 -74.00  -6.00  74.64
 -74.00  -5.00  77.17
 -74.00  -4.00  80.26
 -74.00  -3.00  83.59
 -74.00  -2.00  86.77
 -74.00  -1.00  89.37
 -74.00   0.00  90.98
 -74.00   1.00  91.28
 -74.00   2.00  90.07
 -74.00   3.00  87.31
 -74.00   4.00  83.14
 -74.00   5.00  77.84
 -74.00   6.00  71.81
 -74.00   7.00  65.50
 -74.00   8.00  59.37
 -74.00   9.00  53.84
 -74.00  10.00  49.24
 -74.00  11.00  45.79
 -74.00  12.00  43.57
 -74.00  13.00  42.54
 -74.00  14.00  42.55
 -74.00  15.00  43.35
 -74.00  16.00  44.64
 -74.00  17.00  46.11
 -74.00  18.00  47.46
 -74.00  19.00  48.45
 -74.00  20.00  48.90
 -74.00  21.00  48.74
 -74.00  22.00  47.98
 -74.00  23.00  46.75
 -74.00  24.00  45.25
 -74.00  25.00  43.77
 -74.00  26.00  42.61
 -74.00  27.00  42.09
 -73.00 -37.00  50.34
 -73.00 -36.00  51.84
 -73.00 -35.00  54.38
 -73.00 -34.00  58.08
 -73.00 -33.00  62.95
 -73.00 -32.00  68.82
 -73.00 -31.00  75.37
 -73.00 -30.00  82.16
 -73.00 -29.00  88.64
 -73.00 -28.00  94.24
 -73.00 -27.00  98.50
 -73.00 -26.00 101.07
 -73.00 -25.00 101.81
 -73.00 -24.00 100.79
 -73.00 -23.00  98.28
 -73.00 -22.00  94.70
 -73.00 -21.00  90.55
 -73.00 -20.00  86.31
 -73.00 -19.00  82.39
 -73.00 -18.00  79.08
 -73.00 -17.00  76.48
 -73.00 -16.00  74.58
 -73.00 -15.00  73.24
 -73.00 -14.00  72.27
 -73.00 -13.00  71.50
 -73.00 -12.00  70.82
 -73.00 -11.00  70.22
 -73.00 -10.00  69.76
 -73.00  -9.00  69.62
 -73.00  -8.00  69.98
 -73.00  -7.00  71.02
 -73.00  -6.00  72.82
 -73.00  -5.00  75.35
 -73.00  -4.00  78.47
 -73.00  -3.00  81.88
 -73.00  -2.00  85.19
 -73.00  -1.00  87.96
 -73.00   0.00  89.78
 -73.00   1.00  90.30
 -73.00   2.00  89.30
 -73.00   3.00  86.74
 -73.00   4.00  82.71
 -73.00   5.00  77.48
 -73.00   6.00  71.45
 -73.00   7.00  65.06
 -73.00   8.00  58.79
 -73.00   9.00  53.09
 -73.00  10.00  48.30
 -73.00  11.00  44.68
 -73.00  12.00  42.31
 -73.00  13.00  41.19
 -73.00  14.00  41.15
 -73.00  15.00  41.96
 -73.00  16.00  43.31
 -73.00  17.00  44.87
 -73.00  18.00  46.33
 -73.00  19.00  47.41
 -73.00  20.00  47.93
 -73.00  21.00  47.79
 -73.00  22.00  47.01
 -73.00  23.00  45.72
 -73.00  24.00  44.13
 -73.00  25.00  42.54
 -73.00  26.00  41.27
 -73.00  27.00  40.66
 -72.00 -37.00  50.46
 -72.00 -36.00  51.81
 -72.00 -35.00  54.17
 -72.00 -34.00  57.68
 -72.00 -33.00  62.35
 -72.00 -32.00  68.03
 -72.00 -31.00  74.43
 -72.00 -30.00  81.09
 -72.00 -29.00  87.47
 -72.00 -28.00  93.04
 -72.00 -27.00  97.28
 -72.00 -26.00  99.87
 -72.00 -25.00 100.64
 -72.00 -24.00  99.63
 -72.00 -23.00  97.12
 -72.00 -22.00  93.50
 -72.00 -21.00  89.28
 -72.00 -20.00  84.94
 -72.00 -19.00  80.90
 -72.00 -18.00  77.46
 -72.00 -17.00  74.75
 -72.00 -16.00  72.76
 -72.00 -15.00  71.36
 -72.00 -14.00  70.38
 -72.00 -13.00  69.61
 -72.00 -12.00  68.96
 -72.00 -11.00  68.38
 -72.00 -10.00  67.94
 -72.00  -9.00  67.80
 -72.00  -8.00  68.14
 -72.00  -7.00  69.15
 -72.00  -6.00  70.92
 -72.00  -5.00  73.45
 -72.00  -4.00  76.59
 -72.00  -3.00  80.08
 -72.00  -2.00  83.53
 -72.00  -1.00  86.50
 -72.00   0.00  88.56
 -72.00   1.00  89.36
 -72.00   2.00  88.63
 -72.00   3.00  86.31
 -72.00   4.00  82.46
 -72.00   5.00  77.35
 -72.00   6.00  71.33
 -72.00   7.00  64.88
 -72.00   8.00  58.47
 -72.00   9.00  52.57
 -72.00  10.00  47.56
 -72.00  11.00  43.71
 -72.00  12.00  41.15
 -72.00  13.00  39.89
 -72.00  14.00  39.77
 -72.00  15.00  40.56
 -72.00  16.00  41.95
 -72.00  17.00  43.60
 -72.00  18.00  45.16
 -72.00  19.00  46.35
 -72.00  20.00  46.95
 -72.00  21.00  46.87
 -72.00  22.00  46.11
 -72.00  23.00  44.78
 -72.00  24.00  43.11
 -72.00  25.00  41.41
 -72.00  26.00  40.01
 -72.00  27.00  39.28
 -71.00 -37.00  50.58
 -71.00 -36.00  51.75
 -71.00 -35.00  53.89
 -71.00 -34.00  57.17
 -71.00 -33.00  61.60
 -71.00 -32.00  67.07
 -71.00 -31.00  73.28
 -71.00 -30.00  79.80
 -71.00 -29.00  86.12
 -71.00 -28.00  91.67
 -71.00 -27.00  95.96
 -71.00 -26.00  98.62
 -71.00 -25.00  99.47
 -71.00 -24.00  98.55
 -71.00 -23.00  96.08
 -71.00 -22.00  92.46
 -71.00 -21.00  88.18
 -71.00 -20.00  83.73
 -71.00 -19.00  79.56
 -71.00 -18.00  75.97
 -71.00 -17.00  73.11
 -71.00 -16.00  71.01
 -71.00 -15.00  69.53
 -71.00 -14.00  68.51
 -71.00 -13.00  67.74
 -71.00 -12.00  67.10
 -71.00 -11.00  66.55
 -71.00 -10.00  66.12
 -71.00  -9.00  65.97
 -71.00  -8.00  66.27
 -71.00  -7.00  67.23
 -71.00  -6.00  68.94
 -71.00  -5.00  71.44
 -71.00  -4.00  74.59
 -71.00  -3.00  78.16
 -71.00  -2.00  81.75
 -71.00  -1.00  84.95
 -71.00   0.00  87.30
 -71.00   1.00  88.42
 -71.00   2.00  88.03
 -71.00   3.00  86.01
 -71.00   4.00  82.41
 -71.00   5.00  77.45
 -71.00   6.00  71.49
 -71.00   7.00  64.99
 -71.00   8.00  58.44
 -71.00   9.00  52.32
 -71.00  10.00  47.05
 -71.00  11.00  42.93
 -71.00  12.00  40.13
 -71.00  13.00  38.67
 -71.00  14.00  38.42
 -71.00  15.00  39.16
 -71.00  16.00  40.56
 -71.00  17.00  42.27
 -71.00  18.00  43.94
 -71.00  19.00  45.25
 -71.00  20.00  45.97
 -71.00  21.00  45.98
 -71.00  22.00  45.26
 -71.00  23.00  43.93
 -71.00  24.00  42.21
 -71.00  25.00  40.40
 -71.00  26.00  38.87
 -71.00  27.00  37.98
 -70.00 -37.00  50.72
 -70.00 -36.00  51.68
 -70.00 -35.00  53.58
 -70.00 -34.00  56.58
 -70.00 -33.00  60.73
 -70.00 -32.00  65.94
 -70.00 -31.00  71.94
 -70.00 -30.00  78.32
 -70.00 -29.00  84.57
 -70.00 -28.00  90.13
 -70.00 -27.00  94.51
 -70.00 -26.00  97.31
 -70.00 -25.00  98.32
 -70.00 -24.00  97.53
 -70.00 -23.00  95.16
 -70.00 -22.00  91.58
 -70.00 -21.00  87.26
 -70.00 -20.00  82.71
 -70.00 -19.00  78.39
 -70.00 -18.00  74.62
 -70.00 -17.00  71.59
 -70.00 -16.00  69.34
 -70.00 -15.00  67.76
 -70.00 -14.00  66.67
 -70.00 -13.00  65.89
 -70.00 -12.00  65.26
 -70.00 -11.00  64.72
 -70.00 -10.00  64.30
 -70.00  -9.00  64.13
 -70.00  -8.00  64.39
 -70.00  -7.00  65.26
 -70.00  -6.00  66.90
 -70.00  -5.00  69.33
 -70.00  -4.00  72.48
 -70.00  -3.00  76.10
 -70.00  -2.00  79.85
 -70.00  -1.00  83.28
 -70.00   0.00  85.96
 -70.00   1.00  87.45
 -70.00   2.00  87.46
 -70.00   3.00  85.81
 -70.00   4.00  82.53
 -70.00   5.00  77.79
 -70.00   6.00  71.93
 -70.00   7.00  65.40
 -70.00   8.00  58.71
 -70.00   9.00  52.37
 -70.00  10.00  46.81
 -70.00  11.00  42.37
 -70.00  12.00  39.27
 -70.00  13.00  37.55
 -70.00  14.00  37.12
 -70.00  15.00  37.75
 -70.00  16.00  39.13
 -70.00  17.00  40.89
 -70.00  18.00  42.66
 -70.00  19.00  44.11
 -70.00  20.00  44.98
 -70.00  21.00  45.11
 -70.00  22.00  44.47
 -70.00  23.00  43.17
 -70.00  24.00  41.42
 -70.00  25.00  39.52
 -70.00  26.00  37.85
 -70.00  27.00  36.78
 -69.00 -37.00  50.90
 -69.00 -36.00  51.62
 -69.00 -35.00  53.24
 -69.00 -34.00  55.94
 -69.00 -33.00  59.78
 -69.00 -32.00  64.69
 -69.00 -31.00  70.45
 -69.00 -30.00  76.67
 -69.00 -29.00  82.85
 -69.00 -28.00  88.45
 -69.00 -27.00  92.95
 -69.00 -26.00  95.94
 -69.00 -25.00  97.16
 -69.00 -24.00  96.58
 -69.00 -23.00  94.36
 -69.00 -22.00  90.86
 -69.00 -21.00  86.54
 -69.00 -20.00  81.90
 -69.00 -19.00  77.41
 -69.00 -18.00  73.44
 -69.00 -17.00  70.21
 -69.00 -16.00  67.77
 -69.00 -15.00  66.05
 -69.00 -14.00  64.88
 -69.00 -13.00  64.07
 -69.00 -12.00  63.44
 -69.00 -11.00  62.92
 -69.00 -10.00  62.50
 -69.00  -9.00  62.30
 -69.00  -8.00  62.49
 -69.00  -7.00  63.27
 -69.00  -6.00  64.80
 -69.00  -5.00  67.14
 -69.00  -4.00  70.25
 -69.00  -3.00  73.91
 -69.00  -2.00  77.79
 -69.00  -1.00  81.48
 -69.00   0.00  84.50
 -69.00   1.00  86.41
 -69.00   2.00  86.87
 -69.00   3.00  85.67
 -69.00   4.00  82.77
 -69.00   5.00  78.32
 -69.00   6.00  72.62
 -69.00   7.00  66.11
 -69.00   8.00  59.30
 -69.00   9.00  52.73
 -69.00  10.00  46.85
 -69.00  11.00  42.06
 -69.00  12.00  38.60
 -69.00  13.00  36.57
 -69.00  14.00  35.89
 -69.00  15.00  36.36
 -69.00  16.00  37.67
 -69.00  17.00  39.46
 -69.00  18.00  41.32
 -69.00  19.00  42.92
 -69.00  20.00  43.95
 -69.00  21.00  44.24
 -69.00  22.00  43.73
 -69.00  23.00  42.51
 -69.00  24.00  40.76
 -69.00  25.00  38.79
 -69.00  26.00  36.98
 -69.00  27.00  35.71
 -68.00 -37.00  51.13
 -68.00 -36.00  51.61
 -68.00 -35.00  52.94
 -68.00 -34.00  55.29
 -68.00 -33.00  58.78
 -68.00 -32.00  63.37
 -68.00 -31.00  68.85
 -68.00 -30.00  74.89
 -68.00 -29.00  81.00
 -68.00 -28.00  86.64
 -68.00 -27.00  91.29
 -68.00 -26.00  94.50
 -68.00 -25.00  95.99
 -68.00 -24.00  95.68
 -68.00 -23.00  93.67
 -68.00 -22.00  90.30
 -68.00 -21.00  86.00
 -68.00 -20.00  81.28
 -68.00 -19.00  76.63
 -68.00 -18.00  72.45
 -68.00 -17.00  68.98
 -68.00 -16.00  66.32
 -68.00 -15.00  64.43
 -68.00 -14.00  63.15
 -68.00 -13.00  62.28
 -68.00 -12.00  61.65
 -68.00 -11.00  61.13
 -68.00 -10.00  60.71
 -68.00  -9.00  60.48
 -68.00  -8.00  60.60
 -68.00  -7.00  61.27
 -68.00  -6.00  62.67
 -68.00  -5.00  64.89
 -68.00  -4.00  67.92
 -68.00  -3.00  71.59
 -68.00  -2.00  75.60
 -68.00  -1.00  79.52
 -68.00   0.00  82.90
 -68.00   1.00  85.26
 -68.00   2.00  86.23
 -68.00   3.00  85.54
 -68.00   4.00  83.09
 -68.00   5.00  79.00
 -68.00   6.00  73.52
 -68.00   7.00  67.08
 -68.00   8.00  60.19
 -68.00   9.00  53.39
 -68.00  10.00  47.19
 -68.00  11.00  42.02
 -68.00  12.00  38.16
 -68.00  13.00  35.75
 -68.00  14.00  34.76
 -68.00  15.00  35.01
 -68.00  16.00  36.21
 -68.00  17.00  37.98
 -68.00  18.00  39.93
 -68.00  19.00  41.66
 -68.00  20.00  42.88
 -68.00  21.00  43.36
 -68.00  22.00  43.02
 -68.00  23.00  41.91
 -68.00  24.00  40.21
 -68.00  25.00  38.20
 -68.00  26.00  36.26
 -68.00  27.00  34.78
 -67.00 -37.00  51.42
 -67.00 -36.00  51.67
 -67.00 -35.00  52.69
 -67.00 -34.00  54.69
 -67.00 -33.00  57.80
 -67.00 -32.00  62.03
 -67.00 -31.00  67.21
 -67.00 -30.00  73.03
 -67.00 -29.00  79.05
 -67.00 -28.00  84.73
 -67.00 -27.00  89.54
 -67.00 -26.00  93.01
 -67.00 -25.00  94.80
 -67.00 -24.00  94.80
 -67.00 -23.00  93.06
 -67.00 -22.00  89.86
 -67.00 -21.00  85.63
 -67.00 -20.00  80.86
 -67.00 -19.00  76.06
 -67.00 -18.00  71.65
 -67.00 -17.00  67.92
 -67.00 -16.00  65.01
 -67.00 -15.00  62.91
 -67.00 -14.00  61.49
 -67.00 -13.00  60.54
 -67.00 -12.00  59.88
 -67.00 -11.00  59.36
 -67.00 -10.00  58.94
 -67.00  -9.00  58.68
 -67.00  -8.00  58.73
 -67.00  -7.00  59.29
 -67.00  -6.00  60.54
 -67.00  -5.00  62.62
 -67.00  -4.00  65.54
 -67.00  -3.00  69.18
 -67.00  -2.00  73.27
 -67.00  -1.00  77.41
 -67.00   0.00  81.14
 -67.00   1.00  83.97
 -67.00   2.00  85.48
 -67.00   3.00  85.34
 -67.00   4.00  83.42
 -67.00   5.00  79.76
 -67.00   6.00  74.58
 -67.00   7.00  68.28
 -67.00   8.00  61.35
 -67.00   9.00  54.36
 -67.00  10.00  47.84
 -67.00  11.00  42.26
 -67.00  12.00  37.96
 -67.00  13.00  35.12
 -67.00  14.00  33.76
 -67.00  15.00  33.74
 -67.00  16.00  34.77
 -67.00  17.00  36.49
 -67.00  18.00  38.48
 -67.00  19.00  40.35
 -67.00  20.00  41.75
 -67.00  21.00  42.44
 -67.00  22.00  42.31
 -67.00  23.00  41.36
 -67.00  24.00  39.74
 -67.00  25.00  37.74
 -67.00  26.00  35.69
 -67.00  27.00  34.01
 -66.00 -37.00  51.79
 -66.00 -36.00  51.80
 -66.00 -35.00  52.51
 -66.00 -34.00  54.16
 -66.00 -33.00  56.88
 -66.00 -32.00  60.72
 -66.00 -31.00  65.56
 -66.00 -30.00  71.14
 -66.00 -29.00  77.04
 -66.00 -28.00  82.74
 -66.00 -27.00  87.70
 -66.00 -26.00  91.44
 -66.00 -25.00  93.58
 -66.00 -24.00  93.93
 -66.00 -23.00  92.51
 -66.00 -22.00  89.54
 -66.00 -21.00  85.42
 -66.00 -20.00  80.63
 -66.00 -19.00  75.69
 -66.00 -18.00  71.05
 -66.00 -17.00  67.04
 -66.00 -16.00  63.86
 -66.00 -15.00  61.52
 -66.00 -14.00  59.91
 -66.00 -13.00  58.86
 -66.00 -12.00  58.15
 -66.00 -11.00  57.62
 -66.00 -10.00  57.20
 -66.00  -9.00  56.92
 -66.00  -8.00  56.90
 -66.00  -7.00  57.33
 -66.00  -6.00  58.42
 -66.00  -5.00  60.33
 -66.00  -4.00  63.12
 -66.00  -3.00  66.69
 -66.00  -2.00  70.83
 -66.00  -1.00  75.16
 -66.00   0.00  79.22
 -66.00   1.00  82.52
 -66.00   2.00  84.58
 -66.00   3.00  85.05
 -66.00   4.00  83.71
 -66.00   5.00  80.55
 -66.00   6.00  75.74
 -66.00   7.00  69.64
 -66.00   8.00  62.74
 -66.00   9.00  55.59
 -66.00  10.00  48.77
 -66.00  11.00  42.78
 -66.00  12.00  38.02
 -66.00  13.00  34.72
 -66.00  14.00  32.94
 -66.00  15.00  32.58
 -66.00  16.00  33.38
 -66.00  17.00  34.99
 -66.00  18.00  37.00
 -66.00  19.00  38.98
 -66.00  20.00  40.56
 -66.00  21.00  41.49
 -66.00  22.00  41.58
 -66.00  23.00  40.83
 -66.00  24.00  39.35
 -66.00  25.00  37.38
 -66.00  26.00  35.27
 -66.00  27.00  33.41
 -65.00 -37.00  52.23
 -65.00 -36.00  52.02
 -65.00 -35.00  52.44
 -65.00 -34.00  53.72
 -65.00 -33.00  56.04
 -65.00 -32.00  59.47
 -65.00 -31.00  63.95
 -65.00 -30.00  69.25
 -65.00 -29.00  74.99
 -65.00 -28.00  80.69
 -65.00 -27.00  85.80
 -65.00 -26.00  89.81
 -65.00 -25.00  92.31
 -65.00 -24.00  93.05
 -65.00 -23.00  91.99
 -65.00 -22.00  89.31
 -65.00 -21.00  85.35
 -65.00 -20.00  80.58
 -65.00 -19.00  75.52
 -65.00 -18.00  70.66
 -65.00 -17.00  66.37
 -65.00 -16.00  62.88
 -65.00 -15.00  60.26
 -65.00 -14.00  58.44
 -65.00 -13.00  57.25
 -65.00 -12.00  56.47
 -65.00 -11.00  55.92
 -65.00 -10.00  55.50
 -65.00  -9.00  55.19
 -65.00  -8.00  55.11
 -65.00  -7.00  55.43
 -65.00  -6.00  56.35
 -65.00  -5.00  58.07
 -65.00  -4.00  60.69
 -65.00  -3.00  64.16
 -65.00  -2.00  68.30
 -65.00  -1.00  72.78
 -65.00   0.00  77.14
 -65.00   1.00  80.89
 -65.00   2.00  83.52
 -65.00   3.00  84.62
 -65.00   4.00  83.91
 -65.00   5.00  81.32
 -65.00   6.00  76.96
 -65.00   7.00  71.14
 -65.00   8.00  64.32
 -65.00   9.00  57.07
 -65.00  10.00  49.98
 -65.00  11.00  43.59
 -65.00  12.00  38.35
 -65.00  13.00  34.55
 -65.00  14.00  32.31
 -65.00  15.00  31.56
 -65.00  16.00  32.08
 -65.00  17.00  33.53
 -65.00  18.00  35.50
 -65.00  19.00  37.56
 -65.00  20.00  39.32
 -65.00  21.00  40.47
 -65.00  22.00  40.82
 -65.00  23.00  40.30
 -65.00  24.00  38.99
 -65.00  25.00  37.12
 -65.00  26.00  34.98
 -65.00  27.00  32.98
 -64.00 -37.00  52.73
 -64.00 -36.00  52.33
 -64.00 -35.00  52.47
 -64.00 -34.00  53.39
 -64.00 -33.00  55.30
 -64.00 -32.00  58.30
 -64.00 -31.00  62.39
 -64.00 -30.00  67.37
 -64.00 -29.00  72.93
 -64.00 -28.00  78.59
 -64.00 -27.00  83.82
 -64.00 -26.00  88.10
 -64.00 -25.00  90.97
 -64.00 -24.00  92.14
 -64.00 -23.00  91.50
 -64.00 -22.00  89.15
 -64.00 -21.00  85.41
 -64.00 -20.00  80.71
 -64.00 -19.00  75.58
 -64.00 -18.00  70.51
 -64.00 -17.00  65.92
 -64.00 -16.00  62.11
 -64.00 -15.00  59.18
 -64.00 -14.00  57.10
 -64.00 -13.00  55.73
 -64.00 -12.00  54.85
 -64.00 -11.00  54.27
 -64.00 -10.00  53.83
 -64.00  -9.00  53.51
 -64.00  -8.00  53.38
 -64.00  -7.00  53.58
 -64.00  -6.00  54.34
 -64.00  -5.00  55.86
 -64.00  -4.00  58.27
 -64.00  -3.00  61.60
 -64.00  -2.00  65.69
 -64.00  -1.00  70.26
 -64.00   0.00  74.89
 -64.00   1.00  79.06
 -64.00   2.00  82.26
 -64.00   3.00  84.01
 -64.00   4.00  83.98
 -64.00   5.00  82.03
 -64.00   6.00  78.19
 -64.00   7.00  72.73
 -64.00   8.00  66.08
 -64.00   9.00  58.80
 -64.00  10.00  51.48
 -64.00  11.00  44.71
 -64.00  12.00  38.99
 -64.00  13.00  34.67
 -64.00  14.00  31.91
 -64.00  15.00  30.71
 -64.00  16.00  30.89
 -64.00  17.00  32.12
 -64.00  18.00  34.01
 -64.00  19.00  36.11
 -64.00  20.00  38.02
 -64.00  21.00  39.39
 -64.00  22.00  40.00
 -64.00  23.00  39.75
 -64.00  24.00  38.66
 -64.00  25.00  36.92
 -64.00  26.00  34.81
 -64.00  27.00  32.71
 -63.00 -37.00  53.31
 -63.00 -36.00  52.73
 -63.00 -35.00  52.60
 -63.00 -34.00  53.18
 -63.00 -33.00  54.67
 -63.00 -32.00  57.24
 -63.00 -31.00  60.90
 -63.00 -30.00  65.53
 -63.00 -29.00  70.85
 -63.00 -28.00  76.43
 -63.00 -27.00  81.76
 -63.00 -26.00  86.30
 -63.00 -25.00  89.55
 -63.00 -24.00  91.18
 -63.00 -23.00  91.00
 -63.00 -22.00  89.06
 -63.00 -21.00  85.60
 -63.00 -20.00  81.03
 -63.00 -19.00  75.86
 -63.00 -18.00  70.61
 -63.00 -17.00  65.74
 -63.00 -16.00  61.58
 -63.00 -15.00  58.31
 -63.00 -14.00  55.93
 -63.00 -13.00  54.33
 -63.00 -12.00  53.32
 -63.00 -11.00  52.67
 -63.00 -10.00  52.22
 -63.00  -9.00  51.89
 -63.00  -8.00  51.70
 -63.00  -7.00  51.80
 -63.00  -6.00  52.40
 -63.00  -5.00  53.70
 -63.00  -4.00  55.89
 -63.00  -3.00  59.02
 -63.00  -2.00  63.02
 -63.00  -1.00  67.63
 -63.00   0.00  72.47
 -63.00   1.00  77.03
 -63.00   2.00  80.77
 -63.00   3.00  83.19
 -63.00   4.00  83.89
 -63.00   5.00  82.63
 -63.00   6.00  79.41
 -63.00   7.00  74.40
 -63.00   8.00  68.01
 -63.00   9.00  60.76
 -63.00  10.00  53.27
 -63.00  11.00  46.16
 -63.00  12.00  39.96
 -63.00  13.00  35.09
 -63.00  14.00  31.78
 -63.00  15.00  30.08
 -63.00  16.00  29.85
 -63.00  17.00  30.80
 -63.00  18.00  32.54
 -63.00  19.00  34.64
 -63.00  20.00  36.66
 -63.00  21.00  38.25
 -63.00  22.00  39.12
 -63.00  23.00  39.15
 -63.00  24.00  38.33
 -63.00  25.00  36.78
 -63.00  26.00  34.75
 -63.00  27.00  32.60
 -62.00 -37.00  53.94
 -62.00 -36.00  53.22
 -62.00 -35.00  52.85
 -62.00 -34.00  53.09
 -62.00 -33.00  54.17
 -62.00 -32.00  56.28
 -62.00 -31.00  59.48
 -62.00 -30.00  63.72
 -62.00 -29.00  68.75
 -62.00 -28.00  74.21
 -62.00 -27.00  79.59
 -62.00 -26.00  84.37
 -62.00 -25.00  88.02
 -62.00 -24.00  90.13
 -62.00 -23.00  90.47
 -62.00 -22.00  89.01
 -62.00 -21.00  85.91
 -62.00 -20.00  81.55
 -62.00 -19.00  76.41
 -62.00 -18.00  71.02
 -62.00 -17.00  65.87
 -62.00 -16.00  61.34
 -62.00 -15.00  57.69
 -62.00 -14.00  54.96
 -62.00 -13.00  53.09
 -62.00 -12.00  51.89
 -62.00 -11.00  51.15
 -62.00 -10.00  50.66
 -62.00  -9.00  50.31
 -62.00  -8.00  50.09
 -62.00  -7.00  50.11
 -62.00  -6.00  50.54
 -62.00  -5.00  51.62
 -62.00  -4.00  53.56
 -62.00  -3.00  56.45
 -62.00  -2.00  60.29
 -62.00  -1.00  64.87
 -62.00   0.00  69.85
 -62.00   1.00  74.75
 -62.00   2.00  79.02
 -62.00   3.00  82.11
 -62.00   4.00  83.57
 -62.00   5.00  83.09
 -62.00   6.00  80.57
 -62.00   7.00  76.12
 -62.00   8.00  70.09
 -62.00   9.00  62.97
 -62.00  10.00  55.39
 -62.00  11.00  47.97
 -62.00  12.00  41.30
 -62.00  13.00  35.87
 -62.00  14.00  31.97
 -62.00  15.00  29.71
 -62.00  16.00  29.00
 -62.00  17.00  29.59
 -62.00  18.00  31.12
 -62.00  19.00  33.15
 -62.00  20.00  35.25
 -62.00  21.00  37.02
 -62.00  22.00  38.17
 -62.00  23.00  38.50
 -62.00  24.00  37.97
 -62.00  25.00  36.66
 -62.00  26.00  34.78
 -62.00  27.00  32.64
 -61.00 -37.00  54.62
 -61.00 -36.00  53.78
 -61.00 -35.00  53.20
 -61.00 -34.00  53.13
 -61.00 -33.00  53.80
 -61.00 -32.00  55.44
 -61.00 -31.00  58.16
 -61.00 -30.00  61.95
 -61.00 -29.00  66.65
 -61.00 -28.00  71.92
 -61.00 -27.00  77.31
 -61.00 -26.00  82.30
 -61.00 -25.00  86.33
 -61.00 -24.00  88.96
 -61.00 -23.00  89.88
 -61.00 -22.00  88.96
 -61.00 -21.00  86.32
 -61.00 -20.00  82.26
 -61.00 -19.00  77.23
 -61.00 -18.00  71.74
 -61.00 -17.00  66.34
 -61.00 -16.00  61.45
 -61.00 -15.00  57.38
 -61.00 -14.00  54.25
 -61.00 -13.00  52.05
 -61.00 -12.00  50.61
 -61.00 -11.00  49.73
 -61.00 -10.00  49.18
 -61.00  -9.00  48.81
 -61.00  -8.00  48.56
 -61.00  -7.00  48.49
 -61.00  -6.00  48.78
 -61.00  -5.00  49.64
 -61.00  -4.00  51.30
 -61.00  -3.00  53.91
 -61.00  -2.00  57.52
 -61.00  -1.00  62.00
 -61.00   0.00  67.05
 -61.00   1.00  72.22
 -61.00   2.00  76.97
 -61.00   3.00  80.73
 -61.00   4.00  82.98
 -61.00   5.00  83.34
 -61.00   6.00  81.62
 -61.00   7.00  77.85
 -61.00   8.00  72.30
 -61.00   9.00  65.42
 -61.00  10.00  57.83
 -61.00  11.00  50.17
 -61.00  12.00  43.07
 -61.00  13.00  37.06
 -61.00  14.00  32.53
 -61.00  15.00  29.64
 -61.00  16.00  28.38
 -61.00  17.00  28.53
 -61.00  18.00  29.77
 -61.00  19.00  31.68
 -61.00  20.00  33.80
 -61.00  21.00  35.72
 -61.00  22.00  37.12
 -61.00  23.00  37.76
 -61.00  24.00  37.56
 -61.00  25.00  36.54
 -61.00  26.00  34.87
 -61.00  27.00  32.81
 -60.00 -37.00  55.34
 -60.00 -36.00  54.43
 -60.00 -35.00  53.67
 -60.00 -34.00  53.31
 -60.00 -33.00  53.59
 -60.00 -32.00  54.76
 -60.00 -31.00  56.97
 -60.00 -30.00  60.27
 -60.00 -29.00  64.56
 -60.00 -28.00  69.57
 -60.00 -27.00  74.91
 -60.00 -26.00  80.05
 -60.00 -25.00  84.45
 -60.00 -24.00  87.61
 -60.00 -23.00  89.15
 -60.00 -22.00  88.88
 -60.00 -21.00  86.80
 -60.00 -20.00  83.14
 -60.00 -19.00  78.31
 -60.00 -18.00  72.82
 -60.00 -17.00  67.21
 -60.00 -16.00  61.96
 -60.00 -15.00  57.44
 -60.00 -14.00  53.87
 -60.00 -13.00  51.26
 -60.00 -12.00  49.52
 -60.00 -11.00  48.43
 -60.00 -10.00  47.78
 -60.00  -9.00  47.37
 -60.00  -8.00  47.10
 -60.00  -7.00  46.97
 -60.00  -6.00  47.12
 -60.00  -5.00  47.76
 -60.00  -4.00  49.13
 -60.00  -3.00  51.43
 -60.00  -2.00  54.75
 -60.00  -1.00  59.04
 -60.00   0.00  64.07
 -60.00   1.00  69.43
 -60.00   2.00  74.60
 -60.00   3.00  79.00
 -60.00   4.00  82.05
 -60.00   5.00  83.31
 -60.00   6.00  82.48
 -60.00   7.00  79.51
 -60.00   8.00  74.58
 -60.00   9.00  68.08
 -60.00  10.00  60.60
 -60.00  11.00  52.77
 -60.00  12.00  45.28
 -60.00  13.00  38.72
 -60.00  14.00  33.52
 -60.00  15.00  29.95
 -60.00  16.00  28.05
 -60.00  17.00  27.68
 -60.00  18.00  28.55
 -60.00  19.00  30.24
 -60.00  20.00  32.31
 -60.00  21.00  34.34
 -60.00  22.00  35.97
 -60.00  23.00  36.92
 -60.00  24.00  37.06
 -60.00  25.00  36.38
 -60.00  26.00  34.98
 -60.00  27.00  33.08
 -59.00 -37.00  56.08
 -59.00 -36.00  55.13
 -59.00 -35.00  54.24
 -59.00 -34.00  53.63
 -59.00 -33.00  53.55
 -59.00 -32.00  54.25
 -59.00 -31.00  55.93
 -59.00 -30.00  58.70
 -59.00 -29.00  62.52
 -59.00 -28.00  67.20
 -59.00 -27.00  72.40
 -59.00 -26.00  77.63
 -59.00 -25.00  82.35
 -59.00 -24.00  86.04
 -59.00 -23.00  88.24
 -59.00 -22.00  88.67
 -59.00 -21.00  87.26
 -59.00 -20.00  84.13
 -59.00 -19.00  79.63
 -59.00 -18.00  74.23
 -59.00 -17.00  68.49
 -59.00 -16.00  62.91
 -59.00 -15.00  57.95
 -59.00 -14.00  53.87
 -59.00 -13.00  50.79
 -59.00 -12.00  48.66
 -59.00 -11.00  47.31
 -59.00 -10.00  46.50
 -59.00  -9.00  46.02
 -59.00  -8.00  45.72
 -59.00  -7.00  45.54
 -59.00  -6.00  45.59
 -59.00  -5.00  46.02
 -59.00  -4.00  47.10
 -59.00  -3.00  49.05
 -59.00  -2.00  52.02
 -59.00  -1.00  56.04
 -59.00   0.00  60.94
 -59.00   1.00  66.38
 -59.00   2.00  71.89
 -59.00   3.00  76.87
 -59.00   4.00  80.72
 -59.00   5.00  82.91
 -59.00   6.00  83.06
 -59.00   7.00  81.02
 -59.00   8.00  76.85
 -59.00   9.00  70.89
 -59.00  10.00  63.65
 -59.00  11.00  55.78
 -59.00  12.00  47.97
 -59.00  13.00  40.87
 -59.00  14.00  35.00
 -59.00  15.00  30.69
 -59.00  16.00  28.08
 -59.00  17.00  27.10
 -59.00  18.00  27.49
 -59.00  19.00  28.87
 -59.00  20.00  30.83
 -59.00  21.00  32.90
 -59.00  22.00  34.71
 -59.00  23.00  35.96
 -59.00  24.00  36.46
 -59.00  25.00  36.14
 -59.00  26.00  35.06
 -59.00  27.00  33.39
 -58.00 -37.00  56.82
 -58.00 -36.00  55.88
 -58.00 -35.00  54.90
 -58.00 -34.00  54.09
 -58.00 -33.00  53.68
 -58.00 -32.00  53.94
 -58.00 -31.00  55.09
 -58.00 -30.00  57.29
 -58.00 -29.00  60.59
 -58.00 -28.00  64.85
 -58.00 -27.00  69.81
 -58.00 -26.00  75.04
 -58.00 -25.00  80.02
 -58.00 -24.00  84.20
 -58.00 -23.00  87.07
 -58.00 -22.00  88.27
 -58.00 -21.00  87.62
 -58.00 -20.00  85.15
 -58.00 -19.00  81.12
 -58.00 -18.00  75.95
 -58.00 -17.00  70.17
 -58.00 -16.00  64.33
 -58.00 -15.00  58.93
 -58.00 -14.00  54.32
 -58.00 -13.00  50.71
 -58.00 -12.00  48.11
 -58.00 -11.00  46.41
 -58.00 -10.00  45.38
 -58.00  -9.00  44.78
 -58.00  -8.00  44.43
 -58.00  -7.00  44.21
 -58.00  -6.00  44.17
 -58.00  -5.00  44.43
 -58.00  -4.00  45.23
 -58.00  -3.00  46.82
 -58.00  -2.00  49.40
 -58.00  -1.00  53.06
 -58.00   0.00  57.73
 -58.00   1.00  63.14
 -58.00   2.00  68.87
 -58.00   3.00  74.34
 -58.00   4.00  78.94
 -58.00   5.00  82.07
 -58.00   6.00  83.26
 -58.00   7.00  82.25
 -58.00   8.00  79.01
 -58.00   9.00  73.74
 -58.00  10.00  66.91
 -58.00  11.00  59.14
 -58.00  12.00  51.12
 -58.00  13.00  43.54
 -58.00  14.00  37.00
 -58.00  15.00  31.93
 -58.00  16.00  28.54
 -58.00  17.00  26.85
 -58.00  18.00  26.66
 -58.00  19.00  27.65
 -58.00  20.00  29.39
 -58.00  21.00  31.43
 -58.00  22.00  33.37
 -58.00  23.00  34.88
 -58.00  24.00  35.72
 -58.00  25.00  35.78
 -58.00  26.00  35.07
 -58.00  27.00  33.69
 -57.00 -37.00  57.53
 -57.00 -36.00  56.63
 -57.00 -35.00  55.62
 -57.00 -34.00  54.67
 -57.00 -33.00  53.99
 -57.00 -32.00  53.85
 -57.00 -31.00  54.49
 -57.00 -30.00  56.11
 -57.00 -29.00  58.83
 -57.00 -28.00  62.60
 -57.00 -27.00  67.22
 -57.00 -26.00  72.35
 -57.00 -25.00  77.48
 -57.00 -24.00  82.08
 -57.00 -23.00  85.59
 -57.00 -22.00  87.59
 -57.00 -21.00  87.78
 -57.00 -20.00  86.09
 -57.00 -19.00  82.67
 -57.00 -18.00  77.88
 -57.00 -17.00  72.20
 -57.00 -16.00  66.20
 -57.00 -15.00  60.41
 -57.00 -14.00  55.28
 -57.00 -13.00  51.09
 -57.00 -12.00  47.95
 -57.00 -11.00  45.80
 -57.00 -10.00  44.45
 -57.00  -9.00  43.68
 -57.00  -8.00  43.24
 -57.00  -7.00  42.98
 -57.00  -6.00  42.88
 -57.00  -5.00  43.00
 -57.00  -4.00  43.55
 -57.00  -3.00  44.79
 -57.00  -2.00  46.95
 -57.00  -1.00  50.19
 -57.00   0.00  54.52
 -57.00   1.00  59.77
 -57.00   2.00  65.59
 -57.00   3.00  71.44
 -57.00   4.00  76.69
 -57.00   5.00  80.73
 -57.00   6.00  83.00
 -57.00   7.00  83.11
 -57.00   8.00  80.91
 -57.00   9.00  76.51
 -57.00  10.00  70.27
 -57.00  11.00  62.75
 -57.00  12.00  54.65
 -57.00  13.00  46.69
 -57.00  14.00  39.53
 -57.00  15.00  33.69
 -57.00  16.00  29.48
 -57.00  17.00  27.00
 -57.00  18.00  26.15
 -57.00  19.00  26.63
 -57.00  20.00  28.05
 -57.00  21.00  29.97
 -57.00  22.00  31.97
 -57.00  23.00  33.68
 -57.00  24.00  34.83
 -57.00  25.00  35.27
 -57.00  26.00  34.95
 -57.00  27.00  33.92
 -56.00 -37.00  58.17
 -56.00 -36.00  57.37
 -56.00 -35.00  56.38
 -56.00 -34.00  55.34
 -56.00 -33.00  54.46
 -56.00 -32.00  53.97
 -56.00 -31.00  54.14
 -56.00 -30.00  55.20
 -56.00 -29.00  57.31
 -56.00 -28.00  60.52
 -56.00 -27.00  64.71
 -56.00 -26.00  69.60
 -56.00 -25.00  74.77
 -56.00 -24.00  79.68
 -56.00 -23.00  83.78
 -56.00 -22.00  86.56
 -56.00 -21.00  87.64
 -56.00 -20.00  86.83
 -56.00 -19.00  84.17
 -56.00 -18.00  79.91
 -56.00 -17.00  74.50
 -56.00 -16.00  68.47
 -56.00 -15.00  62.39
 -56.00 -14.00  56.77
 -56.00 -13.00  51.98
 -56.00 -12.00  48.23
 -56.00 -11.00  45.54
 -56.00 -10.00  43.79
 -56.00  -9.00  42.75
 -56.00  -8.00  42.18
 -56.00  -7.00  41.86
 -56.00  -6.00  41.70
 -56.00  -5.00  41.72
 -56.00  -4.00  42.07
 -56.00  -3.00  42.98
 -56.00  -2.00  44.72
 -56.00  -1.00  47.50
 -56.00   0.00  51.42
 -56.00   1.00  56.39
 -56.00   2.00  62.15
 -56.00   3.00  68.22
 -56.00   4.00  74.02
 -56.00   5.00  78.89
 -56.00   6.00  82.20
 -56.00   7.00  83.48
 -56.00   8.00  82.43
 -56.00   9.00  79.04
 -56.00  10.00  73.57
 -56.00  11.00  66.50
 -56.00  12.00  58.48
 -56.00  13.00  50.27
 -56.00  14.00  42.57
 -56.00  15.00  35.98
 -56.00  16.00  30.93
 -56.00  17.00  27.61
 -56.00  18.00  26.00
 -56.00  19.00  25.87
 -56.00  20.00  26.88
 -56.00  21.00  28.59
 -56.00  22.00  30.55
 -56.00  23.00  32.40
 -56.00  24.00  33.81
 -56.00  25.00  34.60
 -56.00  26.00  34.67
 -56.00  27.00  34.02
 -55.00 -37.00  58.73
 -55.00 -36.00  58.04
 -55.00 -35.00  57.12
 -55.00 -34.00  56.07
 -55.00 -33.00  55.05
 -55.00 -32.00  54.29
 -55.00 -31.00  54.05
 -55.00 -30.00  54.57
 -55.00 -29.00  56.08
 -55.00 -28.00  58.67
 -55.00 -27.00  62.34
 -55.00 -26.00  66.89
 -55.00 -25.00  71.95
 -55.00 -24.00  77.05
 -55.00 -23.00  81.63
 -55.00 -22.00  85.14
 -55.00 -21.00  87.11
 -55.00 -20.00  87.25
 -55.00 -19.00  85.47
 -55.00 -18.00  81.92
 -55.00 -17.00  76.94
 -55.00 -16.00  71.05
 -55.00 -15.00  64.80
 -55.00 -14.00  58.77
 -55.00 -13.00  53.41
 -55.00 -12.00  49.02
 -55.00 -11.00  45.72
 -55.00 -10.00  43.46
 -55.00  -9.00  42.07
 -55.00  -8.00  41.28
 -55.00  -7.00  40.86
 -55.00  -6.00  40.65
 -55.00  -5.00  40.59
 -55.00  -4.00  40.78
 -55.00  -3.00  41.42
 -55.00  -2.00  42.76
 -55.00  -1.00  45.07
 -55.00   0.00  48.51
 -55.00   1.00  53.09
 -55.00   2.00  58.65
 -55.00   3.00  64.80
 -55.00   4.00  70.99
 -55.00   5.00  76.56
 -55.00   6.00  80.85
 -55.00   7.00  83.29
 -55.00   8.00  83.45
 -55.00   9.00  81.21
 -55.00  10.00  76.67
 -55.00  11.00  70.23
 -55.00  12.00  62.49
 -55.00  13.00  54.18
 -55.00  14.00  46.06
 -55.00  15.00  38.79
 -55.00  16.00  32.91
 -55.00  17.00  28.71
 -55.00  18.00  26.28
 -55.00  19.00  25.45
 -55.00  20.00  25.94
 -55.00  21.00  27.33
 -55.00  22.00  29.18
 -55.00  23.00  31.08
 -55.00  24.00  32.69
 -55.00  25.00  33.78
 -55.00  26.00  34.21
 -55.00  27.00  33.95
 -54.00 -37.00  59.52
 -54.00 -36.00  58.99
 -54.00 -35.00  58.18
 -54.00 -34.00  57.16
 -54.00 -33.00  56.08
 -54.00 -32.00  55.11
 -54.00 -31.00  54.49
 -54.00 -30.00  54.49
 -54.00 -29.00  55.35
 -54.00 -28.00  57.25
 -54.00 -27.00  60.25
 -54.00 -26.00  64.26
 -54.00 -25.00  69.01
 -54.00 -24.00  74.07
 -54.00 -23.00  78.93
 -54.00 -22.00  83.02
 -54.00 -21.00  85.80
 -54.00 -20.00  86.89
 -54.00 -19.00  86.08
 -54.00 -18.00  83.38
 -54.00 -17.00  79.05
 -54.00 -16.00  73.51
 -54.00 -15.00  67.31
 -54.00 -14.00  61.03
 -54.00 -13.00  55.20
 -54.00 -12.00  50.21
 -54.00 -11.00  46.27
 -54.00 -10.00  43.43
 -54.00  -9.00  41.57
 -54.00  -8.00  40.46
 -54.00  -7.00  39.85
 -54.00  -6.00  39.53
 -54.00  -5.00  39.39
 -54.00  -4.00  39.45
 -54.00  -3.00  39.85
 -54.00  -2.00  40.84
 -54.00  -1.00  42.67
 -54.00   0.00  45.58
 -54.00   1.00  49.66
 -54.00   2.00  54.83
 -54.00   3.00  60.82
 -54.00   4.00  67.15
 -54.00   5.00  73.21
 -54.00   6.00  78.32
 -54.00   7.00  81.83
 -54.00   8.00  83.24
 -54.00   9.00  82.26
 -54.00  10.00  78.87
 -54.00  11.00  73.33
 -54.00  12.00  66.16
 -54.00  13.00  58.03
 -54.00  14.00  49.71
 -54.00  15.00  41.92
 -54.00  16.00  35.29
 -54.00  17.00  30.21
 -54.00  18.00  26.89
 -54.00  19.00  25.28
 -54.00  20.00  25.13
 -54.00  21.00  26.09
 -54.00  22.00  27.73
 -54.00  23.00  29.60
 -54.00  24.00  31.35
 -54.00  25.00  32.70
 -54.00  26.00  33.47
 -54.00  27.00  33.57
 -53.00 -37.00  60.17
 -53.00 -36.00  59.80
 -53.00 -35.00  59.13
 -53.00 -34.00  58.21
 -53.00 -33.00  57.13
 -53.00 -32.00  56.04
 -53.00 -31.00  55.15
 -53.00 -30.00  54.71
 -53.00 -29.00  55.00
 -53.00 -28.00  56.22
 -53.00 -27.00  58.53
 -53.00 -26.00  61.92
 -53.00 -25.00  66.22
 -53.00 -24.00  71.10
 -53.00 -23.00  76.09
 -53.00 -22.00  80.61
 -53.00 -21.00  84.12
 -53.00 -20.00  86.13
 -53.00 -19.00  86.32
 -53.00 -18.00  84.58
 -53.00 -17.00  81.03
 -53.00 -16.00  76.02
 -53.00 -15.00  70.05
 -53.00 -14.00  63.68
 -53.00 -13.00  57.49
 -53.00 -12.00  51.95
 -53.00 -11.00  47.38
 -53.00 -10.00  43.91
 -53.00  -9.00  41.50
 -53.00  -8.00  39.97
 -53.00  -7.00  39.09
 -53.00  -6.00  38.61
 -53.00  -5.00  38.37
 -53.00  -4.00  38.31
 -53.00  -3.00  38.52
 -53.00  -2.00  39.19
 -53.00  -1.00  40.59
 -53.00   0.00  42.97
 -53.00   1.00  46.51
 -53.00   2.00  51.21
 -53.00   3.00  56.90
 -53.00   4.00  63.21
 -53.00   5.00  69.57
 -53.00   6.00  75.32
 -53.00   7.00  79.80
 -53.00   8.00  82.39
 -53.00   9.00  82.70
 -53.00  10.00  80.57
 -53.00  11.00  76.11
 -53.00  12.00  69.71
 -53.00  13.00  61.99
 -53.00  14.00  53.67
 -53.00  15.00  45.53
 -53.00  16.00  38.24
 -53.00  17.00  32.34
 -53.00  18.00  28.11
 -53.00  19.00  25.63
 -53.00  20.00  24.76
 -53.00  21.00  25.17
 -53.00  22.00  26.47
 -53.00  23.00  28.22
 -53.00  24.00  30.02
 -53.00  25.00  31.56
 -53.00  26.00  32.61
 -53.00  27.00  33.06
 -52.00 -37.00  60.57
 -52.00 -36.00  60.36
 -52.00 -35.00  59.86
 -52.00 -34.00  59.07
 -52.00 -33.00  58.06
 -52.00 -32.00  56.94
 -52.00 -31.00  55.88
 -52.00 -30.00  55.11
 -52.00 -29.00  54.91
 -52.00 -28.00  55.52
 -52.00 -27.00  57.14
 -52.00 -26.00  59.88
 -52.00 -25.00  63.65
 -52.00 -24.00  68.23
 -52.00 -23.00  73.19
 -52.00 -22.00  78.02
 -52.00 -21.00  82.15
 -52.00 -20.00  85.02
 -52.00 -19.00  86.21
 -52.00 -18.00  85.50
 -52.00 -17.00  82.87
 -52.00 -16.00  78.56
 -52.00 -15.00  72.98
 -52.00 -14.00  66.69
 -52.00 -13.00  60.27
 -52.00 -12.00  54.26
 -52.00 -11.00  49.08
 -52.00 -10.00  44.95
 -52.00  -9.00  41.93
 -52.00  -8.00  39.91
 -52.00  -7.00  38.67
 -52.00  -6.00  37.97
 -52.00  -5.00  37.59
 -52.00  -4.00  37.41
 -52.00  -3.00  37.45
 -52.00  -2.00  37.86
 -52.00  -1.00  38.87
 -52.00   0.00  40.76
 -52.00   1.00  43.73
 -52.00   2.00  47.91
 -52.00   3.00  53.20
 -52.00   4.00  59.34
 -52.00   5.00  65.84
 -52.00   6.00  72.08
 -52.00   7.00  77.38
 -52.00   8.00  81.08
 -52.00   9.00  82.66
 -52.00  10.00  81.83
 -52.00  11.00  78.55
 -52.00  12.00  73.10
 -52.00  13.00  65.98
 -52.00  14.00  57.88
 -52.00  15.00  49.55
 -52.00  16.00  41.75
 -52.00  17.00  35.09
 -52.00  18.00  29.97
 -52.00  19.00  26.59
 -52.00  20.00  24.91
 -52.00  21.00  24.67
 -52.00  22.00  25.52
 -52.00  23.00  27.03
 -52.00  24.00  28.78
 -52.00  25.00  30.42
 -52.00  26.00  31.69
 -52.00  27.00  32.45
 -51.00 -37.00  60.72
 -51.00 -36.00  60.68
 -51.00 -35.00  60.35
 -51.00 -34.00  59.72
 -51.00 -33.00  58.82
 -51.00 -32.00  57.74
 -51.00 -31.00  56.60
 -51.00 -30.00  55.61
 -51.00 -29.00  55.02
 -51.00 -28.00  55.09
 -51.00 -27.00  56.07
 -51.00 -26.00  58.14
 -51.00 -25.00  61.31
 -51.00 -24.00  65.46
 -51.00 -23.00  70.26
 -51.00 -22.00  75.25
 -51.00 -21.00  79.86
 -51.00 -20.00  83.51
 -51.00 -19.00  85.69
 -51.00 -18.00  86.06
 -51.00 -17.00  84.46
 -51.00 -16.00  81.01
 -51.00 -15.00  76.02
 -51.00 -14.00  69.98
 -51.00 -13.00  63.49
 -51.00 -12.00  57.12
 -51.00 -11.00  51.37
 -51.00 -10.00  46.58
 -51.00  -9.00  42.90
 -51.00  -8.00  40.31
 -51.00  -7.00  38.63
 -51.00  -6.00  37.62
 -51.00  -5.00  37.05
 -51.00  -4.00  36.75
 -51.00  -3.00  36.65
 -51.00  -2.00  36.83
 -51.00  -1.00  37.50
 -51.00   0.00  38.92
 -51.00   1.00  41.34
 -51.00   2.00  44.95
 -51.00   3.00  49.76
 -51.00   4.00  55.59
 -51.00   5.00  62.07
 -51.00   6.00  68.63
 -51.00   7.00  74.60
 -51.00   8.00  79.29
 -51.00   9.00  82.09
 -51.00  10.00  82.58
 -51.00  11.00  80.59
 -51.00  12.00  76.23
 -51.00  13.00  69.91
 -51.00  14.00  62.22
 -51.00  15.00  53.91
 -51.00  16.00  45.74
 -51.00  17.00  38.42
 -51.00  18.00  32.46
 -51.00  19.00  28.17
 -51.00  20.00  25.61
 -51.00  21.00  24.63
 -51.00  22.00  24.91
 -51.00  23.00  26.07
 -51.00  24.00  27.66
 -51.00  25.00  29.32
 -51.00  26.00  30.75
 -51.00  27.00  31.75
 -50.00 -37.00  60.62
 -50.00 -36.00  60.75
 -50.00 -35.00  60.58
 -50.00 -34.00  60.12
 -50.00 -33.00  59.37
 -50.00 -32.00  58.39
 -50.00 -31.00  57.26
 -50.00 -30.00  56.14
 -50.00 -29.00  55.26
 -50.00 -28.00  54.88
 -50.00 -27.00  55.28
 -50.00 -26.00  56.69
 -50.00 -25.00  59.21
 -50.00 -24.00  62.82
 -50.00 -23.00  67.31
 -50.00 -22.00  72.29
 -50.00 -21.00  77.24
 -50.00 -20.00  81.55
 -50.00 -19.00  84.68
 -50.00 -18.00  86.14
 -50.00 -17.00  85.67
 -50.00 -16.00  83.23
 -50.00 -15.00  79.02
 -50.00 -14.00  73.46
 -50.00 -13.00  67.08
 -50.00 -12.00  60.50
 -50.00 -11.00  54.27
 -50.00 -10.00  48.84
 -50.00  -9.00  44.46
 -50.00  -8.00  41.22
 -50.00  -7.00  39.00
 -50.00  -6.00  37.61
 -50.00  -5.00  36.79
 -50.00  -4.00  36.32
 -50.00  -3.00  36.08
 -50.00  -2.00  36.08
 -50.00  -1.00  36.46
 -50.00   0.00  37.45
 -50.00   1.00  39.34
 -50.00   2.00  42.36
 -50.00   3.00  46.61
 -50.00   4.00  52.02
 -50.00   5.00  58.32
 -50.00   6.00  65.02
 -50.00   7.00  71.49
 -50.00   8.00  77.02
 -50.00   9.00  80.96
 -50.00  10.00  82.76
 -50.00  11.00  82.12
 -50.00  12.00  78.99
 -50.00  13.00  73.64
 -50.00  14.00  66.57
 -50.00  15.00  58.48
 -50.00  16.00  50.14
 -50.00  17.00  42.29
 -50.00  18.00  35.56
 -50.00  19.00  30.36
 -50.00  20.00  26.88
 -50.00  21.00  25.07
 -50.00  22.00  24.70
 -50.00  23.00  25.38
 -50.00  24.00  26.72
 -50.00  25.00  28.31
 -50.00  26.00  29.81
 -50.00  27.00  31.00
 -49.00 -37.00  60.27
 -49.00 -36.00  60.56
 -49.00 -35.00  60.56
 -49.00 -34.00  60.27
 -49.00 -33.00  59.69
 -49.00 -32.00  58.84
 -49.00 -31.00  57.79
 -49.00 -30.00  56.63
 -49.00 -29.00  55.57
 -49.00 -28.00  54.85
 -49.00 -27.00  54.74
 -49.00 -26.00  55.51
 -49.00 -25.00  57.36
 -49.00 -24.00  60.36
 -49.00 -23.00  64.39
 -49.00 -22.00  69.19
 -49.00 -21.00  74.29
 -49.00 -20.00  79.12
 -49.00 -19.00  83.09
 -49.00 -18.00  85.63
 -49.00 -17.00  86.36
 -49.00 -16.00  85.07
 -49.00 -15.00  81.85
 -49.00 -14.00  76.97
 -49.00 -13.00  70.93
 -49.00 -12.00  64.32
 -49.00 -11.00  57.75
 -49.00 -10.00  51.73
 -49.00  -9.00  46.65
 -49.00  -8.00  42.69
 -49.00  -7.00  39.85
 -49.00  -6.00  37.97
 -49.00  -5.00  36.82
 -49.00  -4.00  36.14
 -49.00  -3.00  35.75
 -49.00  -2.00  35.59
 -49.00  -1.00  35.72
 -49.00   0.00  36.35
 -49.00   1.00  37.73
 -49.00   2.00  40.15
 -49.00   3.00  43.78
 -49.00   4.00  48.66
 -49.00   5.00  54.62
 -49.00   6.00  61.28
 -49.00   7.00  68.07
 -49.00   8.00  74.30
 -49.00   9.00  79.26
 -49.00  10.00  82.32
 -49.00  11.00  83.06
 -49.00  12.00  81.26
 -49.00  13.00  77.06
 -49.00  14.00  70.82
 -49.00  15.00  63.16
 -49.00  16.00  54.84
 -49.00  17.00  46.62
 -49.00  18.00  39.22
 -49.00  19.00  33.16
 -49.00  20.00  28.74
 -49.00  21.00  26.04
 -49.00  22.00  24.90
 -49.00  23.00  25.02
 -49.00  24.00  25.99
 -49.00  25.00  27.41
 -49.00  26.00  28.90
 -49.00  27.00  30.21
 -48.00 -37.00  59.68
 -48.00 -36.00  60.12
 -48.00 -35.00  60.29
 -48.00 -34.00  60.17
 -48.00 -33.00  59.77
 -48.00 -32.00  59.08
 -48.00 -31.00  58.14
 -48.00 -30.00  57.04
 -48.00 -29.00  55.90
 -48.00 -28.00  54.93
 -48.00 -27.00  54.41
 -48.00 -26.00  54.61
 -48.00 -25.00  55.79
 -48.00 -24.00  58.11
 -48.00 -23.00  61.57
 -48.00 -22.00  66.01
 -48.00 -21.00  71.07
 -48.00 -20.00  76.23
 -48.00 -19.00  80.88
 -48.00 -18.00  84.43
 -48.00 -17.00  86.36
 -48.00 -16.00  86.35
 -48.00 -15.00  84.29
 -48.00 -14.00  80.34
 -48.00 -13.00  74.89
 -48.00 -12.00  68.48
 -48.00 -11.00  61.73
 -48.00 -10.00  55.25
 -48.00  -9.00  49.50
 -48.00  -8.00  44.79
 -48.00  -7.00  41.24
 -48.00  -6.00  38.76
 -48.00  -5.00  37.17
 -48.00  -4.00  36.21
 -48.00  -3.00  35.64
 -48.00  -2.00  35.32
 -48.00  -1.00  35.26
 -48.00   0.00  35.58
 -48.00   1.00  36.51
 -48.00   2.00  38.35
 -48.00   3.00  41.34
 -48.00   4.00  45.60
 -48.00   5.00  51.08
 -48.00   6.00  57.51
 -48.00   7.00  64.41
 -48.00   8.00  71.14
 -48.00   9.00  76.97
 -48.00  10.00  81.22
 -48.00  11.00  83.31
 -48.00  12.00  82.93
 -48.00  13.00  80.01
 -48.00  14.00  74.80
 -48.00  15.00  67.80
 -48.00  16.00  59.71
 -48.00  17.00  51.32
 -48.00  18.00  43.38
 -48.00  19.00  36.53
 -48.00  20.00  31.19
 -48.00  21.00  27.55
 -48.00  22.00  25.57
 -48.00  23.00  25.00
 -48.00  24.00  25.50
 -48.00  25.00  26.65
 -48.00  26.00  28.06
 -48.00  27.00  29.41
 -47.00 -37.00  58.87
 -47.00 -36.00  59.45
 -47.00 -35.00  59.77
 -47.00 -34.00  59.82
 -47.00 -33.00  59.59
 -47.00 -32.00  59.07
 -47.00 -31.00  58.29
 -47.00 -30.00  57.29
 -47.00 -29.00  56.16
 -47.00 -28.00  55.06
 -47.00 -27.00  54.24
 -47.00 -26.00  53.96
 -47.00 -25.00  54.52
 -47.00 -24.00  56.14
 -47.00 -23.00  58.94
 -47.00 -22.00  62.86
 -47.00 -21.00  67.67
 -47.00 -20.00  72.93
 -47.00 -19.00  78.08
 -47.00 -18.00  82.50
 -47.00 -17.00  85.58
 -47.00 -16.00  86.87
 -47.00 -15.00  86.12
 -47.00 -14.00  83.32
 -47.00 -13.00  78.72
 -47.00 -12.00  72.78
 -47.00 -11.00  66.10
 -47.00 -10.00  59.31
 -47.00  -9.00  52.98
 -47.00  -8.00  47.53
 -47.00  -7.00  43.21
 -47.00  -6.00  40.04
 -47.00  -5.00  37.90
 -47.00  -4.00  36.56
 -47.00  -3.00  35.74
 -47.00  -2.00  35.27
 -47.00  -1.00  35.04
 -47.00   0.00  35.11
 -47.00   1.00  35.66
 -47.00   2.00  36.97
 -47.00   3.00  39.32
 -47.00   4.00  42.91
 -47.00   5.00  47.80
 -47.00   6.00  53.83
 -47.00   7.00  60.63
 -47.00   8.00  67.64
 -47.00   9.00  74.15
 -47.00  10.00  79.44
 -47.00  11.00  82.84
 -47.00  12.00  83.88
 -47.00  13.00  82.36
 -47.00  14.00  78.35
 -47.00  15.00  72.23
 -47.00  16.00  64.61
 -47.00  17.00  56.25
 -47.00  18.00  47.95
 -47.00  19.00  40.41
 -47.00  20.00  34.19
 -47.00  21.00  29.59
 -47.00  22.00  26.71
 -47.00  23.00  25.37
 -47.00  24.00  25.29
 -47.00  25.00  26.07
 -47.00  26.00  27.30
 -47.00  27.00  28.63
 -46.00 -37.00  57.87
 -46.00 -36.00  58.57
 -46.00 -35.00  59.03
 -46.00 -34.00  59.24
 -46.00 -33.00  59.17
 -46.00 -32.00  58.83
 -46.00 -31.00  58.22
 -46.00 -30.00  57.36
 -46.00 -29.00  56.30
 -46.00 -28.00  55.18
 -46.00 -27.00  54.17
 -46.00 -26.00  53.52
 -46.00 -25.00  53.54
 -46.00 -24.00  54.50
 -46.00 -23.00  56.59
 -46.00 -22.00  59.87
 -46.00 -21.00  64.24
 -46.00 -20.00  69.37
 -46.00 -19.00  74.78
 -46.00 -18.00  79.85
 -46.00 -17.00  83.96
 -46.00 -16.00  86.52
 -46.00 -15.00  87.15
 -46.00 -14.00  85.67
 -46.00 -13.00  82.16
 -46.00 -12.00  76.98
 -46.00 -11.00  70.64
 -46.00 -10.00  63.78
 -46.00  -9.00  57.02
 -46.00  -8.00  50.91
 -46.00  -7.00  45.80
 -46.00  -6.00  41.87
 -46.00  -5.00  39.06
 -46.00  -4.00  37.22
 -46.00  -3.00  36.08
 -46.00  -2.00  35.40
 -46.00  -1.00  35.02
 -46.00   0.00  34.89
 -46.00   1.00  35.14
 -46.00   2.00  36.00
 -46.00   3.00  37.75
 -46.00   4.00  40.66
 -46.00   5.00  44.87
 -46.00   6.00  50.36
 -46.00   7.00  56.87
 -46.00   8.00  63.93
 -46.00   9.00  70.91
 -46.00  10.00  77.04
 -46.00  11.00  81.63
 -46.00  12.00  84.06
 -46.00  13.00  83.98
 -46.00  14.00  81.30
 -46.00  15.00  76.25
 -46.00  16.00  69.33
 -46.00  17.00  61.23
 -46.00  18.00  52.76
 -46.00  19.00  44.69
 -46.00  20.00  37.67
 -46.00  21.00  32.15
 -46.00  22.00  28.32
 -46.00  23.00  26.15
 -46.00  24.00  25.40
 -46.00  25.00  25.70
 -46.00  26.00  26.67
 -46.00  27.00  27.90
 -45.00 -37.00  56.73
 -45.00 -36.00  57.51
 -45.00 -35.00  58.10
 -45.00 -34.00  58.45
 -45.00 -33.00  58.53
 -45.00 -32.00  58.35
 -45.00 -31.00  57.91
 -45.00 -30.00  57.21
 -45.00 -29.00  56.29
 -45.00 -28.00  55.21
 -45.00 -27.00  54.12
 -45.00 -26.00  53.23
 -45.00 -25.00  52.82
 -45.00 -24.00  53.18
 -45.00 -23.00  54.58
 -45.00 -22.00  57.16
 -45.00 -21.00  60.94
 -45.00 -20.00  65.73
 -45.00 -19.00  71.14
 -45.00 -18.00  76.63
 -45.00 -17.00  81.54
 -45.00 -16.00  85.26
 -45.00 -15.00  87.25
 -45.00 -14.00  87.17
 -45.00 -13.00  84.96
 -45.00 -12.00  80.79
 -45.00 -11.00  75.08
 -45.00 -10.00  68.43
 -45.00  -9.00  61.47
 -45.00  -8.00  54.83
 -45.00  -7.00  48.99
 -45.00  -6.00  44.26
 -45.00  -5.00  40.71
 -45.00  -4.00  38.26
 -45.00  -3.00  36.68
 -45.00  -2.00  35.72
 -45.00  -1.00  35.16
 -45.00   0.00  34.88
 -45.00   1.00  34.90
 -45.00   2.00  35.39
 -45.00   3.00  36.62
 -45.00   4.00  38.88
 -45.00   5.00  42.40
 -45.00   6.00  47.24
 -45.00   7.00  53.30
 -45.00   8.00  60.20
 -45.00   9.00  67.39
 -45.00  10.00  74.16
 -45.00  11.00  79.75
 -45.00  12.00  83.47
 -45.00  13.00  84.82
 -45.00  14.00  83.54
 -45.00  15.00  79.71
 -45.00  16.00  73.68
 -45.00  17.00  66.07
 -45.00  18.00  57.65
 -45.00  19.00  49.23
 -45.00  20.00  41.54
 -45.00  21.00  35.14
 -45.00  22.00  30.38
 -45.00  23.00  27.32
 -45.00  24.00  25.82
 -45.00  25.00  25.57
 -45.00  26.00  26.18
 -45.00  27.00  27.25
 -44.00 -37.00  55.52
 -44.00 -36.00  56.33
 -44.00 -35.00  57.02
 -44.00 -34.00  57.49
 -44.00 -33.00  57.71
 -44.00 -32.00  57.67
 -44.00 -31.00  57.39
 -44.00 -30.00  56.85
 -44.00 -29.00  56.08
 -44.00 -28.00  55.11
 -44.00 -27.00  54.03
 -44.00 -26.00  53.02
 -44.00 -25.00  52.30
 -44.00 -24.00  52.18
 -44.00 -23.00  52.94
 -44.00 -22.00  54.81
 -44.00 -21.00  57.92
 -44.00 -20.00  62.19
 -44.00 -19.00  67.37
 -44.00 -18.00  73.00
 -44.00 -17.00  78.47
 -44.00 -16.00  83.14
 -44.00 -15.00  86.38
 -44.00 -14.00  87.72
 -44.00 -13.00  86.91
 -44.00 -12.00  83.96
 -44.00 -11.00  79.15
 -44.00 -10.00  72.99
 -44.00  -9.00  66.10
 -44.00  -8.00  59.14
 -44.00  -7.00  52.70
 -44.00  -6.00  47.19
 -44.00  -5.00  42.85
 -44.00  -4.00  39.70
 -44.00  -3.00  37.58
 -44.00  -2.00  36.25
 -44.00  -1.00  35.46
 -44.00   0.00  35.01
 -44.00   1.00  34.86
 -44.00   2.00  35.08
 -44.00   3.00  35.89
 -44.00   4.00  37.58
 -44.00   5.00  40.41
 -44.00   6.00  44.58
 -44.00   7.00  50.06
 -44.00   8.00  56.62
 -44.00   9.00  63.81
 -44.00  10.00  70.96
 -44.00  11.00  77.34
 -44.00  12.00  82.19
 -44.00  13.00  84.88
 -44.00  14.00  85.01
 -44.00  15.00  82.48
 -44.00  16.00  77.51
 -44.00  17.00  70.59
 -44.00  18.00  62.43
 -44.00  19.00  53.85
 -44.00  20.00  45.64
 -44.00  21.00  38.48
 -44.00  22.00  32.81
 -44.00  23.00  28.85
 -44.00  24.00  26.56
 -44.00  25.00  25.68
 -44.00  26.00  25.87
 -44.00  27.00  26.70
 -43.00 -37.00  54.38
 -43.00 -36.00  55.17
 -43.00 -35.00  55.91
 -43.00 -34.00  56.48
 -43.00 -33.00  56.83
 -43.00 -32.00  56.92
 -43.00 -31.00  56.77
 -43.00 -30.00  56.38
 -43.00 -29.00  55.76
 -43.00 -28.00  54.92
 -43.00 -27.00  53.92
 -43.00 -26.00  52.87
 -43.00 -25.00  51.97
 -43.00 -24.00  51.48
 -43.00 -23.00  51.69
 -43.00 -22.00  52.89
 -43.00 -21.00  55.29
 -43.00 -20.00  58.93
 -43.00 -19.00  63.67
 -43.00 -18.00  69.18
 -43.00 -17.00  74.93
 -43.00 -16.00  80.28
 -43.00 -15.00  84.57
 -43.00 -14.00  87.22
 -43.00 -13.00  87.82
 -43.00 -12.00  86.22
 -43.00 -11.00  82.54
 -43.00 -10.00  77.15
 -43.00  -9.00  70.62
 -43.00  -8.00  63.60
 -43.00  -7.00  56.74
 -43.00  -6.00  50.58
 -43.00  -5.00  45.47
 -43.00  -4.00  41.57
 -43.00  -3.00  38.82
 -43.00  -2.00  37.02
 -43.00  -1.00  35.92
 -43.00   0.00  35.28
 -43.00   1.00  34.97
 -43.00   2.00  34.98
 -43.00   3.00  35.47
 -43.00   4.00  36.69
 -43.00   5.00  38.92
 -43.00   6.00  42.42
 -43.00   7.00  47.26
 -43.00   8.00  53.35
 -43.00   9.00  60.34
 -43.00  10.00  67.66
 -43.00  11.00  74.60
 -43.00  12.00  80.37
 -43.00  13.00  84.26
 -43.00  14.00  85.74
 -43.00  15.00  84.54
 -43.00  16.00  80.72
 -43.00  17.00  74.64
 -43.00  18.00  66.93
 -43.00  19.00  58.38
 -43.00  20.00  49.82
 -43.00  21.00  42.01
 -43.00  22.00  35.51
 -43.00  23.00  30.67
 -43.00  24.00  27.55
 -43.00  25.00  26.00
 -43.00  26.00  25.70
 -43.00  27.00  26.23
 -42.00 -37.00  53.30
 -42.00 -36.00  54.00
 -42.00 -35.00  54.76
 -42.00 -34.00  55.40
 -42.00 -33.00  55.84
 -42.00 -32.00  56.05
 -42.00 -31.00  56.02
 -42.00 -30.00  55.76
 -42.00 -29.00  55.28
 -42.00 -28.00  54.59
 -42.00 -27.00  53.69
 -42.00 -26.00  52.68
 -42.00 -25.00  51.70
 -42.00 -24.00  50.96
 -42.00 -23.00  50.74
 -42.00 -22.00  51.36
 -42.00 -21.00  53.07
 -42.00 -20.00  56.02
 -42.00 -19.00  60.20
 -42.00 -18.00  65.38
 -42.00 -17.00  71.15
 -42.00 -16.00  76.92
 -42.00 -15.00  82.02
 -42.00 -14.00  85.81
 -42.00 -13.00  87.76
 -42.00 -12.00  87.55
 -42.00 -11.00  85.14
 -42.00 -10.00  80.75
 -42.00  -9.00  74.83
 -42.00  -8.00  68.02
 -42.00  -7.00  60.97
 -42.00  -6.00  54.32
 -42.00  -5.00  48.52
 -42.00  -4.00  43.87
 -42.00  -3.00  40.42
 -42.00  -2.00  38.07
 -42.00  -1.00  36.57
 -42.00   0.00  35.68
 -42.00   1.00  35.19
 -42.00   2.00  35.04
 -42.00   3.00  35.28
 -42.00   4.00  36.12
 -42.00   5.00  37.84
 -42.00   6.00  40.71
 -42.00   7.00  44.92
 -42.00   8.00  50.46
 -42.00   9.00  57.10
 -42.00  10.00  64.38
 -42.00  11.00  71.65
 -42.00  12.00  78.12
 -42.00  13.00  83.04
 -42.00  14.00  85.76
 -42.00  15.00  85.87
 -42.00  16.00  83.26
 -42.00  17.00  78.15
 -42.00  18.00  71.07
 -42.00  19.00  62.74
 -42.00  20.00  54.01
 -42.00  21.00  45.69
 -42.00  22.00  38.46
 -42.00  23.00  32.77
 -42.00  24.00  28.83
 -42.00  25.00  26.56
 -42.00  26.00  25.71
 -42.00  27.00  25.89
 -41.00 -37.00  52.33
 -41.00 -36.00  52.88
 -41.00 -35.00  53.59
 -41.00 -34.00  54.27
 -41.00 -33.00  54.79
 -41.00 -32.00  55.09
 -41.00 -31.00  55.16
 -41.00 -30.00  55.02
 -41.00 -29.00  54.66
 -41.00 -28.00  54.10
 -41.00 -27.00  53.34
 -41.00 -26.00  52.42
 -41.00 -25.00  51.43
 -41.00 -24.00  50.54
 -41.00 -23.00  50.02
 -41.00 -22.00  50.15
 -41.00 -21.00  51.24
 -41.00 -20.00  53.50
 -41.00 -19.00  57.03
 -41.00 -18.00  61.74
 -41.00 -17.00  67.31
 -41.00 -16.00  73.24
 -41.00 -15.00  78.91
 -41.00 -14.00  83.63
 -41.00 -13.00  86.80
 -41.00 -12.00  87.95
 -41.00 -11.00  86.87
 -41.00 -10.00  83.64
 -41.00  -9.00  78.57
 -41.00  -8.00  72.22
 -41.00  -7.00  65.23
 -41.00  -6.00  58.28
 -41.00  -5.00  51.93
 -41.00  -4.00  46.58
 -41.00  -3.00  42.42
 -41.00  -2.00  39.43
 -41.00  -1.00  37.45
 -41.00   0.00  36.23
 -41.00   1.00  35.53
 -41.00   2.00  35.22
 -41.00   3.00  35.26
 -41.00   4.00  35.81
 -41.00   5.00  37.10
 -41.00   6.00  39.42
 -41.00   7.00  43.00
 -41.00   8.00  47.95
 -41.00   9.00  54.14
 -41.00  10.00  61.22
 -41.00  11.00  68.61
 -41.00  12.00  75.59
 -41.00  13.00  81.35
 -41.00  14.00  85.17
 -41.00  15.00  86.52
 -41.00  16.00  85.14
 -41.00  17.00  81.09
 -41.00  18.00  74.77
 -41.00  19.00  66.84
 -41.00  20.00  58.12
 -41.00  21.00  49.44
 -41.00  22.00  41.59
 -41.00  23.00  35.12
 -41.00  24.00  30.36
 -41.00  25.00  27.35
 -41.00  26.00  25.90
 -41.00  27.00  25.66
 -40.00 -37.00  51.50
 -40.00 -36.00  51.82
 -40.00 -35.00  52.44
 -40.00 -34.00  53.12
 -40.00 -33.00  53.69
 -40.00 -32.00  54.07
 -40.00 -31.00  54.22
 -40.00 -30.00  54.17
 -40.00 -29.00  53.92
 -40.00 -28.00  53.48
 -40.00 -27.00  52.85
 -40.00 -26.00  52.04
 -40.00 -25.00  51.11
 -40.00 -24.00  50.18
 -40.00 -23.00  49.45
 -40.00 -22.00  49.20
 -40.00 -21.00  49.75
 -40.00 -20.00  51.35
 -40.00 -19.00  54.20
 -40.00 -18.00  58.32
 -40.00 -17.00  63.51
 -40.00 -16.00  69.38
 -40.00 -15.00  75.37
 -40.00 -14.00  80.80
 -40.00 -13.00  85.01
 -40.00 -12.00  87.43
 -40.00 -11.00  87.71
 -40.00 -10.00  85.75
 -40.00  -9.00  81.72
 -40.00  -8.00  76.07
 -40.00  -7.00  69.39
 -40.00  -6.00  62.36
 -40.00  -5.00  55.61
 -40.00  -4.00  49.65
 -40.00  -3.00  44.80
 -40.00  -2.00  41.14
 -40.00  -1.00  38.60
 -40.00   0.00  36.97
 -40.00   1.00  36.00
 -40.00   2.00  35.49
 -40.00   3.00  35.36
 -40.00   4.00  35.67
 -40.00   5.00  36.61
 -40.00   6.00  38.45
 -40.00   7.00  41.46
 -40.00   8.00  45.80
 -40.00   9.00  51.47
 -40.00  10.00  58.22
 -40.00  11.00  65.58
 -40.00  12.00  72.86
 -40.00  13.00  79.28
 -40.00  14.00  84.07
 -40.00  15.00  86.57
 -40.00  16.00  86.40
 -40.00  17.00  83.48
 -40.00  18.00  78.05
 -40.00  19.00  70.67
 -40.00  20.00  62.12
 -40.00  21.00  53.25
 -40.00  22.00  44.89
 -40.00  23.00  37.71
 -40.00  24.00  32.15
 -40.00  25.00  28.37
 -40.00  26.00  26.27
 -40.00  27.00  25.55
 -39.00 -37.00  50.84
 -39.00 -36.00  50.86
 -39.00 -35.00  51.33
 -39.00 -34.00  51.96
 -39.00 -33.00  52.56
 -39.00 -32.00  52.99
 -39.00 -31.00  53.22
 -39.00 -30.00  53.24
 -39.00 -29.00  53.08
 -39.00 -28.00  52.75
 -39.00 -27.00  52.24
 -39.00 -26.00  51.56
 -39.00 -25.00  50.73
 -39.00 -24.00  49.81
 -39.00 -23.00  48.97
 -39.00 -22.00  48.45
 -39.00 -21.00  48.54
 -39.00 -20.00  49.55
 -39.00 -19.00  51.71
 -39.00 -18.00  55.17
 -39.00 -17.00  59.83
 -39.00 -16.00  65.44
 -39.00 -15.00  71.51
 -39.00 -14.00  77.42
 -39.00 -13.00  82.48
 -39.00 -12.00  86.05
 -39.00 -11.00  87.65
 -39.00 -10.00  87.03
 -39.00  -9.00  84.20
 -39.00  -8.00  79.46
 -39.00  -7.00  73.33
 -39.00  -6.00  66.45
 -39.00  -5.00  59.50
 -39.00  -4.00  53.06
 -39.00  -3.00  47.57
 -39.00  -2.00  43.23
 -39.00  -1.00  40.07
 -39.00   0.00  37.95
 -39.00   1.00  36.63
 -39.00   2.00  35.88
 -39.00   3.00  35.57
 -39.00   4.00  35.67
 -39.00   5.00  36.32
 -39.00   6.00  37.75
 -39.00   7.00  40.23
 -39.00   8.00  43.98
 -39.00   9.00  49.08
 -39.00  10.00  55.41
 -39.00  11.00  62.57
 -39.00  12.00  69.99
 -39.00  13.00  76.89
 -39.00  14.00  82.49
 -39.00  15.00  86.06
 -39.00  16.00  87.08
 -39.00  17.00  85.32
 -39.00  18.00  80.89
 -39.00  19.00  74.22
 -39.00  20.00  66.01
 -39.00  21.00  57.10
 -39.00  22.00  48.36
 -39.00  23.00  40.55
 -39.00  24.00  34.22
 -39.00  25.00  29.65
 -39.00  26.00  26.85
 -39.00  27.00  25.59
 -38.00 -37.00  50.38
 -38.00 -36.00  50.02
 -38.00 -35.00  50.27
 -38.00 -34.00  50.82
 -38.00 -33.00  51.40
 -38.00 -32.00  51.88
 -38.00 -31.00  52.16
 -38.00 -30.00  52.24
 -38.00 -29.00  52.15
 -38.00 -28.00  51.91
 -38.00 -27.00  51.51
 -38.00 -26.00  50.96
 -38.00 -25.00  50.25
 -38.00 -24.00  49.40
 -38.00 -23.00  48.54
 -38.00 -22.00  47.84
 -38.00 -21.00  47.57
 -38.00 -20.00  48.04
 -38.00 -19.00  49.55
 -38.00 -18.00  52.30
 -38.00 -17.00  56.33
 -38.00 -16.00  61.50
 -38.00 -15.00  67.43
 -38.00 -14.00  73.58
 -38.00 -13.00  79.27
 -38.00 -12.00  83.84
 -38.00 -11.00  86.69
 -38.00 -10.00  87.43
 -38.00  -9.00  85.91
 -38.00  -8.00  82.28
 -38.00  -7.00  76.94
 -38.00  -6.00  70.47
 -38.00  -5.00  63.53
 -38.00  -4.00  56.78
 -38.00  -3.00  50.73
 -38.00  -2.00  45.74
 -38.00  -1.00  41.92
 -38.00   0.00  39.22
 -38.00   1.00  37.46
 -38.00   2.00  36.41
 -38.00   3.00  35.88
 -38.00   4.00  35.78
 -38.00   5.00  36.18
 -38.00   6.00  37.24
 -38.00   7.00  39.24
 -38.00   8.00  42.43
 -38.00   9.00  46.94
 -38.00  10.00  52.76
 -38.00  11.00  59.61
 -38.00  12.00  66.99
 -38.00  13.00  74.22
 -38.00  14.00  80.49
 -38.00  15.00  85.02
 -38.00  16.00  87.20
 -38.00  17.00  86.64
 -38.00  18.00  83.30
 -38.00  19.00  77.49
 -38.00  20.00  69.79
 -38.00  21.00  61.01
 -38.00  22.00  52.03
 -38.00  23.00  43.68
 -38.00  24.00  36.62
 -38.00  25.00  31.25
 -38.00  26.00  27.69
 -38.00  27.00  25.81
 -37.00 -37.00  50.13
 -37.00 -36.00  49.34
 -37.00 -35.00  49.30
 -37.00 -34.00  49.69
 -37.00 -33.00  50.24
 -37.00 -32.00  50.73
 -37.00 -31.00  51.06
 -37.00 -30.00  51.20
 -37.00 -29.00  51.16
 -37.00 -28.00  50.99
 -37.00 -27.00  50.68
 -37.00 -26.00  50.25
 -37.00 -25.00  49.66
 -37.00 -24.00  48.93
 -37.00 -23.00  48.10
 -37.00 -22.00  47.31
 -37.00 -21.00  46.79
 -37.00 -20.00  46.82
 -37.00 -19.00  47.72
 -37.00 -18.00  49.76
 -37.00 -17.00  53.08
 -37.00 -16.00  57.65
 -37.00 -15.00  63.24
 -37.00 -14.00  69.38
 -37.00 -13.00  75.48
 -37.00 -12.00  80.85
 -37.00 -11.00  84.83
 -37.00 -10.00  86.90
 -37.00  -9.00  86.77
 -37.00  -8.00  84.41
 -37.00  -7.00  80.08
 -37.00  -6.00  74.27
 -37.00  -5.00  67.59
 -37.00  -4.00  60.72
 -37.00  -3.00  54.26
 -37.00  -2.00  48.66
 -37.00  -1.00  44.18
 -37.00   0.00  40.85
 -37.00   1.00  38.57
 -37.00   2.00  37.13
 -37.00   3.00  36.32
 -37.00   4.00  36.00
 -37.00   5.00  36.16
 -37.00   6.00  36.91
 -37.00   7.00  38.47
 -37.00   8.00  41.12
 -37.00   9.00  45.03
 -37.00  10.00  50.28
 -37.00  11.00  56.71
 -37.00  12.00  63.92
 -37.00  13.00  71.30
 -37.00  14.00  78.08
 -37.00  15.00  83.46
 -37.00  16.00  86.73
 -37.00  17.00  87.39
 -37.00  18.00  85.25
 -37.00  19.00  80.43
 -37.00  20.00  73.43
 -37.00  21.00  64.96
 -37.00  22.00  55.91
 -37.00  23.00  47.13
 -37.00  24.00  39.39
 -37.00  25.00  33.21
 -37.00  26.00  28.85
 -37.00  27.00  26.26
 -36.00 -37.00  50.14
 -36.00 -36.00  48.83
 -36.00 -35.00  48.43
 -36.00 -34.00  48.62
 -36.00 -33.00  49.09
 -36.00 -32.00  49.57
 -36.00 -31.00  49.94
 -36.00 -30.00  50.12
 -36.00 -29.00  50.13
 -36.00 -28.00  50.00
 -36.00 -27.00  49.76
 -36.00 -26.00  49.43
 -36.00 -25.00  48.97
 -36.00 -24.00  48.36
 -36.00 -23.00  47.63
 -36.00 -22.00  46.83
 -36.00 -21.00  46.15
 -36.00 -20.00  45.84
 -36.00 -19.00  46.21
 -36.00 -18.00  47.57
 -36.00 -17.00  50.14
 -36.00 -16.00  54.01
 -36.00 -15.00  59.07
 -36.00 -14.00  64.99
 -36.00 -13.00  71.24
 -36.00 -12.00  77.17
 -36.00 -11.00  82.10
 -36.00 -10.00  85.41
 -36.00  -9.00  86.67
 -36.00  -8.00  85.70
 -36.00  -7.00  82.58
 -36.00  -6.00  77.67
 -36.00  -5.00  71.51
 -36.00  -4.00  64.76
 -36.00  -3.00  58.07
 -36.00  -2.00  51.98
 -36.00  -1.00  46.86
 -36.00   0.00  42.88
 -36.00   1.00  40.00
 -36.00   2.00  38.09
 -36.00   3.00  36.92
 -36.00   4.00  36.34
 -36.00   5.00  36.25
 -36.00   6.00  36.72
 -36.00   7.00  37.90
 -36.00   8.00  40.03
 -36.00   9.00  43.36
 -36.00  10.00  48.01
 -36.00  11.00  53.93
 -36.00  12.00  60.83
 -36.00  13.00  68.20
 -36.00  14.00  75.32
 -36.00  15.00  81.41
 -36.00  16.00  85.70
 -36.00  17.00  87.56
 -36.00  18.00  86.66
 -36.00  19.00  82.98
 -36.00  20.00  76.84
 -36.00  21.00  68.88
 -36.00  22.00  59.93
 -36.00  23.00  50.87
 -36.00  24.00  42.54
 -36.00  25.00  35.58
 -36.00  26.00  30.37
 -36.00  27.00  27.00
 -35.00 -37.00  50.40
 -35.00 -36.00  48.53
 -35.00 -35.00  47.71
 -35.00 -34.00  47.64
 -35.00 -33.00  47.97
 -35.00 -32.00  48.42
 -35.00 -31.00  48.81
 -35.00 -30.00  49.02
 -35.00 -29.00  49.07
 -35.00 -28.00  48.97
 -35.00 -27.00  48.78
 -35.00 -26.00  48.51
 -35.00 -25.00  48.16
 -35.00 -24.00  47.69
 -35.00 -23.00  47.07
 -35.00 -22.00  46.34
 -35.00 -21.00  45.60
 -35.00 -20.00  45.06
 -35.00 -19.00  45.01
 -35.00 -18.00  45.76
 -35.00 -17.00  47.60
 -35.00 -16.00  50.71
 -35.00 -15.00  55.11
 -35.00 -14.00  60.59
 -35.00 -13.00  66.75
 -35.00 -12.00  72.98
 -35.00 -11.00  78.63
 -35.00 -10.00  83.02
 -35.00  -9.00  85.60
 -35.00  -8.00  86.04
 -35.00  -7.00  84.25
 -35.00  -6.00  80.44
 -35.00  -5.00  75.05
 -35.00  -4.00  68.68
 -35.00  -3.00  61.99
 -35.00  -2.00  55.57
 -35.00  -1.00  49.91
 -35.00   0.00  45.29
 -35.00   1.00  41.78
 -35.00   2.00  39.32
 -35.00   3.00  37.74
 -35.00   4.00  36.83
 -35.00   5.00  36.48
 -35.00   6.00  36.66
 -35.00   7.00  37.50
 -35.00   8.00  39.18
 -35.00   9.00  41.96
 -35.00  10.00  46.00
 -35.00  11.00  51.36
 -35.00  12.00  57.84
 -35.00  13.00  65.05
 -35.00  14.00  72.35
 -35.00  15.00  78.98
 -35.00  16.00  84.14
 -35.00  17.00  87.14
 -35.00  18.00  87.48
 -35.00  19.00  85.01
 -35.00  20.00  79.88
 -35.00  21.00  72.62
 -35.00  22.00  63.96
 -35.00  23.00  54.79
 -35.00  24.00  46.00
 -35.00  25.00  38.33
 -35.00  26.00  32.28
 -35.00  27.00  28.07
 -34.00 -37.00  50.89
 -34.00 -36.00  48.43
 -34.00 -35.00  47.14
 -34.00 -34.00  46.75
 -34.00 -33.00  46.91
 -34.00 -32.00  47.30
 -34.00 -31.00  47.69
 -34.00 -30.00  47.93
 -34.00 -29.00  48.00
 -34.00 -28.00  47.93
 -34.00 -27.00  47.76
 -34.00 -26.00  47.54
 -34.00 -25.00  47.26
 -34.00 -24.00  46.90
 -34.00 -23.00  46.42
 -34.00 -22.00  45.79
 -34.00 -21.00  45.07
 -34.00 -20.00  44.42
 -34.00 -19.00  44.06
 -34.00 -18.00  44.32
 -34.00 -17.00  45.50
 -34.00 -16.00  47.87
 -34.00 -15.00  51.54
 -34.00 -14.00  56.44
 -34.00 -13.00  62.28
 -34.00 -12.00  68.57
 -34.00 -11.00  74.67
 -34.00 -10.00  79.90
 -34.00  -9.00  83.63
 -34.00  -8.00  85.40
 -34.00  -7.00  84.98
 -34.00  -6.00  82.40
 -34.00  -5.00  77.98
 -34.00  -4.00  72.22
 -34.00  -3.00  65.75
 -34.00  -2.00  59.22
 -34.00  -1.00  53.17
 -34.00   0.00  47.98
 -34.00   1.00  43.87
 -34.00   2.00  40.84
 -34.00   3.00  38.77
 -34.00   4.00  37.49
 -34.00   5.00  36.84
 -34.00   6.00  36.75
 -34.00   7.00  37.27
 -34.00   8.00  38.56
 -34.00   9.00  40.84
 -34.00  10.00  44.32
 -34.00  11.00  49.10
 -34.00  12.00  55.11
 -34.00  13.00  62.03
 -34.00  14.00  69.35
 -34.00  15.00  76.33
 -34.00  16.00  82.20
 -34.00  17.00  86.18
 -34.00  18.00  87.70
 -34.00  19.00  86.43
 -34.00  20.00  82.40
 -34.00  21.00  75.96
 -34.00  22.00  67.77
 -34.00  23.00  58.68
 -34.00  24.00  49.59
 -34.00  25.00  41.32
 -34.00  26.00  34.49
 -34.00  27.00  29.45
 -33.00 -37.00  51.50
 -33.00 -36.00  48.48
 -33.00 -35.00  46.72
 -33.00 -34.00  45.99
 -33.00 -33.00  45.95
 -33.00 -32.00  46.25
 -33.00 -31.00  46.62
 -33.00 -30.00  46.88
 -33.00 -29.00  46.97
 -33.00 -28.00  46.91
 -33.00 -27.00  46.75
 -33.00 -26.00  46.54
 -33.00 -25.00  46.31
 -33.00 -24.00  46.04
 -33.00 -23.00  45.67
 -33.00 -22.00  45.16
 -33.00 -21.00  44.52
 -33.00 -20.00  43.83
 -33.00 -19.00  43.30
 -33.00 -18.00  43.19
 -33.00 -17.00  43.83
 -33.00 -16.00  45.53
 -33.00 -15.00  48.49
 -33.00 -14.00  52.75
 -33.00 -13.00  58.13
 -33.00 -12.00  64.25
 -33.00 -11.00  70.55
 -33.00 -10.00  76.35
 -33.00  -9.00  81.00
 -33.00  -8.00  83.93
 -33.00  -7.00  84.78
 -33.00  -6.00  83.44
 -33.00  -5.00  80.08
 -33.00  -4.00  75.10
 -33.00  -3.00  69.07
 -33.00  -2.00  62.63
 -33.00  -1.00  56.37
 -33.00   0.00  50.77
 -33.00   1.00  46.13
 -33.00   2.00  42.56
 -33.00   3.00  40.00
 -33.00   4.00  38.31
 -33.00   5.00  37.34
 -33.00   6.00  36.97
 -33.00   7.00  37.20
 -33.00   8.00  38.15
 -33.00   9.00  40.01
 -33.00  10.00  42.99
 -33.00  11.00  47.24
 -33.00  12.00  52.77
 -33.00  13.00  59.35
 -33.00  14.00  66.55
 -33.00  15.00  73.72
 -33.00  16.00  80.09
 -33.00  17.00  84.88
 -33.00  18.00  87.41
 -33.00  19.00  87.25
 -33.00  20.00  84.27
 -33.00  21.00  78.71
 -33.00  22.00  71.11
 -33.00  23.00  62.25
 -33.00  24.00  53.02
 -33.00  25.00  44.31
 -33.00  26.00  36.82
 -33.00  27.00  31.03
 -32.00 -37.00  52.08
 -32.00 -36.00  48.57
 -32.00 -35.00  46.39
 -32.00 -34.00  45.34
 -32.00 -33.00  45.08
 -32.00 -32.00  45.28
 -32.00 -31.00  45.62
 -32.00 -30.00  45.89
 -32.00 -29.00  45.99
 -32.00 -28.00  45.93
 -32.00 -27.00  45.77
 -32.00 -26.00  45.56
 -32.00 -25.00  45.35
 -32.00 -24.00  45.13
 -32.00 -23.00  44.86
 -32.00 -22.00  44.46
 -32.00 -21.00  43.92
 -32.00 -20.00  43.26
 -32.00 -19.00  42.64
 -32.00 -18.00  42.29
 -32.00 -17.00  42.53
 -32.00 -16.00  43.69
 -32.00 -15.00  46.02
 -32.00 -14.00  49.66
 -32.00 -13.00  54.53
 -32.00 -12.00  60.35
 -32.00 -11.00  66.64
 -32.00 -10.00  72.77
 -32.00  -9.00  78.07
 -32.00  -8.00  81.91
 -32.00  -7.00  83.84
 -32.00  -6.00  83.62
 -32.00  -5.00  81.30
 -32.00  -4.00  77.16
 -32.00  -3.00  71.69
 -32.00  -2.00  65.51
 -32.00  -1.00  59.24
 -32.00   0.00  53.39
 -32.00   1.00  48.35
 -32.00   2.00  44.31
 -32.00   3.00  41.30
 -32.00   4.00  39.23
 -32.00   5.00  37.93
 -32.00   6.00  37.29
 -32.00   7.00  37.28
 -32.00   8.00  37.95
 -32.00   9.00  39.47
 -32.00  10.00  42.04
 -32.00  11.00  45.85
 -32.00  12.00  50.94
 -32.00  13.00  57.17
 -32.00  14.00  64.19
 -32.00  15.00  71.41
 -32.00  16.00  78.10
 -32.00  17.00  83.46
 -32.00  18.00  86.79
 -32.00  19.00  87.54
 -32.00  20.00  85.49
 -32.00  21.00  80.74
 -32.00  22.00  73.74
 -32.00  23.00  65.19
 -32.00  24.00  55.96
 -32.00  25.00  46.97
 -32.00  26.00  38.98
 -32.00  27.00  32.56
 -31.00 -37.00  52.44
 -31.00 -36.00  48.56
 -31.00 -35.00  46.05
 -31.00 -34.00  44.74
 -31.00 -33.00  44.31
 -31.00 -32.00  44.41
 -31.00 -31.00  44.72
 -31.00 -30.00  44.98
 -31.00 -29.00  45.09
 -31.00 -28.00  45.03
 -31.00 -27.00  44.85
 -31.00 -26.00  44.63
 -31.00 -25.00  44.42
 -31.00 -24.00  44.24
 -31.00 -23.00  44.02
 -31.00 -22.00  43.72
 -31.00 -21.00  43.27
 -31.00 -20.00  42.67
 -31.00 -19.00  42.02
 -31.00 -18.00  41.54
 -31.00 -17.00  41.51
 -31.00 -16.00  42.27
 -31.00 -15.00  44.11
 -31.00 -14.00  47.23
 -31.00 -13.00  51.63
 -31.00 -12.00  57.11
 -31.00 -11.00  63.28
 -31.00 -10.00  69.54
 -31.00  -9.00  75.23
 -31.00  -8.00  79.72
 -31.00  -7.00  82.47
 -31.00  -6.00  83.15
 -31.00  -5.00  81.71
 -31.00  -4.00  78.34
 -31.00  -3.00  73.46
 -31.00  -2.00  67.64
 -31.00  -1.00  61.48
 -31.00   0.00  55.54
 -31.00   1.00  50.26
 -31.00   2.00  45.90
 -31.00   3.00  42.54
 -31.00   4.00  40.13
 -31.00   5.00  38.55
 -31.00   6.00  37.67
 -31.00   7.00  37.44
 -31.00   8.00  37.90
 -31.00   9.00  39.17
 -31.00  10.00  41.46
 -31.00  11.00  44.94
 -31.00  12.00  49.70
 -31.00  13.00  55.65
 -31.00  14.00  62.48
 -31.00  15.00  69.67
 -31.00  16.00  76.52
 -31.00  17.00  82.24
 -31.00  18.00  86.10
 -31.00  19.00  87.50
 -31.00  20.00  86.13
 -31.00  21.00  82.01
 -31.00  22.00  75.50
 -31.00  23.00  67.25
 -31.00  24.00  58.10
 -31.00  25.00  48.95
 -31.00  26.00  40.64
 -31.00  27.00  33.79
 -30.00 -37.00  52.73
 -30.00 -36.00  48.66
 -30.00 -35.00  45.98
 -30.00 -34.00  44.55
 -30.00 -33.00  44.06
 -30.00 -32.00  44.15
 -30.00 -31.00  44.50
 -30.00 -30.00  44.83
 -30.00 -29.00  45.00
 -30.00 -28.00  44.99
 -30.00 -27.00  44.84
 -30.00 -26.00  44.63
 -30.00 -25.00  44.42
 -30.00 -24.00  44.22
 -30.00 -23.00  44.01
 -30.00 -22.00  43.70
 -30.00 -21.00  43.24
 -30.00 -20.00  42.62
 -30.00 -19.00  41.90
 -30.00 -18.00  41.28
 -30.00 -17.00  41.04
 -30.00 -16.00  41.51
 -30.00 -15.00  42.99
 -30.00 -14.00  45.71
 -30.00 -13.00  49.73
 -30.00 -12.00  54.89
 -30.00 -11.00  60.84
 -30.00 -10.00  67.04
 -30.00  -9.00  72.84
 -30.00  -8.00  77.59
 -30.00  -7.00  80.74
 -30.00  -6.00  81.93
 -30.00  -5.00  81.04
 -30.00  -4.00  78.20
 -30.00  -3.00  73.79
 -30.00  -2.00  68.33
 -30.00  -1.00  62.41
 -30.00   0.00  56.60
 -30.00   1.00  51.34
 -30.00   2.00  46.91
 -30.00   3.00  43.43
 -30.00   4.00  40.87
 -30.00   5.00  39.13
 -30.00   6.00  38.10
 -30.00   7.00  37.70
 -30.00   8.00  37.97
 -30.00   9.00  39.04
 -30.00  10.00  41.10
 -30.00  11.00  44.33
 -30.00  12.00  48.83
 -30.00  13.00  54.55
 -30.00  14.00  61.21
 -30.00  15.00  68.32
 -30.00  16.00  75.21
 -30.00  17.00  81.12
 -30.00  18.00  85.28
 -30.00  19.00  87.08
 -30.00  20.00  86.17
 -30.00  21.00  82.52
 -30.00  22.00  76.42
 -30.00  23.00  68.47
 -30.00  24.00  59.50
 -30.00  25.00  50.39
 -30.00  26.00  41.99
 -30.00  27.00  34.94
