 -83.00 -37.00  54.43
 -83.00 -36.00  55.30
 -83.00 -35.00  56.10
 -83.00 -34.00  56.87
 -83.00 -33.00  57.64
 -83.00 -32.00  58.46
 -83.00 -31.00  59.32
 -83.00 -30.00  60.23
 -83.00 -29.00  61.16
 -83.00 -28.00  62.07
 -83.00 -27.00  62.94
 -83.00 -26.00  63.76
 -83.00 -25.00  64.51
 -83.00 -24.00  65.21
 -83.00 -23.00  65.88
 -83.00 -22.00  66.54
 -83.00 -21.00  67.20
 -83.00 -20.00  67.86
 -83.00 -19.00  68.47
 -83.00 -18.00  69.02
 -83.00 -17.00  69.48
 -83.00 -16.00  69.82
 -83.00 -15.00  70.05
 -83.00 -14.00  70.20
 -83.00 -13.00  70.32
 -83.00 -12.00  70.46
 -83.00 -11.00  70.68
 -83.00 -10.00  70.98
 -83.00  -9.00  71.36
 -83.00  -8.00  71.76
 -83.00  -7.00  72.09
 -83.00  -6.00  72.23
 -83.00  -5.00  72.11
 -83.00  -4.00  71.64
 -83.00  -3.00  70.81
 -83.00  -2.00  69.66
 -83.00  -1.00  68.25
 -83.00   0.00  66.72
 -83.00   1.00  65.17
 -83.00   2.00  63.71
 -83.00   3.00  62.40
 -83.00   4.00  61.25
 -83.00   5.00  60.23
 -83.00   6.00  59.26
 -83.00   7.00  58.27
 -83.00   8.00  57.20
 -83.00   9.00  56.04
 -83.00  10.00  54.81
 -83.00  11.00  53.60
 -83.00  12.00  52.49
 -83.00  13.00  51.60
 -83.00  14.00  51.01
 -83.00  15.00  50.74
 -83.00  16.00  50.77
 -83.00  17.00  51.03
 -83.00  18.00  51.38
 -83.00  19.00  51.71
 -83.00  20.00  51.90
 -83.00  21.00  51.88
 -83.00  22.00  51.66
 -83.00  23.00  51.29
 -83.00  24.00  50.87
 -83.00  25.00  50.55
 -83.00  26.00  50.43
 -83.00  27.00  50.60
 -82.00 -37.00  55.02
 -82.00 -36.00  55.90
 -82.00 -35.00  56.72
 -82.00 -34.00  57.50
 -82.00 -33.00  58.29
 -82.00 -32.00  59.12
 -82.00 -31.00  59.99
 -82.00 -30.00  60.91
 -82.00 -29.00  61.85
 -82.00 -28.00  62.76
 -82.00 -27.00  63.63
 -82.00 -26.00  64.44
 -82.00 -25.00  65.19
 -82.00 -24.00  65.89
 -82.00 -23.00  66.56
 -82.00 -22.00  67.23
 -82.00 -21.00  67.89
 -82.00 -20.00  68.54
 -82.00 -19.00  69.15
 -82.00 -18.00  69.70
 -82.00 -17.00  70.15
 -82.00 -16.00  70.48
 -82.00 -15.00  70.70
 -82.00 -14.00  70.86
 -82.00 -13.00  70.99
 -82.00 -12.00  71.17
 -82.00 -11.00  71.42
 -82.00 -10.00  71.78
 -82.00  -9.00  72.21
 -82.00  -8.00  72.66
 -82.00  -7.00  73.03
 -82.00  -6.00  73.20
 -82.00  -5.00  73.09
 -82.00  -4.00  72.61
 -82.00  -3.00  71.77
 -82.00  -2.00  70.58
 -82.00  -1.00  69.15
 -82.00   0.00  67.59
 -82.00   1.00  66.02
 -82.00   2.00  64.54
 -82.00   3.00  63.22
 -82.00   4.00  62.06
 -82.00   5.00  61.02
 -82.00   6.00  60.04
 -82.00   7.00  59.03
 -82.00   8.00  57.94
 -82.00   9.00  56.76
 -82.00  10.00  55.51
 -82.00  11.00  54.28
 -82.00  12.00  53.17
 -82.00  13.00  52.28
 -82.00  14.00  51.69
 -82.00  15.00  51.43
 -82.00  16.00  51.47
 -82.00  17.00  51.72
 -82.00  18.00  52.06
 -82.00  19.00  52.37
 -82.00  20.00  52.53
 -82.00  21.00  52.50
 -82.00  22.00  52.26
 -82.00  23.00  51.90
 -82.00  24.00  51.52
 -82.00  25.00  51.25
 -82.00  26.00  51.20
 -82.00  27.00  51.45
 -81.00 -37.00  55.59
 -81.00 -36.00  56.49
 -81.00 -35.00  57.32
 -81.00 -34.00  58.11
 -81.00 -33.00  58.91
 -81.00 -32.00  59.75
 -81.00 -31.00  60.63
 -81.00 -30.00  61.56
 -81.00 -29.00  62.50
 -81.00 -28.00  63.42
 -81.00 -27.00  64.29
 -81.00 -26.00  65.10
 -81.00 -25.00  65.84
 -81.00 -24.00  66.54
 -81.00 -23.00  67.22
 -81.00 -22.00  67.88
 -81.00 -21.00  68.55
 -81.00 -20.00  69.20
 -81.00 -19.00  69.81
 -81.00 -18.00  70.35
 -81.00 -17.00  70.79
 -81.00 -16.00  71.12
 -81.00 -15.00  71.35
 -81.00 -14.00  71.51
 -81.00 -13.00  71.66
 -81.00 -12.00  71.86
 -81.00 -11.00  72.16
 -81.00 -10.00  72.56
 -81.00  -9.00  73.05
 -81.00  -8.00  73.55
 -81.00  -7.00  73.97
 -81.00  -6.00  74.18
 -81.00  -5.00  74.08
 -81.00  -4.00  73.61
 -81.00  -3.00  72.75
 -81.00  -2.00  71.54
 -81.00  -1.00  70.08
 -81.00   0.00  68.49
 -81.00   1.00  66.90
 -81.00   2.00  65.40
 -81.00   3.00  64.06
 -81.00   4.00  62.89
 -81.00   5.00  61.84
 -81.00   6.00  60.85
 -81.00   7.00  59.82
 -81.00   8.00  58.72
 -81.00   9.00  57.52
 -81.00  10.00  56.26
 -81.00  11.00  55.01
 -81.00  12.00  53.89
 -81.00  13.00  52.99
 -81.00  14.00  52.40
 -81.00  15.00  52.13
 -81.00  16.00  52.17
 -81.00  17.00  52.41
 -81.00  18.00  52.73
 -81.00  19.00  53.02
 -81.00  20.00  53.17
 -81.00  21.00  53.12
 -81.00  22.00  52.89
 -81.00  23.00  52.54
 -81.00  24.00  52.19
 -81.00  25.00  51.97
 -81.00  26.00  51.99
 -81.00  27.00  52.31
 -80.00 -37.00  56.13
 -80.00 -36.00  57.05
 -80.00 -35.00  57.89
 -80.00 -34.00  58.69
 -80.00 -33.00  59.50
 -80.00 -32.00  60.35
 -80.00 -31.00  61.24
 -80.00 -30.00  62.17
 -80.00 -29.00  63.11
 -80.00 -28.00  64.04
 -80.00 -27.00  64.91
 -80.00 -26.00  65.72
 -80.00 -25.00  66.47
 -80.00 -24.00  67.17
 -80.00 -23.00  67.84
 -80.00 -22.00  68.51
 -80.00 -21.00  69.18
 -80.00 -20.00  69.84
 -80.00 -19.00  70.45
 -80.00 -18.00  70.99
 -80.00 -17.00  71.43
 -80.00 -16.00  71.75
 -80.00 -15.00  71.98
 -80.00 -14.00  72.14
 -80.00 -13.00  72.31
 -80.00 -12.00  72.54
 -80.00 -11.00  72.87
 -80.00 -10.00  73.33
 -80.00  -9.00  73.87
 -80.00  -8.00  74.43
 -80.00  -7.00  74.89
 -80.00  -6.00  75.14
 -80.00  -5.00  75.08
 -80.00  -4.00  74.62
 -80.00  -3.00  73.76
 -80.00  -2.00  72.54
 -80.00  -1.00  71.06
 -80.00   0.00  69.44
 -80.00   1.00  67.82
 -80.00   2.00  66.30
 -80.00   3.00  64.94
 -80.00   4.00  63.75
 -80.00   5.00  62.69
 -80.00   6.00  61.69
 -80.00   7.00  60.65
 -80.00   8.00  59.54
 -80.00   9.00  58.32
 -80.00  10.00  57.05
 -80.00  11.00  55.78
 -80.00  12.00  54.64
 -80.00  13.00  53.73
 -80.00  14.00  53.12
 -80.00  15.00  52.85
 -80.00  16.00  52.86
 -80.00  17.00  53.09
 -80.00  18.00  53.40
 -80.00  19.00  53.67
 -80.00  20.00  53.81
 -80.00  21.00  53.75
 -80.00  22.00  53.53
 -80.00  23.00  53.20
 -80.00  24.00  52.89
 -80.00  25.00  52.72
 -80.00  26.00  52.79
 -80.00  27.00  53.18
 -79.00 -37.00  56.65
 -79.00 -36.00  57.58
 -79.00 -35.00  58.44
 -79.00 -34.00  59.25
 -79.00 -33.00  60.07
 -79.00 -32.00  60.92
 -79.00 -31.00  61.82
 -79.00 -30.00  62.75
 -79.00 -29.00  63.70
 -79.00 -28.00  64.63
 -79.00 -27.00  65.50
 -79.00 -26.00  66.31
 -79.00 -25.00  67.07
 -79.00 -24.00  67.77
 -79.00 -23.00  68.45
 -79.00 -22.00  69.12
 -79.00 -21.00  69.79
 -79.00 -20.00  70.45
 -79.00 -19.00  71.07
 -79.00 -18.00  71.61
 -79.00 -17.00  72.04
 -79.00 -16.00  72.37
 -79.00 -15.00  72.59
 -79.00 -14.00  72.77
 -79.00 -13.00  72.95
 -79.00 -12.00  73.20
 -79.00 -11.00  73.57
 -79.00 -10.00  74.07
 -79.00  -9.00  74.67
 -79.00  -8.00  75.29
 -79.00  -7.00  75.81
 -79.00  -6.00  76.11
 -79.00  -5.00  76.08
 -79.00  -4.00  75.65
 -79.00  -3.00  74.79
 -79.00  -2.00  73.56
 -79.00  -1.00  72.06
 -79.00   0.00  70.42
 -79.00   1.00  68.77
 -79.00   2.00  67.22
 -79.00   3.00  65.84
 -79.00   4.00  64.64
 -79.00   5.00  63.57
 -79.00   6.00  62.55
 -79.00   7.00  61.51
 -79.00   8.00  60.39
 -79.00   9.00  59.17
 -79.00  10.00  57.87
 -79.00  11.00  56.59
 -79.00  12.00  55.43
 -79.00  13.00  54.50
 -79.00  14.00  53.87
 -79.00  15.00  53.57
 -79.00  16.00  53.56
 -79.00  17.00  53.77
 -79.00  18.00  54.07
 -79.00  19.00  54.33
 -79.00  20.00  54.45
 -79.00  21.00  54.40
 -79.00  22.00  54.19
 -79.00  23.00  53.88
 -79.00  24.00  53.61
 -79.00  25.00  53.48
 -79.00  26.00  53.61
 -79.00  27.00  54.06
 -78.00 -37.00  57.14
 -78.00 -36.00  58.09
 -78.00 -35.00  58.96
 -78.00 -34.00  59.79
 -78.00 -33.00  60.61
 -78.00 -32.00  61.47
 -78.00 -31.00  62.37
 -78.00 -30.00  63.31
 -78.00 -29.00  64.26
 -78.00 -28.00  65.19
 -78.00 -27.00  66.07
 -78.00 -26.00  66.89
 -78.00 -25.00  67.64
 -78.00 -24.00  68.35
 -78.00 -23.00  69.03
 -78.00 -22.00  69.71
 -78.00 -21.00  70.39
 -78.00 -20.00  71.05
 -78.00 -19.00  71.67
 -78.00 -18.00  72.21
 -78.00 -17.00  72.65
 -78.00 -16.00  72.97
 -78.00 -15.00  73.20
 -78.00 -14.00  73.37
 -78.00 -13.00  73.57
 -78.00 -12.00  73.84
 -78.00 -11.00  74.25
 -78.00 -10.00  74.80
 -78.00  -9.00  75.45
 -78.00  -8.00  76.13
 -78.00  -7.00  76.72
 -78.00  -6.00  77.07
 -78.00  -5.00  77.09
 -78.00  -4.00  76.69
 -78.00  -3.00  75.84
 -78.00  -2.00  74.61
 -78.00  -1.00  73.09
 -78.00   0.00  71.42
 -78.00   1.00  69.74
 -78.00   2.00  68.17
 -78.00   3.00  66.77
 -78.00   4.00  65.55
 -78.00   5.00  64.46
 -78.00   6.00  63.44
 -78.00   7.00  62.40
 -78.00   8.00  61.27
 -78.00   9.00  60.04
 -78.00  10.00  58.73
 -78.00  11.00  57.43
 -78.00  12.00  56.25
 -78.00  13.00  55.29
 -78.00  14.00  54.63
 -78.00  15.00  54.30
 -78.00  16.00  54.28
 -78.00  17.00  54.46
 -78.00  18.00  54.74
 -78.00  19.00  54.99
 -78.00  20.00  55.11
 -78.00  21.00  55.06
 -78.00  22.00  54.86
 -78.00  23.00  54.58
 -78.00  24.00  54.34
 -78.00  25.00  54.26
 -78.00  26.00  54.45
 -78.00  27.00  54.96
 -77.00 -37.00  57.61
 -77.00 -36.00  58.59
 -77.00 -35.00  59.47
 -77.00 -34.00  60.30
 -77.00 -33.00  61.13
 -77.00 -32.00  61.99
 -77.00 -31.00  62.90
 -77.00 -30.00  63.84
 -77.00 -29.00  64.80
 -77.00 -28.00  65.73
 -77.00 -27.00  66.62
 -77.00 -26.00  67.44
 -77.00 -25.00  68.20
 -77.00 -24.00  68.91
 -77.00 -23.00  69.60
 -77.00 -22.00  70.29
 -77.00 -21.00  70.97
 -77.00 -20.00  71.64
 -77.00 -19.00  72.26
 -77.00 -18.00  72.80
 -77.00 -17.00  73.24
 -77.00 -16.00  73.56
 -77.00 -15.00  73.79
 -77.00 -14.00  73.97
 -77.00 -13.00  74.18
 -77.00 -12.00  74.47
 -77.00 -11.00  74.91
 -77.00 -10.00  75.51
 -77.00  -9.00  76.22
 -77.00  -8.00  76.96
 -77.00  -7.00  77.61
 -77.00  -6.00  78.03
 -77.00  -5.00  78.10
 -77.00  -4.00  77.74
 -77.00  -3.00  76.91
 -77.00  -2.00  75.68
 -77.00  -1.00  74.15
 -77.00   0.00  72.45
 -77.00   1.00  70.74
 -77.00   2.00  69.14
 -77.00   3.00  67.71
 -77.00   4.00  66.47
 -77.00   5.00  65.38
 -77.00   6.00  64.36
 -77.00   7.00  63.32
 -77.00   8.00  62.19
 -77.00   9.00  60.95
 -77.00  10.00  59.63
 -77.00  11.00  58.31
 -77.00  12.00  57.10
 -77.00  13.00  56.11
 -77.00  14.00  55.42
 -77.00  15.00  55.06
 -77.00  16.00  55.00
 -77.00  17.00  55.16
 -77.00  18.00  55.42
 -77.00  19.00  55.66
 -77.00  20.00  55.78
 -77.00  21.00  55.74
 -77.00  22.00  55.56
 -77.00  23.00  55.30
 -77.00  24.00  55.10
 -77.00  25.00  55.06
 -77.00  26.00  55.30
 -77.00  27.00  55.87
 -76.00 -37.00  58.22
 -76.00 -36.00  59.19
 -76.00 -35.00  60.08
 -76.00 -34.00  60.90
 -76.00 -33.00  61.72
 -76.00 -32.00  62.57
 -76.00 -31.00  63.46
 -76.00 -30.00  64.39
 -76.00 -29.00  65.34
 -76.00 -28.00  66.26
 -76.00 -27.00  67.14
 -76.00 -26.00  67.96
 -76.00 -25.00  68.72
 -76.00 -24.00  69.43
 -76.00 -23.00  70.11
 -76.00 -22.00  70.78
 -76.00 -21.00  71.43
 -76.00 -20.00  72.05
 -76.00 -19.00  72.62
 -76.00 -18.00  73.11
 -76.00 -17.00  73.50
 -76.00 -16.00  73.77
 -76.00 -15.00  73.98
 -76.00 -14.00  74.16
 -76.00 -13.00  74.40
 -76.00 -12.00  74.75
 -76.00 -11.00  75.28
 -76.00 -10.00  75.98
 -76.00  -9.00  76.80
 -76.00  -8.00  77.66
 -76.00  -7.00  78.40
 -76.00  -6.00  78.89
 -76.00  -5.00  79.00
 -76.00  -4.00  78.64
 -76.00  -3.00  77.79
 -76.00  -2.00  76.51
 -76.00  -1.00  74.91
 -76.00   0.00  73.15
 -76.00   1.00  71.38
 -76.00   2.00  69.73
 -76.00   3.00  68.27
 -76.00   4.00  67.02
 -76.00   5.00  65.93
 -76.00   6.00  64.90
 -76.00   7.00  63.86
 -76.00   8.00  62.72
 -76.00   9.00  61.46
 -76.00  10.00  60.11
 -76.00  11.00  58.76
 -76.00  12.00  57.52
 -76.00  13.00  56.50
 -76.00  14.00  55.79
 -76.00  15.00  55.43
 -76.00  16.00  55.38
 -76.00  17.00  55.57
 -76.00  18.00  55.85
 -76.00  19.00  56.11
 -76.00  20.00  56.25
 -76.00  21.00  56.21
 -76.00  22.00  56.02
 -76.00  23.00  55.76
 -76.00  24.00  55.54
 -76.00  25.00  55.50
 -76.00  26.00  55.76
 -76.00  27.00  56.35
 -75.00 -37.00  58.80
 -75.00 -36.00  59.78
 -75.00 -35.00  60.66
 -75.00 -34.00  61.48
 -75.00 -33.00  62.29
 -75.00 -32.00  63.13
 -75.00 -31.00  64.00
 -75.00 -30.00  64.92
 -75.00 -29.00  65.85
 -75.00 -28.00  66.77
 -75.00 -27.00  67.65
 -75.00 -26.00  68.46
 -75.00 -25.00  69.22
 -75.00 -24.00  69.93
 -75.00 -23.00  70.59
 -75.00 -22.00  71.24
 -75.00 -21.00  71.86
 -75.00 -20.00  72.44
 -75.00 -19.00  72.96
 -75.00 -18.00  73.39
 -75.00 -17.00  73.72
 -75.00 -16.00  73.95
 -75.00 -15.00  74.12
 -75.00 -14.00  74.30
 -75.00 -13.00  74.56
 -75.00 -12.00  74.97
 -75.00 -11.00  75.58
 -75.00 -10.00  76.39
 -75.00  -9.00  77.33
 -75.00  -8.00  78.30
 -75.00  -7.00  79.16
 -75.00  -6.00  79.73
 -75.00  -5.00  79.89
 -75.00  -4.00  79.54
 -75.00  -3.00  78.67
 -75.00  -2.00  77.35
 -75.00  -1.00  75.69
 -75.00   0.00  73.86
 -75.00   1.00  72.02
 -75.00   2.00  70.31
 -75.00   3.00  68.82
 -75.00   4.00  67.55
 -75.00   5.00  66.45
 -75.00   6.00  65.43
 -75.00   7.00  64.38
 -75.00   8.00  63.24
 -75.00   9.00  61.96
 -75.00  10.00  60.58
 -75.00  11.00  59.20
 -75.00  12.00  57.91
 -75.00  13.00  56.86
 -75.00  14.00  56.14
 -75.00  15.00  55.77
 -75.00  16.00  55.74
 -75.00  17.00  55.95
 -75.00  18.00  56.26
 -75.00  19.00  56.55
 -75.00  20.00  56.70
 -75.00  21.00  56.67
 -75.00  22.00  56.47
 -75.00  23.00  56.19
 -75.00  24.00  55.96
 -75.00  25.00  55.92
 -75.00  26.00  56.17
 -75.00  27.00  56.79
 -74.00 -37.00  59.37
 -74.00 -36.00  60.35
 -74.00 -35.00  61.23
 -74.00 -34.00  62.04
 -74.00 -33.00  62.83
 -74.00 -32.00  63.65
 -74.00 -31.00  64.52
 -74.00 -30.00  65.42
 -74.00 -29.00  66.34
 -74.00 -28.00  67.25
 -74.00 -27.00  68.13
 -74.00 -26.00  68.95
 -74.00 -25.00  69.70
 -74.00 -24.00  70.40
 -74.00 -23.00  71.05
 -74.00 -22.00  71.67
 -74.00 -21.00  72.26
 -74.00 -20.00  72.79
 -74.00 -19.00  73.26
 -74.00 -18.00  73.63
 -74.00 -17.00  73.90
 -74.00 -16.00  74.09
 -74.00 -15.00  74.23
 -74.00 -14.00  74.40
 -74.00 -13.00  74.68
 -74.00 -12.00  75.14
 -74.00 -11.00  75.83
 -74.00 -10.00  76.73
 -74.00  -9.00  77.80
 -74.00  -8.00  78.90
 -74.00  -7.00  79.87
 -74.00  -6.00  80.54
 -74.00  -5.00  80.77
 -74.00  -4.00  80.45
 -74.00  -3.00  79.58
 -74.00  -2.00  78.22
 -74.00  -1.00  76.50
 -74.00   0.00  74.59
 -74.00   1.00  72.68
 -74.00   2.00  70.92
 -74.00   3.00  69.38
 -74.00   4.00  68.08
 -74.00   5.00  66.96
 -74.00   6.00  65.94
 -74.00   7.00  64.90
 -74.00   8.00  63.75
 -74.00   9.00  62.45
 -74.00  10.00  61.05
 -74.00  11.00  59.62
 -74.00  12.00  58.30
 -74.00  13.00  57.22
 -74.00  14.00  56.47
 -74.00  15.00  56.09
 -74.00  16.00  56.07
 -74.00  17.00  56.29
 -74.00  18.00  56.64
 -74.00  19.00  56.95
 -74.00  20.00  57.13
 -74.00  21.00  57.11
 -74.00  22.00  56.90
 -74.00  23.00  56.61
 -74.00  24.00  56.36
 -74.00  25.00  56.30
 -74.00  26.00  56.55
 -74.00  27.00  57.18
 -73.00 -37.00  59.91
 -73.00 -36.00  60.89
 -73.00 -35.00  61.76
 -73.00 -34.00  62.57
 -73.00 -33.00  63.35
 -73.00 -32.00  64.15
 -73.00 -31.00  65.00
 -73.00 -30.00  65.89
 -73.00 -29.00  66.81
 -73.00 -28.00  67.71
 -73.00 -27.00  68.59
 -73.00 -26.00  69.40
 -73.00 -25.00  70.15
 -73.00 -24.00  70.85
 -73.00 -23.00  71.49
 -73.00 -22.00  72.08
 -73.00 -21.00  72.63
 -73.00 -20.00  73.12
 -73.00 -19.00  73.54
 -73.00 -18.00  73.85
 -73.00 -17.00  74.06
 -73.00 -16.00  74.20
 -73.00 -15.00  74.30
 -73.00 -14.00  74.45
 -73.00 -13.00  74.74
 -73.00 -12.00  75.24
 -73.00 -11.00  76.00
 -73.00 -10.00  77.00
 -73.00  -9.00  78.19
 -73.00  -8.00  79.42
 -73.00  -7.00  80.52
 -73.00  -6.00  81.31
 -73.00  -5.00  81.63
 -73.00  -4.00  81.37
 -73.00  -3.00  80.52
 -73.00  -2.00  79.13
 -73.00  -1.00  77.36
 -73.00   0.00  75.38
 -73.00   1.00  73.39
 -73.00   2.00  71.55
 -73.00   3.00  69.95
 -73.00   4.00  68.61
 -73.00   5.00  67.48
 -73.00   6.00  66.45
 -73.00   7.00  65.40
 -73.00   8.00  64.25
 -73.00   9.00  62.94
 -73.00  10.00  61.51
 -73.00  11.00  60.05
 -73.00  12.00  58.69
 -73.00  13.00  57.56
 -73.00  14.00  56.77
 -73.00  15.00  56.38
 -73.00  16.00  56.35
 -73.00  17.00  56.60
 -73.00  18.00  56.97
 -73.00  19.00  57.32
 -73.00  20.00  57.53
 -73.00  21.00  57.52
 -73.00  22.00  57.32
 -73.00  23.00  57.01
 -73.00  24.00  56.74
 -73.00  25.00  56.65
 -73.00  26.00  56.88
 -73.00  27.00  57.50
 -72.00 -37.00  60.41
 -72.00 -36.00  61.40
 -72.00 -35.00  62.27
 -72.00 -34.00  63.07
 -72.00 -33.00  63.84
 -72.00 -32.00  64.63
 -72.00 -31.00  65.46
 -72.00 -30.00  66.33
 -72.00 -29.00  67.24
 -72.00 -28.00  68.14
 -72.00 -27.00  69.02
 -72.00 -26.00  69.84
 -72.00 -25.00  70.59
 -72.00 -24.00  71.27
 -72.00 -23.00  71.90
 -72.00 -22.00  72.47
 -72.00 -21.00  72.98
 -72.00 -20.00  73.43
 -72.00 -19.00  73.79
 -72.00 -18.00  74.05
 -72.00 -17.00  74.21
 -72.00 -16.00  74.29
 -72.00 -15.00  74.35
 -72.00 -14.00  74.47
 -72.00 -13.00  74.75
 -72.00 -12.00  75.27
 -72.00 -11.00  76.08
 -72.00 -10.00  77.18
 -72.00  -9.00  78.48
 -72.00  -8.00  79.84
 -72.00  -7.00  81.09
 -72.00  -6.00  82.02
 -72.00  -5.00  82.46
 -72.00  -4.00  82.30
 -72.00  -3.00  81.49
 -72.00  -2.00  80.11
 -72.00  -1.00  78.30
 -72.00   0.00  76.25
 -72.00   1.00  74.18
 -72.00   2.00  72.24
 -72.00   3.00  70.56
 -72.00   4.00  69.16
 -72.00   5.00  68.00
 -72.00   6.00  66.95
 -72.00   7.00  65.90
 -72.00   8.00  64.75
 -72.00   9.00  63.44
 -72.00  10.00  61.99
 -72.00  11.00  60.49
 -72.00  12.00  59.08
 -72.00  13.00  57.90
 -72.00  14.00  57.06
 -72.00  15.00  56.64
 -72.00  16.00  56.60
 -72.00  17.00  56.86
 -72.00  18.00  57.27
 -72.00  19.00  57.65
 -72.00  20.00  57.89
 -72.00  21.00  57.91
 -72.00  22.00  57.72
 -72.00  23.00  57.39
 -72.00  24.00  57.09
 -72.00  25.00  56.96
 -72.00  26.00  57.16
 -72.00  27.00  57.76
 -71.00 -37.00  60.89
 -71.00 -36.00  61.88
 -71.00 -35.00  62.75
 -71.00 -34.00  63.54
 -71.00 -33.00  64.30
 -71.00 -32.00  65.07
 -71.00 -31.00  65.89
 -71.00 -30.00  66.75
 -71.00 -29.00  67.65
 -71.00 -28.00  68.55
 -71.00 -27.00  69.42
 -71.00 -26.00  70.25
 -71.00 -25.00  71.00
 -71.00 -24.00  71.68
 -71.00 -23.00  72.29
 -71.00 -22.00  72.84
 -71.00 -21.00  73.32
 -71.00 -20.00  73.72
 -71.00 -19.00  74.04
 -71.00 -18.00  74.24
 -71.00 -17.00  74.34
 -71.00 -16.00  74.36
 -71.00 -15.00  74.38
 -71.00 -14.00  74.46
 -71.00 -13.00  74.72
 -71.00 -12.00  75.24
 -71.00 -11.00  76.08
 -71.00 -10.00  77.24
 -71.00  -9.00  78.65
 -71.00  -8.00  80.16
 -71.00  -7.00  81.57
 -71.00  -6.00  82.67
 -71.00  -5.00  83.26
 -71.00  -4.00  83.22
 -71.00  -3.00  82.50
 -71.00  -2.00  81.16
 -71.00  -1.00  79.33
 -71.00   0.00  77.22
 -71.00   1.00  75.05
 -71.00   2.00  73.02
 -71.00   3.00  71.24
 -71.00   4.00  69.76
 -71.00   5.00  68.53
 -71.00   6.00  67.46
 -71.00   7.00  66.41
 -71.00   8.00  65.26
 -71.00   9.00  63.95
 -71.00  10.00  62.48
 -71.00  11.00  60.95
 -71.00  12.00  59.48
 -71.00  13.00  58.24
 -71.00  14.00  57.35
 -71.00  15.00  56.88
 -71.00  16.00  56.81
 -71.00  17.00  57.07
 -71.00  18.00  57.50
 -71.00  19.00  57.93
 -71.00  20.00  58.22
 -71.00  21.00  58.27
 -71.00  22.00  58.09
 -71.00  23.00  57.76
 -71.00  24.00  57.42
 -71.00  25.00  57.24
 -71.00  26.00  57.39
 -71.00  27.00  57.95
 -70.00 -37.00  61.34
 -70.00 -36.00  62.33
 -70.00 -35.00  63.21
 -70.00 -34.00  63.99
 -70.00 -33.00  64.74
 -70.00 -32.00  65.49
 -70.00 -31.00  66.29
 -70.00 -30.00  67.14
 -70.00 -29.00  68.03
 -70.00 -28.00  68.93
 -70.00 -27.00  69.81
 -70.00 -26.00  70.63
 -70.00 -25.00  71.39
 -70.00 -24.00  72.07
 -70.00 -23.00  72.67
 -70.00 -22.00  73.19
 -70.00 -21.00  73.64
 -70.00 -20.00  74.01
 -70.00 -19.00  74.28
 -70.00 -18.00  74.43
 -70.00 -17.00  74.48
 -70.00 -16.00  74.45
 -70.00 -15.00  74.40
 -70.00 -14.00  74.43
 -70.00 -13.00  74.64
 -70.00 -12.00  75.14
 -70.00 -11.00  75.99
 -70.00 -10.00  77.20
 -70.00  -9.00  78.70
 -70.00  -8.00  80.34
 -70.00  -7.00  81.92
 -70.00  -6.00  83.21
 -70.00  -5.00  84.00
 -70.00  -4.00  84.14
 -70.00  -3.00  83.55
 -70.00  -2.00  82.28
 -70.00  -1.00  80.46
 -70.00   0.00  78.31
 -70.00   1.00  76.05
 -70.00   2.00  73.89
 -70.00   3.00  71.99
 -70.00   4.00  70.41
 -70.00   5.00  69.11
 -70.00   6.00  67.99
 -70.00   7.00  66.92
 -70.00   8.00  65.78
 -70.00   9.00  64.47
 -70.00  10.00  62.99
 -70.00  11.00  61.43
 -70.00  12.00  59.91
 -70.00  13.00  58.60
 -70.00  14.00  57.63
 -70.00  15.00  57.09
 -70.00  16.00  56.99
 -70.00  17.00  57.23
 -70.00  18.00  57.68
 -70.00  19.00  58.16
 -70.00  20.00  58.50
 -70.00  21.00  58.60
 -70.00  22.00  58.44
 -70.00  23.00  58.11
 -70.00  24.00  57.74
 -70.00  25.00  57.50
 -70.00  26.00  57.57
 -70.00  27.00  58.07
 -69.00 -37.00  61.75
 -69.00 -36.00  62.76
 -69.00 -35.00  63.64
 -69.00 -34.00  64.42
 -69.00 -33.00  65.16
 -69.00 -32.00  65.89
 -69.00 -31.00  66.67
 -69.00 -30.00  67.50
 -69.00 -29.00  68.38
 -69.00 -28.00  69.28
 -69.00 -27.00  70.17
 -69.00 -26.00  71.00
 -69.00 -25.00  71.76
 -69.00 -24.00  72.44
 -69.00 -23.00  73.03
 -69.00 -22.00  73.54
 -69.00 -21.00  73.96
 -69.00 -20.00  74.30
 -69.00 -19.00  74.52
 -69.00 -18.00  74.63
 -69.00 -17.00  74.63
 -69.00 -16.00  74.54
 -69.00 -15.00  74.43
 -69.00 -14.00  74.39
 -69.00 -13.00  74.55
 -69.00 -12.00  75.00
 -69.00 -11.00  75.82
 -69.00 -10.00  77.05
 -69.00  -9.00  78.61
 -69.00  -8.00  80.37
 -69.00  -7.00  82.13
 -69.00  -6.00  83.63
 -69.00  -5.00  84.65
 -69.00  -4.00  85.01
 -69.00  -3.00  84.60
 -69.00  -2.00  83.46
 -69.00  -1.00  81.69
 -69.00   0.00  79.52
 -69.00   1.00  77.17
 -69.00   2.00  74.89
 -69.00   3.00  72.85
 -69.00   4.00  71.13
 -69.00   5.00  69.73
 -69.00   6.00  68.55
 -69.00   7.00  67.45
 -69.00   8.00  66.30
 -69.00   9.00  65.00
 -69.00  10.00  63.53
 -69.00  11.00  61.94
 -69.00  12.00  60.37
 -69.00  13.00  58.98
 -69.00  14.00  57.92
 -69.00  15.00  57.30
 -69.00  16.00  57.13
 -69.00  17.00  57.34
 -69.00  18.00  57.80
 -69.00  19.00  58.32
 -69.00  20.00  58.72
 -69.00  21.00  58.88
 -69.00  22.00  58.77
 -69.00  23.00  58.44
 -69.00  24.00  58.04
 -69.00  25.00  57.74
 -69.00  26.00  57.73
 -69.00  27.00  58.14
 -68.00 -37.00  62.14
 -68.00 -36.00  63.17
 -68.00 -35.00  64.06
 -68.00 -34.00  64.84
 -68.00 -33.00  65.56
 -68.00 -32.00  66.28
 -68.00 -31.00  67.03
 -68.00 -30.00  67.85
 -68.00 -29.00  68.72
 -68.00 -28.00  69.62
 -68.00 -27.00  70.51
 -68.00 -26.00  71.36
 -68.00 -25.00  72.13
 -68.00 -24.00  72.81
 -68.00 -23.00  73.39
 -68.00 -22.00  73.89
 -68.00 -21.00  74.29
 -68.00 -20.00  74.59
 -68.00 -19.00  74.78
 -68.00 -18.00  74.85
 -68.00 -17.00  74.80
 -68.00 -16.00  74.66
 -68.00 -15.00  74.48
 -68.00 -14.00  74.37
 -68.00 -13.00  74.44
 -68.00 -12.00  74.82
 -68.00 -11.00  75.59
 -68.00 -10.00  76.80
 -68.00  -9.00  78.40
 -68.00  -8.00  80.26
 -68.00  -7.00  82.18
 -68.00  -6.00  83.91
 -68.00  -5.00  85.19
 -68.00  -4.00  85.81
 -68.00  -3.00  85.64
 -68.00  -2.00  84.67
 -68.00  -1.00  83.01
 -68.00   0.00  80.85
 -68.00   1.00  78.44
 -68.00   2.00  76.03
 -68.00   3.00  73.83
 -68.00   4.00  71.95
 -68.00   5.00  70.42
 -68.00   6.00  69.14
 -68.00   7.00  68.00
 -68.00   8.00  66.84
 -68.00   9.00  65.54
 -68.00  10.00  64.08
 -68.00  11.00  62.48
 -68.00  12.00  60.86
 -68.00  13.00  59.39
 -68.00  14.00  58.23
 -68.00  15.00  57.50
 -68.00  16.00  57.25
 -68.00  17.00  57.41
 -68.00  18.00  57.86
 -68.00  19.00  58.41
 -68.00  20.00  58.88
 -68.00  21.00  59.11
 -68.00  22.00  59.06
 -68.00  23.00  58.76
 -68.00  24.00  58.34
 -68.00  25.00  57.98
 -68.00  26.00  57.88
 -68.00  27.00  58.17
 -67.00 -37.00  62.51
 -67.00 -36.00  63.55
 -67.00 -35.00  64.46
 -67.00 -34.00  65.24
 -67.00 -33.00  65.95
 -67.00 -32.00  66.65
 -67.00 -31.00  67.38
 -67.00 -30.00  68.18
 -67.00 -29.00  69.04
 -67.00 -28.00  69.94
 -67.00 -27.00  70.84
 -67.00 -26.00  71.70
 -67.00 -25.00  72.49
 -67.00 -24.00  73.17
 -67.00 -23.00  73.76
 -67.00 -22.00  74.24
 -67.00 -21.00  74.62
 -67.00 -20.00  74.89
 -67.00 -19.00  75.06
 -67.00 -18.00  75.09
 -67.00 -17.00  75.01
 -67.00 -16.00  74.81
 -67.00 -15.00  74.57
 -67.00 -14.00  74.38
 -67.00 -13.00  74.35
 -67.00 -12.00  74.63
 -67.00 -11.00  75.31
 -67.00 -10.00  76.46
 -67.00  -9.00  78.06
 -67.00  -8.00  80.00
 -67.00  -7.00  82.07
 -67.00  -6.00  84.03
 -67.00  -5.00  85.58
 -67.00  -4.00  86.50
 -67.00  -3.00  86.62
 -67.00  -2.00  85.89
 -67.00  -1.00  84.39
 -67.00   0.00  82.28
 -67.00   1.00  79.84
 -67.00   2.00  77.32
 -67.00   3.00  74.95
 -67.00   4.00  72.89
 -67.00   5.00  71.19
 -67.00   6.00  69.79
 -67.00   7.00  68.58
 -67.00   8.00  67.39
 -67.00   9.00  66.10
 -67.00  10.00  64.64
 -67.00  11.00  63.03
 -67.00  12.00  61.37
 -67.00  13.00  59.82
 -67.00  14.00  58.56
 -67.00  15.00  57.72
 -67.00  16.00  57.36
 -67.00  17.00  57.45
 -67.00  18.00  57.87
 -67.00  19.00  58.45
 -67.00  20.00  58.97
 -67.00  21.00  59.29
 -67.00  22.00  59.31
 -67.00  23.00  59.06
 -67.00  24.00  58.63
 -67.00  25.00  58.22
 -67.00  26.00  58.02
 -67.00  27.00  58.19
 -66.00 -37.00  62.86
 -66.00 -36.00  63.92
 -66.00 -35.00  64.84
 -66.00 -34.00  65.63
 -66.00 -33.00  66.34
 -66.00 -32.00  67.02
 -66.00 -31.00  67.73
 -66.00 -30.00  68.50
 -66.00 -29.00  69.35
 -66.00 -28.00  70.25
 -66.00 -27.00  71.16
 -66.00 -26.00  72.04
 -66.00 -25.00  72.84
 -66.00 -24.00  73.54
 -66.00 -23.00  74.13
 -66.00 -22.00  74.60
 -66.00 -21.00  74.96
 -66.00 -20.00  75.22
 -66.00 -19.00  75.35
 -66.00 -18.00  75.36
 -66.00 -17.00  75.24
 -66.00 -16.00  75.00
 -66.00 -15.00  74.70
 -66.00 -14.00  74.43
 -66.00 -13.00  74.29
 -66.00 -12.00  74.45
 -66.00 -11.00  75.02
 -66.00 -10.00  76.08
 -66.00  -9.00  77.64
 -66.00  -8.00  79.60
 -66.00  -7.00  81.80
 -66.00  -6.00  83.96
 -66.00  -5.00  85.81
 -66.00  -4.00  87.06
 -66.00  -3.00  87.51
 -66.00  -2.00  87.08
 -66.00  -1.00  85.79
 -66.00   0.00  83.80
 -66.00   1.00  81.36
 -66.00   2.00  78.75
 -66.00   3.00  76.22
 -66.00   4.00  73.97
 -66.00   5.00  72.08
 -66.00   6.00  70.52
 -66.00   7.00  69.20
 -66.00   8.00  67.96
 -66.00   9.00  66.66
 -66.00  10.00  65.20
 -66.00  11.00  63.59
 -66.00  12.00  61.91
 -66.00  13.00  60.29
 -66.00  14.00  58.92
 -66.00  15.00  57.95
 -66.00  16.00  57.47
 -66.00  17.00  57.47
 -66.00  18.00  57.85
 -66.00  19.00  58.43
 -66.00  20.00  59.01
 -66.00  21.00  59.41
 -66.00  22.00  59.52
 -66.00  23.00  59.32
 -66.00  24.00  58.91
 -66.00  25.00  58.46
 -66.00  26.00  58.16
 -66.00  27.00  58.21
 -65.00 -37.00  63.19
 -65.00 -36.00  64.28
 -65.00 -35.00  65.22
 -65.00 -34.00  66.02
 -65.00 -33.00  66.72
 -65.00 -32.00  67.38
 -65.00 -31.00  68.07
 -65.00 -30.00  68.82
 -65.00 -29.00  69.65
 -65.00 -28.00  70.54
 -65.00 -27.00  71.47
 -65.00 -26.00  72.36
 -65.00 -25.00  73.19
 -65.00 -24.00  73.91
 -65.00 -23.00  74.51
 -65.00 -22.00  74.98
 -65.00 -21.00  75.33
 -65.00 -20.00  75.56
 -65.00 -19.00  75.68
 -65.00 -18.00  75.66
 -65.00 -17.00  75.51
 -65.00 -16.00  75.24
 -65.00 -15.00  74.88
 -65.00 -14.00  74.52
 -65.00 -13.00  74.28
 -65.00 -12.00  74.30
 -65.00 -11.00  74.73
 -65.00 -10.00  75.66
 -65.00  -9.00  77.14
 -65.00  -8.00  79.09
 -65.00  -7.00  81.37
 -65.00  -6.00  83.72
 -65.00  -5.00  85.84
 -65.00  -4.00  87.44
 -65.00  -3.00  88.27
 -65.00  -2.00  88.18
 -65.00  -1.00  87.18
 -65.00   0.00  85.38
 -65.00   1.00  83.00
 -65.00   2.00  80.34
 -65.00   3.00  77.66
 -65.00   4.00  75.21
 -65.00   5.00  73.10
 -65.00   6.00  71.35
 -65.00   7.00  69.89
 -65.00   8.00  68.56
 -65.00   9.00  67.23
 -65.00  10.00  65.78
 -65.00  11.00  64.17
 -65.00  12.00  62.46
 -65.00  13.00  60.79
 -65.00  14.00  59.32
 -65.00  15.00  58.22
 -65.00  16.00  57.60
 -65.00  17.00  57.48
 -65.00  18.00  57.79
 -65.00  19.00  58.35
 -65.00  20.00  58.97
 -65.00  21.00  59.46
 -65.00  22.00  59.66
 -65.00  23.00  59.55
 -65.00  24.00  59.18
 -65.00  25.00  58.71
 -65.00  26.00  58.33
 -65.00  27.00  58.25
 -64.00 -37.00  63.50
 -64.00 -36.00  64.61
 -64.00 -35.00  65.58
 -64.00 -34.00  66.40
 -64.00 -33.00  67.10
 -64.00 -32.00  67.75
 -64.00 -31.00  68.41
 -64.00 -30.00  69.13
 -64.00 -29.00  69.94
 -64.00 -28.00  70.83
 -64.00 -27.00  71.76
 -64.00 -26.00  72.68
 -64.00 -25.00  73.54
 -64.00 -24.00  74.28
 -64.00 -23.00  74.89
 -64.00 -22.00  75.37
 -64.00 -21.00  75.71
 -64.00 -20.00  75.93
 -64.00 -19.00  76.02
 -64.00 -18.00  75.99
 -64.00 -17.00  75.82
 -64.00 -16.00  75.52
 -64.00 -15.00  75.12
 -64.00 -14.00  74.69
 -64.00 -13.00  74.34
 -64.00 -12.00  74.22
 -64.00 -11.00  74.48
 -64.00 -10.00  75.24
 -64.00  -9.00  76.59
 -64.00  -8.00  78.48
 -64.00  -7.00  80.79
 -64.00  -6.00  83.29
 -64.00  -5.00  85.67
 -64.00  -4.00  87.62
 -64.00  -3.00  88.85
 -64.00  -2.00  89.17
 -64.00  -1.00  88.52
 -64.00   0.00  86.97
 -64.00   1.00  84.73
 -64.00   2.00  82.06
 -64.00   3.00  79.27
 -64.00   4.00  76.62
 -64.00   5.00  74.28
 -64.00   6.00  72.31
 -64.00   7.00  70.67
 -64.00   8.00  69.23
 -64.00   9.00  67.84
 -64.00  10.00  66.37
 -64.00  11.00  64.76
 -64.00  12.00  63.03
 -64.00  13.00  61.31
 -64.00  14.00  59.75
 -64.00  15.00  58.52
 -64.00  16.00  57.76
 -64.00  17.00  57.50
 -64.00  18.00  57.71
 -64.00  19.00  58.24
 -64.00  20.00  58.88
 -64.00  21.00  59.44
 -64.00  22.00  59.75
 -64.00  23.00  59.73
 -64.00  24.00  59.42
 -64.00  25.00  58.95
 -64.00  26.00  58.51
 -64.00  27.00  58.31
 -63.00 -37.00  63.79
 -63.00 -36.00  64.93
 -63.00 -35.00  65.93
 -63.00 -34.00  66.77
 -63.00 -33.00  67.48
 -63.00 -32.00  68.11
 -63.00 -31.00  68.75
 -63.00 -30.00  69.44
 -63.00 -29.00  70.22
 -63.00 -28.00  71.10
 -63.00 -27.00  72.04
 -63.00 -26.00  72.99
 -63.00 -25.00  73.87
 -63.00 -24.00  74.65
 -63.00 -23.00  75.29
 -63.00 -22.00  75.78
 -63.00 -21.00  76.12
 -63.00 -20.00  76.33
 -63.00 -19.00  76.41
 -63.00 -18.00  76.36
 -63.00 -17.00  76.17
 -63.00 -16.00  75.85
 -63.00 -15.00  75.41
 -63.00 -14.00  74.92
 -63.00 -13.00  74.47
 -63.00 -12.00  74.20
 -63.00 -11.00  74.28
 -63.00 -10.00  74.86
 -63.00  -9.00  76.02
 -63.00  -8.00  77.80
 -63.00  -7.00  80.08
 -63.00  -6.00  82.67
 -63.00  -5.00  85.27
 -63.00  -4.00  87.56
 -63.00  -3.00  89.21
 -63.00  -2.00  89.98
 -63.00  -1.00  89.75
 -63.00   0.00  88.54
 -63.00   1.00  86.51
 -63.00   2.00  83.92
 -63.00   3.00  81.06
 -63.00   4.00  78.24
 -63.00   5.00  75.67
 -63.00   6.00  73.45
 -63.00   7.00  71.58
 -63.00   8.00  69.98
 -63.00   9.00  68.50
 -63.00  10.00  66.99
 -63.00  11.00  65.37
 -63.00  12.00  63.63
 -63.00  13.00  61.87
 -63.00  14.00  60.22
 -63.00  15.00  58.87
 -63.00  16.00  57.95
 -63.00  17.00  57.55
 -63.00  18.00  57.63
 -63.00  19.00  58.09
 -63.00  20.00  58.74
 -63.00  21.00  59.36
 -63.00  22.00  59.76
 -63.00  23.00  59.86
 -63.00  24.00  59.63
 -63.00  25.00  59.19
 -63.00  26.00  58.71
 -63.00  27.00  58.39
 -62.00 -37.00  64.06
 -62.00 -36.00  65.23
 -62.00 -35.00  66.26
 -62.00 -34.00  67.14
 -62.00 -33.00  67.86
 -62.00 -32.00  68.49
 -62.00 -31.00  69.09
 -62.00 -30.00  69.75
 -62.00 -29.00  70.50
 -62.00 -28.00  71.36
 -62.00 -27.00  72.30
 -62.00 -26.00  73.27
 -62.00 -25.00  74.20
 -62.00 -24.00  75.02
 -62.00 -23.00  75.70
 -62.00 -22.00  76.21
 -62.00 -21.00  76.56
 -62.00 -20.00  76.76
 -62.00 -19.00  76.82
 -62.00 -18.00  76.76
 -62.00 -17.00  76.56
 -62.00 -16.00  76.23
 -62.00 -15.00  75.77
 -62.00 -14.00  75.22
 -62.00 -13.00  74.68
 -62.00 -12.00  74.28
 -62.00 -11.00  74.17
 -62.00 -10.00  74.52
 -62.00  -9.00  75.47
 -62.00  -8.00  77.06
 -62.00  -7.00  79.25
 -62.00  -6.00  81.87
 -62.00  -5.00  84.64
 -62.00  -4.00  87.23
 -62.00  -3.00  89.30
 -62.00  -2.00  90.56
 -62.00  -1.00  90.82
 -62.00   0.00  90.04
 -62.00   1.00  88.31
 -62.00   2.00  85.88
 -62.00   3.00  83.03
 -62.00   4.00  80.08
 -62.00   5.00  77.28
 -62.00   6.00  74.79
 -62.00   7.00  72.68
 -62.00   8.00  70.87
 -62.00   9.00  69.24
 -62.00  10.00  67.66
 -62.00  11.00  66.02
 -62.00  12.00  64.27
 -62.00  13.00  62.47
 -62.00  14.00  60.75
 -62.00  15.00  59.27
 -62.00  16.00  58.20
 -62.00  17.00  57.63
 -62.00  18.00  57.57
 -62.00  19.00  57.93
 -62.00  20.00  58.54
 -62.00  21.00  59.20
 -62.00  22.00  59.71
 -62.00  23.00  59.92
 -62.00  24.00  59.80
 -62.00  25.00  59.41
 -62.00  26.00  58.92
 -62.00  27.00  58.51
 -61.00 -37.00  64.30
 -61.00 -36.00  65.49
 -61.00 -35.00  66.57
 -61.00 -34.00  67.49
 -61.00 -33.00  68.24
 -61.00 -32.00  68.86
 -61.00 -31.00  69.45
 -61.00 -30.00  70.06
 -61.00 -29.00  70.78
 -61.00 -28.00  71.61
 -61.00 -27.00  72.55
 -61.00 -26.00  73.54
 -61.00 -25.00  74.50
 -61.00 -24.00  75.38
 -61.00 -23.00  76.10
 -61.00 -22.00  76.65
 -61.00 -21.00  77.02
 -61.00 -20.00  77.22
 -61.00 -19.00  77.28
 -61.00 -18.00  77.21
 -61.00 -17.00  77.00
 -61.00 -16.00  76.66
 -61.00 -15.00  76.19
 -61.00 -14.00  75.61
 -61.00 -13.00  75.00
 -61.00 -12.00  74.46
 -61.00 -11.00  74.17
 -61.00 -10.00  74.29
 -61.00  -9.00  74.97
 -61.00  -8.00  76.32
 -61.00  -7.00  78.34
 -61.00  -6.00  80.90
 -61.00  -5.00  83.76
 -61.00  -4.00  86.61
 -61.00  -3.00  89.09
 -61.00  -2.00  90.85
 -61.00  -1.00  91.65
 -61.00   0.00  91.38
 -61.00   1.00  90.07
 -61.00   2.00  87.90
 -61.00   3.00  85.15
 -61.00   4.00  82.13
 -61.00   5.00  79.14
 -61.00   6.00  76.39
 -61.00   7.00  73.99
 -61.00   8.00  71.94
 -61.00   9.00  70.13
 -61.00  10.00  68.43
 -61.00  11.00  66.73
 -61.00  12.00  64.95
 -61.00  13.00  63.12
 -61.00  14.00  61.34
 -61.00  15.00  59.75
 -61.00  16.00  58.52
 -61.00  17.00  57.77
 -61.00  18.00  57.53
 -61.00  19.00  57.76
 -61.00  20.00  58.32
 -61.00  21.00  58.99
 -61.00  22.00  59.57
 -61.00  23.00  59.90
 -61.00  24.00  59.91
 -61.00  25.00  59.61
 -61.00  26.00  59.13
 -61.00  27.00  58.67
 -60.00 -37.00  64.51
 -60.00 -36.00  65.72
 -60.00 -35.00  66.84
 -60.00 -34.00  67.81
 -60.00 -33.00  68.60
 -60.00 -32.00  69.25
 -60.00 -31.00  69.81
 -60.00 -30.00  70.39
 -60.00 -29.00  71.06
 -60.00 -28.00  71.85
 -60.00 -27.00  72.77
 -60.00 -26.00  73.77
 -60.00 -25.00  74.78
 -60.00 -24.00  75.71
 -60.00 -23.00  76.50
 -60.00 -22.00  77.11
 -60.00 -21.00  77.51
 -60.00 -20.00  77.73
 -60.00 -19.00  77.79
 -60.00 -18.00  77.70
 -60.00 -17.00  77.49
 -60.00 -16.00  77.15
 -60.00 -15.00  76.67
 -60.00 -14.00  76.08
 -60.00 -13.00  75.41
 -60.00 -12.00  74.77
 -60.00 -11.00  74.30
 -60.00 -10.00  74.17
 -60.00  -9.00  74.57
 -60.00  -8.00  75.63
 -60.00  -7.00  77.39
 -60.00  -6.00  79.80
 -60.00  -5.00  82.67
 -60.00  -4.00  85.70
 -60.00  -3.00  88.53
 -60.00  -2.00  90.79
 -60.00  -1.00  92.17
 -60.00   0.00  92.50
 -60.00   1.00  91.71
 -60.00   2.00  89.93
 -60.00   3.00  87.39
 -60.00   4.00  84.40
 -60.00   5.00  81.27
 -60.00   6.00  78.28
 -60.00   7.00  75.58
 -60.00   8.00  73.24
 -60.00   9.00  71.19
 -60.00  10.00  69.33
 -60.00  11.00  67.53
 -60.00  12.00  65.71
 -60.00  13.00  63.84
 -60.00  14.00  62.00
 -60.00  15.00  60.31
 -60.00  16.00  58.92
 -60.00  17.00  57.98
 -60.00  18.00  57.55
 -60.00  19.00  57.62
 -60.00  20.00  58.07
 -60.00  21.00  58.72
 -60.00  22.00  59.36
 -60.00  23.00  59.81
 -60.00  24.00  59.95
 -60.00  25.00  59.77
 -60.00  26.00  59.35
 -60.00  27.00  58.86
 -59.00 -37.00  64.68
 -59.00 -36.00  65.90
 -59.00 -35.00  67.08
 -59.00 -34.00  68.11
 -59.00 -33.00  68.96
 -59.00 -32.00  69.63
 -59.00 -31.00  70.20
 -59.00 -30.00  70.74
 -59.00 -29.00  71.35
 -59.00 -28.00  72.09
 -59.00 -27.00  72.98
 -59.00 -26.00  73.98
 -59.00 -25.00  75.02
 -59.00 -24.00  76.01
 -59.00 -23.00  76.88
 -59.00 -22.00  77.56
 -59.00 -21.00  78.02
 -59.00 -20.00  78.27
 -59.00 -19.00  78.34
 -59.00 -18.00  78.26
 -59.00 -17.00  78.04
 -59.00 -16.00  77.69
 -59.00 -15.00  77.22
 -59.00 -14.00  76.63
 -59.00 -13.00  75.93
 -59.00 -12.00  75.21
 -59.00 -11.00  74.58
 -59.00 -10.00  74.22
 -59.00  -9.00  74.32
 -59.00  -8.00  75.03
 -59.00  -7.00  76.47
 -59.00  -6.00  78.64
 -59.00  -5.00  81.40
 -59.00  -4.00  84.50
 -59.00  -3.00  87.61
 -59.00  -2.00  90.33
 -59.00  -1.00  92.30
 -59.00   0.00  93.28
 -59.00   1.00  93.12
 -59.00   2.00  91.85
 -59.00   3.00  89.66
 -59.00   4.00  86.82
 -59.00   5.00  83.66
 -59.00   6.00  80.47
 -59.00   7.00  77.49
 -59.00   8.00  74.83
 -59.00   9.00  72.49
 -59.00  10.00  70.41
 -59.00  11.00  68.47
 -59.00  12.00  66.56
 -59.00  13.00  64.64
 -59.00  14.00  62.74
 -59.00  15.00  60.95
 -59.00  16.00  59.42
 -59.00  17.00  58.29
 -59.00  18.00  57.65
 -59.00  19.00  57.52
 -59.00  20.00  57.83
 -59.00  21.00  58.42
 -59.00  22.00  59.08
 -59.00  23.00  59.63
 -59.00  24.00  59.91
 -59.00  25.00  59.87
 -59.00  26.00  59.54
 -59.00  27.00  59.07
 -58.00 -37.00  64.84
 -58.00 -36.00  66.04
 -58.00 -35.00  67.26
 -58.00 -34.00  68.37
 -58.00 -33.00  69.29
 -58.00 -32.00  70.01
 -58.00 -31.00  70.59
 -58.00 -30.00  71.11
 -58.00 -29.00  71.67
 -58.00 -28.00  72.34
 -58.00 -27.00  73.18
 -58.00 -26.00  74.16
 -58.00 -25.00  75.22
 -58.00 -24.00  76.28
 -58.00 -23.00  77.23
 -58.00 -22.00  78.00
 -58.00 -21.00  78.54
 -58.00 -20.00  78.85
 -58.00 -19.00  78.95
 -58.00 -18.00  78.87
 -58.00 -17.00  78.64
 -58.00 -16.00  78.30
 -58.00 -15.00  77.83
 -58.00 -14.00  77.24
 -58.00 -13.00  76.53
 -58.00 -12.00  75.76
 -58.00 -11.00  75.01
 -58.00 -10.00  74.45
 -58.00  -9.00  74.25
 -58.00  -8.00  74.60
 -58.00  -7.00  75.66
 -58.00  -6.00  77.49
 -58.00  -5.00  80.03
 -58.00  -4.00  83.08
 -58.00  -3.00  86.35
 -58.00  -2.00  89.44
 -58.00  -1.00  91.98
 -58.00   0.00  93.63
 -58.00   1.00  94.18
 -58.00   2.00  93.55
 -58.00   3.00  91.85
 -58.00   4.00  89.31
 -58.00   5.00  86.24
 -58.00   6.00  82.95
 -58.00   7.00  79.72
 -58.00   8.00  76.75
 -58.00   9.00  74.09
 -58.00  10.00  71.73
 -58.00  11.00  69.58
 -58.00  12.00  67.54
 -58.00  13.00  65.54
 -58.00  14.00  63.57
 -58.00  15.00  61.69
 -58.00  16.00  60.02
 -58.00  17.00  58.70
 -58.00  18.00  57.84
 -58.00  19.00  57.50
 -58.00  20.00  57.63
 -58.00  21.00  58.11
 -58.00  22.00  58.76
 -58.00  23.00  59.37
 -58.00  24.00  59.78
 -58.00  25.00  59.89
 -58.00  26.00  59.69
 -58.00  27.00  59.28
 -57.00 -37.00  64.99
 -57.00 -36.00  66.15
 -57.00 -35.00  67.39
 -57.00 -34.00  68.57
 -57.00 -33.00  69.58
 -57.00 -32.00  70.38
 -57.00 -31.00  71.00
 -57.00 -30.00  71.50
 -57.00 -29.00  72.01
 -57.00 -28.00  72.62
 -57.00 -27.00  73.38
 -57.00 -26.00  74.32
 -57.00 -25.00  75.38
 -57.00 -24.00  76.49
 -57.00 -23.00  77.53
 -57.00 -22.00  78.41
 -57.00 -21.00  79.06
 -57.00 -20.00  79.45
 -57.00 -19.00  79.60
 -57.00 -18.00  79.54
 -57.00 -17.00  79.32
 -57.00 -16.00  78.97
 -57.00 -15.00  78.50
 -57.00 -14.00  77.92
 -57.00 -13.00  77.21
 -57.00 -12.00  76.42
 -57.00 -11.00  75.59
 -57.00 -10.00  74.86
 -57.00  -9.00  74.39
 -57.00  -8.00  74.39
 -57.00  -7.00  75.03
 -57.00  -6.00  76.45
 -57.00  -5.00  78.65
 -57.00  -4.00  81.52
 -57.00  -3.00  84.81
 -57.00  -2.00  88.17
 -57.00  -1.00  91.19
 -57.00   0.00  93.49
 -57.00   1.00  94.78
 -57.00   2.00  94.89
 -57.00   3.00  93.83
 -57.00   4.00  91.75
 -57.00   5.00  88.92
 -57.00   6.00  85.66
 -57.00   7.00  82.27
 -57.00   8.00  79.01
 -57.00   9.00  76.02
 -57.00  10.00  73.34
 -57.00  11.00  70.93
 -57.00  12.00  68.70
 -57.00  13.00  66.57
 -57.00  14.00  64.50
 -57.00  15.00  62.52
 -57.00  16.00  60.72
 -57.00  17.00  59.23
 -57.00  18.00  58.16
 -57.00  19.00  57.58
 -57.00  20.00  57.50
 -57.00  21.00  57.83
 -57.00  22.00  58.41
 -57.00  23.00  59.05
 -57.00  24.00  59.57
 -57.00  25.00  59.83
 -57.00  26.00  59.78
 -57.00  27.00  59.47
 -56.00 -37.00  65.16
 -56.00 -36.00  66.24
 -56.00 -35.00  67.47
 -56.00 -34.00  68.71
 -56.00 -33.00  69.82
 -56.00 -32.00  70.71
 -56.00 -31.00  71.40
 -56.00 -30.00  71.92
 -56.00 -29.00  72.40
 -56.00 -28.00  72.93
 -56.00 -27.00  73.61
 -56.00 -26.00  74.48
 -56.00 -25.00  75.52
 -56.00 -24.00  76.66
 -56.00 -23.00  77.78
 -56.00 -22.00  78.77
 -56.00 -21.00  79.55
 -56.00 -20.00  80.05
 -56.00 -19.00  80.28
 -56.00 -18.00  80.26
 -56.00 -17.00  80.05
 -56.00 -16.00  79.70
 -56.00 -15.00  79.23
 -56.00 -14.00  78.65
 -56.00 -13.00  77.96
 -56.00 -12.00  77.16
 -56.00 -11.00  76.29
 -56.00 -10.00  75.44
 -56.00  -9.00  74.75
 -56.00  -8.00  74.42
 -56.00  -7.00  74.65
 -56.00  -6.00  75.61
 -56.00  -5.00  77.39
 -56.00  -4.00  79.95
 -56.00  -3.00  83.11
 -56.00  -2.00  86.57
 -56.00  -1.00  89.95
 -56.00   0.00  92.83
 -56.00   1.00  94.85
 -56.00   2.00  95.76
 -56.00   3.00  95.46
 -56.00   4.00  93.99
 -56.00   5.00  91.57
 -56.00   6.00  88.49
 -56.00   7.00  85.07
 -56.00   8.00  81.60
 -56.00   9.00  78.30
 -56.00  10.00  75.28
 -56.00  11.00  72.55
 -56.00  12.00  70.07
 -56.00  13.00  67.75
 -56.00  14.00  65.55
 -56.00  15.00  63.46
 -56.00  16.00  61.54
 -56.00  17.00  59.87
 -56.00  18.00  58.59
 -56.00  19.00  57.78
 -56.00  20.00  57.46
 -56.00  21.00  57.60
 -56.00  22.00  58.08
 -56.00  23.00  58.70
 -56.00  24.00  59.29
 -56.00  25.00  59.68
 -56.00  26.00  59.79
 -56.00  27.00  59.61
 -55.00 -37.00  65.37
 -55.00 -36.00  66.32
 -55.00 -35.00  67.52
 -55.00 -34.00  68.79
 -55.00 -33.00  69.99
 -55.00 -32.00  71.00
 -55.00 -31.00  71.77
 -55.00 -30.00  72.35
 -55.00 -29.00  72.81
 -55.00 -28.00  73.29
 -55.00 -27.00  73.88
 -55.00 -26.00  74.66
 -55.00 -25.00  75.65
 -55.00 -24.00  76.79
 -55.00 -23.00  77.97
 -55.00 -22.00  79.07
 -55.00 -21.00  79.99
 -55.00 -20.00  80.63
 -55.00 -19.00  80.97
 -55.00 -18.00  81.03
 -55.00 -17.00  80.85
 -55.00 -16.00  80.50
 -55.00 -15.00  80.02
 -55.00 -14.00  79.44
 -55.00 -13.00  78.75
 -55.00 -12.00  77.96
 -55.00 -11.00  77.08
 -55.00 -10.00  76.16
 -55.00  -9.00  75.31
 -55.00  -8.00  74.70
 -55.00  -7.00  74.55
 -55.00  -6.00  75.04
 -55.00  -5.00  76.34
 -55.00  -4.00  78.47
 -55.00  -3.00  81.35
 -55.00  -2.00  84.75
 -55.00  -1.00  88.33
 -55.00   0.00  91.66
 -55.00   1.00  94.36
 -55.00   2.00  96.06
 -55.00   3.00  96.58
 -55.00   4.00  95.87
 -55.00   5.00  94.03
 -55.00   6.00  91.31
 -55.00   7.00  88.01
 -55.00   8.00  84.46
 -55.00   9.00  80.91
 -55.00  10.00  77.57
 -55.00  11.00  74.50
 -55.00  12.00  71.70
 -55.00  13.00  69.14
 -55.00  14.00  66.76
 -55.00  15.00  64.52
 -55.00  16.00  62.45
 -55.00  17.00  60.63
 -55.00  18.00  59.15
 -55.00  19.00  58.10
 -55.00  20.00  57.55
 -55.00  21.00  57.47
 -55.00  22.00  57.79
 -55.00  23.00  58.34
 -55.00  24.00  58.95
 -55.00  25.00  59.45
 -55.00  26.00  59.71
 -55.00  27.00  59.68
 -54.00 -37.00  65.93
 -54.00 -36.00  66.70
 -54.00 -35.00  67.80
 -54.00 -34.00  69.07
 -54.00 -33.00  70.32
 -54.00 -32.00  71.43
 -54.00 -31.00  72.30
 -54.00 -30.00  72.93
 -54.00 -29.00  73.40
 -54.00 -28.00  73.82
 -54.00 -27.00  74.31
 -54.00 -26.00  75.00
 -54.00 -25.00  75.91
 -54.00 -24.00  77.02
 -54.00 -23.00  78.24
 -54.00 -22.00  79.44
 -54.00 -21.00  80.49
 -54.00 -20.00  81.27
 -54.00 -19.00  81.73
 -54.00 -18.00  81.86
 -54.00 -17.00  81.70
 -54.00 -16.00  81.34
 -54.00 -15.00  80.82
 -54.00 -14.00  80.21
 -54.00 -13.00  79.51
 -54.00 -12.00  78.72
 -54.00 -11.00  77.84
 -54.00 -10.00  76.87
 -54.00  -9.00  75.90
 -54.00  -8.00  75.07
 -54.00  -7.00  74.55
 -54.00  -6.00  74.57
 -54.00  -5.00  75.33
 -54.00  -4.00  76.93
 -54.00  -3.00  79.40
 -54.00  -2.00  82.57
 -54.00  -1.00  86.18
 -54.00   0.00  89.83
 -54.00   1.00  93.09
 -54.00   2.00  95.58
 -54.00   3.00  96.97
 -54.00   4.00  97.11
 -54.00   5.00  96.00
 -54.00   6.00  93.80
 -54.00   7.00  90.78
 -54.00   8.00  87.25
 -54.00   9.00  83.54
 -54.00  10.00  79.88
 -54.00  11.00  76.43
 -54.00  12.00  73.27
 -54.00  13.00  70.39
 -54.00  14.00  67.75
 -54.00  15.00  65.32
 -54.00  16.00  63.08
 -54.00  17.00  61.09
 -54.00  18.00  59.42
 -54.00  19.00  58.16
 -54.00  20.00  57.38
 -54.00  21.00  57.09
 -54.00  22.00  57.23
 -54.00  23.00  57.68
 -54.00  24.00  58.29
 -54.00  25.00  58.86
 -54.00  26.00  59.25
 -54.00  27.00  59.38
 -53.00 -37.00  66.60
 -53.00 -36.00  67.15
 -53.00 -35.00  68.10
 -53.00 -34.00  69.32
 -53.00 -33.00  70.61
 -53.00 -32.00  71.81
 -53.00 -31.00  72.80
 -53.00 -30.00  73.52
 -53.00 -29.00  74.03
 -53.00 -28.00  74.42
 -53.00 -27.00  74.84
 -53.00 -26.00  75.41
 -53.00 -25.00  76.21
 -53.00 -24.00  77.26
 -53.00 -23.00  78.49
 -53.00 -22.00  79.77
 -53.00 -21.00  80.95
 -53.00 -20.00  81.89
 -53.00 -19.00  82.50
 -53.00 -18.00  82.74
 -53.00 -17.00  82.65
 -53.00 -16.00  82.29
 -53.00 -15.00  81.75
 -53.00 -14.00  81.09
 -53.00 -13.00  80.37
 -53.00 -12.00  79.58
 -53.00 -11.00  78.70
 -53.00 -10.00  77.74
 -53.00  -9.00  76.71
 -53.00  -8.00  75.72
 -53.00  -7.00  74.91
 -53.00  -6.00  74.51
 -53.00  -5.00  74.73
 -53.00  -4.00  75.75
 -53.00  -3.00  77.67
 -53.00  -2.00  80.44
 -53.00  -1.00  83.88
 -53.00   0.00  87.64
 -53.00   1.00  91.31
 -53.00   2.00  94.46
 -53.00   3.00  96.70
 -53.00   4.00  97.75
 -53.00   5.00  97.50
 -53.00   6.00  96.00
 -53.00   7.00  93.46
 -53.00   8.00  90.15
 -53.00   9.00  86.41
 -53.00  10.00  82.54
 -53.00  11.00  78.76
 -53.00  12.00  75.23
 -53.00  13.00  71.98
 -53.00  14.00  69.02
 -53.00  15.00  66.33
 -53.00  16.00  63.89
 -53.00  17.00  61.71
 -53.00  18.00  59.85
 -53.00  19.00  58.38
 -53.00  20.00  57.36
 -53.00  21.00  56.84
 -53.00  22.00  56.77
 -53.00  23.00  57.08
 -53.00  24.00  57.62
 -53.00  25.00  58.22
 -53.00  26.00  58.71
 -53.00  27.00  58.98
 -52.00 -37.00  67.32
 -52.00 -36.00  67.61
 -52.00 -35.00  68.37
 -52.00 -34.00  69.49
 -52.00 -33.00  70.79
 -52.00 -32.00  72.08
 -52.00 -31.00  73.19
 -52.00 -30.00  74.05
 -52.00 -29.00  74.64
 -52.00 -28.00  75.05
 -52.00 -27.00  75.41
 -52.00 -26.00  75.88
 -52.00 -25.00  76.56
 -52.00 -24.00  77.51
 -52.00 -23.00  78.70
 -52.00 -22.00  80.03
 -52.00 -21.00  81.33
 -52.00 -20.00  82.44
 -52.00 -19.00  83.24
 -52.00 -18.00  83.64
 -52.00 -17.00  83.66
 -52.00 -16.00  83.35
 -52.00 -15.00  82.80
 -52.00 -14.00  82.11
 -52.00 -13.00  81.35
 -52.00 -12.00  80.54
 -52.00 -11.00  79.68
 -52.00 -10.00  78.74
 -52.00  -9.00  77.71
 -52.00  -8.00  76.64
 -52.00  -7.00  75.64
 -52.00  -6.00  74.89
 -52.00  -5.00  74.63
 -52.00  -4.00  75.07
 -52.00  -3.00  76.38
 -52.00  -2.00  78.61
 -52.00  -1.00  81.67
 -52.00   0.00  85.33
 -52.00   1.00  89.19
 -52.00   2.00  92.84
 -52.00   3.00  95.82
 -52.00   4.00  97.76
 -52.00   5.00  98.45
 -52.00   6.00  97.81
 -52.00   7.00  95.93
 -52.00   8.00  93.06
 -52.00   9.00  89.49
 -52.00  10.00  85.55
 -52.00  11.00  81.53
 -52.00  12.00  77.65
 -52.00  13.00  74.03
 -52.00  14.00  70.71
 -52.00  15.00  67.71
 -52.00  16.00  65.01
 -52.00  17.00  62.61
 -52.00  18.00  60.54
 -52.00  19.00  58.85
 -52.00  20.00  57.60
 -52.00  21.00  56.83
 -52.00  22.00  56.53
 -52.00  23.00  56.65
 -52.00  24.00  57.08
 -52.00  25.00  57.64
 -52.00  26.00  58.19
 -52.00  27.00  58.58
 -51.00 -37.00  68.11
 -51.00 -36.00  68.12
 -51.00 -35.00  68.64
 -51.00 -34.00  69.60
 -51.00 -33.00  70.85
 -51.00 -32.00  72.19
 -51.00 -31.00  73.44
 -51.00 -30.00  74.45
 -51.00 -29.00  75.18
 -51.00 -28.00  75.66
 -51.00 -27.00  76.02
 -51.00 -26.00  76.40
 -51.00 -25.00  76.95
 -51.00 -24.00  77.78
 -51.00 -23.00  78.89
 -51.00 -22.00  80.22
 -51.00 -21.00  81.60
 -51.00 -20.00  82.88
 -51.00 -19.00  83.88
 -51.00 -18.00  84.50
 -51.00 -17.00  84.69
 -51.00 -16.00  84.48
 -51.00 -15.00  83.97
 -51.00 -14.00  83.27
 -51.00 -13.00  82.46
 -51.00 -12.00  81.62
 -51.00 -11.00  80.76
 -51.00 -10.00  79.84
 -51.00  -9.00  78.84
 -51.00  -8.00  77.76
 -51.00  -7.00  76.65
 -51.00  -6.00  75.67
 -51.00  -5.00  75.01
 -51.00  -4.00  74.91
 -51.00  -3.00  75.59
 -51.00  -2.00  77.20
 -51.00  -1.00  79.74
 -51.00   0.00  83.07
 -51.00   1.00  86.90
 -51.00   2.00  90.82
 -51.00   3.00  94.38
 -51.00   4.00  97.14
 -51.00   5.00  98.76
 -51.00   6.00  99.07
 -51.00   7.00  98.03
 -51.00   8.00  95.78
 -51.00   9.00  92.59
 -51.00  10.00  88.78
 -51.00  11.00  84.66
 -51.00  12.00  80.51
 -51.00  13.00  76.54
 -51.00  14.00  72.85
 -51.00  15.00  69.49
 -51.00  16.00  66.48
 -51.00  17.00  63.82
 -51.00  18.00  61.51
 -51.00  19.00  59.58
 -51.00  20.00  58.09
 -51.00  21.00  57.06
 -51.00  22.00  56.52
 -51.00  23.00  56.42
 -51.00  24.00  56.68
 -51.00  25.00  57.16
 -51.00  26.00  57.70
 -51.00  27.00  58.17
 -50.00 -37.00  68.98
 -50.00 -36.00  68.70
 -50.00 -35.00  68.93
 -50.00 -34.00  69.67
 -50.00 -33.00  70.80
 -50.00 -32.00  72.15
 -50.00 -31.00  73.51
 -50.00 -30.00  74.69
 -50.00 -29.00  75.59
 -50.00 -28.00  76.20
 -50.00 -27.00  76.61
 -50.00 -26.00  76.95
 -50.00 -25.00  77.40
 -50.00 -24.00  78.08
 -50.00 -23.00  79.08
 -50.00 -22.00  80.34
 -50.00 -21.00  81.77
 -50.00 -20.00  83.18
 -50.00 -19.00  84.39
 -50.00 -18.00  85.25
 -50.00 -17.00  85.66
 -50.00 -16.00  85.63
 -50.00 -15.00  85.21
 -50.00 -14.00  84.53
 -50.00 -13.00  83.70
 -50.00 -12.00  82.82
 -50.00 -11.00  81.92
 -50.00 -10.00  81.01
 -50.00  -9.00  80.05
 -50.00  -8.00  78.99
 -50.00  -7.00  77.87
 -50.00  -6.00  76.75
 -50.00  -5.00  75.80
 -50.00  -4.00  75.25
 -50.00  -3.00  75.35
 -50.00  -2.00  76.30
 -50.00  -1.00  78.20
 -50.00   0.00  81.03
 -50.00   1.00  84.60
 -50.00   2.00  88.56
 -50.00   3.00  92.48
 -50.00   4.00  95.90
 -50.00   5.00  98.40
 -50.00   6.00  99.68
 -50.00   7.00  99.59
 -50.00   8.00  98.16
 -50.00   9.00  95.56
 -50.00  10.00  92.07
 -50.00  11.00  88.03
 -50.00  12.00  83.75
 -50.00  13.00  79.49
 -50.00  14.00  75.44
 -50.00  15.00  71.71
 -50.00  16.00  68.35
 -50.00  17.00  65.37
 -50.00  18.00  62.77
 -50.00  19.00  60.59
 -50.00  20.00  58.83
 -50.00  21.00  57.55
 -50.00  22.00  56.74
 -50.00  23.00  56.40
 -50.00  24.00  56.45
 -50.00  25.00  56.79
 -50.00  26.00  57.28
 -50.00  27.00  57.77
 -49.00 -37.00  69.95
 -49.00 -36.00  69.37
 -49.00 -35.00  69.28
 -49.00 -34.00  69.74
 -49.00 -33.00  70.68
 -49.00 -32.00  71.97
 -49.00 -31.00  73.38
 -49.00 -30.00  74.72
 -49.00 -29.00  75.82
 -49.00 -28.00  76.61
 -49.00 -27.00  77.13
 -49.00 -26.00  77.49
 -49.00 -25.00  77.87
 -49.00 -24.00  78.42
 -49.00 -23.00  79.27
 -49.00 -22.00  80.43
 -49.00 -21.00  81.83
 -49.00 -20.00  83.33
 -49.00 -19.00  84.72
 -49.00 -18.00  85.83
 -49.00 -17.00  86.52
 -49.00 -16.00  86.72
 -49.00 -15.00  86.47
 -49.00 -14.00  85.87
 -49.00 -13.00  85.05
 -49.00 -12.00  84.13
 -49.00 -11.00  83.19
 -49.00 -10.00  82.26
 -49.00  -9.00  81.31
 -49.00  -8.00  80.30
 -49.00  -7.00  79.20
 -49.00  -6.00  78.03
 -49.00  -5.00  76.91
 -49.00  -4.00  76.03
 -49.00  -3.00  75.63
 -49.00  -2.00  75.95
 -49.00  -1.00  77.17
 -49.00   0.00  79.38
 -49.00   1.00  82.49
 -49.00   2.00  86.25
 -49.00   3.00  90.30
 -49.00   4.00  94.17
 -49.00   5.00  97.40
 -49.00   6.00  99.60
 -49.00   7.00 100.50
 -49.00   8.00 100.01
 -49.00   9.00  98.19
 -49.00  10.00  95.26
 -49.00  11.00  91.50
 -49.00  12.00  87.25
 -49.00  13.00  82.83
 -49.00  14.00  78.48
 -49.00  15.00  74.38
 -49.00  16.00  70.63
 -49.00  17.00  67.29
 -49.00  18.00  64.37
 -49.00  19.00  61.88
 -49.00  20.00  59.84
 -49.00  21.00  58.28
 -49.00  22.00  57.20
 -49.00  23.00  56.59
 -49.00  24.00  56.41
 -49.00  25.00  56.57
 -49.00  26.00  56.95
 -49.00  27.00  57.42
 -48.00 -37.00  70.99
 -48.00 -36.00  70.15
 -48.00 -35.00  69.73
 -48.00 -34.00  69.86
 -48.00 -33.00  70.54
 -48.00 -32.00  71.67
 -48.00 -31.00  73.07
 -48.00 -30.00  74.52
 -48.00 -29.00  75.81
 -48.00 -28.00  76.83
 -48.00 -27.00  77.52
 -48.00 -26.00  77.98
 -48.00 -25.00  78.34
 -48.00 -24.00  78.79
 -48.00 -23.00  79.48
 -48.00 -22.00  80.50
 -48.00 -21.00  81.82
 -48.00 -20.00  83.34
 -48.00 -19.00  84.87
 -48.00 -18.00  86.21
 -48.00 -17.00  87.18
 -48.00 -16.00  87.68
 -48.00 -15.00  87.67
 -48.00 -14.00  87.23
 -48.00 -13.00  86.48
 -48.00 -12.00  85.55
 -48.00 -11.00  84.56
 -48.00 -10.00  83.58
 -48.00  -9.00  82.62
 -48.00  -8.00  81.64
 -48.00  -7.00  80.58
 -48.00  -6.00  79.43
 -48.00  -5.00  78.24
 -48.00  -4.00  77.15
 -48.00  -3.00  76.36
 -48.00  -2.00  76.13
 -48.00  -1.00  76.70
 -48.00   0.00  78.22
 -48.00   1.00  80.72
 -48.00   2.00  84.08
 -48.00   3.00  88.00
 -48.00   4.00  92.08
 -48.00   5.00  95.84
 -48.00   6.00  98.84
 -48.00   7.00 100.71
 -48.00   8.00 101.22
 -48.00   9.00 100.33
 -48.00  10.00  98.13
 -48.00  11.00  94.87
 -48.00  12.00  90.86
 -48.00  13.00  86.43
 -48.00  14.00  81.88
 -48.00  15.00  77.46
 -48.00  16.00  73.34
 -48.00  17.00  69.61
 -48.00  18.00  66.31
 -48.00  19.00  63.48
 -48.00  20.00  61.13
 -48.00  21.00  59.26
 -48.00  22.00  57.88
 -48.00  23.00  56.99
 -48.00  24.00  56.55
 -48.00  25.00  56.49
 -48.00  26.00  56.72
 -48.00  27.00  57.11
 -47.00 -37.00  72.09
 -47.00 -36.00  71.03
 -47.00 -35.00  70.31
 -47.00 -34.00  70.08
 -47.00 -33.00  70.43
 -47.00 -32.00  71.32
 -47.00 -31.00  72.62
 -47.00 -30.00  74.11
 -47.00 -29.00  75.56
 -47.00 -28.00  76.79
 -47.00 -27.00  77.72
 -47.00 -26.00  78.33
 -47.00 -25.00  78.76
 -47.00 -24.00  79.16
 -47.00 -23.00  79.73
 -47.00 -22.00  80.58
 -47.00 -21.00  81.77
 -47.00 -20.00  83.23
 -47.00 -19.00  84.83
 -47.00 -18.00  86.37
 -47.00 -17.00  87.62
 -47.00 -16.00  88.44
 -47.00 -15.00  88.74
 -47.00 -14.00  88.53
 -47.00 -13.00  87.92
 -47.00 -12.00  87.03
 -47.00 -11.00  86.02
 -47.00 -10.00  84.99
 -47.00  -9.00  83.99
 -47.00  -8.00  83.00
 -47.00  -7.00  81.97
 -47.00  -6.00  80.87
 -47.00  -5.00  79.68
 -47.00  -4.00  78.48
 -47.00  -3.00  77.44
 -47.00  -2.00  76.79
 -47.00  -1.00  76.77
 -47.00   0.00  77.61
 -47.00   1.00  79.43
 -47.00   2.00  82.22
 -47.00   3.00  85.80
 -47.00   4.00  89.84
 -47.00   5.00  93.90
 -47.00   6.00  97.50
 -47.00   7.00 100.22
 -47.00   8.00 101.72
 -47.00   9.00 101.82
 -47.00  10.00 100.51
 -47.00  11.00  97.95
 -47.00  12.00  94.38
 -47.00  13.00  90.13
 -47.00  14.00  85.54
 -47.00  15.00  80.90
 -47.00  16.00  76.44
 -47.00  17.00  72.32
 -47.00  18.00  68.62
 -47.00  19.00  65.41
 -47.00  20.00  62.70
 -47.00  21.00  60.49
 -47.00  22.00  58.79
 -47.00  23.00  57.60
 -47.00  24.00  56.87
 -47.00  25.00  56.58
 -47.00  26.00  56.61
 -47.00  27.00  56.88
 -46.00 -37.00  73.19
 -46.00 -36.00  72.00
 -46.00 -35.00  71.01
 -46.00 -34.00  70.44
 -46.00 -33.00  70.42
 -46.00 -32.00  71.00
 -46.00 -31.00  72.10
 -46.00 -30.00  73.53
 -46.00 -29.00  75.07
 -46.00 -28.00  76.50
 -46.00 -27.00  77.66
 -46.00 -26.00  78.50
 -46.00 -25.00  79.07
 -46.00 -24.00  79.50
 -46.00 -23.00  79.98
 -46.00 -22.00  80.68
 -46.00 -21.00  81.71
 -46.00 -20.00  83.07
 -46.00 -19.00  84.66
 -46.00 -18.00  86.31
 -46.00 -17.00  87.80
 -46.00 -16.00  88.94
 -46.00 -15.00  89.58
 -46.00 -14.00  89.68
 -46.00 -13.00  89.29
 -46.00 -12.00  88.53
 -46.00 -11.00  87.54
 -46.00 -10.00  86.47
 -46.00  -9.00  85.41
 -46.00  -8.00  84.38
 -46.00  -7.00  83.36
 -46.00  -6.00  82.29
 -46.00  -5.00  81.14
 -46.00  -4.00  79.92
 -46.00  -3.00  78.74
 -46.00  -2.00  77.79
 -46.00  -1.00  77.30
 -46.00   0.00  77.54
 -46.00   1.00  78.68
 -46.00   2.00  80.82
 -46.00   3.00  83.89
 -46.00   4.00  87.66
 -46.00   5.00  91.76
 -46.00   6.00  95.74
 -46.00   7.00  99.13
 -46.00   8.00 101.51
 -46.00   9.00 102.61
 -46.00  10.00 102.27
 -46.00  11.00 100.55
 -46.00  12.00  97.62
 -46.00  13.00  93.76
 -46.00  14.00  89.30
 -46.00  15.00  84.57
 -46.00  16.00  79.86
 -46.00  17.00  75.38
 -46.00  18.00  71.29
 -46.00  19.00  67.66
 -46.00  20.00  64.55
 -46.00  21.00  61.97
 -46.00  22.00  59.93
 -46.00  23.00  58.40
 -46.00  24.00  57.38
 -46.00  25.00  56.81
 -46.00  26.00  56.63
 -46.00  27.00  56.74
 -45.00 -37.00  74.24
 -45.00 -36.00  73.00
 -45.00 -35.00  71.82
 -45.00 -34.00  70.95
 -45.00 -33.00  70.56
 -45.00 -32.00  70.78
 -45.00 -31.00  71.58
 -45.00 -30.00  72.86
 -45.00 -29.00  74.40
 -45.00 -28.00  75.96
 -45.00 -27.00  77.35
 -45.00 -26.00  78.43
 -45.00 -25.00  79.20
 -45.00 -24.00  79.73
 -45.00 -23.00  80.21
 -45.00 -22.00  80.80
 -45.00 -21.00  81.67
 -45.00 -20.00  82.87
 -45.00 -19.00  84.39
 -45.00 -18.00  86.08
 -45.00 -17.00  87.75
 -45.00 -16.00  89.16
 -45.00 -15.00  90.16
 -45.00 -14.00  90.61
 -45.00 -13.00  90.52
 -45.00 -12.00  89.96
 -45.00 -11.00  89.07
 -45.00 -10.00  88.00
 -45.00  -9.00  86.89
 -45.00  -8.00  85.80
 -45.00  -7.00  84.74
 -45.00  -6.00  83.68
 -45.00  -5.00  82.56
 -45.00  -4.00  81.37
 -45.00  -3.00  80.14
 -45.00  -2.00  79.01
 -45.00  -1.00  78.19
 -45.00   0.00  77.93
 -45.00   1.00  78.45
 -45.00   2.00  79.93
 -45.00   3.00  82.40
 -45.00   4.00  85.73
 -45.00   5.00  89.66
 -45.00   6.00  93.77
 -45.00   7.00  97.60
 -45.00   8.00 100.71
 -45.00   9.00 102.70
 -45.00  10.00 103.34
 -45.00  11.00 102.55
 -45.00  12.00 100.40
 -45.00  13.00  97.10
 -45.00  14.00  92.96
 -45.00  15.00  88.31
 -45.00  16.00  83.47
 -45.00  17.00  78.72
 -45.00  18.00  74.25
 -45.00  19.00  70.21
 -45.00  20.00  66.69
 -45.00  21.00  63.70
 -45.00  22.00  61.28
 -45.00  23.00  59.40
 -45.00  24.00  58.06
 -45.00  25.00  57.20
 -45.00  26.00  56.77
 -45.00  27.00  56.69
 -44.00 -37.00  75.20
 -44.00 -36.00  73.98
 -44.00 -35.00  72.69
 -44.00 -34.00  71.57
 -44.00 -33.00  70.85
 -44.00 -32.00  70.69
 -44.00 -31.00  71.15
 -44.00 -30.00  72.19
 -44.00 -29.00  73.62
 -44.00 -28.00  75.23
 -44.00 -27.00  76.79
 -44.00 -26.00  78.11
 -44.00 -25.00  79.11
 -44.00 -24.00  79.82
 -44.00 -23.00  80.36
 -44.00 -22.00  80.91
 -44.00 -21.00  81.64
 -44.00 -20.00  82.69
 -44.00 -19.00  84.08
 -44.00 -18.00  85.74
 -44.00 -17.00  87.50
 -44.00 -16.00  89.14
 -44.00 -15.00  90.44
 -44.00 -14.00  91.26
 -44.00 -13.00  91.52
 -44.00 -12.00  91.24
 -44.00 -11.00  90.52
 -44.00 -10.00  89.53
 -44.00  -9.00  88.40
 -44.00  -8.00  87.25
 -44.00  -7.00  86.13
 -44.00  -6.00  85.04
 -44.00  -5.00  83.93
 -44.00  -4.00  82.76
 -44.00  -3.00  81.54
 -44.00  -2.00  80.33
 -44.00  -1.00  79.30
 -44.00   0.00  78.66
 -44.00   1.00  78.68
 -44.00   2.00  79.54
 -44.00   3.00  81.39
 -44.00   4.00  84.19
 -44.00   5.00  87.76
 -44.00   6.00  91.79
 -44.00   7.00  95.84
 -44.00   8.00  99.46
 -44.00   9.00 102.21
 -44.00  10.00 103.75
 -44.00  11.00 103.89
 -44.00  12.00 102.60
 -44.00  13.00 100.01
 -44.00  14.00  96.35
 -44.00  15.00  91.94
 -44.00  16.00  87.12
 -44.00  17.00  82.20
 -44.00  18.00  77.44
 -44.00  19.00  73.02
 -44.00  20.00  69.07
 -44.00  21.00  65.67
 -44.00  22.00  62.84
 -44.00  23.00  60.58
 -44.00  24.00  58.89
 -44.00  25.00  57.72
 -44.00  26.00  57.03
 -44.00  27.00  56.73
 -43.00 -37.00  76.11
 -43.00 -36.00  74.96
 -43.00 -35.00  73.64
 -43.00 -34.00  72.36
 -43.00 -33.00  71.36
 -43.00 -32.00  70.84
 -43.00 -31.00  70.93
 -43.00 -30.00  71.66
 -43.00 -29.00  72.90
 -43.00 -28.00  74.47
 -43.00 -27.00  76.11
 -43.00 -26.00  77.62
 -43.00 -25.00  78.85
 -43.00 -24.00  79.77
 -43.00 -23.00  80.43
 -43.00 -22.00  80.99
 -43.00 -21.00  81.64
 -43.00 -20.00  82.55
 -43.00 -19.00  83.79
 -43.00 -18.00  85.35
 -43.00 -17.00  87.12
 -43.00 -16.00  88.90
 -43.00 -15.00  90.48
 -43.00 -14.00  91.64
 -43.00 -13.00  92.26
 -43.00 -12.00  92.30
 -43.00 -11.00  91.83
 -43.00 -10.00  90.97
 -43.00  -9.00  89.87
 -43.00  -8.00  88.68
 -43.00  -7.00  87.49
 -43.00  -6.00  86.34
 -43.00  -5.00  85.20
 -43.00  -4.00  84.03
 -43.00  -3.00  82.82
 -43.00  -2.00  81.58
 -43.00  -1.00  80.42
 -43.00   0.00  79.53
 -43.00   1.00  79.15
 -43.00   2.00  79.49
 -43.00   3.00  80.74
 -43.00   4.00  82.96
 -43.00   5.00  86.08
 -43.00   6.00  89.86
 -43.00   7.00  93.94
 -43.00   8.00  97.87
 -43.00   9.00 101.20
 -43.00  10.00 103.52
 -43.00  11.00 104.56
 -43.00  12.00 104.16
 -43.00  13.00 102.36
 -43.00  14.00  99.32
 -43.00  15.00  95.32
 -43.00  16.00  90.67
 -43.00  17.00  85.71
 -43.00  18.00  80.73
 -43.00  19.00  75.99
 -43.00  20.00  71.65
 -43.00  21.00  67.83
 -43.00  22.00  64.58
 -43.00  23.00  61.94
 -43.00  24.00  59.88
 -43.00  25.00  58.39
 -43.00  26.00  57.41
 -43.00  27.00  56.88
 -42.00 -37.00  76.91
 -42.00 -36.00  75.87
 -42.00 -35.00  74.58
 -42.00 -34.00  73.21
 -42.00 -33.00  71.99
 -42.00 -32.00  71.15
 -42.00 -31.00  70.89
 -42.00 -30.00  71.27
 -42.00 -29.00  72.25
 -42.00 -28.00  73.68
 -42.00 -27.00  75.34
 -42.00 -26.00  76.98
 -42.00 -25.00  78.42
 -42.00 -24.00  79.55
 -42.00 -23.00  80.38
 -42.00 -22.00  81.02
 -42.00 -21.00  81.65
 -42.00 -20.00  82.44
 -42.00 -19.00  83.53
 -42.00 -18.00  84.97
 -42.00 -17.00  86.69
 -42.00 -16.00  88.54
 -42.00 -15.00  90.31
 -42.00 -14.00  91.77
 -42.00 -13.00  92.74
 -42.00 -12.00  93.14
 -42.00 -11.00  92.96
 -42.00 -10.00  92.30
 -42.00  -9.00  91.30
 -42.00  -8.00  90.11
 -42.00  -7.00  88.87
 -42.00  -6.00  87.64
 -42.00  -5.00  86.45
 -42.00  -4.00  85.26
 -42.00  -3.00  84.04
 -42.00  -2.00  82.79
 -42.00  -1.00  81.57
 -42.00   0.00  80.52
 -42.00   1.00  79.84
 -42.00   2.00  79.75
 -42.00   3.00  80.48
 -42.00   4.00  82.14
 -42.00   5.00  84.76
 -42.00   6.00  88.18
 -42.00   7.00  92.11
 -42.00   8.00  96.16
 -42.00   9.00  99.88
 -42.00  10.00 102.83
 -42.00  11.00 104.66
 -42.00  12.00 105.12
 -42.00  13.00 104.14
 -42.00  14.00 101.81
 -42.00  15.00  98.33
 -42.00  16.00  93.99
 -42.00  17.00  89.13
 -42.00  18.00  84.05
 -42.00  19.00  79.06
 -42.00  20.00  74.38
 -42.00  21.00  70.16
 -42.00  22.00  66.50
 -42.00  23.00  63.45
 -42.00  24.00  61.01
 -42.00  25.00  59.18
 -42.00  26.00  57.90
 -42.00  27.00  57.12
 -41.00 -37.00  77.61
 -41.00 -36.00  76.69
 -41.00 -35.00  75.46
 -41.00 -34.00  74.07
 -41.00 -33.00  72.70
 -41.00 -32.00  71.61
 -41.00 -31.00  71.01
 -41.00 -30.00  71.04
 -41.00 -29.00  71.71
 -41.00 -28.00  72.94
 -41.00 -27.00  74.52
 -41.00 -26.00  76.22
 -41.00 -25.00  77.82
 -41.00 -24.00  79.16
 -41.00 -23.00  80.18
 -41.00 -22.00  80.95
 -41.00 -21.00  81.61
 -41.00 -20.00  82.34
 -41.00 -19.00  83.31
 -41.00 -18.00  84.61
 -41.00 -17.00  86.24
 -41.00 -16.00  88.09
 -41.00 -15.00  89.98
 -41.00 -14.00  91.68
 -41.00 -13.00  92.98
 -41.00 -12.00  93.73
 -41.00 -11.00  93.89
 -41.00 -10.00  93.49
 -41.00  -9.00  92.65
 -41.00  -8.00  91.52
 -41.00  -7.00  90.25
 -41.00  -6.00  88.96
 -41.00  -5.00  87.69
 -41.00  -4.00  86.45
 -41.00  -3.00  85.22
 -41.00  -2.00  83.96
 -41.00  -1.00  82.70
 -41.00   0.00  81.55
 -41.00   1.00  80.66
 -41.00   2.00  80.24
 -41.00   3.00  80.52
 -41.00   4.00  81.68
 -41.00   5.00  83.78
 -41.00   6.00  86.77
 -41.00   7.00  90.44
 -41.00   8.00  94.45
 -41.00   9.00  98.39
 -41.00  10.00 101.81
 -41.00  11.00 104.29
 -41.00  12.00 105.54
 -41.00  13.00 105.38
 -41.00  14.00 103.80
 -41.00  15.00 100.94
 -41.00  16.00  97.02
 -41.00  17.00  92.38
 -41.00  18.00  87.32
 -41.00  19.00  82.18
 -41.00  20.00  77.22
 -41.00  21.00  72.64
 -41.00  22.00  68.58
 -41.00  23.00  65.11
 -41.00  24.00  62.29
 -41.00  25.00  60.09
 -41.00  26.00  58.49
 -41.00  27.00  57.44
 -40.00 -37.00  78.22
 -40.00 -36.00  77.42
 -40.00 -35.00  76.29
 -40.00 -34.00  74.92
 -40.00 -33.00  73.47
 -40.00 -32.00  72.18
 -40.00 -31.00  71.29
 -40.00 -30.00  70.97
 -40.00 -29.00  71.31
 -40.00 -28.00  72.27
 -40.00 -27.00  73.71
 -40.00 -26.00  75.40
 -40.00 -25.00  77.10
 -40.00 -24.00  78.62
 -40.00 -23.00  79.84
 -40.00 -22.00  80.77
 -40.00 -21.00  81.51
 -40.00 -20.00  82.23
 -40.00 -19.00  83.10
 -40.00 -18.00  84.27
 -40.00 -17.00  85.78
 -40.00 -16.00  87.58
 -40.00 -15.00  89.53
 -40.00 -14.00  91.41
 -40.00 -13.00  92.99
 -40.00 -12.00  94.09
 -40.00 -11.00  94.60
 -40.00 -10.00  94.50
 -40.00  -9.00  93.88
 -40.00  -8.00  92.87
 -40.00  -7.00  91.63
 -40.00  -6.00  90.30
 -40.00  -5.00  88.96
 -40.00  -4.00  87.65
 -40.00  -3.00  86.36
 -40.00  -2.00  85.08
 -40.00  -1.00  83.80
 -40.00   0.00  82.58
 -40.00   1.00  81.54
 -40.00   2.00  80.88
 -40.00   3.00  80.80
 -40.00   4.00  81.50
 -40.00   5.00  83.10
 -40.00   6.00  85.63
 -40.00   7.00  88.96
 -40.00   8.00  92.81
 -40.00   9.00  96.82
 -40.00  10.00 100.55
 -40.00  11.00 103.56
 -40.00  12.00 105.50
 -40.00  13.00 106.12
 -40.00  14.00 105.30
 -40.00  15.00 103.11
 -40.00  16.00  99.72
 -40.00  17.00  95.41
 -40.00  18.00  90.49
 -40.00  19.00  85.30
 -40.00  20.00  80.14
 -40.00  21.00  75.25
 -40.00  22.00  70.81
 -40.00  23.00  66.94
 -40.00  24.00  63.71
 -40.00  25.00  61.14
 -40.00  26.00  59.20
 -40.00  27.00  57.85
 -39.00 -37.00  78.79
 -39.00 -36.00  78.09
 -39.00 -35.00  77.07
 -39.00 -34.00  75.76
 -39.00 -33.00  74.28
 -39.00 -32.00  72.85
 -39.00 -31.00  71.71
 -39.00 -30.00  71.06
 -39.00 -29.00  71.06
 -39.00 -28.00  71.72
 -39.00 -27.00  72.94
 -39.00 -26.00  74.54
 -39.00 -25.00  76.29
 -39.00 -24.00  77.94
 -39.00 -23.00  79.35
 -39.00 -22.00  80.46
 -39.00 -21.00  81.32
 -39.00 -20.00  82.07
 -39.00 -19.00  82.89
 -39.00 -18.00  83.94
 -39.00 -17.00  85.33
 -39.00 -16.00  87.04
 -39.00 -15.00  88.99
 -39.00 -14.00  90.98
 -39.00 -13.00  92.79
 -39.00 -12.00  94.21
 -39.00 -11.00  95.07
 -39.00 -10.00  95.32
 -39.00  -9.00  94.97
 -39.00  -8.00  94.15
 -39.00  -7.00  92.99
 -39.00  -6.00  91.64
 -39.00  -5.00  90.25
 -39.00  -4.00  88.86
 -39.00  -3.00  87.51
 -39.00  -2.00  86.18
 -39.00  -1.00  84.87
 -39.00   0.00  83.60
 -39.00   1.00  82.46
 -39.00   2.00  81.60
 -39.00   3.00  81.23
 -39.00   4.00  81.53
 -39.00   5.00  82.68
 -39.00   6.00  84.75
 -39.00   7.00  87.67
 -39.00   8.00  91.27
 -39.00   9.00  95.22
 -39.00  10.00  99.12
 -39.00  11.00 102.54
 -39.00  12.00 105.07
 -39.00  13.00 106.40
 -39.00  14.00 106.34
 -39.00  15.00 104.87
 -39.00  16.00 102.08
 -39.00  17.00  98.21
 -39.00  18.00  93.54
 -39.00  19.00  88.40
 -39.00  20.00  83.12
 -39.00  21.00  77.98
 -39.00  22.00  73.21
 -39.00  23.00  68.95
 -39.00  24.00  65.31
 -39.00  25.00  62.34
 -39.00  26.00  60.04
 -39.00  27.00  58.36
 -38.00 -37.00  79.34
 -38.00 -36.00  78.71
 -38.00 -35.00  77.80
 -38.00 -34.00  76.58
 -38.00 -33.00  75.12
 -38.00 -32.00  73.61
 -38.00 -31.00  72.26
 -38.00 -30.00  71.32
 -38.00 -29.00  70.97
 -38.00 -28.00  71.29
 -38.00 -27.00  72.25
 -38.00 -26.00  73.69
 -38.00 -25.00  75.41
 -38.00 -24.00  77.15
 -38.00 -23.00  78.72
 -38.00 -22.00  80.02
 -38.00 -21.00  81.03
 -38.00 -20.00  81.86
 -38.00 -19.00  82.66
 -38.00 -18.00  83.62
 -38.00 -17.00  84.87
 -38.00 -16.00  86.47
 -38.00 -15.00  88.37
 -38.00 -14.00  90.41
 -38.00 -13.00  92.40
 -38.00 -12.00  94.09
 -38.00 -11.00  95.31
 -38.00 -10.00  95.91
 -38.00  -9.00  95.89
 -38.00  -8.00  95.31
 -38.00  -7.00  94.29
 -38.00  -6.00  93.00
 -38.00  -5.00  91.57
 -38.00  -4.00  90.11
 -38.00  -3.00  88.68
 -38.00  -2.00  87.29
 -38.00  -1.00  85.93
 -38.00   0.00  84.61
 -38.00   1.00  83.39
 -38.00   2.00  82.39
 -38.00   3.00  81.77
 -38.00   4.00  81.74
 -38.00   5.00  82.46
 -38.00   6.00  84.07
 -38.00   7.00  86.56
 -38.00   8.00  89.83
 -38.00   9.00  93.62
 -38.00  10.00  97.57
 -38.00  11.00 101.26
 -38.00  12.00 104.28
 -38.00  13.00 106.25
 -38.00  14.00 106.93
 -38.00  15.00 106.20
 -38.00  16.00 104.08
 -38.00  17.00 100.74
 -38.00  18.00  96.43
 -38.00  19.00  91.46
 -38.00  20.00  86.16
 -38.00  21.00  80.85
 -38.00  22.00  75.78
 -38.00  23.00  71.16
 -38.00  24.00  67.12
 -38.00  25.00  63.74
 -38.00  26.00  61.04
 -38.00  27.00  59.02
 -37.00 -37.00  79.90
 -37.00 -36.00  79.31
 -37.00 -35.00  78.49
 -37.00 -34.00  77.38
 -37.00 -33.00  75.98
 -37.00 -32.00  74.43
 -37.00 -31.00  72.94
 -37.00 -30.00  71.75
 -37.00 -29.00  71.07
 -37.00 -28.00  71.03
 -37.00 -27.00  71.67
 -37.00 -26.00  72.89
 -37.00 -25.00  74.50
 -37.00 -24.00  76.26
 -37.00 -23.00  77.96
 -37.00 -22.00  79.43
 -37.00 -21.00  80.61
 -37.00 -20.00  81.55
 -37.00 -19.00  82.39
 -37.00 -18.00  83.29
 -37.00 -17.00  84.42
 -37.00 -16.00  85.89
 -37.00 -15.00  87.70
 -37.00 -14.00  89.74
 -37.00 -13.00  91.83
 -37.00 -12.00  93.76
 -37.00 -11.00  95.30
 -37.00 -10.00  96.27
 -37.00  -9.00  96.61
 -37.00  -8.00  96.33
 -37.00  -7.00  95.52
 -37.00  -6.00  94.33
 -37.00  -5.00  92.92
 -37.00  -4.00  91.41
 -37.00  -3.00  89.90
 -37.00  -2.00  88.43
 -37.00  -1.00  87.00
 -37.00   0.00  85.63
 -37.00   1.00  84.34
 -37.00   2.00  83.22
 -37.00   3.00  82.40
 -37.00   4.00  82.07
 -37.00   5.00  82.42
 -37.00   6.00  83.58
 -37.00   7.00  85.63
 -37.00   8.00  88.51
 -37.00   9.00  92.04
 -37.00  10.00  95.93
 -37.00  11.00  99.78
 -37.00  12.00 103.17
 -37.00  13.00 105.71
 -37.00  14.00 107.09
 -37.00  15.00 107.11
 -37.00  16.00 105.71
 -37.00  17.00 102.98
 -37.00  18.00  99.14
 -37.00  19.00  94.45
 -37.00  20.00  89.24
 -37.00  21.00  83.84
 -37.00  22.00  78.55
 -37.00  23.00  73.59
 -37.00  24.00  69.16
 -37.00  25.00  65.36
 -37.00  26.00  62.25
 -37.00  27.00  59.84
 -36.00 -37.00  80.49
 -36.00 -36.00  79.90
 -36.00 -35.00  79.15
 -36.00 -34.00  78.14
 -36.00 -33.00  76.84
 -36.00 -32.00  75.31
 -36.00 -31.00  73.73
 -36.00 -30.00  72.34
 -36.00 -29.00  71.35
 -36.00 -28.00  70.96
 -36.00 -27.00  71.24
 -36.00 -26.00  72.18
 -36.00 -25.00  73.61
 -36.00 -24.00  75.33
 -36.00 -23.00  77.10
 -36.00 -22.00  78.71
 -36.00 -21.00  80.07
 -36.00 -20.00  81.15
 -36.00 -19.00  82.06
 -36.00 -18.00  82.94
 -36.00 -17.00  83.98
 -36.00 -16.00  85.31
 -36.00 -15.00  86.99
 -36.00 -14.00  88.98
 -36.00 -13.00  91.12
 -36.00 -12.00  93.22
 -36.00 -11.00  95.04
 -36.00 -10.00  96.38
 -36.00  -9.00  97.10
 -36.00  -8.00  97.17
 -36.00  -7.00  96.63
 -36.00  -6.00  95.61
 -36.00  -5.00  94.27
 -36.00  -4.00  92.75
 -36.00  -3.00  91.17
 -36.00  -2.00  89.62
 -36.00  -1.00  88.11
 -36.00   0.00  86.66
 -36.00   1.00  85.30
 -36.00   2.00  84.08
 -36.00   3.00  83.10
 -36.00   4.00  82.52
 -36.00   5.00  82.52
 -36.00   6.00  83.27
 -36.00   7.00  84.87
 -36.00   8.00  87.32
 -36.00   9.00  90.53
 -36.00  10.00  94.25
 -36.00  11.00  98.14
 -36.00  12.00 101.79
 -36.00  13.00 104.81
 -36.00  14.00 106.82
 -36.00  15.00 107.57
 -36.00  16.00 106.92
 -36.00  17.00 104.89
 -36.00  18.00 101.60
 -36.00  19.00  97.30
 -36.00  20.00  92.29
 -36.00  21.00  86.91
 -36.00  22.00  81.47
 -36.00  23.00  76.24
 -36.00  24.00  71.44
 -36.00  25.00  67.23
 -36.00  26.00  63.69
 -36.00  27.00  60.87
 -35.00 -37.00  81.12
 -35.00 -36.00  80.49
 -35.00 -35.00  79.78
 -35.00 -34.00  78.87
 -35.00 -33.00  77.67
 -35.00 -32.00  76.20
 -35.00 -31.00  74.59
 -35.00 -30.00  73.05
 -35.00 -29.00  71.80
 -35.00 -28.00  71.07
 -35.00 -27.00  71.00
 -35.00 -26.00  71.60
 -35.00 -25.00  72.80
 -35.00 -24.00  74.40
 -35.00 -23.00  76.17
 -35.00 -22.00  77.90
 -35.00 -21.00  79.41
 -35.00 -20.00  80.65
 -35.00 -19.00  81.66
 -35.00 -18.00  82.56
 -35.00 -17.00  83.54
 -35.00 -16.00  84.75
 -35.00 -15.00  86.29
 -35.00 -14.00  88.18
 -35.00 -13.00  90.32
 -35.00 -12.00  92.52
 -35.00 -11.00  94.57
 -35.00 -10.00  96.24
 -35.00  -9.00  97.34
 -35.00  -8.00  97.79
 -35.00  -7.00  97.58
 -35.00  -6.00  96.79
 -35.00  -5.00  95.58
 -35.00  -4.00  94.09
 -35.00  -3.00  92.48
 -35.00  -2.00  90.85
 -35.00  -1.00  89.25
 -35.00   0.00  87.73
 -35.00   1.00  86.28
 -35.00   2.00  84.96
 -35.00   3.00  83.85
 -35.00   4.00  83.06
 -35.00   5.00  82.76
 -35.00   6.00  83.13
 -35.00   7.00  84.29
 -35.00   8.00  86.31
 -35.00   9.00  89.14
 -35.00  10.00  92.60
 -35.00  11.00  96.42
 -35.00  12.00 100.23
 -35.00  13.00 103.60
 -35.00  14.00 106.17
 -35.00  15.00 107.60
 -35.00  16.00 107.69
 -35.00  17.00 106.38
 -35.00  18.00 103.73
 -35.00  19.00  99.92
 -35.00  20.00  95.23
 -35.00  21.00  89.97
 -35.00  22.00  84.47
 -35.00  23.00  79.03
 -35.00  24.00  73.91
 -35.00  25.00  69.31
 -35.00  26.00  65.35
 -35.00  27.00  62.11
 -34.00 -37.00  81.80
 -34.00 -36.00  81.08
 -34.00 -35.00  80.38
 -34.00 -34.00  79.53
 -34.00 -33.00  78.43
 -34.00 -32.00  77.05
 -34.00 -31.00  75.46
 -34.00 -30.00  73.83
 -34.00 -29.00  72.39
 -34.00 -28.00  71.37
 -34.00 -27.00  70.94
 -34.00 -26.00  71.20
 -34.00 -25.00  72.11
 -34.00 -24.00  73.53
 -34.00 -23.00  75.25
 -34.00 -22.00  77.03
 -34.00 -21.00  78.67
 -34.00 -20.00  80.06
 -34.00 -19.00  81.20
 -34.00 -18.00  82.16
 -34.00 -17.00  83.11
 -34.00 -16.00  84.22
 -34.00 -15.00  85.63
 -34.00 -14.00  87.39
 -34.00 -13.00  89.47
 -34.00 -12.00  91.73
 -34.00 -11.00  93.94
 -34.00 -10.00  95.88
 -34.00  -9.00  97.34
 -34.00  -8.00  98.17
 -34.00  -7.00  98.31
 -34.00  -6.00  97.82
 -34.00  -5.00  96.79
 -34.00  -4.00  95.39
 -34.00  -3.00  93.78
 -34.00  -2.00  92.10
 -34.00  -1.00  90.42
 -34.00   0.00  88.80
 -34.00   1.00  87.27
 -34.00   2.00  85.86
 -34.00   3.00  84.62
 -34.00   4.00  83.66
 -34.00   5.00  83.12
 -34.00   6.00  83.15
 -34.00   7.00  83.91
 -34.00   8.00  85.51
 -34.00   9.00  87.93
 -34.00  10.00  91.09
 -34.00  11.00  94.74
 -34.00  12.00  98.58
 -34.00  13.00 102.19
 -34.00  14.00 105.20
 -34.00  15.00 107.23
 -34.00  16.00 108.03
 -34.00  17.00 107.44
 -34.00  18.00 105.46
 -34.00  19.00 102.21
 -34.00  20.00  97.91
 -34.00  21.00  92.87
 -34.00  22.00  87.41
 -34.00  23.00  81.86
 -34.00  24.00  76.49
 -34.00  25.00  71.54
 -34.00  26.00  67.18
 -34.00  27.00  63.51
 -33.00 -37.00  82.51
 -33.00 -36.00  81.67
 -33.00 -35.00  80.93
 -33.00 -34.00  80.12
 -33.00 -33.00  79.10
 -33.00 -32.00  77.81
 -33.00 -31.00  76.27
 -33.00 -30.00  74.61
 -33.00 -29.00  73.04
 -33.00 -28.00  71.78
 -33.00 -27.00  71.06
 -33.00 -26.00  70.99
 -33.00 -25.00  71.60
 -33.00 -24.00  72.80
 -33.00 -23.00  74.40
 -33.00 -22.00  76.18
 -33.00 -21.00  77.91
 -33.00 -20.00  79.43
 -33.00 -19.00  80.69
 -33.00 -18.00  81.74
 -33.00 -17.00  82.70
 -33.00 -16.00  83.74
 -33.00 -15.00  85.04
 -33.00 -14.00  86.68
 -33.00 -13.00  88.67
 -33.00 -12.00  90.92
 -33.00 -11.00  93.23
 -33.00 -10.00  95.39
 -33.00  -9.00  97.15
 -33.00  -8.00  98.33
 -33.00  -7.00  98.83
 -33.00  -6.00  98.64
 -33.00  -5.00  97.85
 -33.00  -4.00  96.59
 -33.00  -3.00  95.02
 -33.00  -2.00  93.31
 -33.00  -1.00  91.56
 -33.00   0.00  89.85
 -33.00   1.00  88.23
 -33.00   2.00  86.73
 -33.00   3.00  85.39
 -33.00   4.00  84.29
 -33.00   5.00  83.54
 -33.00   6.00  83.30
 -33.00   7.00  83.72
 -33.00   8.00  84.93
 -33.00   9.00  86.97
 -33.00  10.00  89.79
 -33.00  11.00  93.22
 -33.00  12.00  96.99
 -33.00  13.00 100.73
 -33.00  14.00 104.05
 -33.00  15.00 106.57
 -33.00  16.00 107.97
 -33.00  17.00 108.05
 -33.00  18.00 106.73
 -33.00  19.00 104.06
 -33.00  20.00 100.22
 -33.00  21.00  95.47
 -33.00  22.00  90.14
 -33.00  23.00  84.54
 -33.00  24.00  79.00
 -33.00  25.00  73.77
 -33.00  26.00  69.06
 -33.00  27.00  65.01
 -32.00 -37.00  83.21
 -32.00 -36.00  82.24
 -32.00 -35.00  81.42
 -32.00 -34.00  80.61
 -32.00 -33.00  79.65
 -32.00 -32.00  78.44
 -32.00 -31.00  76.96
 -32.00 -30.00  75.31
 -32.00 -29.00  73.66
 -32.00 -28.00  72.24
 -32.00 -27.00  71.27
 -32.00 -26.00  70.93
 -32.00 -25.00  71.27
 -32.00 -24.00  72.24
 -32.00 -23.00  73.71
 -32.00 -22.00  75.43
 -32.00 -21.00  77.20
 -32.00 -20.00  78.82
 -32.00 -19.00  80.19
 -32.00 -18.00  81.33
 -32.00 -17.00  82.32
 -32.00 -16.00  83.33
 -32.00 -15.00  84.54
 -32.00 -14.00  86.07
 -32.00 -13.00  87.98
 -32.00 -12.00  90.19
 -32.00 -11.00  92.56
 -32.00 -10.00  94.86
 -32.00  -9.00  96.86
 -32.00  -8.00  98.34
 -32.00  -7.00  99.16
 -32.00  -6.00  99.27
 -32.00  -5.00  98.71
 -32.00  -4.00  97.61
 -32.00  -3.00  96.12
 -32.00  -2.00  94.41
 -32.00  -1.00  92.61
 -32.00   0.00  90.83
 -32.00   1.00  89.13
 -32.00   2.00  87.54
 -32.00   3.00  86.11
 -32.00   4.00  84.89
 -32.00   5.00  83.99
 -32.00   6.00  83.53
 -32.00   7.00  83.68
 -32.00   8.00  84.56
 -32.00   9.00  86.26
 -32.00  10.00  88.76
 -32.00  11.00  91.95
 -32.00  12.00  95.60
 -32.00  13.00  99.38
 -32.00  14.00 102.90
 -32.00  15.00 105.78
 -32.00  16.00 107.66
 -32.00  17.00 108.30
 -32.00  18.00 107.56
 -32.00  19.00 105.43
 -32.00  20.00 102.04
 -32.00  21.00  97.61
 -32.00  22.00  92.46
 -32.00  23.00  86.89
 -32.00  24.00  81.25
 -32.00  25.00  75.81
 -32.00  26.00  70.81
 -32.00  27.00  66.43
 -31.00 -37.00  83.83
 -31.00 -36.00  82.74
 -31.00 -35.00  81.84
 -31.00 -34.00  81.01
 -31.00 -33.00  80.07
 -31.00 -32.00  78.92
 -31.00 -31.00  77.50
 -31.00 -30.00  75.86
 -31.00 -29.00  74.18
 -31.00 -28.00  72.65
 -31.00 -27.00  71.52
 -31.00 -26.00  70.96
 -31.00 -25.00  71.08
 -31.00 -24.00  71.87
 -31.00 -23.00  73.19
 -31.00 -22.00  74.86
 -31.00 -21.00  76.63
 -31.00 -20.00  78.31
 -31.00 -19.00  79.76
 -31.00 -18.00  80.97
 -31.00 -17.00  82.00
 -31.00 -16.00  83.01
 -31.00 -15.00  84.17
 -31.00 -14.00  85.62
 -31.00 -13.00  87.45
 -31.00 -12.00  89.62
 -31.00 -11.00  92.01
 -31.00 -10.00  94.42
 -31.00  -9.00  96.59
 -31.00  -8.00  98.30
 -31.00  -7.00  99.37
 -31.00  -6.00  99.73
 -31.00  -5.00  99.39
 -31.00  -4.00  98.44
 -31.00  -3.00  97.03
 -31.00  -2.00  95.33
 -31.00  -1.00  93.51
 -31.00   0.00  91.67
 -31.00   1.00  89.90
 -31.00   2.00  88.23
 -31.00   3.00  86.72
 -31.00   4.00  85.42
 -31.00   5.00  84.40
 -31.00   6.00  83.79
 -31.00   7.00  83.73
 -31.00   8.00  84.37
 -31.00   9.00  85.80
 -31.00  10.00  88.05
 -31.00  11.00  91.02
 -31.00  12.00  94.53
 -31.00  13.00  98.28
 -31.00  14.00 101.90
 -31.00  15.00 105.02
 -31.00  16.00 107.25
 -31.00  17.00 108.31
 -31.00  18.00 108.02
 -31.00  19.00 106.33
 -31.00  20.00 103.32
 -31.00  21.00  99.19
 -31.00  22.00  94.22
 -31.00  23.00  88.72
 -31.00  24.00  83.03
 -31.00  25.00  77.45
 -31.00  26.00  72.24
 -31.00  27.00  67.60
 -30.00 -37.00  84.77
 -30.00 -36.00  83.64
 -30.00 -35.00  82.74
 -30.00 -34.00  81.94
 -30.00 -33.00  81.07
 -30.00 -32.00  80.00
 -30.00 -31.00  78.65
 -30.00 -30.00  77.06
 -30.00 -29.00  75.38
 -30.00 -28.00  73.80
 -30.00 -27.00  72.57
 -30.00 -26.00  71.88
 -30.00 -25.00  71.87
 -30.00 -24.00  72.53
 -30.00 -23.00  73.76
 -30.00 -22.00  75.36
 -30.00 -21.00  77.11
 -30.00 -20.00  78.80
 -30.00 -19.00  80.26
 -30.00 -18.00  81.47
 -30.00 -17.00  82.48
 -30.00 -16.00  83.42
 -30.00 -15.00  84.50
 -30.00 -14.00  85.85
 -30.00 -13.00  87.59
 -30.00 -12.00  89.70
 -30.00 -11.00  92.08
 -30.00 -10.00  94.52
 -30.00  -9.00  96.78
 -30.00  -8.00  98.62
 -30.00  -7.00  99.83
 -30.00  -6.00 100.31
 -30.00  -5.00 100.05
 -30.00  -4.00  99.13
 -30.00  -3.00  97.71
 -30.00  -2.00  95.96
 -30.00  -1.00  94.06
 -30.00   0.00  92.14
 -30.00   1.00  90.28
 -30.00   2.00  88.55
 -30.00   3.00  86.98
 -30.00   4.00  85.60
 -30.00   5.00  84.49
 -30.00   6.00  83.74
 -30.00   7.00  83.50
 -30.00   8.00  83.90
 -30.00   9.00  85.06
 -30.00  10.00  87.02
 -30.00  11.00  89.75
 -30.00  12.00  93.09
 -30.00  13.00  96.77
 -30.00  14.00 100.46
 -30.00  15.00 103.75
 -30.00  16.00 106.28
 -30.00  17.00 107.72
 -30.00  18.00 107.84
 -30.00  19.00 106.56
 -30.00  20.00 103.92
 -30.00  21.00 100.08
 -30.00  22.00  95.30
 -30.00  23.00  89.91
 -30.00  24.00  84.24
 -30.00  25.00  78.63
 -30.00  26.00  73.35
 -30.00  27.00  68.62
