 -83.00 -37.00  25.74
 -83.00 -36.00  25.68
 -83.00 -35.00  25.82
 -83.00 -34.00  26.29
 -83.00 -33.00  27.24
 -83.00 -32.00  28.82
 -83.00 -31.00  31.17
 -83.00 -30.00  34.34
 -83.00 -29.00  38.29
 -83.00 -28.00  42.91
 -83.00 -27.00  47.93
 -83.00 -26.00  53.02
 -83.00 -25.00  57.80
 -83.00 -24.00  61.88
 -83.00 -23.00  64.90
 -83.00 -22.00  66.65
 -83.00 -21.00  67.01
 -83.00 -20.00  66.04
 -83.00 -19.00  63.93
 -83.00 -18.00  60.98
 -83.00 -17.00  57.55
 -83.00 -16.00  53.97
 -83.00 -15.00  50.57
 -83.00 -14.00  47.53
 -83.00 -13.00  44.99
 -83.00 -12.00  42.96
 -83.00 -11.00  41.39
 -83.00 -10.00  40.20
 -83.00  -9.00  39.32
 -83.00  -8.00  38.69
 -83.00  -7.00  38.29
 -83.00  -6.00  38.11
 -83.00  -5.00  38.17
 -83.00  -4.00  38.45
 -83.00  -3.00  38.91
 -83.00  -2.00  39.43
 -83.00  -1.00  39.88
 -83.00   0.00  40.09
 -83.00   1.00  39.91
 -83.00   2.00  39.23
 -83.00   3.00  38.04
 -83.00   4.00  36.40
 -83.00   5.00  34.46
 -83.00   6.00  32.44
 -83.00   7.00  30.57
 -83.00   8.00  29.05
 -83.00   9.00  28.02
 -83.00  10.00  27.54
 -83.00  11.00  27.55
 -83.00  12.00  27.92
 -83.00  13.00  28.50
 -83.00  14.00  29.09
 -83.00  15.00  29.58
 -83.00  16.00  29.87
 -83.00  17.00  29.97
 -83.00  18.00  29.93
 -83.00  19.00  29.84
 -83.00  20.00  29.76
 -83.00  21.00  29.77
 -83.00  22.00  29.86
 -83.00  23.00  29.98
 -83.00  24.00  30.06
 -83.00  25.00  30.00
 -83.00  26.00  29.75
 -83.00  27.00  29.30
 -82.00 -37.00  25.47
 -82.00 -36.00  25.44
 -82.00 -35.00  25.61
 -82.00 -34.00  26.12
 -82.00 -33.00  27.11
 -82.00 -32.00  28.73
 -82.00 -31.00  31.10
 -82.00 -30.00  34.26
 -82.00 -29.00  38.19
 -82.00 -28.00  42.74
 -82.00 -27.00  47.66
 -82.00 -26.00  52.64
 -82.00 -25.00  57.28
 -82.00 -24.00  61.21
 -82.00 -23.00  64.10
 -82.00 -22.00  65.73
 -82.00 -21.00  66.00
 -82.00 -20.00  64.98
 -82.00 -19.00  62.86
 -82.00 -18.00  59.92
 -82.00 -17.00  56.53
 -82.00 -16.00  53.02
 -82.00 -15.00  49.68
 -82.00 -14.00  46.72
 -82.00 -13.00  44.24
 -82.00 -12.00  42.27
 -82.00 -11.00  40.74
 -82.00 -10.00  39.59
 -82.00  -9.00  38.74
 -82.00  -8.00  38.12
 -82.00  -7.00  37.72
 -82.00  -6.00  37.54
 -82.00  -5.00  37.58
 -82.00  -4.00  37.82
 -82.00  -3.00  38.22
 -82.00  -2.00  38.68
 -82.00  -1.00  39.05
 -82.00   0.00  39.18
 -82.00   1.00  38.93
 -82.00   2.00  38.22
 -82.00   3.00  37.02
 -82.00   4.00  35.40
 -82.00   5.00  33.54
 -82.00   6.00  31.62
 -82.00   7.00  29.86
 -82.00   8.00  28.47
 -82.00   9.00  27.56
 -82.00  10.00  27.16
 -82.00  11.00  27.23
 -82.00  12.00  27.63
 -82.00  13.00  28.21
 -82.00  14.00  28.79
 -82.00  15.00  29.26
 -82.00  16.00  29.54
 -82.00  17.00  29.64
 -82.00  18.00  29.61
 -82.00  19.00  29.53
 -82.00  20.00  29.48
 -82.00  21.00  29.49
 -82.00  22.00  29.57
 -82.00  23.00  29.68
 -82.00  24.00  29.72
 -82.00  25.00  29.62
 -82.00  26.00  29.33
 -82.00  27.00  28.86
 -81.00 -37.00  25.20
 -81.00 -36.00  25.18
 -81.00 -35.00  25.38
 -81.00 -34.00  25.91
 -81.00 -33.00  26.93
 -81.00 -32.00  28.56
 -81.00 -31.00  30.92
 -81.00 -30.00  34.05
 -81.00 -29.00  37.91
 -81.00 -28.00  42.37
 -81.00 -27.00  47.19
 -81.00 -26.00  52.04
 -81.00 -25.00  56.56
 -81.00 -24.00  60.38
 -81.00 -23.00  63.17
 -81.00 -22.00  64.73
 -81.00 -21.00  64.97
 -81.00 -20.00  63.94
 -81.00 -19.00  61.83
 -81.00 -18.00  58.94
 -81.00 -17.00  55.61
 -81.00 -16.00  52.16
 -81.00 -15.00  48.88
 -81.00 -14.00  45.98
 -81.00 -13.00  43.54
 -81.00 -12.00  41.61
 -81.00 -11.00  40.11
 -81.00 -10.00  38.98
 -81.00  -9.00  38.14
 -81.00  -8.00  37.53
 -81.00  -7.00  37.13
 -81.00  -6.00  36.93
 -81.00  -5.00  36.94
 -81.00  -4.00  37.13
 -81.00  -3.00  37.47
 -81.00  -2.00  37.85
 -81.00  -1.00  38.14
 -81.00   0.00  38.20
 -81.00   1.00  37.91
 -81.00   2.00  37.17
 -81.00   3.00  35.98
 -81.00   4.00  34.43
 -81.00   5.00  32.64
 -81.00   6.00  30.83
 -81.00   7.00  29.19
 -81.00   8.00  27.91
 -81.00   9.00  27.09
 -81.00  10.00  26.76
 -81.00  11.00  26.87
 -81.00  12.00  27.29
 -81.00  13.00  27.87
 -81.00  14.00  28.44
 -81.00  15.00  28.90
 -81.00  16.00  29.18
 -81.00  17.00  29.29
 -81.00  18.00  29.27
 -81.00  19.00  29.20
 -81.00  20.00  29.16
 -81.00  21.00  29.18
 -81.00  22.00  29.25
 -81.00  23.00  29.33
 -81.00  24.00  29.33
 -81.00  25.00  29.20
 -81.00  26.00  28.88
 -81.00  27.00  28.40
 -80.00 -37.00  24.93
 -80.00 -36.00  24.92
 -80.00 -35.00  25.14
 -80.00 -34.00  25.69
 -80.00 -33.00  26.71
 -80.00 -32.00  28.33
 -80.00 -31.00  30.65
 -80.00 -30.00  33.71
 -80.00 -29.00  37.49
 -80.00 -28.00  41.84
 -80.00 -27.00  46.54
 -80.00 -26.00  51.27
 -80.00 -25.00  55.68
 -80.00 -24.00  59.41
 -80.00 -23.00  62.14
 -80.00 -22.00  63.67
 -80.00 -21.00  63.91
 -80.00 -20.00  62.91
 -80.00 -19.00  60.85
 -80.00 -18.00  58.02
 -80.00 -17.00  54.75
 -80.00 -16.00  51.37
 -80.00 -15.00  48.14
 -80.00 -14.00  45.28
 -80.00 -13.00  42.88
 -80.00 -12.00  40.97
 -80.00 -11.00  39.49
 -80.00 -10.00  38.38
 -80.00  -9.00  37.54
 -80.00  -8.00  36.93
 -80.00  -7.00  36.52
 -80.00  -6.00  36.29
 -80.00  -5.00  36.26
 -80.00  -4.00  36.39
 -80.00  -3.00  36.65
 -80.00  -2.00  36.95
 -80.00  -1.00  37.17
 -80.00   0.00  37.17
 -80.00   1.00  36.84
 -80.00   2.00  36.10
 -80.00   3.00  34.95
 -80.00   4.00  33.46
 -80.00   5.00  31.77
 -80.00   6.00  30.06
 -80.00   7.00  28.54
 -80.00   8.00  27.36
 -80.00   9.00  26.62
 -80.00  10.00  26.35
 -80.00  11.00  26.49
 -80.00  12.00  26.92
 -80.00  13.00  27.48
 -80.00  14.00  28.05
 -80.00  15.00  28.50
 -80.00  16.00  28.78
 -80.00  17.00  28.90
 -80.00  18.00  28.90
 -80.00  19.00  28.86
 -80.00  20.00  28.83
 -80.00  21.00  28.84
 -80.00  22.00  28.90
 -80.00  23.00  28.95
 -80.00  24.00  28.92
 -80.00  25.00  28.75
 -80.00  26.00  28.40
 -80.00  27.00  27.91
 -79.00 -37.00  24.66
 -79.00 -36.00  24.66
 -79.00 -35.00  24.89
 -79.00 -34.00  25.44
 -79.00 -33.00  26.45
 -79.00 -32.00  28.04
 -79.00 -31.00  30.31
 -79.00 -30.00  33.29
 -79.00 -29.00  36.96
 -79.00 -28.00  41.19
 -79.00 -27.00  45.76
 -79.00 -26.00  50.37
 -79.00 -25.00  54.68
 -79.00 -24.00  58.34
 -79.00 -23.00  61.04
 -79.00 -22.00  62.56
 -79.00 -21.00  62.83
 -79.00 -20.00  61.88
 -79.00 -19.00  59.90
 -79.00 -18.00  57.15
 -79.00 -17.00  53.95
 -79.00 -16.00  50.63
 -79.00 -15.00  47.45
 -79.00 -14.00  44.62
 -79.00 -13.00  42.25
 -79.00 -12.00  40.35
 -79.00 -11.00  38.88
 -79.00 -10.00  37.77
 -79.00  -9.00  36.94
 -79.00  -8.00  36.32
 -79.00  -7.00  35.89
 -79.00  -6.00  35.63
 -79.00  -5.00  35.54
 -79.00  -4.00  35.61
 -79.00  -3.00  35.79
 -79.00  -2.00  36.01
 -79.00  -1.00  36.15
 -79.00   0.00  36.09
 -79.00   1.00  35.73
 -79.00   2.00  35.00
 -79.00   3.00  33.90
 -79.00   4.00  32.48
 -79.00   5.00  30.90
 -79.00   6.00  29.31
 -79.00   7.00  27.89
 -79.00   8.00  26.81
 -79.00   9.00  26.14
 -79.00  10.00  25.91
 -79.00  11.00  26.07
 -79.00  12.00  26.50
 -79.00  13.00  27.06
 -79.00  14.00  27.62
 -79.00  15.00  28.07
 -79.00  16.00  28.36
 -79.00  17.00  28.49
 -79.00  18.00  28.52
 -79.00  19.00  28.49
 -79.00  20.00  28.46
 -79.00  21.00  28.48
 -79.00  22.00  28.51
 -79.00  23.00  28.53
 -79.00  24.00  28.47
 -79.00  25.00  28.27
 -79.00  26.00  27.90
 -79.00  27.00  27.39
 -78.00 -37.00  24.39
 -78.00 -36.00  24.40
 -78.00 -35.00  24.63
 -78.00 -34.00  25.18
 -78.00 -33.00  26.18
 -78.00 -32.00  27.72
 -78.00 -31.00  29.92
 -78.00 -30.00  32.80
 -78.00 -29.00  36.35
 -78.00 -28.00  40.45
 -78.00 -27.00  44.88
 -78.00 -26.00  49.38
 -78.00 -25.00  53.59
 -78.00 -24.00  57.19
 -78.00 -23.00  59.87
 -78.00 -22.00  61.42
 -78.00 -21.00  61.74
 -78.00 -20.00  60.87
 -78.00 -19.00  58.97
 -78.00 -18.00  56.31
 -78.00 -17.00  53.18
 -78.00 -16.00  49.92
 -78.00 -15.00  46.79
 -78.00 -14.00  43.99
 -78.00 -13.00  41.63
 -78.00 -12.00  39.74
 -78.00 -11.00  38.27
 -78.00 -10.00  37.16
 -78.00  -9.00  36.32
 -78.00  -8.00  35.70
 -78.00  -7.00  35.24
 -78.00  -6.00  34.94
 -78.00  -5.00  34.80
 -78.00  -4.00  34.79
 -78.00  -3.00  34.89
 -78.00  -2.00  35.02
 -78.00  -1.00  35.08
 -78.00   0.00  34.98
 -78.00   1.00  34.59
 -78.00   2.00  33.88
 -78.00   3.00  32.83
 -78.00   4.00  31.50
 -78.00   5.00  30.02
 -78.00   6.00  28.55
 -78.00   7.00  27.25
 -78.00   8.00  26.25
 -78.00   9.00  25.65
 -78.00  10.00  25.46
 -78.00  11.00  25.63
 -78.00  12.00  26.06
 -78.00  13.00  26.61
 -78.00  14.00  27.16
 -78.00  15.00  27.61
 -78.00  16.00  27.91
 -78.00  17.00  28.06
 -78.00  18.00  28.11
 -78.00  19.00  28.10
 -78.00  20.00  28.08
 -78.00  21.00  28.09
 -78.00  22.00  28.10
 -78.00  23.00  28.09
 -78.00  24.00  27.99
 -78.00  25.00  27.76
 -78.00  26.00  27.37
 -78.00  27.00  26.86
 -77.00 -37.00  24.12
 -77.00 -36.00  24.14
 -77.00 -35.00  24.37
 -77.00 -34.00  24.92
 -77.00 -33.00  25.88
 -77.00 -32.00  27.38
 -77.00 -31.00  29.49
 -77.00 -30.00  32.27
 -77.00 -29.00  35.69
 -77.00 -28.00  39.65
 -77.00 -27.00  43.95
 -77.00 -26.00  48.32
 -77.00 -25.00  52.45
 -77.00 -24.00  55.99
 -77.00 -23.00  58.66
 -77.00 -22.00  60.24
 -77.00 -21.00  60.63
 -77.00 -20.00  59.85
 -77.00 -19.00  58.05
 -77.00 -18.00  55.48
 -77.00 -17.00  52.44
 -77.00 -16.00  49.24
 -77.00 -15.00  46.15
 -77.00 -14.00  43.37
 -77.00 -13.00  41.02
 -77.00 -12.00  39.13
 -77.00 -11.00  37.66
 -77.00 -10.00  36.55
 -77.00  -9.00  35.70
 -77.00  -8.00  35.06
 -77.00  -7.00  34.58
 -77.00  -6.00  34.24
 -77.00  -5.00  34.03
 -77.00  -4.00  33.95
 -77.00  -3.00  33.96
 -77.00  -2.00  34.00
 -77.00  -1.00  33.99
 -77.00   0.00  33.83
 -77.00   1.00  33.43
 -77.00   2.00  32.73
 -77.00   3.00  31.74
 -77.00   4.00  30.51
 -77.00   5.00  29.14
 -77.00   6.00  27.79
 -77.00   7.00  26.59
 -77.00   8.00  25.68
 -77.00   9.00  25.14
 -77.00  10.00  24.99
 -77.00  11.00  25.17
 -77.00  12.00  25.59
 -77.00  13.00  26.12
 -77.00  14.00  26.66
 -77.00  15.00  27.12
 -77.00  16.00  27.43
 -77.00  17.00  27.61
 -77.00  18.00  27.68
 -77.00  19.00  27.69
 -77.00  20.00  27.68
 -77.00  21.00  27.68
 -77.00  22.00  27.67
 -77.00  23.00  27.62
 -77.00  24.00  27.49
 -77.00  25.00  27.23
 -77.00  26.00  26.82
 -77.00  27.00  26.30
 -76.00 -37.00  23.59
 -76.00 -36.00  23.58
 -76.00 -35.00  23.78
 -76.00 -34.00  24.28
 -76.00 -33.00  25.17
 -76.00 -32.00  26.56
 -76.00 -31.00  28.51
 -76.00 -30.00  31.08
 -76.00 -29.00  34.26
 -76.00 -28.00  37.96
 -76.00 -27.00  42.00
 -76.00 -26.00  46.13
 -76.00 -25.00  50.07
 -76.00 -24.00  53.49
 -76.00 -23.00  56.11
 -76.00 -22.00  57.71
 -76.00 -21.00  58.19
 -76.00 -20.00  57.55
 -76.00 -19.00  55.93
 -76.00 -18.00  53.55
 -76.00 -17.00  50.70
 -76.00 -16.00  47.66
 -76.00 -15.00  44.71
 -76.00 -14.00  42.04
 -76.00 -13.00  39.77
 -76.00 -12.00  37.94
 -76.00 -11.00  36.53
 -76.00 -10.00  35.47
 -76.00  -9.00  34.69
 -76.00  -8.00  34.11
 -76.00  -7.00  33.69
 -76.00  -6.00  33.40
 -76.00  -5.00  33.23
 -76.00  -4.00  33.17
 -76.00  -3.00  33.18
 -76.00  -2.00  33.20
 -76.00  -1.00  33.16
 -76.00   0.00  32.96
 -76.00   1.00  32.54
 -76.00   2.00  31.83
 -76.00   3.00  30.85
 -76.00   4.00  29.64
 -76.00   5.00  28.31
 -76.00   6.00  27.00
 -76.00   7.00  25.84
 -76.00   8.00  24.96
 -76.00   9.00  24.44
 -76.00  10.00  24.29
 -76.00  11.00  24.47
 -76.00  12.00  24.89
 -76.00  13.00  25.44
 -76.00  14.00  26.00
 -76.00  15.00  26.48
 -76.00  16.00  26.84
 -76.00  17.00  27.07
 -76.00  18.00  27.18
 -76.00  19.00  27.22
 -76.00  20.00  27.23
 -76.00  21.00  27.22
 -76.00  22.00  27.18
 -76.00  23.00  27.08
 -76.00  24.00  26.89
 -76.00  25.00  26.57
 -76.00  26.00  26.12
 -76.00  27.00  25.56
 -75.00 -37.00  23.05
 -75.00 -36.00  23.01
 -75.00 -35.00  23.18
 -75.00 -34.00  23.63
 -75.00 -33.00  24.44
 -75.00 -32.00  25.70
 -75.00 -31.00  27.49
 -75.00 -30.00  29.85
 -75.00 -29.00  32.78
 -75.00 -28.00  36.21
 -75.00 -27.00  39.98
 -75.00 -26.00  43.88
 -75.00 -25.00  47.62
 -75.00 -24.00  50.92
 -75.00 -23.00  53.49
 -75.00 -22.00  55.12
 -75.00 -21.00  55.70
 -75.00 -20.00  55.21
 -75.00 -19.00  53.78
 -75.00 -18.00  51.60
 -75.00 -17.00  48.94
 -75.00 -16.00  46.07
 -75.00 -15.00  43.25
 -75.00 -14.00  40.69
 -75.00 -13.00  38.50
 -75.00 -12.00  36.73
 -75.00 -11.00  35.38
 -75.00 -10.00  34.38
 -75.00  -9.00  33.65
 -75.00  -8.00  33.13
 -75.00  -7.00  32.77
 -75.00  -6.00  32.53
 -75.00  -5.00  32.40
 -75.00  -4.00  32.36
 -75.00  -3.00  32.36
 -75.00  -2.00  32.37
 -75.00  -1.00  32.30
 -75.00   0.00  32.07
 -75.00   1.00  31.63
 -75.00   2.00  30.92
 -75.00   3.00  29.95
 -75.00   4.00  28.78
 -75.00   5.00  27.49
 -75.00   6.00  26.22
 -75.00   7.00  25.11
 -75.00   8.00  24.27
 -75.00   9.00  23.76
 -75.00  10.00  23.62
 -75.00  11.00  23.79
 -75.00  12.00  24.21
 -75.00  13.00  24.76
 -75.00  14.00  25.34
 -75.00  15.00  25.85
 -75.00  16.00  26.25
 -75.00  17.00  26.53
 -75.00  18.00  26.69
 -75.00  19.00  26.77
 -75.00  20.00  26.79
 -75.00  21.00  26.77
 -75.00  22.00  26.70
 -75.00  23.00  26.55
 -75.00  24.00  26.30
 -75.00  25.00  25.93
 -75.00  26.00  25.43
 -75.00  27.00  24.85
 -74.00 -37.00  22.51
 -74.00 -36.00  22.43
 -74.00 -35.00  22.56
 -74.00 -34.00  22.96
 -74.00 -33.00  23.68
 -74.00 -32.00  24.81
 -74.00 -31.00  26.43
 -74.00 -30.00  28.58
 -74.00 -29.00  31.25
 -74.00 -28.00  34.41
 -74.00 -27.00  37.92
 -74.00 -26.00  41.57
 -74.00 -25.00  45.12
 -74.00 -24.00  48.29
 -74.00 -23.00  50.81
 -74.00 -22.00  52.48
 -74.00 -21.00  53.16
 -74.00 -20.00  52.84
 -74.00 -19.00  51.61
 -74.00 -18.00  49.63
 -74.00 -17.00  47.17
 -74.00 -16.00  44.47
 -74.00 -15.00  41.79
 -74.00 -14.00  39.34
 -74.00 -13.00  37.23
 -74.00 -12.00  35.52
 -74.00 -11.00  34.22
 -74.00 -10.00  33.26
 -74.00  -9.00  32.59
 -74.00  -8.00  32.13
 -74.00  -7.00  31.83
 -74.00  -6.00  31.64
 -74.00  -5.00  31.54
 -74.00  -4.00  31.51
 -74.00  -3.00  31.52
 -74.00  -2.00  31.50
 -74.00  -1.00  31.41
 -74.00   0.00  31.16
 -74.00   1.00  30.71
 -74.00   2.00  30.01
 -74.00   3.00  29.06
 -74.00   4.00  27.93
 -74.00   5.00  26.69
 -74.00   6.00  25.48
 -74.00   7.00  24.41
 -74.00   8.00  23.60
 -74.00   9.00  23.11
 -74.00  10.00  22.97
 -74.00  11.00  23.14
 -74.00  12.00  23.54
 -74.00  13.00  24.09
 -74.00  14.00  24.68
 -74.00  15.00  25.23
 -74.00  16.00  25.68
 -74.00  17.00  26.01
 -74.00  18.00  26.22
 -74.00  19.00  26.33
 -74.00  20.00  26.37
 -74.00  21.00  26.34
 -74.00  22.00  26.24
 -74.00  23.00  26.05
 -74.00  24.00  25.74
 -74.00  25.00  25.32
 -74.00  26.00  24.78
 -74.00  27.00  24.17
 -73.00 -37.00  21.97
 -73.00 -36.00  21.86
 -73.00 -35.00  21.94
 -73.00 -34.00  22.27
 -73.00 -33.00  22.90
 -73.00 -32.00  23.90
 -73.00 -31.00  25.34
 -73.00 -30.00  27.27
 -73.00 -29.00  29.69
 -73.00 -28.00  32.57
 -73.00 -27.00  35.79
 -73.00 -26.00  39.20
 -73.00 -25.00  42.55
 -73.00 -24.00  45.59
 -73.00 -23.00  48.08
 -73.00 -22.00  49.79
 -73.00 -21.00  50.59
 -73.00 -20.00  50.44
 -73.00 -19.00  49.42
 -73.00 -18.00  47.67
 -73.00 -17.00  45.41
 -73.00 -16.00  42.89
 -73.00 -15.00  40.36
 -73.00 -14.00  38.00
 -73.00 -13.00  35.97
 -73.00 -12.00  34.32
 -73.00 -11.00  33.06
 -73.00 -10.00  32.15
 -73.00  -9.00  31.52
 -73.00  -8.00  31.12
 -73.00  -7.00  30.86
 -73.00  -6.00  30.72
 -73.00  -5.00  30.66
 -73.00  -4.00  30.65
 -73.00  -3.00  30.65
 -73.00  -2.00  30.62
 -73.00  -1.00  30.51
 -73.00   0.00  30.24
 -73.00   1.00  29.78
 -73.00   2.00  29.10
 -73.00   3.00  28.19
 -73.00   4.00  27.11
 -73.00   5.00  25.93
 -73.00   6.00  24.78
 -73.00   7.00  23.76
 -73.00   8.00  22.98
 -73.00   9.00  22.50
 -73.00  10.00  22.35
 -73.00  11.00  22.51
 -73.00  12.00  22.90
 -73.00  13.00  23.44
 -73.00  14.00  24.04
 -73.00  15.00  24.62
 -73.00  16.00  25.11
 -73.00  17.00  25.49
 -73.00  18.00  25.76
 -73.00  19.00  25.92
 -73.00  20.00  25.98
 -73.00  21.00  25.94
 -73.00  22.00  25.81
 -73.00  23.00  25.58
 -73.00  24.00  25.23
 -73.00  25.00  24.75
 -73.00  26.00  24.18
 -73.00  27.00  23.54
 -72.00 -37.00  21.45
 -72.00 -36.00  21.29
 -72.00 -35.00  21.32
 -72.00 -34.00  21.58
 -72.00 -33.00  22.11
 -72.00 -32.00  22.98
 -72.00 -31.00  24.23
 -72.00 -30.00  25.93
 -72.00 -29.00  28.09
 -72.00 -28.00  30.68
 -72.00 -27.00  33.63
 -72.00 -26.00  36.78
 -72.00 -25.00  39.93
 -72.00 -24.00  42.85
 -72.00 -23.00  45.29
 -72.00 -22.00  47.05
 -72.00 -21.00  47.98
 -72.00 -20.00  48.02
 -72.00 -19.00  47.22
 -72.00 -18.00  45.71
 -72.00 -17.00  43.67
 -72.00 -16.00  41.34
 -72.00 -15.00  38.95
 -72.00 -14.00  36.70
 -72.00 -13.00  34.74
 -72.00 -12.00  33.13
 -72.00 -11.00  31.91
 -72.00 -10.00  31.03
 -72.00  -9.00  30.45
 -72.00  -8.00  30.08
 -72.00  -7.00  29.88
 -72.00  -6.00  29.78
 -72.00  -5.00  29.75
 -72.00  -4.00  29.76
 -72.00  -3.00  29.76
 -72.00  -2.00  29.72
 -72.00  -1.00  29.59
 -72.00   0.00  29.32
 -72.00   1.00  28.87
 -72.00   2.00  28.21
 -72.00   3.00  27.34
 -72.00   4.00  26.32
 -72.00   5.00  25.22
 -72.00   6.00  24.13
 -72.00   7.00  23.16
 -72.00   8.00  22.41
 -72.00   9.00  21.94
 -72.00  10.00  21.78
 -72.00  11.00  21.91
 -72.00  12.00  22.27
 -72.00  13.00  22.80
 -72.00  14.00  23.41
 -72.00  15.00  24.01
 -72.00  16.00  24.55
 -72.00  17.00  24.99
 -72.00  18.00  25.32
 -72.00  19.00  25.52
 -72.00  20.00  25.61
 -72.00  21.00  25.58
 -72.00  22.00  25.43
 -72.00  23.00  25.16
 -72.00  24.00  24.76
 -72.00  25.00  24.25
 -72.00  26.00  23.64
 -72.00  27.00  22.98
 -71.00 -37.00  20.94
 -71.00 -36.00  20.73
 -71.00 -35.00  20.70
 -71.00 -34.00  20.88
 -71.00 -33.00  21.32
 -71.00 -32.00  22.04
 -71.00 -31.00  23.12
 -71.00 -30.00  24.59
 -71.00 -29.00  26.48
 -71.00 -28.00  28.79
 -71.00 -27.00  31.45
 -71.00 -26.00  34.33
 -71.00 -25.00  37.28
 -71.00 -24.00  40.06
 -71.00 -23.00  42.46
 -71.00 -22.00  44.27
 -71.00 -21.00  45.33
 -71.00 -20.00  45.58
 -71.00 -19.00  45.02
 -71.00 -18.00  43.75
 -71.00 -17.00  41.95
 -71.00 -16.00  39.82
 -71.00 -15.00  37.58
 -71.00 -14.00  35.44
 -71.00 -13.00  33.54
 -71.00 -12.00  31.97
 -71.00 -11.00  30.77
 -71.00 -10.00  29.92
 -71.00  -9.00  29.37
 -71.00  -8.00  29.04
 -71.00  -7.00  28.88
 -71.00  -6.00  28.82
 -71.00  -5.00  28.83
 -71.00  -4.00  28.85
 -71.00  -3.00  28.86
 -71.00  -2.00  28.81
 -71.00  -1.00  28.68
 -71.00   0.00  28.41
 -71.00   1.00  27.96
 -71.00   2.00  27.34
 -71.00   3.00  26.53
 -71.00   4.00  25.58
 -71.00   5.00  24.55
 -71.00   6.00  23.53
 -71.00   7.00  22.62
 -71.00   8.00  21.90
 -71.00   9.00  21.43
 -71.00  10.00  21.25
 -71.00  11.00  21.35
 -71.00  12.00  21.68
 -71.00  13.00  22.19
 -71.00  14.00  22.79
 -71.00  15.00  23.42
 -71.00  16.00  24.00
 -71.00  17.00  24.50
 -71.00  18.00  24.88
 -71.00  19.00  25.14
 -71.00  20.00  25.26
 -71.00  21.00  25.25
 -71.00  22.00  25.09
 -71.00  23.00  24.79
 -71.00  24.00  24.36
 -71.00  25.00  23.81
 -71.00  26.00  23.17
 -71.00  27.00  22.49
 -70.00 -37.00  20.47
 -70.00 -36.00  20.19
 -70.00 -35.00  20.10
 -70.00 -34.00  20.20
 -70.00 -33.00  20.53
 -70.00 -32.00  21.12
 -70.00 -31.00  22.02
 -70.00 -30.00  23.27
 -70.00 -29.00  24.90
 -70.00 -28.00  26.92
 -70.00 -27.00  29.28
 -70.00 -26.00  31.89
 -70.00 -25.00  34.62
 -70.00 -24.00  37.26
 -70.00 -23.00  39.60
 -70.00 -22.00  41.46
 -70.00 -21.00  42.66
 -70.00 -20.00  43.11
 -70.00 -19.00  42.80
 -70.00 -18.00  41.79
 -70.00 -17.00  40.24
 -70.00 -16.00  38.32
 -70.00 -15.00  36.25
 -70.00 -14.00  34.22
 -70.00 -13.00  32.38
 -70.00 -12.00  30.85
 -70.00 -11.00  29.66
 -70.00 -10.00  28.83
 -70.00  -9.00  28.29
 -70.00  -8.00  27.99
 -70.00  -7.00  27.87
 -70.00  -6.00  27.85
 -70.00  -5.00  27.88
 -70.00  -4.00  27.93
 -70.00  -3.00  27.94
 -70.00  -2.00  27.90
 -70.00  -1.00  27.76
 -70.00   0.00  27.50
 -70.00   1.00  27.08
 -70.00   2.00  26.49
 -70.00   3.00  25.74
 -70.00   4.00  24.87
 -70.00   5.00  23.92
 -70.00   6.00  22.98
 -70.00   7.00  22.12
 -70.00   8.00  21.43
 -70.00   9.00  20.97
 -70.00  10.00  20.77
 -70.00  11.00  20.83
 -70.00  12.00  21.12
 -70.00  13.00  21.60
 -70.00  14.00  22.19
 -70.00  15.00  22.83
 -70.00  16.00  23.45
 -70.00  17.00  24.01
 -70.00  18.00  24.46
 -70.00  19.00  24.77
 -70.00  20.00  24.94
 -70.00  21.00  24.95
 -70.00  22.00  24.80
 -70.00  23.00  24.49
 -70.00  24.00  24.02
 -70.00  25.00  23.44
 -70.00  26.00  22.77
 -70.00  27.00  22.07
 -69.00 -37.00  20.03
 -69.00 -36.00  19.68
 -69.00 -35.00  19.52
 -69.00 -34.00  19.54
 -69.00 -33.00  19.77
 -69.00 -32.00  20.23
 -69.00 -31.00  20.96
 -69.00 -30.00  22.00
 -69.00 -29.00  23.37
 -69.00 -28.00  25.10
 -69.00 -27.00  27.17
 -69.00 -26.00  29.51
 -69.00 -25.00  32.00
 -69.00 -24.00  34.47
 -69.00 -23.00  36.75
 -69.00 -22.00  38.63
 -69.00 -21.00  39.95
 -69.00 -20.00  40.61
 -69.00 -19.00  40.55
 -69.00 -18.00  39.81
 -69.00 -17.00  38.52
 -69.00 -16.00  36.83
 -69.00 -15.00  34.93
 -69.00 -14.00  33.02
 -69.00 -13.00  31.26
 -69.00 -12.00  29.76
 -69.00 -11.00  28.58
 -69.00 -10.00  27.75
 -69.00  -9.00  27.22
 -69.00  -8.00  26.94
 -69.00  -7.00  26.84
 -69.00  -6.00  26.85
 -69.00  -5.00  26.92
 -69.00  -4.00  26.99
 -69.00  -3.00  27.02
 -69.00  -2.00  26.99
 -69.00  -1.00  26.86
 -69.00   0.00  26.60
 -69.00   1.00  26.21
 -69.00   2.00  25.67
 -69.00   3.00  24.98
 -69.00   4.00  24.19
 -69.00   5.00  23.33
 -69.00   6.00  22.47
 -69.00   7.00  21.67
 -69.00   8.00  21.02
 -69.00   9.00  20.56
 -69.00  10.00  20.34
 -69.00  11.00  20.35
 -69.00  12.00  20.60
 -69.00  13.00  21.03
 -69.00  14.00  21.60
 -69.00  15.00  22.25
 -69.00  16.00  22.90
 -69.00  17.00  23.51
 -69.00  18.00  24.03
 -69.00  19.00  24.41
 -69.00  20.00  24.64
 -69.00  21.00  24.68
 -69.00  22.00  24.55
 -69.00  23.00  24.23
 -69.00  24.00  23.75
 -69.00  25.00  23.15
 -69.00  26.00  22.45
 -69.00  27.00  21.73
 -68.00 -37.00  19.63
 -68.00 -36.00  19.22
 -68.00 -35.00  18.97
 -68.00 -34.00  18.91
 -68.00 -33.00  19.05
 -68.00 -32.00  19.39
 -68.00 -31.00  19.96
 -68.00 -30.00  20.79
 -68.00 -29.00  21.93
 -68.00 -28.00  23.38
 -68.00 -27.00  25.16
 -68.00 -26.00  27.21
 -68.00 -25.00  29.46
 -68.00 -24.00  31.75
 -68.00 -23.00  33.93
 -68.00 -22.00  35.82
 -68.00 -21.00  37.24
 -68.00 -20.00  38.08
 -68.00 -19.00  38.26
 -68.00 -18.00  37.80
 -68.00 -17.00  36.78
 -68.00 -16.00  35.33
 -68.00 -15.00  33.62
 -68.00 -14.00  31.85
 -68.00 -13.00  30.16
 -68.00 -12.00  28.69
 -68.00 -11.00  27.53
 -68.00 -10.00  26.69
 -68.00  -9.00  26.15
 -68.00  -8.00  25.88
 -68.00  -7.00  25.80
 -68.00  -6.00  25.85
 -68.00  -5.00  25.95
 -68.00  -4.00  26.04
 -68.00  -3.00  26.10
 -68.00  -2.00  26.08
 -68.00  -1.00  25.96
 -68.00   0.00  25.72
 -68.00   1.00  25.35
 -68.00   2.00  24.86
 -68.00   3.00  24.24
 -68.00   4.00  23.53
 -68.00   5.00  22.76
 -68.00   6.00  21.98
 -68.00   7.00  21.26
 -68.00   8.00  20.64
 -68.00   9.00  20.20
 -68.00  10.00  19.95
 -68.00  11.00  19.93
 -68.00  12.00  20.12
 -68.00  13.00  20.51
 -68.00  14.00  21.04
 -68.00  15.00  21.68
 -68.00  16.00  22.35
 -68.00  17.00  23.01
 -68.00  18.00  23.59
 -68.00  19.00  24.04
 -68.00  20.00  24.34
 -68.00  21.00  24.44
 -68.00  22.00  24.33
 -68.00  23.00  24.03
 -68.00  24.00  23.55
 -68.00  25.00  22.92
 -68.00  26.00  22.20
 -68.00  27.00  21.46
 -67.00 -37.00  19.29
 -67.00 -36.00  18.80
 -67.00 -35.00  18.47
 -67.00 -34.00  18.33
 -67.00 -33.00  18.37
 -67.00 -32.00  18.60
 -67.00 -31.00  19.03
 -67.00 -30.00  19.68
 -67.00 -29.00  20.59
 -67.00 -28.00  21.79
 -67.00 -27.00  23.28
 -67.00 -26.00  25.05
 -67.00 -25.00  27.04
 -67.00 -24.00  29.14
 -67.00 -23.00  31.20
 -67.00 -22.00  33.05
 -67.00 -21.00  34.55
 -67.00 -20.00  35.54
 -67.00 -19.00  35.95
 -67.00 -18.00  35.76
 -67.00 -17.00  35.01
 -67.00 -16.00  33.81
 -67.00 -15.00  32.31
 -67.00 -14.00  30.68
 -67.00 -13.00  29.08
 -67.00 -12.00  27.66
 -67.00 -11.00  26.50
 -67.00 -10.00  25.65
 -67.00  -9.00  25.11
 -67.00  -8.00  24.83
 -67.00  -7.00  24.77
 -67.00  -6.00  24.83
 -67.00  -5.00  24.96
 -67.00  -4.00  25.09
 -67.00  -3.00  25.17
 -67.00  -2.00  25.17
 -67.00  -1.00  25.07
 -67.00   0.00  24.85
 -67.00   1.00  24.52
 -67.00   2.00  24.07
 -67.00   3.00  23.51
 -67.00   4.00  22.88
 -67.00   5.00  22.20
 -67.00   6.00  21.51
 -67.00   7.00  20.86
 -67.00   8.00  20.30
 -67.00   9.00  19.87
 -67.00  10.00  19.61
 -67.00  11.00  19.55
 -67.00  12.00  19.69
 -67.00  13.00  20.02
 -67.00  14.00  20.51
 -67.00  15.00  21.13
 -67.00  16.00  21.81
 -67.00  17.00  22.50
 -67.00  18.00  23.14
 -67.00  19.00  23.67
 -67.00  20.00  24.04
 -67.00  21.00  24.20
 -67.00  22.00  24.15
 -67.00  23.00  23.87
 -67.00  24.00  23.40
 -67.00  25.00  22.76
 -67.00  26.00  22.03
 -67.00  27.00  21.26
 -66.00 -37.00  19.00
 -66.00 -36.00  18.43
 -66.00 -35.00  18.02
 -66.00 -34.00  17.79
 -66.00 -33.00  17.74
 -66.00 -32.00  17.87
 -66.00 -31.00  18.17
 -66.00 -30.00  18.67
 -66.00 -29.00  19.38
 -66.00 -28.00  20.34
 -66.00 -27.00  21.57
 -66.00 -26.00  23.06
 -66.00 -25.00  24.79
 -66.00 -24.00  26.66
 -66.00 -23.00  28.57
 -66.00 -22.00  30.37
 -66.00 -21.00  31.90
 -66.00 -20.00  33.02
 -66.00 -19.00  33.63
 -66.00 -18.00  33.69
 -66.00 -17.00  33.20
 -66.00 -16.00  32.26
 -66.00 -15.00  30.97
 -66.00 -14.00  29.51
 -66.00 -13.00  28.02
 -66.00 -12.00  26.65
 -66.00 -11.00  25.51
 -66.00 -10.00  24.65
 -66.00  -9.00  24.09
 -66.00  -8.00  23.80
 -66.00  -7.00  23.74
 -66.00  -6.00  23.82
 -66.00  -5.00  23.97
 -66.00  -4.00  24.13
 -66.00  -3.00  24.25
 -66.00  -2.00  24.27
 -66.00  -1.00  24.20
 -66.00   0.00  24.00
 -66.00   1.00  23.70
 -66.00   2.00  23.29
 -66.00   3.00  22.80
 -66.00   4.00  22.24
 -66.00   5.00  21.65
 -66.00   6.00  21.04
 -66.00   7.00  20.47
 -66.00   8.00  19.97
 -66.00   9.00  19.57
 -66.00  10.00  19.31
 -66.00  11.00  19.22
 -66.00  12.00  19.31
 -66.00  13.00  19.58
 -66.00  14.00  20.02
 -66.00  15.00  20.60
 -66.00  16.00  21.28
 -66.00  17.00  21.99
 -66.00  18.00  22.68
 -66.00  19.00  23.28
 -66.00  20.00  23.72
 -66.00  21.00  23.97
 -66.00  22.00  23.97
 -66.00  23.00  23.74
 -66.00  24.00  23.29
 -66.00  25.00  22.66
 -66.00  26.00  21.91
 -66.00  27.00  21.12
 -65.00 -37.00  18.77
 -65.00 -36.00  18.12
 -65.00 -35.00  17.63
 -65.00 -34.00  17.31
 -65.00 -33.00  17.17
 -65.00 -32.00  17.20
 -65.00 -31.00  17.39
 -65.00 -30.00  17.75
 -65.00 -29.00  18.29
 -65.00 -28.00  19.04
 -65.00 -27.00  20.02
 -65.00 -26.00  21.25
 -65.00 -25.00  22.72
 -65.00 -24.00  24.36
 -65.00 -23.00  26.10
 -65.00 -22.00  27.80
 -65.00 -21.00  29.32
 -65.00 -20.00  30.53
 -65.00 -19.00  31.31
 -65.00 -18.00  31.59
 -65.00 -17.00  31.36
 -65.00 -16.00  30.67
 -65.00 -15.00  29.62
 -65.00 -14.00  28.33
 -65.00 -13.00  26.97
 -65.00 -12.00  25.66
 -65.00 -11.00  24.54
 -65.00 -10.00  23.67
 -65.00  -9.00  23.09
 -65.00  -8.00  22.79
 -65.00  -7.00  22.72
 -65.00  -6.00  22.81
 -65.00  -5.00  22.99
 -65.00  -4.00  23.18
 -65.00  -3.00  23.33
 -65.00  -2.00  23.39
 -65.00  -1.00  23.34
 -65.00   0.00  23.17
 -65.00   1.00  22.90
 -65.00   2.00  22.53
 -65.00   3.00  22.09
 -65.00   4.00  21.61
 -65.00   5.00  21.10
 -65.00   6.00  20.58
 -65.00   7.00  20.09
 -65.00   8.00  19.65
 -65.00   9.00  19.29
 -65.00  10.00  19.04
 -65.00  11.00  18.93
 -65.00  12.00  18.97
 -65.00  13.00  19.18
 -65.00  14.00  19.56
 -65.00  15.00  20.10
 -65.00  16.00  20.76
 -65.00  17.00  21.48
 -65.00  18.00  22.21
 -65.00  19.00  22.87
 -65.00  20.00  23.40
 -65.00  21.00  23.72
 -65.00  22.00  23.80
 -65.00  23.00  23.63
 -65.00  24.00  23.22
 -65.00  25.00  22.60
 -65.00  26.00  21.84
 -65.00  27.00  21.03
 -64.00 -37.00  18.61
 -64.00 -36.00  17.88
 -64.00 -35.00  17.30
 -64.00 -34.00  16.90
 -64.00 -33.00  16.67
 -64.00 -32.00  16.61
 -64.00 -31.00  16.70
 -64.00 -30.00  16.93
 -64.00 -29.00  17.32
 -64.00 -28.00  17.88
 -64.00 -27.00  18.65
 -64.00 -26.00  19.63
 -64.00 -25.00  20.84
 -64.00 -24.00  22.25
 -64.00 -23.00  23.80
 -64.00 -22.00  25.37
 -64.00 -21.00  26.85
 -64.00 -20.00  28.11
 -64.00 -19.00  29.02
 -64.00 -18.00  29.49
 -64.00 -17.00  29.50
 -64.00 -16.00  29.06
 -64.00 -15.00  28.24
 -64.00 -14.00  27.15
 -64.00 -13.00  25.92
 -64.00 -12.00  24.70
 -64.00 -11.00  23.61
 -64.00 -10.00  22.74
 -64.00  -9.00  22.14
 -64.00  -8.00  21.81
 -64.00  -7.00  21.73
 -64.00  -6.00  21.82
 -64.00  -5.00  22.01
 -64.00  -4.00  22.23
 -64.00  -3.00  22.42
 -64.00  -2.00  22.51
 -64.00  -1.00  22.50
 -64.00   0.00  22.36
 -64.00   1.00  22.12
 -64.00   2.00  21.80
 -64.00   3.00  21.41
 -64.00   4.00  20.99
 -64.00   5.00  20.55
 -64.00   6.00  20.12
 -64.00   7.00  19.71
 -64.00   8.00  19.34
 -64.00   9.00  19.03
 -64.00  10.00  18.80
 -64.00  11.00  18.67
 -64.00  12.00  18.68
 -64.00  13.00  18.83
 -64.00  14.00  19.15
 -64.00  15.00  19.63
 -64.00  16.00  20.25
 -64.00  17.00  20.97
 -64.00  18.00  21.73
 -64.00  19.00  22.45
 -64.00  20.00  23.05
 -64.00  21.00  23.46
 -64.00  22.00  23.63
 -64.00  23.00  23.53
 -64.00  24.00  23.17
 -64.00  25.00  22.58
 -64.00  26.00  21.83
 -64.00  27.00  21.01
 -63.00 -37.00  18.51
 -63.00 -36.00  17.72
 -63.00 -35.00  17.05
 -63.00 -34.00  16.55
 -63.00 -33.00  16.23
 -63.00 -32.00  16.08
 -63.00 -31.00  16.07
 -63.00 -30.00  16.20
 -63.00 -29.00  16.46
 -63.00 -28.00  16.87
 -63.00 -27.00  17.44
 -63.00 -26.00  18.20
 -63.00 -25.00  19.17
 -63.00 -24.00  20.35
 -63.00 -23.00  21.68
 -63.00 -22.00  23.10
 -63.00 -21.00  24.50
 -63.00 -20.00  25.76
 -63.00 -19.00  26.76
 -63.00 -18.00  27.41
 -63.00 -17.00  27.63
 -63.00 -16.00  27.43
 -63.00 -15.00  26.84
 -63.00 -14.00  25.95
 -63.00 -13.00  24.88
 -63.00 -12.00  23.76
 -63.00 -11.00  22.72
 -63.00 -10.00  21.85
 -63.00  -9.00  21.23
 -63.00  -8.00  20.88
 -63.00  -7.00  20.77
 -63.00  -6.00  20.85
 -63.00  -5.00  21.05
 -63.00  -4.00  21.30
 -63.00  -3.00  21.52
 -63.00  -2.00  21.65
 -63.00  -1.00  21.68
 -63.00   0.00  21.58
 -63.00   1.00  21.38
 -63.00   2.00  21.09
 -63.00   3.00  20.75
 -63.00   4.00  20.38
 -63.00   5.00  20.01
 -63.00   6.00  19.66
 -63.00   7.00  19.33
 -63.00   8.00  19.03
 -63.00   9.00  18.77
 -63.00  10.00  18.57
 -63.00  11.00  18.45
 -63.00  12.00  18.42
 -63.00  13.00  18.52
 -63.00  14.00  18.78
 -63.00  15.00  19.20
 -63.00  16.00  19.77
 -63.00  17.00  20.47
 -63.00  18.00  21.24
 -63.00  19.00  22.00
 -63.00  20.00  22.67
 -63.00  21.00  23.17
 -63.00  22.00  23.43
 -63.00  23.00  23.42
 -63.00  24.00  23.13
 -63.00  25.00  22.59
 -63.00  26.00  21.87
 -63.00  27.00  21.04
 -62.00 -37.00  18.48
 -62.00 -36.00  17.62
 -62.00 -35.00  16.87
 -62.00 -34.00  16.28
 -62.00 -33.00  15.86
 -62.00 -32.00  15.62
 -62.00 -31.00  15.52
 -62.00 -30.00  15.56
 -62.00 -29.00  15.71
 -62.00 -28.00  15.98
 -62.00 -27.00  16.39
 -62.00 -26.00  16.95
 -62.00 -25.00  17.70
 -62.00 -24.00  18.64
 -62.00 -23.00  19.76
 -62.00 -22.00  21.01
 -62.00 -21.00  22.30
 -62.00 -20.00  23.53
 -62.00 -19.00  24.58
 -62.00 -18.00  25.35
 -62.00 -17.00  25.77
 -62.00 -16.00  25.79
 -62.00 -15.00  25.43
 -62.00 -14.00  24.75
 -62.00 -13.00  23.84
 -62.00 -12.00  22.84
 -62.00 -11.00  21.86
 -62.00 -10.00  21.01
 -62.00  -9.00  20.37
 -62.00  -8.00  19.99
 -62.00  -7.00  19.84
 -62.00  -6.00  19.91
 -62.00  -5.00  20.11
 -62.00  -4.00  20.38
 -62.00  -3.00  20.63
 -62.00  -2.00  20.81
 -62.00  -1.00  20.88
 -62.00   0.00  20.83
 -62.00   1.00  20.67
 -62.00   2.00  20.42
 -62.00   3.00  20.11
 -62.00   4.00  19.80
 -62.00   5.00  19.49
 -62.00   6.00  19.20
 -62.00   7.00  18.94
 -62.00   8.00  18.72
 -62.00   9.00  18.52
 -62.00  10.00  18.36
 -62.00  11.00  18.24
 -62.00  12.00  18.20
 -62.00  13.00  18.26
 -62.00  14.00  18.45
 -62.00  15.00  18.80
 -62.00  16.00  19.32
 -62.00  17.00  19.98
 -62.00  18.00  20.74
 -62.00  19.00  21.52
 -62.00  20.00  22.26
 -62.00  21.00  22.85
 -62.00  22.00  23.21
 -62.00  23.00  23.30
 -62.00  24.00  23.10
 -62.00  25.00  22.63
 -62.00  26.00  21.94
 -62.00  27.00  21.12
 -61.00 -37.00  18.52
 -61.00 -36.00  17.61
 -61.00 -35.00  16.78
 -61.00 -34.00  16.09
 -61.00 -33.00  15.57
 -61.00 -32.00  15.23
 -61.00 -31.00  15.05
 -61.00 -30.00  15.00
 -61.00 -29.00  15.06
 -61.00 -28.00  15.22
 -61.00 -27.00  15.48
 -61.00 -26.00  15.88
 -61.00 -25.00  16.42
 -61.00 -24.00  17.15
 -61.00 -23.00  18.05
 -61.00 -22.00  19.11
 -61.00 -21.00  20.26
 -61.00 -20.00  21.41
 -61.00 -19.00  22.48
 -61.00 -18.00  23.34
 -61.00 -17.00  23.91
 -61.00 -16.00  24.14
 -61.00 -15.00  24.00
 -61.00 -14.00  23.53
 -61.00 -13.00  22.81
 -61.00 -12.00  21.94
 -61.00 -11.00  21.04
 -61.00 -10.00  20.22
 -61.00  -9.00  19.58
 -61.00  -8.00  19.15
 -61.00  -7.00  18.97
 -61.00  -6.00  19.01
 -61.00  -5.00  19.20
 -61.00  -4.00  19.48
 -61.00  -3.00  19.76
 -61.00  -2.00  19.99
 -61.00  -1.00  20.11
 -61.00   0.00  20.10
 -61.00   1.00  19.99
 -61.00   2.00  19.78
 -61.00   3.00  19.51
 -61.00   4.00  19.24
 -61.00   5.00  18.98
 -61.00   6.00  18.75
 -61.00   7.00  18.56
 -61.00   8.00  18.40
 -61.00   9.00  18.26
 -61.00  10.00  18.15
 -61.00  11.00  18.05
 -61.00  12.00  18.00
 -61.00  13.00  18.03
 -61.00  14.00  18.17
 -61.00  15.00  18.45
 -61.00  16.00  18.89
 -61.00  17.00  19.50
 -61.00  18.00  20.23
 -61.00  19.00  21.03
 -61.00  20.00  21.81
 -61.00  21.00  22.48
 -61.00  22.00  22.95
 -61.00  23.00  23.16
 -61.00  24.00  23.06
 -61.00  25.00  22.68
 -61.00  26.00  22.05
 -61.00  27.00  21.25
 -60.00 -37.00  18.62
 -60.00 -36.00  17.68
 -60.00 -35.00  16.78
 -60.00 -34.00  15.99
 -60.00 -33.00  15.38
 -60.00 -32.00  14.93
 -60.00 -31.00  14.66
 -60.00 -30.00  14.53
 -60.00 -29.00  14.50
 -60.00 -28.00  14.57
 -60.00 -27.00  14.72
 -60.00 -26.00  14.96
 -60.00 -25.00  15.34
 -60.00 -24.00  15.86
 -60.00 -23.00  16.55
 -60.00 -22.00  17.41
 -60.00 -21.00  18.40
 -60.00 -20.00  19.45
 -60.00 -19.00  20.48
 -60.00 -18.00  21.39
 -60.00 -17.00  22.09
 -60.00 -16.00  22.49
 -60.00 -15.00  22.56
 -60.00 -14.00  22.31
 -60.00 -13.00  21.78
 -60.00 -12.00  21.06
 -60.00 -11.00  20.26
 -60.00 -10.00  19.49
 -60.00  -9.00  18.84
 -60.00  -8.00  18.38
 -60.00  -7.00  18.16
 -60.00  -6.00  18.15
 -60.00  -5.00  18.32
 -60.00  -4.00  18.60
 -60.00  -3.00  18.91
 -60.00  -2.00  19.18
 -60.00  -1.00  19.35
 -60.00   0.00  19.40
 -60.00   1.00  19.34
 -60.00   2.00  19.17
 -60.00   3.00  18.95
 -60.00   4.00  18.71
 -60.00   5.00  18.49
 -60.00   6.00  18.31
 -60.00   7.00  18.17
 -60.00   8.00  18.07
 -60.00   9.00  18.00
 -60.00  10.00  17.93
 -60.00  11.00  17.87
 -60.00  12.00  17.83
 -60.00  13.00  17.83
 -60.00  14.00  17.92
 -60.00  15.00  18.13
 -60.00  16.00  18.50
 -60.00  17.00  19.04
 -60.00  18.00  19.73
 -60.00  19.00  20.51
 -60.00  20.00  21.32
 -60.00  21.00  22.06
 -60.00  22.00  22.64
 -60.00  23.00  22.96
 -60.00  24.00  23.00
 -60.00  25.00  22.72
 -60.00  26.00  22.17
 -60.00  27.00  21.42
 -59.00 -37.00  18.78
 -59.00 -36.00  17.83
 -59.00 -35.00  16.87
 -59.00 -34.00  16.00
 -59.00 -33.00  15.28
 -59.00 -32.00  14.73
 -59.00 -31.00  14.36
 -59.00 -30.00  14.13
 -59.00 -29.00  14.03
 -59.00 -28.00  14.02
 -59.00 -27.00  14.07
 -59.00 -26.00  14.21
 -59.00 -25.00  14.43
 -59.00 -24.00  14.78
 -59.00 -23.00  15.28
 -59.00 -22.00  15.94
 -59.00 -21.00  16.75
 -59.00 -20.00  17.67
 -59.00 -19.00  18.63
 -59.00 -18.00  19.54
 -59.00 -17.00  20.31
 -59.00 -16.00  20.86
 -59.00 -15.00  21.12
 -59.00 -14.00  21.07
 -59.00 -13.00  20.74
 -59.00 -12.00  20.19
 -59.00 -11.00  19.51
 -59.00 -10.00  18.79
 -59.00  -9.00  18.16
 -59.00  -8.00  17.68
 -59.00  -7.00  17.41
 -59.00  -6.00  17.35
 -59.00  -5.00  17.49
 -59.00  -4.00  17.75
 -59.00  -3.00  18.08
 -59.00  -2.00  18.38
 -59.00  -1.00  18.61
 -59.00   0.00  18.72
 -59.00   1.00  18.71
 -59.00   2.00  18.60
 -59.00   3.00  18.42
 -59.00   4.00  18.21
 -59.00   5.00  18.02
 -59.00   6.00  17.88
 -59.00   7.00  17.79
 -59.00   8.00  17.74
 -59.00   9.00  17.72
 -59.00  10.00  17.71
 -59.00  11.00  17.69
 -59.00  12.00  17.67
 -59.00  13.00  17.66
 -59.00  14.00  17.71
 -59.00  15.00  17.86
 -59.00  16.00  18.15
 -59.00  17.00  18.61
 -59.00  18.00  19.23
 -59.00  19.00  19.99
 -59.00  20.00  20.81
 -59.00  21.00  21.60
 -59.00  22.00  22.26
 -59.00  23.00  22.71
 -59.00  24.00  22.88
 -59.00  25.00  22.74
 -59.00  26.00  22.30
 -59.00  27.00  21.62
 -58.00 -37.00  18.98
 -58.00 -36.00  18.04
 -58.00 -35.00  17.05
 -58.00 -34.00  16.11
 -58.00 -33.00  15.29
 -58.00 -32.00  14.63
 -58.00 -31.00  14.15
 -58.00 -30.00  13.83
 -58.00 -29.00  13.65
 -58.00 -28.00  13.56
 -58.00 -27.00  13.54
 -58.00 -26.00  13.59
 -58.00 -25.00  13.70
 -58.00 -24.00  13.90
 -58.00 -23.00  14.22
 -58.00 -22.00  14.69
 -58.00 -21.00  15.32
 -58.00 -20.00  16.08
 -58.00 -19.00  16.94
 -58.00 -18.00  17.81
 -58.00 -17.00  18.61
 -58.00 -16.00  19.26
 -58.00 -15.00  19.68
 -58.00 -14.00  19.83
 -58.00 -13.00  19.69
 -58.00 -12.00  19.32
 -58.00 -11.00  18.77
 -58.00 -10.00  18.14
 -58.00  -9.00  17.54
 -58.00  -8.00  17.04
 -58.00  -7.00  16.73
 -58.00  -6.00  16.62
 -58.00  -5.00  16.71
 -58.00  -4.00  16.95
 -58.00  -3.00  17.27
 -58.00  -2.00  17.60
 -58.00  -1.00  17.88
 -58.00   0.00  18.06
 -58.00   1.00  18.11
 -58.00   2.00  18.06
 -58.00   3.00  17.92
 -58.00   4.00  17.75
 -58.00   5.00  17.58
 -58.00   6.00  17.47
 -58.00   7.00  17.41
 -58.00   8.00  17.40
 -58.00   9.00  17.43
 -58.00  10.00  17.47
 -58.00  11.00  17.50
 -58.00  12.00  17.51
 -58.00  13.00  17.51
 -58.00  14.00  17.53
 -58.00  15.00  17.63
 -58.00  16.00  17.85
 -58.00  17.00  18.22
 -58.00  18.00  18.76
 -58.00  19.00  19.46
 -58.00  20.00  20.27
 -58.00  21.00  21.09
 -58.00  22.00  21.83
 -58.00  23.00  22.40
 -58.00  24.00  22.71
 -58.00  25.00  22.71
 -58.00  26.00  22.41
 -58.00  27.00  21.83
 -57.00 -37.00  19.19
 -57.00 -36.00  18.31
 -57.00 -35.00  17.32
 -57.00 -34.00  16.32
 -57.00 -33.00  15.40
 -57.00 -32.00  14.64
 -57.00 -31.00  14.04
 -57.00 -30.00  13.62
 -57.00 -29.00  13.35
 -57.00 -28.00  13.19
 -57.00 -27.00  13.11
 -57.00 -26.00  13.09
 -57.00 -25.00  13.11
 -57.00 -24.00  13.20
 -57.00 -23.00  13.38
 -57.00 -22.00  13.68
 -57.00 -21.00  14.13
 -57.00 -20.00  14.72
 -57.00 -19.00  15.44
 -57.00 -18.00  16.23
 -57.00 -17.00  17.02
 -57.00 -16.00  17.73
 -57.00 -15.00  18.27
 -57.00 -14.00  18.58
 -57.00 -13.00  18.63
 -57.00 -12.00  18.44
 -57.00 -11.00  18.04
 -57.00 -10.00  17.52
 -57.00  -9.00  16.96
 -57.00  -8.00  16.47
 -57.00  -7.00  16.12
 -57.00  -6.00  15.96
 -57.00  -5.00  15.99
 -57.00  -4.00  16.19
 -57.00  -3.00  16.50
 -57.00  -2.00  16.85
 -57.00  -1.00  17.17
 -57.00   0.00  17.41
 -57.00   1.00  17.53
 -57.00   2.00  17.53
 -57.00   3.00  17.45
 -57.00   4.00  17.31
 -57.00   5.00  17.17
 -57.00   6.00  17.07
 -57.00   7.00  17.03
 -57.00   8.00  17.06
 -57.00   9.00  17.13
 -57.00  10.00  17.22
 -57.00  11.00  17.30
 -57.00  12.00  17.35
 -57.00  13.00  17.37
 -57.00  14.00  17.39
 -57.00  15.00  17.44
 -57.00  16.00  17.59
 -57.00  17.00  17.88
 -57.00  18.00  18.33
 -57.00  19.00  18.96
 -57.00  20.00  19.72
 -57.00  21.00  20.55
 -57.00  22.00  21.34
 -57.00  23.00  22.01
 -57.00  24.00  22.46
 -57.00  25.00  22.62
 -57.00  26.00  22.46
 -57.00  27.00  22.01
 -56.00 -37.00  19.40
 -56.00 -36.00  18.59
 -56.00 -35.00  17.63
 -56.00 -34.00  16.61
 -56.00 -33.00  15.63
 -56.00 -32.00  14.76
 -56.00 -31.00  14.05
 -56.00 -30.00  13.52
 -56.00 -29.00  13.15
 -56.00 -28.00  12.92
 -56.00 -27.00  12.78
 -56.00 -26.00  12.69
 -56.00 -25.00  12.65
 -56.00 -24.00  12.66
 -56.00 -23.00  12.72
 -56.00 -22.00  12.88
 -56.00 -21.00  13.16
 -56.00 -20.00  13.59
 -56.00 -19.00  14.16
 -56.00 -18.00  14.84
 -56.00 -17.00  15.58
 -56.00 -16.00  16.30
 -56.00 -15.00  16.91
 -56.00 -14.00  17.35
 -56.00 -13.00  17.57
 -56.00 -12.00  17.55
 -56.00 -11.00  17.31
 -56.00 -10.00  16.90
 -56.00  -9.00  16.42
 -56.00  -8.00  15.96
 -56.00  -7.00  15.58
 -56.00  -6.00  15.37
 -56.00  -5.00  15.34
 -56.00  -4.00  15.49
 -56.00  -3.00  15.77
 -56.00  -2.00  16.12
 -56.00  -1.00  16.47
 -56.00   0.00  16.77
 -56.00   1.00  16.95
 -56.00   2.00  17.02
 -56.00   3.00  16.99
 -56.00   4.00  16.90
 -56.00   5.00  16.79
 -56.00   6.00  16.70
 -56.00   7.00  16.67
 -56.00   8.00  16.71
 -56.00   9.00  16.81
 -56.00  10.00  16.94
 -56.00  11.00  17.07
 -56.00  12.00  17.17
 -56.00  13.00  17.22
 -56.00  14.00  17.25
 -56.00  15.00  17.29
 -56.00  16.00  17.38
 -56.00  17.00  17.59
 -56.00  18.00  17.95
 -56.00  19.00  18.49
 -56.00  20.00  19.19
 -56.00  21.00  19.99
 -56.00  22.00  20.81
 -56.00  23.00  21.56
 -56.00  24.00  22.13
 -56.00  25.00  22.45
 -56.00  26.00  22.45
 -56.00  27.00  22.15
 -55.00 -37.00  19.56
 -55.00 -36.00  18.88
 -55.00 -35.00  17.98
 -55.00 -34.00  16.97
 -55.00 -33.00  15.94
 -55.00 -32.00  14.98
 -55.00 -31.00  14.16
 -55.00 -30.00  13.52
 -55.00 -29.00  13.05
 -55.00 -28.00  12.73
 -55.00 -27.00  12.52
 -55.00 -26.00  12.39
 -55.00 -25.00  12.30
 -55.00 -24.00  12.24
 -55.00 -23.00  12.23
 -55.00 -22.00  12.28
 -55.00 -21.00  12.42
 -55.00 -20.00  12.70
 -55.00 -19.00  13.11
 -55.00 -18.00  13.66
 -55.00 -17.00  14.31
 -55.00 -16.00  15.00
 -55.00 -15.00  15.64
 -55.00 -14.00  16.17
 -55.00 -13.00  16.52
 -55.00 -12.00  16.65
 -55.00 -11.00  16.57
 -55.00 -10.00  16.30
 -55.00  -9.00  15.91
 -55.00  -8.00  15.49
 -55.00  -7.00  15.11
 -55.00  -6.00  14.86
 -55.00  -5.00  14.77
 -55.00  -4.00  14.86
 -55.00  -3.00  15.10
 -55.00  -2.00  15.43
 -55.00  -1.00  15.80
 -55.00   0.00  16.14
 -55.00   1.00  16.39
 -55.00   2.00  16.53
 -55.00   3.00  16.56
 -55.00   4.00  16.51
 -55.00   5.00  16.42
 -55.00   6.00  16.35
 -55.00   7.00  16.33
 -55.00   8.00  16.38
 -55.00   9.00  16.50
 -55.00  10.00  16.66
 -55.00  11.00  16.83
 -55.00  12.00  16.97
 -55.00  13.00  17.07
 -55.00  14.00  17.12
 -55.00  15.00  17.16
 -55.00  16.00  17.22
 -55.00  17.00  17.36
 -55.00  18.00  17.63
 -55.00  19.00  18.07
 -55.00  20.00  18.69
 -55.00  21.00  19.44
 -55.00  22.00  20.26
 -55.00  23.00  21.06
 -55.00  24.00  21.73
 -55.00  25.00  22.19
 -55.00  26.00  22.36
 -55.00  27.00  22.22
 -54.00 -37.00  19.65
 -54.00 -36.00  19.12
 -54.00 -35.00  18.33
 -54.00 -34.00  17.36
 -54.00 -33.00  16.31
 -54.00 -32.00  15.28
 -54.00 -31.00  14.35
 -54.00 -30.00  13.57
 -54.00 -29.00  12.97
 -54.00 -28.00  12.53
 -54.00 -27.00  12.24
 -54.00 -26.00  12.05
 -54.00 -25.00  11.92
 -54.00 -24.00  11.82
 -54.00 -23.00  11.74
 -54.00 -22.00  11.70
 -54.00 -21.00  11.73
 -54.00 -20.00  11.85
 -54.00 -19.00  12.09
 -54.00 -18.00  12.47
 -54.00 -17.00  12.96
 -54.00 -16.00  13.55
 -54.00 -15.00  14.15
 -54.00 -14.00  14.71
 -54.00 -13.00  15.16
 -54.00 -12.00  15.43
 -54.00 -11.00  15.51
 -54.00 -10.00  15.40
 -54.00  -9.00  15.14
 -54.00  -8.00  14.80
 -54.00  -7.00  14.47
 -54.00  -6.00  14.21
 -54.00  -5.00  14.08
 -54.00  -4.00  14.12
 -54.00  -3.00  14.33
 -54.00  -2.00  14.65
 -54.00  -1.00  15.05
 -54.00   0.00  15.44
 -54.00   1.00  15.78
 -54.00   2.00  16.02
 -54.00   3.00  16.15
 -54.00   4.00  16.18
 -54.00   5.00  16.16
 -54.00   6.00  16.13
 -54.00   7.00  16.13
 -54.00   8.00  16.19
 -54.00   9.00  16.32
 -54.00  10.00  16.50
 -54.00  11.00  16.70
 -54.00  12.00  16.89
 -54.00  13.00  17.04
 -54.00  14.00  17.12
 -54.00  15.00  17.17
 -54.00  16.00  17.20
 -54.00  17.00  17.28
 -54.00  18.00  17.47
 -54.00  19.00  17.81
 -54.00  20.00  18.33
 -54.00  21.00  19.00
 -54.00  22.00  19.79
 -54.00  23.00  20.62
 -54.00  24.00  21.37
 -54.00  25.00  21.95
 -54.00  26.00  22.28
 -54.00  27.00  22.31
 -53.00 -37.00  19.68
 -53.00 -36.00  19.32
 -53.00 -35.00  18.67
 -53.00 -34.00  17.78
 -53.00 -33.00  16.76
 -53.00 -32.00  15.69
 -53.00 -31.00  14.67
 -53.00 -30.00  13.78
 -53.00 -29.00  13.04
 -53.00 -28.00  12.49
 -53.00 -27.00  12.09
 -53.00 -26.00  11.83
 -53.00 -25.00  11.65
 -53.00 -24.00  11.52
 -53.00 -23.00  11.42
 -53.00 -22.00  11.33
 -53.00 -21.00  11.28
 -53.00 -20.00  11.29
 -53.00 -19.00  11.39
 -53.00 -18.00  11.61
 -53.00 -17.00  11.96
 -53.00 -16.00  12.42
 -53.00 -15.00  12.94
 -53.00 -14.00  13.48
 -53.00 -13.00  13.97
 -53.00 -12.00  14.34
 -53.00 -11.00  14.55
 -53.00 -10.00  14.58
 -53.00  -9.00  14.46
 -53.00  -8.00  14.22
 -53.00  -7.00  13.93
 -53.00  -6.00  13.68
 -53.00  -5.00  13.52
 -53.00  -4.00  13.51
 -53.00  -3.00  13.66
 -53.00  -2.00  13.95
 -53.00  -1.00  14.35
 -53.00   0.00  14.78
 -53.00   1.00  15.18
 -53.00   2.00  15.51
 -53.00   3.00  15.74
 -53.00   4.00  15.86
 -53.00   5.00  15.91
 -53.00   6.00  15.93
 -53.00   7.00  15.95
 -53.00   8.00  16.02
 -53.00   9.00  16.16
 -53.00  10.00  16.36
 -53.00  11.00  16.59
 -53.00  12.00  16.83
 -53.00  13.00  17.02
 -53.00  14.00  17.15
 -53.00  15.00  17.22
 -53.00  16.00  17.26
 -53.00  17.00  17.30
 -53.00  18.00  17.41
 -53.00  19.00  17.65
 -53.00  20.00  18.06
 -53.00  21.00  18.64
 -53.00  22.00  19.36
 -53.00  23.00  20.17
 -53.00  24.00  20.97
 -53.00  25.00  21.65
 -53.00  26.00  22.13
 -53.00  27.00  22.32
 -52.00 -37.00  19.62
 -52.00 -36.00  19.45
 -52.00 -35.00  18.97
 -52.00 -34.00  18.21
 -52.00 -33.00  17.25
 -52.00 -32.00  16.19
 -52.00 -31.00  15.12
 -52.00 -30.00  14.13
 -52.00 -29.00  13.28
 -52.00 -28.00  12.60
 -52.00 -27.00  12.09
 -52.00 -26.00  11.74
 -52.00 -25.00  11.51
 -52.00 -24.00  11.35
 -52.00 -23.00  11.23
 -52.00 -22.00  11.13
 -52.00 -21.00  11.04
 -52.00 -20.00  10.99
 -52.00 -19.00  10.99
 -52.00 -18.00  11.10
 -52.00 -17.00  11.31
 -52.00 -16.00  11.65
 -52.00 -15.00  12.08
 -52.00 -14.00  12.57
 -52.00 -13.00  13.06
 -52.00 -12.00  13.48
 -52.00 -11.00  13.79
 -52.00 -10.00  13.94
 -52.00  -9.00  13.93
 -52.00  -8.00  13.78
 -52.00  -7.00  13.55
 -52.00  -6.00  13.31
 -52.00  -5.00  13.13
 -52.00  -4.00  13.07
 -52.00  -3.00  13.15
 -52.00  -2.00  13.39
 -52.00  -1.00  13.75
 -52.00   0.00  14.18
 -52.00   1.00  14.63
 -52.00   2.00  15.03
 -52.00   3.00  15.34
 -52.00   4.00  15.55
 -52.00   5.00  15.67
 -52.00   6.00  15.73
 -52.00   7.00  15.78
 -52.00   8.00  15.87
 -52.00   9.00  16.00
 -52.00  10.00  16.21
 -52.00  11.00  16.46
 -52.00  12.00  16.73
 -52.00  13.00  16.97
 -52.00  14.00  17.16
 -52.00  15.00  17.27
 -52.00  16.00  17.33
 -52.00  17.00  17.35
 -52.00  18.00  17.41
 -52.00  19.00  17.56
 -52.00  20.00  17.86
 -52.00  21.00  18.33
 -52.00  22.00  18.96
 -52.00  23.00  19.72
 -52.00  24.00  20.52
 -52.00  25.00  21.27
 -52.00  26.00  21.87
 -52.00  27.00  22.22
 -51.00 -37.00  19.47
 -51.00 -36.00  19.49
 -51.00 -35.00  19.19
 -51.00 -34.00  18.59
 -51.00 -33.00  17.74
 -51.00 -32.00  16.73
 -51.00 -31.00  15.66
 -51.00 -30.00  14.61
 -51.00 -29.00  13.66
 -51.00 -28.00  12.86
 -51.00 -27.00  12.24
 -51.00 -26.00  11.79
 -51.00 -25.00  11.48
 -51.00 -24.00  11.28
 -51.00 -23.00  11.14
 -51.00 -22.00  11.03
 -51.00 -21.00  10.94
 -51.00 -20.00  10.86
 -51.00 -19.00  10.82
 -51.00 -18.00  10.84
 -51.00 -17.00  10.96
 -51.00 -16.00  11.18
 -51.00 -15.00  11.52
 -51.00 -14.00  11.94
 -51.00 -13.00  12.40
 -51.00 -12.00  12.84
 -51.00 -11.00  13.21
 -51.00 -10.00  13.45
 -51.00  -9.00  13.55
 -51.00  -8.00  13.49
 -51.00  -7.00  13.33
 -51.00  -6.00  13.11
 -51.00  -5.00  12.91
 -51.00  -4.00  12.79
 -51.00  -3.00  12.80
 -51.00  -2.00  12.97
 -51.00  -1.00  13.27
 -51.00   0.00  13.68
 -51.00   1.00  14.13
 -51.00   2.00  14.57
 -51.00   3.00  14.95
 -51.00   4.00  15.24
 -51.00   5.00  15.43
 -51.00   6.00  15.54
 -51.00   7.00  15.63
 -51.00   8.00  15.72
 -51.00   9.00  15.85
 -51.00  10.00  16.05
 -51.00  11.00  16.31
 -51.00  12.00  16.60
 -51.00  13.00  16.89
 -51.00  14.00  17.13
 -51.00  15.00  17.30
 -51.00  16.00  17.39
 -51.00  17.00  17.43
 -51.00  18.00  17.46
 -51.00  19.00  17.54
 -51.00  20.00  17.73
 -51.00  21.00  18.08
 -51.00  22.00  18.61
 -51.00  23.00  19.29
 -51.00  24.00  20.05
 -51.00  25.00  20.83
 -51.00  26.00  21.51
 -51.00  27.00  22.00
 -50.00 -37.00  19.21
 -50.00 -36.00  19.43
 -50.00 -35.00  19.32
 -50.00 -34.00  18.89
 -50.00 -33.00  18.19
 -50.00 -32.00  17.28
 -50.00 -31.00  16.24
 -50.00 -30.00  15.17
 -50.00 -29.00  14.15
 -50.00 -28.00  13.25
 -50.00 -27.00  12.51
 -50.00 -26.00  11.95
 -50.00 -25.00  11.56
 -50.00 -24.00  11.30
 -50.00 -23.00  11.13
 -50.00 -22.00  11.02
 -50.00 -21.00  10.93
 -50.00 -20.00  10.85
 -50.00 -19.00  10.79
 -50.00 -18.00  10.77
 -50.00 -17.00  10.81
 -50.00 -16.00  10.96
 -50.00 -15.00  11.20
 -50.00 -14.00  11.55
 -50.00 -13.00  11.97
 -50.00 -12.00  12.41
 -50.00 -11.00  12.81
 -50.00 -10.00  13.12
 -50.00  -9.00  13.30
 -50.00  -8.00  13.33
 -50.00  -7.00  13.24
 -50.00  -6.00  13.05
 -50.00  -5.00  12.84
 -50.00  -4.00  12.68
 -50.00  -3.00  12.62
 -50.00  -2.00  12.69
 -50.00  -1.00  12.92
 -50.00   0.00  13.27
 -50.00   1.00  13.71
 -50.00   2.00  14.17
 -50.00   3.00  14.59
 -50.00   4.00  14.94
 -50.00   5.00  15.20
 -50.00   6.00  15.36
 -50.00   7.00  15.48
 -50.00   8.00  15.58
 -50.00   9.00  15.70
 -50.00  10.00  15.89
 -50.00  11.00  16.14
 -50.00  12.00  16.44
 -50.00  13.00  16.75
 -50.00  14.00  17.05
 -50.00  15.00  17.28
 -50.00  16.00  17.42
 -50.00  17.00  17.50
 -50.00  18.00  17.52
 -50.00  19.00  17.56
 -50.00  20.00  17.67
 -50.00  21.00  17.91
 -50.00  22.00  18.31
 -50.00  23.00  18.88
 -50.00  24.00  19.58
 -50.00  25.00  20.34
 -50.00  26.00  21.07
 -50.00  27.00  21.66
 -49.00 -37.00  18.84
 -49.00 -36.00  19.24
 -49.00 -35.00  19.32
 -49.00 -34.00  19.09
 -49.00 -33.00  18.56
 -49.00 -32.00  17.78
 -49.00 -31.00  16.82
 -49.00 -30.00  15.77
 -49.00 -29.00  14.71
 -49.00 -28.00  13.74
 -49.00 -27.00  12.90
 -49.00 -26.00  12.22
 -49.00 -25.00  11.73
 -49.00 -24.00  11.39
 -49.00 -23.00  11.18
 -49.00 -22.00  11.05
 -49.00 -21.00  10.96
 -49.00 -20.00  10.89
 -49.00 -19.00  10.83
 -49.00 -18.00  10.80
 -49.00 -17.00  10.81
 -49.00 -16.00  10.90
 -49.00 -15.00  11.08
 -49.00 -14.00  11.36
 -49.00 -13.00  11.72
 -49.00 -12.00  12.14
 -49.00 -11.00  12.55
 -49.00 -10.00  12.91
 -49.00  -9.00  13.16
 -49.00  -8.00  13.27
 -49.00  -7.00  13.25
 -49.00  -6.00  13.11
 -49.00  -5.00  12.91
 -49.00  -4.00  12.71
 -49.00  -3.00  12.58
 -49.00  -2.00  12.57
 -49.00  -1.00  12.70
 -49.00   0.00  12.98
 -49.00   1.00  13.37
 -49.00   2.00  13.81
 -49.00   3.00  14.26
 -49.00   4.00  14.66
 -49.00   5.00  14.97
 -49.00   6.00  15.19
 -49.00   7.00  15.34
 -49.00   8.00  15.45
 -49.00   9.00  15.57
 -49.00  10.00  15.73
 -49.00  11.00  15.96
 -49.00  12.00  16.25
 -49.00  13.00  16.58
 -49.00  14.00  16.91
 -49.00  15.00  17.19
 -49.00  16.00  17.41
 -49.00  17.00  17.53
 -49.00  18.00  17.58
 -49.00  19.00  17.60
 -49.00  20.00  17.65
 -49.00  21.00  17.79
 -49.00  22.00  18.07
 -49.00  23.00  18.52
 -49.00  24.00  19.12
 -49.00  25.00  19.83
 -49.00  26.00  20.56
 -49.00  27.00  21.23
 -48.00 -37.00  18.37
 -48.00 -36.00  18.92
 -48.00 -35.00  19.20
 -48.00 -34.00  19.16
 -48.00 -33.00  18.82
 -48.00 -32.00  18.19
 -48.00 -31.00  17.35
 -48.00 -30.00  16.36
 -48.00 -29.00  15.32
 -48.00 -28.00  14.29
 -48.00 -27.00  13.37
 -48.00 -26.00  12.59
 -48.00 -25.00  11.99
 -48.00 -24.00  11.56
 -48.00 -23.00  11.28
 -48.00 -22.00  11.11
 -48.00 -21.00  11.01
 -48.00 -20.00  10.95
 -48.00 -19.00  10.91
 -48.00 -18.00  10.88
 -48.00 -17.00  10.88
 -48.00 -16.00  10.94
 -48.00 -15.00  11.07
 -48.00 -14.00  11.29
 -48.00 -13.00  11.61
 -48.00 -12.00  11.99
 -48.00 -11.00  12.40
 -48.00 -10.00  12.79
 -48.00  -9.00  13.10
 -48.00  -8.00  13.29
 -48.00  -7.00  13.34
 -48.00  -6.00  13.25
 -48.00  -5.00  13.08
 -48.00  -4.00  12.86
 -48.00  -3.00  12.68
 -48.00  -2.00  12.58
 -48.00  -1.00  12.62
 -48.00   0.00  12.80
 -48.00   1.00  13.11
 -48.00   2.00  13.52
 -48.00   3.00  13.96
 -48.00   4.00  14.39
 -48.00   5.00  14.74
 -48.00   6.00  15.01
 -48.00   7.00  15.20
 -48.00   8.00  15.33
 -48.00   9.00  15.44
 -48.00  10.00  15.58
 -48.00  11.00  15.78
 -48.00  12.00  16.04
 -48.00  13.00  16.37
 -48.00  14.00  16.71
 -48.00  15.00  17.05
 -48.00  16.00  17.32
 -48.00  17.00  17.50
 -48.00  18.00  17.60
 -48.00  19.00  17.63
 -48.00  20.00  17.65
 -48.00  21.00  17.71
 -48.00  22.00  17.88
 -48.00  23.00  18.21
 -48.00  24.00  18.69
 -48.00  25.00  19.31
 -48.00  26.00  20.01
 -48.00  27.00  20.71
 -47.00 -37.00  17.80
 -47.00 -36.00  18.49
 -47.00 -35.00  18.93
 -47.00 -34.00  19.09
 -47.00 -33.00  18.94
 -47.00 -32.00  18.50
 -47.00 -31.00  17.80
 -47.00 -30.00  16.91
 -47.00 -29.00  15.91
 -47.00 -28.00  14.88
 -47.00 -27.00  13.90
 -47.00 -26.00  13.04
 -47.00 -25.00  12.33
 -47.00 -24.00  11.80
 -47.00 -23.00  11.44
 -47.00 -22.00  11.21
 -47.00 -21.00  11.08
 -47.00 -20.00  11.02
 -47.00 -19.00  10.98
 -47.00 -18.00  10.97
 -47.00 -17.00  10.98
 -47.00 -16.00  11.02
 -47.00 -15.00  11.13
 -47.00 -14.00  11.31
 -47.00 -13.00  11.58
 -47.00 -12.00  11.93
 -47.00 -11.00  12.33
 -47.00 -10.00  12.73
 -47.00  -9.00  13.08
 -47.00  -8.00  13.34
 -47.00  -7.00  13.46
 -47.00  -6.00  13.44
 -47.00  -5.00  13.31
 -47.00  -4.00  13.10
 -47.00  -3.00  12.88
 -47.00  -2.00  12.71
 -47.00  -1.00  12.65
 -47.00   0.00  12.73
 -47.00   1.00  12.95
 -47.00   2.00  13.29
 -47.00   3.00  13.71
 -47.00   4.00  14.13
 -47.00   5.00  14.52
 -47.00   6.00  14.84
 -47.00   7.00  15.06
 -47.00   8.00  15.22
 -47.00   9.00  15.33
 -47.00  10.00  15.45
 -47.00  11.00  15.61
 -47.00  12.00  15.83
 -47.00  13.00  16.13
 -47.00  14.00  16.48
 -47.00  15.00  16.84
 -47.00  16.00  17.16
 -47.00  17.00  17.41
 -47.00  18.00  17.56
 -47.00  19.00  17.63
 -47.00  20.00  17.65
 -47.00  21.00  17.66
 -47.00  22.00  17.75
 -47.00  23.00  17.95
 -47.00  24.00  18.31
 -47.00  25.00  18.82
 -47.00  26.00  19.45
 -47.00  27.00  20.14
 -46.00 -37.00  17.17
 -46.00 -36.00  17.96
 -46.00 -35.00  18.54
 -46.00 -34.00  18.87
 -46.00 -33.00  18.92
 -46.00 -32.00  18.66
 -46.00 -31.00  18.13
 -46.00 -30.00  17.37
 -46.00 -29.00  16.45
 -46.00 -28.00  15.45
 -46.00 -27.00  14.45
 -46.00 -26.00  13.53
 -46.00 -25.00  12.74
 -46.00 -24.00  12.10
 -46.00 -23.00  11.64
 -46.00 -22.00  11.34
 -46.00 -21.00  11.16
 -46.00 -20.00  11.08
 -46.00 -19.00  11.04
 -46.00 -18.00  11.04
 -46.00 -17.00  11.06
 -46.00 -16.00  11.11
 -46.00 -15.00  11.20
 -46.00 -14.00  11.36
 -46.00 -13.00  11.60
 -46.00 -12.00  11.92
 -46.00 -11.00  12.30
 -46.00 -10.00  12.70
 -46.00  -9.00  13.08
 -46.00  -8.00  13.39
 -46.00  -7.00  13.58
 -46.00  -6.00  13.64
 -46.00  -5.00  13.56
 -46.00  -4.00  13.37
 -46.00  -3.00  13.14
 -46.00  -2.00  12.92
 -46.00  -1.00  12.78
 -46.00   0.00  12.76
 -46.00   1.00  12.88
 -46.00   2.00  13.14
 -46.00   3.00  13.50
 -46.00   4.00  13.91
 -46.00   5.00  14.31
 -46.00   6.00  14.65
 -46.00   7.00  14.92
 -46.00   8.00  15.10
 -46.00   9.00  15.22
 -46.00  10.00  15.33
 -46.00  11.00  15.45
 -46.00  12.00  15.63
 -46.00  13.00  15.89
 -46.00  14.00  16.21
 -46.00  15.00  16.57
 -46.00  16.00  16.93
 -46.00  17.00  17.23
 -46.00  18.00  17.45
 -46.00  19.00  17.58
 -46.00  20.00  17.62
 -46.00  21.00  17.62
 -46.00  22.00  17.64
 -46.00  23.00  17.75
 -46.00  24.00  17.98
 -46.00  25.00  18.37
 -46.00  26.00  18.91
 -46.00  27.00  19.54
 -45.00 -37.00  16.49
 -45.00 -36.00  17.34
 -45.00 -35.00  18.04
 -45.00 -34.00  18.53
 -45.00 -33.00  18.74
 -45.00 -32.00  18.67
 -45.00 -31.00  18.32
 -45.00 -30.00  17.71
 -45.00 -29.00  16.91
 -45.00 -28.00  15.97
 -45.00 -27.00  14.99
 -45.00 -26.00  14.03
 -45.00 -25.00  13.17
 -45.00 -24.00  12.45
 -45.00 -23.00  11.89
 -45.00 -22.00  11.50
 -45.00 -21.00  11.26
 -45.00 -20.00  11.13
 -45.00 -19.00  11.08
 -45.00 -18.00  11.08
 -45.00 -17.00  11.11
 -45.00 -16.00  11.17
 -45.00 -15.00  11.26
 -45.00 -14.00  11.41
 -45.00 -13.00  11.62
 -45.00 -12.00  11.91
 -45.00 -11.00  12.27
 -45.00 -10.00  12.68
 -45.00  -9.00  13.08
 -45.00  -8.00  13.43
 -45.00  -7.00  13.68
 -45.00  -6.00  13.81
 -45.00  -5.00  13.79
 -45.00  -4.00  13.65
 -45.00  -3.00  13.43
 -45.00  -2.00  13.18
 -45.00  -1.00  12.98
 -45.00   0.00  12.87
 -45.00   1.00  12.90
 -45.00   2.00  13.06
 -45.00   3.00  13.35
 -45.00   4.00  13.72
 -45.00   5.00  14.11
 -45.00   6.00  14.47
 -45.00   7.00  14.76
 -45.00   8.00  14.98
 -45.00   9.00  15.11
 -45.00  10.00  15.21
 -45.00  11.00  15.31
 -45.00  12.00  15.44
 -45.00  13.00  15.65
 -45.00  14.00  15.94
 -45.00  15.00  16.28
 -45.00  16.00  16.65
 -45.00  17.00  16.99
 -45.00  18.00  17.27
 -45.00  19.00  17.45
 -45.00  20.00  17.54
 -45.00  21.00  17.55
 -45.00  22.00  17.54
 -45.00  23.00  17.58
 -45.00  24.00  17.71
 -45.00  25.00  17.98
 -45.00  26.00  18.40
 -45.00  27.00  18.95
 -44.00 -37.00  15.79
 -44.00 -36.00  16.68
 -44.00 -35.00  17.46
 -44.00 -34.00  18.07
 -44.00 -33.00  18.44
 -44.00 -32.00  18.54
 -44.00 -31.00  18.36
 -44.00 -30.00  17.92
 -44.00 -29.00  17.24
 -44.00 -28.00  16.40
 -44.00 -27.00  15.46
 -44.00 -26.00  14.50
 -44.00 -25.00  13.60
 -44.00 -24.00  12.81
 -44.00 -23.00  12.17
 -44.00 -22.00  11.69
 -44.00 -21.00  11.37
 -44.00 -20.00  11.19
 -44.00 -19.00  11.10
 -44.00 -18.00  11.09
 -44.00 -17.00  11.12
 -44.00 -16.00  11.18
 -44.00 -15.00  11.28
 -44.00 -14.00  11.42
 -44.00 -13.00  11.62
 -44.00 -12.00  11.90
 -44.00 -11.00  12.24
 -44.00 -10.00  12.63
 -44.00  -9.00  13.04
 -44.00  -8.00  13.43
 -44.00  -7.00  13.73
 -44.00  -6.00  13.93
 -44.00  -5.00  13.98
 -44.00  -4.00  13.89
 -44.00  -3.00  13.70
 -44.00  -2.00  13.45
 -44.00  -1.00  13.21
 -44.00   0.00  13.03
 -44.00   1.00  12.97
 -44.00   2.00  13.04
 -44.00   3.00  13.25
 -44.00   4.00  13.56
 -44.00   5.00  13.92
 -44.00   6.00  14.28
 -44.00   7.00  14.60
 -44.00   8.00  14.84
 -44.00   9.00  15.00
 -44.00  10.00  15.09
 -44.00  11.00  15.17
 -44.00  12.00  15.27
 -44.00  13.00  15.43
 -44.00  14.00  15.66
 -44.00  15.00  15.97
 -44.00  16.00  16.33
 -44.00  17.00  16.69
 -44.00  18.00  17.02
 -44.00  19.00  17.26
 -44.00  20.00  17.40
 -44.00  21.00  17.44
 -44.00  22.00  17.43
 -44.00  23.00  17.42
 -44.00  24.00  17.47
 -44.00  25.00  17.63
 -44.00  26.00  17.94
 -44.00  27.00  18.39
 -43.00 -37.00  15.12
 -43.00 -36.00  16.02
 -43.00 -35.00  16.86
 -43.00 -34.00  17.56
 -43.00 -33.00  18.06
 -43.00 -32.00  18.32
 -43.00 -31.00  18.31
 -43.00 -30.00  18.02
 -43.00 -29.00  17.49
 -43.00 -28.00  16.75
 -43.00 -27.00  15.88
 -43.00 -26.00  14.94
 -43.00 -25.00  14.02
 -43.00 -24.00  13.18
 -43.00 -23.00  12.46
 -43.00 -22.00  11.90
 -43.00 -21.00  11.50
 -43.00 -20.00  11.24
 -43.00 -19.00  11.11
 -43.00 -18.00  11.07
 -43.00 -17.00  11.08
 -43.00 -16.00  11.14
 -43.00 -15.00  11.24
 -43.00 -14.00  11.37
 -43.00 -13.00  11.56
 -43.00 -12.00  11.81
 -43.00 -11.00  12.13
 -43.00 -10.00  12.51
 -43.00  -9.00  12.92
 -43.00  -8.00  13.32
 -43.00  -7.00  13.66
 -43.00  -6.00  13.91
 -43.00  -5.00  14.03
 -43.00  -4.00  14.01
 -43.00  -3.00  13.86
 -43.00  -2.00  13.63
 -43.00  -1.00  13.38
 -43.00   0.00  13.16
 -43.00   1.00  13.02
 -43.00   2.00  13.01
 -43.00   3.00  13.14
 -43.00   4.00  13.38
 -43.00   5.00  13.70
 -43.00   6.00  14.04
 -43.00   7.00  14.37
 -43.00   8.00  14.62
 -43.00   9.00  14.81
 -43.00  10.00  14.92
 -43.00  11.00  14.99
 -43.00  12.00  15.06
 -43.00  13.00  15.17
 -43.00  14.00  15.36
 -43.00  15.00  15.63
 -43.00  16.00  15.97
 -43.00  17.00  16.34
 -43.00  18.00  16.69
 -43.00  19.00  16.98
 -43.00  20.00  17.18
 -43.00  21.00  17.28
 -43.00  22.00  17.29
 -43.00  23.00  17.27
 -43.00  24.00  17.27
 -43.00  25.00  17.34
 -43.00  26.00  17.55
 -43.00  27.00  17.90
 -42.00 -37.00  14.49
 -42.00 -36.00  15.37
 -42.00 -35.00  16.23
 -42.00 -34.00  17.00
 -42.00 -33.00  17.61
 -42.00 -32.00  18.01
 -42.00 -31.00  18.15
 -42.00 -30.00  18.01
 -42.00 -29.00  17.62
 -42.00 -28.00  17.01
 -42.00 -27.00  16.22
 -42.00 -26.00  15.33
 -42.00 -25.00  14.41
 -42.00 -24.00  13.54
 -42.00 -23.00  12.76
 -42.00 -22.00  12.12
 -42.00 -21.00  11.64
 -42.00 -20.00  11.32
 -42.00 -19.00  11.13
 -42.00 -18.00  11.04
 -42.00 -17.00  11.04
 -42.00 -16.00  11.09
 -42.00 -15.00  11.18
 -42.00 -14.00  11.31
 -42.00 -13.00  11.48
 -42.00 -12.00  11.72
 -42.00 -11.00  12.02
 -42.00 -10.00  12.38
 -42.00  -9.00  12.77
 -42.00  -8.00  13.18
 -42.00  -7.00  13.55
 -42.00  -6.00  13.84
 -42.00  -5.00  14.02
 -42.00  -4.00  14.06
 -42.00  -3.00  13.97
 -42.00  -2.00  13.78
 -42.00  -1.00  13.53
 -42.00   0.00  13.28
 -42.00   1.00  13.10
 -42.00   2.00  13.01
 -42.00   3.00  13.06
 -42.00   4.00  13.23
 -42.00   5.00  13.50
 -42.00   6.00  13.82
 -42.00   7.00  14.13
 -42.00   8.00  14.40
 -42.00   9.00  14.60
 -42.00  10.00  14.73
 -42.00  11.00  14.80
 -42.00  12.00  14.86
 -42.00  13.00  14.94
 -42.00  14.00  15.08
 -42.00  15.00  15.30
 -42.00  16.00  15.60
 -42.00  17.00  15.96
 -42.00  18.00  16.33
 -42.00  19.00  16.66
 -42.00  20.00  16.91
 -42.00  21.00  17.06
 -42.00  22.00  17.12
 -42.00  23.00  17.11
 -42.00  24.00  17.08
 -42.00  25.00  17.10
 -42.00  26.00  17.21
 -42.00  27.00  17.47
 -41.00 -37.00  13.91
 -41.00 -36.00  14.75
 -41.00 -35.00  15.61
 -41.00 -34.00  16.42
 -41.00 -33.00  17.11
 -41.00 -32.00  17.61
 -41.00 -31.00  17.89
 -41.00 -30.00  17.90
 -41.00 -29.00  17.66
 -41.00 -28.00  17.17
 -41.00 -27.00  16.48
 -41.00 -26.00  15.65
 -41.00 -25.00  14.76
 -41.00 -24.00  13.88
 -41.00 -23.00  13.06
 -41.00 -22.00  12.36
 -41.00 -21.00  11.81
 -41.00 -20.00  11.41
 -41.00 -19.00  11.16
 -41.00 -18.00  11.02
 -41.00 -17.00  10.99
 -41.00 -16.00  11.02
 -41.00 -15.00  11.10
 -41.00 -14.00  11.22
 -41.00 -13.00  11.39
 -41.00 -12.00  11.61
 -41.00 -11.00  11.89
 -41.00 -10.00  12.23
 -41.00  -9.00  12.61
 -41.00  -8.00  13.02
 -41.00  -7.00  13.41
 -41.00  -6.00  13.73
 -41.00  -5.00  13.96
 -41.00  -4.00  14.05
 -41.00  -3.00  14.02
 -41.00  -2.00  13.87
 -41.00  -1.00  13.64
 -41.00   0.00  13.39
 -41.00   1.00  13.17
 -41.00   2.00  13.03
 -41.00   3.00  13.01
 -41.00   4.00  13.11
 -41.00   5.00  13.32
 -41.00   6.00  13.60
 -41.00   7.00  13.90
 -41.00   8.00  14.17
 -41.00   9.00  14.39
 -41.00  10.00  14.53
 -41.00  11.00  14.61
 -41.00  12.00  14.65
 -41.00  13.00  14.71
 -41.00  14.00  14.81
 -41.00  15.00  14.99
 -41.00  16.00  15.25
 -41.00  17.00  15.58
 -41.00  18.00  15.95
 -41.00  19.00  16.31
 -41.00  20.00  16.60
 -41.00  21.00  16.81
 -41.00  22.00  16.91
 -41.00  23.00  16.92
 -41.00  24.00  16.89
 -41.00  25.00  16.87
 -41.00  26.00  16.92
 -41.00  27.00  17.08
 -40.00 -37.00  13.37
 -40.00 -36.00  14.15
 -40.00 -35.00  14.99
 -40.00 -34.00  15.82
 -40.00 -33.00  16.57
 -40.00 -32.00  17.16
 -40.00 -31.00  17.56
 -40.00 -30.00  17.71
 -40.00 -29.00  17.60
 -40.00 -28.00  17.24
 -40.00 -27.00  16.66
 -40.00 -26.00  15.92
 -40.00 -25.00  15.07
 -40.00 -24.00  14.19
 -40.00 -23.00  13.35
 -40.00 -22.00  12.61
 -40.00 -21.00  11.99
 -40.00 -20.00  11.52
 -40.00 -19.00  11.20
 -40.00 -18.00  11.02
 -40.00 -17.00  10.94
 -40.00 -16.00  10.94
 -40.00 -15.00  11.01
 -40.00 -14.00  11.12
 -40.00 -13.00  11.28
 -40.00 -12.00  11.49
 -40.00 -11.00  11.75
 -40.00 -10.00  12.07
 -40.00  -9.00  12.44
 -40.00  -8.00  12.84
 -40.00  -7.00  13.23
 -40.00  -6.00  13.58
 -40.00  -5.00  13.84
 -40.00  -4.00  13.99
 -40.00  -3.00  14.01
 -40.00  -2.00  13.90
 -40.00  -1.00  13.71
 -40.00   0.00  13.46
 -40.00   1.00  13.22
 -40.00   2.00  13.05
 -40.00   3.00  12.97
 -40.00   4.00  13.01
 -40.00   5.00  13.16
 -40.00   6.00  13.40
 -40.00   7.00  13.67
 -40.00   8.00  13.94
 -40.00   9.00  14.16
 -40.00  10.00  14.32
 -40.00  11.00  14.40
 -40.00  12.00  14.45
 -40.00  13.00  14.48
 -40.00  14.00  14.55
 -40.00  15.00  14.68
 -40.00  16.00  14.90
 -40.00  17.00  15.21
 -40.00  18.00  15.56
 -40.00  19.00  15.93
 -40.00  20.00  16.26
 -40.00  21.00  16.51
 -40.00  22.00  16.66
 -40.00  23.00  16.71
 -40.00  24.00  16.69
 -40.00  25.00  16.65
 -40.00  26.00  16.65
 -40.00  27.00  16.74
 -39.00 -37.00  12.88
 -39.00 -36.00  13.59
 -39.00 -35.00  14.39
 -39.00 -34.00  15.22
 -39.00 -33.00  16.00
 -39.00 -32.00  16.67
 -39.00 -31.00  17.16
 -39.00 -30.00  17.44
 -39.00 -29.00  17.46
 -39.00 -28.00  17.23
 -39.00 -27.00  16.77
 -39.00 -26.00  16.12
 -39.00 -25.00  15.33
 -39.00 -24.00  14.48
 -39.00 -23.00  13.64
 -39.00 -22.00  12.86
 -39.00 -21.00  12.19
 -39.00 -20.00  11.65
 -39.00 -19.00  11.27
 -39.00 -18.00  11.03
 -39.00 -17.00  10.90
 -39.00 -16.00  10.87
 -39.00 -15.00  10.92
 -39.00 -14.00  11.02
 -39.00 -13.00  11.16
 -39.00 -12.00  11.36
 -39.00 -11.00  11.60
 -39.00 -10.00  11.90
 -39.00  -9.00  12.25
 -39.00  -8.00  12.63
 -39.00  -7.00  13.02
 -39.00  -6.00  13.38
 -39.00  -5.00  13.68
 -39.00  -4.00  13.87
 -39.00  -3.00  13.94
 -39.00  -2.00  13.88
 -39.00  -1.00  13.72
 -39.00   0.00  13.50
 -39.00   1.00  13.26
 -39.00   2.00  13.05
 -39.00   3.00  12.93
 -39.00   4.00  12.91
 -39.00   5.00  13.01
 -39.00   6.00  13.20
 -39.00   7.00  13.44
 -39.00   8.00  13.70
 -39.00   9.00  13.92
 -39.00  10.00  14.09
 -39.00  11.00  14.19
 -39.00  12.00  14.23
 -39.00  13.00  14.25
 -39.00  14.00  14.29
 -39.00  15.00  14.39
 -39.00  16.00  14.57
 -39.00  17.00  14.83
 -39.00  18.00  15.17
 -39.00  19.00  15.53
 -39.00  20.00  15.89
 -39.00  21.00  16.18
 -39.00  22.00  16.38
 -39.00  23.00  16.47
 -39.00  24.00  16.48
 -39.00  25.00  16.44
 -39.00  26.00  16.41
 -39.00  27.00  16.44
 -38.00 -37.00  12.43
 -38.00 -36.00  13.07
 -38.00 -35.00  13.82
 -38.00 -34.00  14.62
 -38.00 -33.00  15.42
 -38.00 -32.00  16.14
 -38.00 -31.00  16.72
 -38.00 -30.00  17.11
 -38.00 -29.00  17.26
 -38.00 -28.00  17.16
 -38.00 -27.00  16.82
 -38.00 -26.00  16.27
 -38.00 -25.00  15.56
 -38.00 -24.00  14.75
 -38.00 -23.00  13.92
 -38.00 -22.00  13.11
 -38.00 -21.00  12.40
 -38.00 -20.00  11.81
 -38.00 -19.00  11.36
 -38.00 -18.00  11.06
 -38.00 -17.00  10.88
 -38.00 -16.00  10.81
 -38.00 -15.00  10.83
 -38.00 -14.00  10.91
 -38.00 -13.00  11.04
 -38.00 -12.00  11.22
 -38.00 -11.00  11.45
 -38.00 -10.00  11.73
 -38.00  -9.00  12.05
 -38.00  -8.00  12.42
 -38.00  -7.00  12.80
 -38.00  -6.00  13.16
 -38.00  -5.00  13.47
 -38.00  -4.00  13.70
 -38.00  -3.00  13.81
 -38.00  -2.00  13.81
 -38.00  -1.00  13.69
 -38.00   0.00  13.49
 -38.00   1.00  13.26
 -38.00   2.00  13.04
 -38.00   3.00  12.88
 -38.00   4.00  12.82
 -38.00   5.00  12.86
 -38.00   6.00  13.00
 -38.00   7.00  13.21
 -38.00   8.00  13.45
 -38.00   9.00  13.67
 -38.00  10.00  13.84
 -38.00  11.00  13.95
 -38.00  12.00  14.01
 -38.00  13.00  14.02
 -38.00  14.00  14.04
 -38.00  15.00  14.11
 -38.00  16.00  14.24
 -38.00  17.00  14.47
 -38.00  18.00  14.77
 -38.00  19.00  15.13
 -38.00  20.00  15.49
 -38.00  21.00  15.82
 -38.00  22.00  16.06
 -38.00  23.00  16.21
 -38.00  24.00  16.25
 -38.00  25.00  16.23
 -38.00  26.00  16.18
 -38.00  27.00  16.16
 -37.00 -37.00  12.02
 -37.00 -36.00  12.58
 -37.00 -35.00  13.26
 -37.00 -34.00  14.03
 -37.00 -33.00  14.82
 -37.00 -32.00  15.58
 -37.00 -31.00  16.23
 -37.00 -30.00  16.72
 -37.00 -29.00  16.99
 -37.00 -28.00  17.03
 -37.00 -27.00  16.81
 -37.00 -26.00  16.38
 -37.00 -25.00  15.76
 -37.00 -24.00  15.01
 -37.00 -23.00  14.19
 -37.00 -22.00  13.38
 -37.00 -21.00  12.63
 -37.00 -20.00  11.99
 -37.00 -19.00  11.48
 -37.00 -18.00  11.11
 -37.00 -17.00  10.88
 -37.00 -16.00  10.77
 -37.00 -15.00  10.75
 -37.00 -14.00  10.80
 -37.00 -13.00  10.92
 -37.00 -12.00  11.08
 -37.00 -11.00  11.29
 -37.00 -10.00  11.54
 -37.00  -9.00  11.85
 -37.00  -8.00  12.19
 -37.00  -7.00  12.56
 -37.00  -6.00  12.92
 -37.00  -5.00  13.24
 -37.00  -4.00  13.49
 -37.00  -3.00  13.64
 -37.00  -2.00  13.68
 -37.00  -1.00  13.61
 -37.00   0.00  13.45
 -37.00   1.00  13.23
 -37.00   2.00  13.01
 -37.00   3.00  12.83
 -37.00   4.00  12.72
 -37.00   5.00  12.72
 -37.00   6.00  12.81
 -37.00   7.00  12.98
 -37.00   8.00  13.19
 -37.00   9.00  13.41
 -37.00  10.00  13.59
 -37.00  11.00  13.71
 -37.00  12.00  13.77
 -37.00  13.00  13.79
 -37.00  14.00  13.79
 -37.00  15.00  13.83
 -37.00  16.00  13.92
 -37.00  17.00  14.11
 -37.00  18.00  14.38
 -37.00  19.00  14.71
 -37.00  20.00  15.08
 -37.00  21.00  15.43
 -37.00  22.00  15.72
 -37.00  23.00  15.91
 -37.00  24.00  16.00
 -37.00  25.00  16.00
 -37.00  26.00  15.95
 -37.00  27.00  15.91
 -36.00 -37.00  11.65
 -36.00 -36.00  12.13
 -36.00 -35.00  12.75
 -36.00 -34.00  13.46
 -36.00 -33.00  14.24
 -36.00 -32.00  15.01
 -36.00 -31.00  15.72
 -36.00 -30.00  16.29
 -36.00 -29.00  16.67
 -36.00 -28.00  16.83
 -36.00 -27.00  16.75
 -36.00 -26.00  16.44
 -36.00 -25.00  15.92
 -36.00 -24.00  15.24
 -36.00 -23.00  14.47
 -36.00 -22.00  13.66
 -36.00 -21.00  12.89
 -36.00 -20.00  12.21
 -36.00 -19.00  11.64
 -36.00 -18.00  11.21
 -36.00 -17.00  10.91
 -36.00 -16.00  10.75
 -36.00 -15.00  10.69
 -36.00 -14.00  10.71
 -36.00 -13.00  10.80
 -36.00 -12.00  10.94
 -36.00 -11.00  11.13
 -36.00 -10.00  11.37
 -36.00  -9.00  11.65
 -36.00  -8.00  11.96
 -36.00  -7.00  12.31
 -36.00  -6.00  12.66
 -36.00  -5.00  12.98
 -36.00  -4.00  13.25
 -36.00  -3.00  13.44
 -36.00  -2.00  13.51
 -36.00  -1.00  13.48
 -36.00   0.00  13.36
 -36.00   1.00  13.17
 -36.00   2.00  12.95
 -36.00   3.00  12.76
 -36.00   4.00  12.62
 -36.00   5.00  12.57
 -36.00   6.00  12.62
 -36.00   7.00  12.75
 -36.00   8.00  12.94
 -36.00   9.00  13.14
 -36.00  10.00  13.32
 -36.00  11.00  13.45
 -36.00  12.00  13.52
 -36.00  13.00  13.55
 -36.00  14.00  13.55
 -36.00  15.00  13.56
 -36.00  16.00  13.62
 -36.00  17.00  13.76
 -36.00  18.00  13.99
 -36.00  19.00  14.30
 -36.00  20.00  14.66
 -36.00  21.00  15.02
 -36.00  22.00  15.35
 -36.00  23.00  15.59
 -36.00  24.00  15.73
 -36.00  25.00  15.77
 -36.00  26.00  15.74
 -36.00  27.00  15.68
 -35.00 -37.00  11.33
 -35.00 -36.00  11.74
 -35.00 -35.00  12.28
 -35.00 -34.00  12.94
 -35.00 -33.00  13.68
 -35.00 -32.00  14.45
 -35.00 -31.00  15.19
 -35.00 -30.00  15.83
 -35.00 -29.00  16.31
 -35.00 -28.00  16.59
 -35.00 -27.00  16.64
 -35.00 -26.00  16.45
 -35.00 -25.00  16.04
 -35.00 -24.00  15.45
 -35.00 -23.00  14.73
 -35.00 -22.00  13.95
 -35.00 -21.00  13.17
 -35.00 -20.00  12.45
 -35.00 -19.00  11.83
 -35.00 -18.00  11.34
 -35.00 -17.00  10.98
 -35.00 -16.00  10.76
 -35.00 -15.00  10.65
 -35.00 -14.00  10.64
 -35.00 -13.00  10.70
 -35.00 -12.00  10.82
 -35.00 -11.00  10.99
 -35.00 -10.00  11.20
 -35.00  -9.00  11.45
 -35.00  -8.00  11.75
 -35.00  -7.00  12.07
 -35.00  -6.00  12.40
 -35.00  -5.00  12.72
 -35.00  -4.00  12.99
 -35.00  -3.00  13.20
 -35.00  -2.00  13.31
 -35.00  -1.00  13.32
 -35.00   0.00  13.24
 -35.00   1.00  13.07
 -35.00   2.00  12.87
 -35.00   3.00  12.67
 -35.00   4.00  12.51
 -35.00   5.00  12.43
 -35.00   6.00  12.44
 -35.00   7.00  12.53
 -35.00   8.00  12.68
 -35.00   9.00  12.87
 -35.00  10.00  13.04
 -35.00  11.00  13.18
 -35.00  12.00  13.27
 -35.00  13.00  13.30
 -35.00  14.00  13.30
 -35.00  15.00  13.29
 -35.00  16.00  13.33
 -35.00  17.00  13.43
 -35.00  18.00  13.62
 -35.00  19.00  13.89
 -35.00  20.00  14.23
 -35.00  21.00  14.60
 -35.00  22.00  14.95
 -35.00  23.00  15.24
 -35.00  24.00  15.43
 -35.00  25.00  15.52
 -35.00  26.00  15.52
 -35.00  27.00  15.47
 -34.00 -37.00  11.07
 -34.00 -36.00  11.40
 -34.00 -35.00  11.87
 -34.00 -34.00  12.46
 -34.00 -33.00  13.16
 -34.00 -32.00  13.92
 -34.00 -31.00  14.67
 -34.00 -30.00  15.37
 -34.00 -29.00  15.93
 -34.00 -28.00  16.32
 -34.00 -27.00  16.48
 -34.00 -26.00  16.42
 -34.00 -25.00  16.12
 -34.00 -24.00  15.62
 -34.00 -23.00  14.98
 -34.00 -22.00  14.23
 -34.00 -21.00  13.46
 -34.00 -20.00  12.72
 -34.00 -19.00  12.05
 -34.00 -18.00  11.50
 -34.00 -17.00  11.09
 -34.00 -16.00  10.81
 -34.00 -15.00  10.65
 -34.00 -14.00  10.59
 -34.00 -13.00  10.62
 -34.00 -12.00  10.72
 -34.00 -11.00  10.87
 -34.00 -10.00  11.06
 -34.00  -9.00  11.29
 -34.00  -8.00  11.55
 -34.00  -7.00  11.85
 -34.00  -6.00  12.16
 -34.00  -5.00  12.46
 -34.00  -4.00  12.74
 -34.00  -3.00  12.95
 -34.00  -2.00  13.09
 -34.00  -1.00  13.14
 -34.00   0.00  13.08
 -34.00   1.00  12.95
 -34.00   2.00  12.77
 -34.00   3.00  12.57
 -34.00   4.00  12.40
 -34.00   5.00  12.29
 -34.00   6.00  12.26
 -34.00   7.00  12.31
 -34.00   8.00  12.43
 -34.00   9.00  12.60
 -34.00  10.00  12.77
 -34.00  11.00  12.91
 -34.00  12.00  13.01
 -34.00  13.00  13.05
 -34.00  14.00  13.05
 -34.00  15.00  13.04
 -34.00  16.00  13.04
 -34.00  17.00  13.11
 -34.00  18.00  13.26
 -34.00  19.00  13.50
 -34.00  20.00  13.82
 -34.00  21.00  14.18
 -34.00  22.00  14.55
 -34.00  23.00  14.87
 -34.00  24.00  15.11
 -34.00  25.00  15.25
 -34.00  26.00  15.29
 -34.00  27.00  15.26
 -33.00 -37.00  10.86
 -33.00 -36.00  11.12
 -33.00 -35.00  11.53
 -33.00 -34.00  12.06
 -33.00 -33.00  12.72
 -33.00 -32.00  13.44
 -33.00 -31.00  14.20
 -33.00 -30.00  14.93
 -33.00 -29.00  15.56
 -33.00 -28.00  16.03
 -33.00 -27.00  16.30
 -33.00 -26.00  16.35
 -33.00 -25.00  16.16
 -33.00 -24.00  15.76
 -33.00 -23.00  15.19
 -33.00 -22.00  14.49
 -33.00 -21.00  13.74
 -33.00 -20.00  12.98
 -33.00 -19.00  12.29
 -33.00 -18.00  11.69
 -33.00 -17.00  11.22
 -33.00 -16.00  10.89
 -33.00 -15.00  10.68
 -33.00 -14.00  10.58
 -33.00 -13.00  10.58
 -33.00 -12.00  10.65
 -33.00 -11.00  10.77
 -33.00 -10.00  10.94
 -33.00  -9.00  11.15
 -33.00  -8.00  11.39
 -33.00  -7.00  11.66
 -33.00  -6.00  11.94
 -33.00  -5.00  12.23
 -33.00  -4.00  12.49
 -33.00  -3.00  12.72
 -33.00  -2.00  12.87
 -33.00  -1.00  12.93
 -33.00   0.00  12.91
 -33.00   1.00  12.81
 -33.00   2.00  12.64
 -33.00   3.00  12.45
 -33.00   4.00  12.28
 -33.00   5.00  12.15
 -33.00   6.00  12.09
 -33.00   7.00  12.11
 -33.00   8.00  12.20
 -33.00   9.00  12.34
 -33.00  10.00  12.50
 -33.00  11.00  12.64
 -33.00  12.00  12.74
 -33.00  13.00  12.79
 -33.00  14.00  12.80
 -33.00  15.00  12.78
 -33.00  16.00  12.78
 -33.00  17.00  12.81
 -33.00  18.00  12.93
 -33.00  19.00  13.13
 -33.00  20.00  13.42
 -33.00  21.00  13.78
 -33.00  22.00  14.15
 -33.00  23.00  14.50
 -33.00  24.00  14.78
 -33.00  25.00  14.97
 -33.00  26.00  15.05
 -33.00  27.00  15.05
 -32.00 -37.00  10.69
 -32.00 -36.00  10.91
 -32.00 -35.00  11.26
 -32.00 -34.00  11.75
 -32.00 -33.00  12.35
 -32.00 -32.00  13.05
 -32.00 -31.00  13.81
 -32.00 -30.00  14.55
 -32.00 -29.00  15.22
 -32.00 -28.00  15.76
 -32.00 -27.00  16.12
 -32.00 -26.00  16.26
 -32.00 -25.00  16.17
 -32.00 -24.00  15.86
 -32.00 -23.00  15.36
 -32.00 -22.00  14.71
 -32.00 -21.00  13.98
 -32.00 -20.00  13.23
 -32.00 -19.00  12.52
 -32.00 -18.00  11.89
 -32.00 -17.00  11.38
 -32.00 -16.00  10.99
 -32.00 -15.00  10.74
 -32.00 -14.00  10.60
 -32.00 -13.00  10.57
 -32.00 -12.00  10.61
 -32.00 -11.00  10.71
 -32.00 -10.00  10.86
 -32.00  -9.00  11.05
 -32.00  -8.00  11.27
 -32.00  -7.00  11.51
 -32.00  -6.00  11.77
 -32.00  -5.00  12.03
 -32.00  -4.00  12.28
 -32.00  -3.00  12.50
 -32.00  -2.00  12.65
 -32.00  -1.00  12.73
 -32.00   0.00  12.73
 -32.00   1.00  12.65
 -32.00   2.00  12.50
 -32.00   3.00  12.32
 -32.00   4.00  12.15
 -32.00   5.00  12.00
 -32.00   6.00  11.92
 -32.00   7.00  11.92
 -32.00   8.00  11.98
 -32.00   9.00  12.10
 -32.00  10.00  12.24
 -32.00  11.00  12.38
 -32.00  12.00  12.49
 -32.00  13.00  12.54
 -32.00  14.00  12.55
 -32.00  15.00  12.54
 -32.00  16.00  12.52
 -32.00  17.00  12.54
 -32.00  18.00  12.62
 -32.00  19.00  12.79
 -32.00  20.00  13.06
 -32.00  21.00  13.39
 -32.00  22.00  13.77
 -32.00  23.00  14.14
 -32.00  24.00  14.45
 -32.00  25.00  14.68
 -32.00  26.00  14.80
 -32.00  27.00  14.83
 -31.00 -37.00  10.58
 -31.00 -36.00  10.77
 -31.00 -35.00  11.08
 -31.00 -34.00  11.52
 -31.00 -33.00  12.09
 -31.00 -32.00  12.77
 -31.00 -31.00  13.51
 -31.00 -30.00  14.26
 -31.00 -29.00  14.96
 -31.00 -28.00  15.54
 -31.00 -27.00  15.96
 -31.00 -26.00  16.18
 -31.00 -25.00  16.16
 -31.00 -24.00  15.92
 -31.00 -23.00  15.48
 -31.00 -22.00  14.89
 -31.00 -21.00  14.19
 -31.00 -20.00  13.45
 -31.00 -19.00  12.72
 -31.00 -18.00  12.07
 -31.00 -17.00  11.52
 -31.00 -16.00  11.10
 -31.00 -15.00  10.81
 -31.00 -14.00  10.65
 -31.00 -13.00  10.58
 -31.00 -12.00  10.60
 -31.00 -11.00  10.69
 -31.00 -10.00  10.82
 -31.00  -9.00  10.99
 -31.00  -8.00  11.19
 -31.00  -7.00  11.41
 -31.00  -6.00  11.64
 -31.00  -5.00  11.89
 -31.00  -4.00  12.12
 -31.00  -3.00  12.32
 -31.00  -2.00  12.47
 -31.00  -1.00  12.55
 -31.00   0.00  12.55
 -31.00   1.00  12.48
 -31.00   2.00  12.35
 -31.00   3.00  12.18
 -31.00   4.00  12.01
 -31.00   5.00  11.86
 -31.00   6.00  11.76
 -31.00   7.00  11.74
 -31.00   8.00  11.78
 -31.00   9.00  11.88
 -31.00  10.00  12.01
 -31.00  11.00  12.14
 -31.00  12.00  12.24
 -31.00  13.00  12.30
 -31.00  14.00  12.31
 -31.00  15.00  12.29
 -31.00  16.00  12.27
 -31.00  17.00  12.27
 -31.00  18.00  12.34
 -31.00  19.00  12.49
 -31.00  20.00  12.73
 -31.00  21.00  13.05
 -31.00  22.00  13.42
 -31.00  23.00  13.80
 -31.00  24.00  14.14
 -31.00  25.00  14.40
 -31.00  26.00  14.56
 -31.00  27.00  14.62
 -30.00 -37.00  10.69
 -30.00 -36.00  10.87
 -30.00 -35.00  11.18
 -30.00 -34.00  11.63
 -30.00 -33.00  12.21
 -30.00 -32.00  12.91
 -30.00 -31.00  13.68
 -30.00 -30.00  14.47
 -30.00 -29.00  15.22
 -30.00 -28.00  15.87
 -30.00 -27.00  16.35
 -30.00 -26.00  16.62
 -30.00 -25.00  16.65
 -30.00 -24.00  16.45
 -30.00 -23.00  16.03
 -30.00 -22.00  15.44
 -30.00 -21.00  14.73
 -30.00 -20.00  13.95
 -30.00 -19.00  13.19
 -30.00 -18.00  12.48
 -30.00 -17.00  11.88
 -30.00 -16.00  11.41
 -30.00 -15.00  11.08
 -30.00 -14.00  10.88
 -30.00 -13.00  10.79
 -30.00 -12.00  10.79
 -30.00 -11.00  10.87
 -30.00 -10.00  10.99
 -30.00  -9.00  11.14
 -30.00  -8.00  11.31
 -30.00  -7.00  11.50
 -30.00  -6.00  11.70
 -30.00  -5.00  11.91
 -30.00  -4.00  12.10
 -30.00  -3.00  12.27
 -30.00  -2.00  12.40
 -30.00  -1.00  12.46
 -30.00   0.00  12.47
 -30.00   1.00  12.40
 -30.00   2.00  12.27
 -30.00   3.00  12.10
 -30.00   4.00  11.92
 -30.00   5.00  11.76
 -30.00   6.00  11.64
 -30.00   7.00  11.58
 -30.00   8.00  11.60
 -30.00   9.00  11.67
 -30.00  10.00  11.78
 -30.00  11.00  11.89
 -30.00  12.00  12.00
 -30.00  13.00  12.06
 -30.00  14.00  12.09
 -30.00  15.00  12.08
 -30.00  16.00  12.06
 -30.00  17.00  12.06
 -30.00  18.00  12.12
 -30.00  19.00  12.27
 -30.00  20.00  12.51
 -30.00  21.00  12.84
 -30.00  22.00  13.24
 -30.00  23.00  13.65
 -30.00  24.00  14.04
 -30.00  25.00  14.36
 -30.00  26.00  14.58
 -30.00  27.00  14.70
