 -83.00 -37.00  31.57
 -83.00 -36.00  31.28
 -83.00 -35.00  31.28
 -83.00 -34.00  31.89
 -83.00 -33.00  33.49
 -83.00 -32.00  36.35
 -83.00 -31.00  40.60
 -83.00 -30.00  46.20
 -83.00 -29.00  52.90
 -83.00 -28.00  60.22
 -83.00 -27.00  67.58
 -83.00 -26.00  74.32
 -83.00 -25.00  79.81
 -83.00 -24.00  83.58
 -83.00 -23.00  85.32
 -83.00 -22.00  85.00
 -83.00 -21.00  82.81
 -83.00 -20.00  79.13
 -83.00 -19.00  74.49
 -83.00 -18.00  69.42
 -83.00 -17.00  64.43
 -83.00 -16.00  59.90
 -83.00 -15.00  56.06
 -83.00 -14.00  52.99
 -83.00 -13.00  50.66
 -83.00 -12.00  48.96
 -83.00 -11.00  47.78
 -83.00 -10.00  47.07
 -83.00  -9.00  46.80
 -83.00  -8.00  47.03
 -83.00  -7.00  47.83
 -83.00  -6.00  49.27
 -83.00  -5.00  51.32
 -83.00  -4.00  53.85
 -83.00  -3.00  56.58
 -83.00  -2.00  59.16
 -83.00  -1.00  61.16
 -83.00   0.00  62.18
 -83.00   1.00  61.92
 -83.00   2.00  60.25
 -83.00   3.00  57.23
 -83.00   4.00  53.16
 -83.00   5.00  48.45
 -83.00   6.00  43.65
 -83.00   7.00  39.26
 -83.00   8.00  35.70
 -83.00   9.00  33.22
 -83.00  10.00  31.87
 -83.00  11.00  31.53
 -83.00  12.00  31.90
 -83.00  13.00  32.63
 -83.00  14.00  33.40
 -83.00  15.00  33.94
 -83.00  16.00  34.14
 -83.00  17.00  34.00
 -83.00  18.00  33.66
 -83.00  19.00  33.28
 -83.00  20.00  33.04
 -83.00  21.00  33.04
 -83.00  22.00  33.29
 -83.00  23.00  33.68
 -83.00  24.00  34.06
 -83.00  25.00  34.24
 -83.00  26.00  34.10
 -83.00  27.00  33.59
 -82.00 -37.00  31.25
 -82.00 -36.00  30.99
 -82.00 -35.00  31.03
 -82.00 -34.00  31.72
 -82.00 -33.00  33.39
 -82.00 -32.00  36.29
 -82.00 -31.00  40.55
 -82.00 -30.00  46.11
 -82.00 -29.00  52.69
 -82.00 -28.00  59.87
 -82.00 -27.00  67.04
 -82.00 -26.00  73.58
 -82.00 -25.00  78.88
 -82.00 -24.00  82.50
 -82.00 -23.00  84.14
 -82.00 -22.00  83.79
 -82.00 -21.00  81.62
 -82.00 -20.00  78.02
 -82.00 -19.00  73.49
 -82.00 -18.00  68.55
 -82.00 -17.00  63.69
 -82.00 -16.00  59.27
 -82.00 -15.00  55.51
 -82.00 -14.00  52.50
 -82.00 -13.00  50.21
 -82.00 -12.00  48.52
 -82.00 -11.00  47.35
 -82.00 -10.00  46.61
 -82.00  -9.00  46.31
 -82.00  -8.00  46.49
 -82.00  -7.00  47.21
 -82.00  -6.00  48.52
 -82.00  -5.00  50.40
 -82.00  -4.00  52.70
 -82.00  -3.00  55.18
 -82.00  -2.00  57.49
 -82.00  -1.00  59.22
 -82.00   0.00  60.03
 -82.00   1.00  59.62
 -82.00   2.00  57.90
 -82.00   3.00  54.94
 -82.00   4.00  51.03
 -82.00   5.00  46.58
 -82.00   6.00  42.09
 -82.00   7.00  38.04
 -82.00   8.00  34.81
 -82.00   9.00  32.62
 -82.00  10.00  31.49
 -82.00  11.00  31.28
 -82.00  12.00  31.72
 -82.00  13.00  32.46
 -82.00  14.00  33.19
 -82.00  15.00  33.69
 -82.00  16.00  33.85
 -82.00  17.00  33.70
 -82.00  18.00  33.36
 -82.00  19.00  33.01
 -82.00  20.00  32.80
 -82.00  21.00  32.83
 -82.00  22.00  33.08
 -82.00  23.00  33.46
 -82.00  24.00  33.80
 -82.00  25.00  33.93
 -82.00  26.00  33.73
 -82.00  27.00  33.20
 -81.00 -37.00  30.94
 -81.00 -36.00  30.71
 -81.00 -35.00  30.80
 -81.00 -34.00  31.53
 -81.00 -33.00  33.23
 -81.00 -32.00  36.13
 -81.00 -31.00  40.36
 -81.00 -30.00  45.83
 -81.00 -29.00  52.30
 -81.00 -28.00  59.31
 -81.00 -27.00  66.31
 -81.00 -26.00  72.68
 -81.00 -25.00  77.86
 -81.00 -24.00  81.38
 -81.00 -23.00  82.99
 -81.00 -22.00  82.66
 -81.00 -21.00  80.56
 -81.00 -20.00  77.07
 -81.00 -19.00  72.66
 -81.00 -18.00  67.85
 -81.00 -17.00  63.10
 -81.00 -16.00  58.77
 -81.00 -15.00  55.07
 -81.00 -14.00  52.10
 -81.00 -13.00  49.81
 -81.00 -12.00  48.13
 -81.00 -11.00  46.93
 -81.00 -10.00  46.17
 -81.00  -9.00  45.82
 -81.00  -8.00  45.93
 -81.00  -7.00  46.54
 -81.00  -6.00  47.71
 -81.00  -5.00  49.39
 -81.00  -4.00  51.47
 -81.00  -3.00  53.71
 -81.00  -2.00  55.78
 -81.00  -1.00  57.30
 -81.00   0.00  57.94
 -81.00   1.00  57.46
 -81.00   2.00  55.74
 -81.00   3.00  52.89
 -81.00   4.00  49.18
 -81.00   5.00  44.99
 -81.00   6.00  40.80
 -81.00   7.00  37.05
 -81.00   8.00  34.10
 -81.00   9.00  32.14
 -81.00  10.00  31.18
 -81.00  11.00  31.07
 -81.00  12.00  31.53
 -81.00  13.00  32.27
 -81.00  14.00  32.97
 -81.00  15.00  33.43
 -81.00  16.00  33.57
 -81.00  17.00  33.41
 -81.00  18.00  33.09
 -81.00  19.00  32.77
 -81.00  20.00  32.59
 -81.00  21.00  32.64
 -81.00  22.00  32.88
 -81.00  23.00  33.24
 -81.00  24.00  33.54
 -81.00  25.00  33.62
 -81.00  26.00  33.39
 -81.00  27.00  32.84
 -80.00 -37.00  30.66
 -80.00 -36.00  30.45
 -80.00 -35.00  30.57
 -80.00 -34.00  31.32
 -80.00 -33.00  33.02
 -80.00 -32.00  35.90
 -80.00 -31.00  40.06
 -80.00 -30.00  45.42
 -80.00 -29.00  51.74
 -80.00 -28.00  58.60
 -80.00 -27.00  65.44
 -80.00 -26.00  71.68
 -80.00 -25.00  76.77
 -80.00 -24.00  80.25
 -80.00 -23.00  81.88
 -80.00 -22.00  81.61
 -80.00 -21.00  79.62
 -80.00 -20.00  76.26
 -80.00 -19.00  71.99
 -80.00 -18.00  67.29
 -80.00 -17.00  62.64
 -80.00 -16.00  58.37
 -80.00 -15.00  54.72
 -80.00 -14.00  51.76
 -80.00 -13.00  49.47
 -80.00 -12.00  47.77
 -80.00 -11.00  46.55
 -80.00 -10.00  45.74
 -80.00  -9.00  45.34
 -80.00  -8.00  45.35
 -80.00  -7.00  45.85
 -80.00  -6.00  46.86
 -80.00  -5.00  48.35
 -80.00  -4.00  50.21
 -80.00  -3.00  52.22
 -80.00  -2.00  54.08
 -80.00  -1.00  55.43
 -80.00   0.00  55.96
 -80.00   1.00  55.44
 -80.00   2.00  53.78
 -80.00   3.00  51.07
 -80.00   4.00  47.57
 -80.00   5.00  43.64
 -80.00   6.00  39.73
 -80.00   7.00  36.25
 -80.00   8.00  33.54
 -80.00   9.00  31.75
 -80.00  10.00  30.91
 -80.00  11.00  30.86
 -80.00  12.00  31.35
 -80.00  13.00  32.06
 -80.00  14.00  32.73
 -80.00  15.00  33.17
 -80.00  16.00  33.30
 -80.00  17.00  33.15
 -80.00  18.00  32.86
 -80.00  19.00  32.56
 -80.00  20.00  32.40
 -80.00  21.00  32.45
 -80.00  22.00  32.69
 -80.00  23.00  33.02
 -80.00  24.00  33.28
 -80.00  25.00  33.32
 -80.00  26.00  33.07
 -80.00  27.00  32.51
 -79.00 -37.00  30.40
 -79.00 -36.00  30.21
 -79.00 -35.00  30.35
 -79.00 -34.00  31.11
 -79.00 -33.00  32.79
 -79.00 -32.00  35.62
 -79.00 -31.00  39.68
 -79.00 -30.00  44.92
 -79.00 -29.00  51.09
 -79.00 -28.00  57.79
 -79.00 -27.00  64.49
 -79.00 -26.00  70.63
 -79.00 -25.00  75.65
 -79.00 -24.00  79.13
 -79.00 -23.00  80.81
 -79.00 -22.00  80.65
 -79.00 -21.00  78.79
 -79.00 -20.00  75.57
 -79.00 -19.00  71.43
 -79.00 -18.00  66.85
 -79.00 -17.00  62.28
 -79.00 -16.00  58.07
 -79.00 -15.00  54.44
 -79.00 -14.00  51.48
 -79.00 -13.00  49.17
 -79.00 -12.00  47.44
 -79.00 -11.00  46.19
 -79.00 -10.00  45.33
 -79.00  -9.00  44.86
 -79.00  -8.00  44.78
 -79.00  -7.00  45.15
 -79.00  -6.00  46.00
 -79.00  -5.00  47.30
 -79.00  -4.00  48.95
 -79.00  -3.00  50.75
 -79.00  -2.00  52.42
 -79.00  -1.00  53.63
 -79.00   0.00  54.08
 -79.00   1.00  53.57
 -79.00   2.00  52.00
 -79.00   3.00  49.45
 -79.00   4.00  46.16
 -79.00   5.00  42.49
 -79.00   6.00  38.83
 -79.00   7.00  35.60
 -79.00   8.00  33.08
 -79.00   9.00  31.44
 -79.00  10.00  30.69
 -79.00  11.00  30.67
 -79.00  12.00  31.16
 -79.00  13.00  31.85
 -79.00  14.00  32.50
 -79.00  15.00  32.92
 -79.00  16.00  33.05
 -79.00  17.00  32.92
 -79.00  18.00  32.64
 -79.00  19.00  32.37
 -79.00  20.00  32.23
 -79.00  21.00  32.29
 -79.00  22.00  32.51
 -79.00  23.00  32.80
 -79.00  24.00  33.03
 -79.00  25.00  33.04
 -79.00  26.00  32.77
 -79.00  27.00  32.22
 -78.00 -37.00  30.16
 -78.00 -36.00  29.99
 -78.00 -35.00  30.13
 -78.00 -34.00  30.89
 -78.00 -33.00  32.55
 -78.00 -32.00  35.30
 -78.00 -31.00  39.26
 -78.00 -30.00  44.37
 -78.00 -29.00  50.39
 -78.00 -28.00  56.94
 -78.00 -27.00  63.51
 -78.00 -26.00  69.55
 -78.00 -25.00  74.54
 -78.00 -24.00  78.04
 -78.00 -23.00  79.80
 -78.00 -22.00  79.75
 -78.00 -21.00  78.03
 -78.00 -20.00  74.96
 -78.00 -19.00  70.96
 -78.00 -18.00  66.49
 -78.00 -17.00  62.00
 -78.00 -16.00  57.83
 -78.00 -15.00  54.21
 -78.00 -14.00  51.24
 -78.00 -13.00  48.91
 -78.00 -12.00  47.15
 -78.00 -11.00  45.85
 -78.00 -10.00  44.95
 -78.00  -9.00  44.40
 -78.00  -8.00  44.23
 -78.00  -7.00  44.47
 -78.00  -6.00  45.16
 -78.00  -5.00  46.28
 -78.00  -4.00  47.73
 -78.00  -3.00  49.34
 -78.00  -2.00  50.84
 -78.00  -1.00  51.93
 -78.00   0.00  52.33
 -78.00   1.00  51.84
 -78.00   2.00  50.38
 -78.00   3.00  48.00
 -78.00   4.00  44.92
 -78.00   5.00  41.49
 -78.00   6.00  38.07
 -78.00   7.00  35.05
 -78.00   8.00  32.70
 -78.00   9.00  31.18
 -78.00  10.00  30.49
 -78.00  11.00  30.50
 -78.00  12.00  30.97
 -78.00  13.00  31.65
 -78.00  14.00  32.27
 -78.00  15.00  32.69
 -78.00  16.00  32.82
 -78.00  17.00  32.70
 -78.00  18.00  32.45
 -78.00  19.00  32.21
 -78.00  20.00  32.08
 -78.00  21.00  32.13
 -78.00  22.00  32.33
 -78.00  23.00  32.60
 -78.00  24.00  32.79
 -78.00  25.00  32.78
 -78.00  26.00  32.49
 -78.00  27.00  31.95
 -77.00 -37.00  29.94
 -77.00 -36.00  29.78
 -77.00 -35.00  29.93
 -77.00 -34.00  30.68
 -77.00 -33.00  32.30
 -77.00 -32.00  34.98
 -77.00 -31.00  38.83
 -77.00 -30.00  43.80
 -77.00 -29.00  49.67
 -77.00 -28.00  56.08
 -77.00 -27.00  62.53
 -77.00 -26.00  68.50
 -77.00 -25.00  73.46
 -77.00 -24.00  76.99
 -77.00 -23.00  78.84
 -77.00 -22.00  78.92
 -77.00 -21.00  77.35
 -77.00 -20.00  74.43
 -77.00 -19.00  70.56
 -77.00 -18.00  66.19
 -77.00 -17.00  61.77
 -77.00 -16.00  57.63
 -77.00 -15.00  54.02
 -77.00 -14.00  51.03
 -77.00 -13.00  48.68
 -77.00 -12.00  46.88
 -77.00 -11.00  45.54
 -77.00 -10.00  44.59
 -77.00  -9.00  43.97
 -77.00  -8.00  43.71
 -77.00  -7.00  43.83
 -77.00  -6.00  44.36
 -77.00  -5.00  45.30
 -77.00  -4.00  46.57
 -77.00  -3.00  48.00
 -77.00  -2.00  49.35
 -77.00  -1.00  50.35
 -77.00   0.00  50.72
 -77.00   1.00  50.27
 -77.00   2.00  48.91
 -77.00   3.00  46.70
 -77.00   4.00  43.84
 -77.00   5.00  40.63
 -77.00   6.00  37.43
 -77.00   7.00  34.59
 -77.00   8.00  32.39
 -77.00   9.00  30.96
 -77.00  10.00  30.32
 -77.00  11.00  30.34
 -77.00  12.00  30.80
 -77.00  13.00  31.45
 -77.00  14.00  32.06
 -77.00  15.00  32.46
 -77.00  16.00  32.60
 -77.00  17.00  32.51
 -77.00  18.00  32.28
 -77.00  19.00  32.06
 -77.00  20.00  31.94
 -77.00  21.00  31.99
 -77.00  22.00  32.18
 -77.00  23.00  32.41
 -77.00  24.00  32.57
 -77.00  25.00  32.54
 -77.00  26.00  32.24
 -77.00  27.00  31.70
 -76.00 -37.00  29.46
 -76.00 -36.00  29.29
 -76.00 -35.00  29.43
 -76.00 -34.00  30.12
 -76.00 -33.00  31.63
 -76.00 -32.00  34.14
 -76.00 -31.00  37.76
 -76.00 -30.00  42.45
 -76.00 -29.00  48.02
 -76.00 -28.00  54.12
 -76.00 -27.00  60.31
 -76.00 -26.00  66.09
 -76.00 -25.00  70.95
 -76.00 -24.00  74.48
 -76.00 -23.00  76.42
 -76.00 -22.00  76.67
 -76.00 -21.00  75.32
 -76.00 -20.00  72.65
 -76.00 -19.00  69.03
 -76.00 -18.00  64.88
 -76.00 -17.00  60.64
 -76.00 -16.00  56.63
 -76.00 -15.00  53.11
 -76.00 -14.00  50.19
 -76.00 -13.00  47.87
 -76.00 -12.00  46.09
 -76.00 -11.00  44.78
 -76.00 -10.00  43.84
 -76.00  -9.00  43.24
 -76.00  -8.00  42.98
 -76.00  -7.00  43.09
 -76.00  -6.00  43.60
 -76.00  -5.00  44.50
 -76.00  -4.00  45.72
 -76.00  -3.00  47.09
 -76.00  -2.00  48.40
 -76.00  -1.00  49.36
 -76.00   0.00  49.72
 -76.00   1.00  49.29
 -76.00   2.00  47.98
 -76.00   3.00  45.83
 -76.00   4.00  43.05
 -76.00   5.00  39.91
 -76.00   6.00  36.78
 -76.00   7.00  33.99
 -76.00   8.00  31.82
 -76.00   9.00  30.41
 -76.00  10.00  29.77
 -76.00  11.00  29.79
 -76.00  12.00  30.25
 -76.00  13.00  30.91
 -76.00  14.00  31.55
 -76.00  15.00  31.99
 -76.00  16.00  32.18
 -76.00  17.00  32.14
 -76.00  18.00  31.96
 -76.00  19.00  31.77
 -76.00  20.00  31.67
 -76.00  21.00  31.71
 -76.00  22.00  31.86
 -76.00  23.00  32.05
 -76.00  24.00  32.16
 -76.00  25.00  32.07
 -76.00  26.00  31.73
 -76.00  27.00  31.16
 -75.00 -37.00  28.98
 -75.00 -36.00  28.80
 -75.00 -35.00  28.91
 -75.00 -34.00  29.54
 -75.00 -33.00  30.93
 -75.00 -32.00  33.26
 -75.00 -31.00  36.64
 -75.00 -30.00  41.05
 -75.00 -29.00  46.30
 -75.00 -28.00  52.11
 -75.00 -27.00  58.04
 -75.00 -26.00  63.62
 -75.00 -25.00  68.38
 -75.00 -24.00  71.92
 -75.00 -23.00  73.96
 -75.00 -22.00  74.38
 -75.00 -21.00  73.27
 -75.00 -20.00  70.85
 -75.00 -19.00  67.48
 -75.00 -18.00  63.56
 -75.00 -17.00  59.50
 -75.00 -16.00  55.63
 -75.00 -15.00  52.20
 -75.00 -14.00  49.34
 -75.00 -13.00  47.05
 -75.00 -12.00  45.31
 -75.00 -11.00  42.28
 -75.00 -10.00  41.32
 -75.00  -9.00  40.66
 -75.00  -8.00  40.30
 -75.00  -7.00  40.23
 -75.00  -6.00  40.47
 -75.00  -5.00  41.01
 -75.00  -4.00  41.81
 -75.00  -3.00  42.74
 -75.00  -2.00  43.64
 -75.00  -1.00  44.30
 -75.00   0.00  44.50
 -75.00   1.00  44.08
 -75.00   2.00  42.95
 -75.00   3.00  41.16
 -75.00   4.00  38.83
 -75.00   5.00  36.22
 -75.00   6.00  33.61
 -75.00   7.00  31.29
 -75.00   8.00  29.48
 -75.00   9.00  28.33
 -75.00  10.00  27.84
 -75.00  11.00  27.92
 -75.00  12.00  28.40
 -75.00  13.00  29.05
 -75.00  14.00  29.69
 -75.00  15.00  30.16
 -75.00  16.00  30.41
 -75.00  17.00  30.45
 -75.00  18.00  30.36
 -75.00  19.00  30.23
 -75.00  20.00  30.16
 -75.00  21.00  30.18
 -75.00  22.00  30.28
 -75.00  23.00  30.40
 -75.00  24.00  30.42
 -75.00  25.00  30.26
 -75.00  26.00  29.88
 -75.00  27.00  29.29
 -74.00 -37.00  28.50
 -74.00 -36.00  28.31
 -74.00 -35.00  28.38
 -74.00 -34.00  28.93
 -74.00 -33.00  30.19
 -74.00 -32.00  32.33
 -74.00 -31.00  32.75
 -74.00 -30.00  36.33
 -74.00 -29.00  40.72
 -74.00 -28.00  45.70
 -74.00 -27.00  50.95
 -74.00 -26.00  56.08
 -74.00 -25.00  60.67
 -74.00 -24.00  64.33
 -74.00 -23.00  66.76
 -74.00 -22.00  67.80
 -74.00 -21.00  67.44
 -74.00 -20.00  65.81
 -74.00 -19.00  63.19
 -74.00 -18.00  59.91
 -74.00 -17.00  56.34
 -74.00 -16.00  52.81
 -74.00 -15.00  49.58
 -74.00 -14.00  46.81
 -74.00 -13.00  44.57
 -74.00 -12.00  42.83
 -74.00 -11.00  41.54
 -74.00 -10.00  40.63
 -74.00  -9.00  40.04
 -74.00  -8.00  39.76
 -74.00  -7.00  39.78
 -74.00  -6.00  40.12
 -74.00  -5.00  40.76
 -74.00  -4.00  41.64
 -74.00  -3.00  42.65
 -74.00  -2.00  43.61
 -74.00  -1.00  44.30
 -74.00   0.00  44.51
 -74.00   1.00  44.08
 -74.00   2.00  42.92
 -74.00   3.00  41.08
 -74.00   4.00  38.69
 -74.00   5.00  36.00
 -74.00   6.00  33.30
 -74.00   7.00  30.90
 -74.00   8.00  29.02
 -74.00   9.00  27.81
 -74.00  10.00  27.28
 -74.00  11.00  27.34
 -74.00  12.00  27.81
 -74.00  13.00  28.49
 -74.00  14.00  29.17
 -74.00  15.00  29.69
 -74.00  16.00  29.99
 -74.00  17.00  30.08
 -74.00  18.00  30.02
 -74.00  19.00  29.91
 -74.00  20.00  29.85
 -74.00  21.00  29.86
 -74.00  22.00  29.94
 -74.00  23.00  30.02
 -74.00  24.00  30.00
 -74.00  25.00  29.80
 -74.00  26.00  29.37
 -74.00  27.00  28.75
 -73.00 -37.00  26.39
 -73.00 -36.00  26.20
 -73.00 -35.00  26.22
 -73.00 -34.00  26.61
 -73.00 -33.00  27.56
 -73.00 -32.00  29.23
 -73.00 -31.00  31.73
 -73.00 -30.00  35.08
 -73.00 -29.00  39.22
 -73.00 -28.00  43.96
 -73.00 -27.00  48.98
 -73.00 -26.00  53.93
 -73.00 -25.00  58.41
 -73.00 -24.00  62.03
 -73.00 -23.00  64.51
 -73.00 -22.00  65.66
 -73.00 -21.00  65.45
 -73.00 -20.00  64.02
 -73.00 -19.00  61.60
 -73.00 -18.00  58.51
 -73.00 -17.00  55.11
 -73.00 -16.00  51.71
 -73.00 -15.00  48.59
 -73.00 -14.00  45.89
 -73.00 -13.00  43.69
 -73.00 -12.00  42.00
 -73.00 -11.00  40.75
 -73.00 -10.00  39.88
 -73.00  -9.00  39.35
 -73.00  -8.00  39.14
 -73.00  -7.00  39.24
 -73.00  -6.00  39.67
 -73.00  -5.00  40.39
 -73.00  -4.00  41.35
 -73.00  -3.00  42.43
 -73.00  -2.00  43.45
 -73.00  -1.00  44.18
 -73.00   0.00  44.42
 -73.00   1.00  43.99
 -73.00   2.00  42.83
 -73.00   3.00  40.96
 -73.00   4.00  38.52
 -73.00   5.00  35.77
 -73.00   6.00  33.01
 -73.00   7.00  30.52
 -73.00   8.00  28.56
 -73.00   9.00  27.28
 -73.00  10.00  26.69
 -73.00  11.00  26.72
 -73.00  12.00  27.18
 -73.00  13.00  27.88
 -73.00  14.00  28.59
 -73.00  15.00  29.16
 -73.00  16.00  29.52
 -73.00  17.00  29.66
 -73.00  18.00  29.65
 -73.00  19.00  29.57
 -73.00  20.00  29.51
 -73.00  21.00  29.51
 -73.00  22.00  29.56
 -73.00  23.00  29.61
 -73.00  24.00  29.55
 -73.00  25.00  29.31
 -73.00  26.00  28.85
 -73.00  27.00  28.19
 -72.00 -37.00  25.97
 -72.00 -36.00  25.75
 -72.00 -35.00  25.71
 -72.00 -34.00  26.02
 -72.00 -33.00  26.84
 -72.00 -32.00  28.33
 -72.00 -31.00  30.61
 -72.00 -30.00  33.71
 -72.00 -29.00  37.57
 -72.00 -28.00  42.03
 -72.00 -27.00  46.82
 -72.00 -26.00  51.59
 -72.00 -25.00  55.95
 -72.00 -24.00  59.55
 -72.00 -23.00  62.08
 -72.00 -22.00  63.37
 -72.00 -21.00  63.36
 -72.00 -20.00  62.15
 -72.00 -19.00  59.96
 -72.00 -18.00  57.09
 -72.00 -17.00  53.87
 -72.00 -16.00  50.62
 -72.00 -15.00  47.60
 -72.00 -14.00  44.96
 -72.00 -13.00  42.81
 -72.00 -12.00  41.14
 -72.00 -11.00  39.91
 -72.00 -10.00  39.08
 -72.00  -9.00  38.60
 -72.00  -8.00  38.44
 -72.00  -7.00  38.61
 -72.00  -6.00  39.11
 -72.00  -5.00  39.91
 -72.00  -4.00  40.94
 -72.00  -3.00  42.08
 -72.00  -2.00  43.15
 -72.00  -1.00  43.93
 -72.00   0.00  44.21
 -72.00   1.00  43.82
 -72.00   2.00  42.68
 -72.00   3.00  40.81
 -72.00   4.00  38.36
 -72.00   5.00  35.57
 -72.00   6.00  32.75
 -72.00   7.00  30.18
 -72.00   8.00  28.14
 -72.00   9.00  26.77
 -72.00  10.00  26.10
 -72.00  11.00  26.07
 -72.00  12.00  26.51
 -72.00  13.00  27.21
 -72.00  14.00  27.96
 -72.00  15.00  28.59
 -72.00  16.00  29.01
 -72.00  17.00  29.22
 -72.00  18.00  29.25
 -72.00  19.00  29.21
 -72.00  20.00  29.16
 -72.00  21.00  29.15
 -72.00  22.00  29.17
 -72.00  23.00  29.18
 -72.00  24.00  29.08
 -72.00  25.00  28.81
 -72.00  26.00  28.31
 -72.00  27.00  27.62
 -71.00 -37.00  25.56
 -71.00 -36.00  25.29
 -71.00 -35.00  25.19
 -71.00 -34.00  25.40
 -71.00 -33.00  26.08
 -71.00 -32.00  27.38
 -71.00 -31.00  29.42
 -71.00 -30.00  32.23
 -71.00 -29.00  35.79
 -71.00 -28.00  39.95
 -71.00 -27.00  44.48
 -71.00 -26.00  49.05
 -71.00 -25.00  53.30
 -71.00 -24.00  56.88
 -71.00 -23.00  59.49
 -71.00 -22.00  60.94
 -71.00 -21.00  61.16
 -71.00 -20.00  60.22
 -71.00 -19.00  58.29
 -71.00 -18.00  55.66
 -71.00 -17.00  52.65
 -71.00 -16.00  49.55
 -71.00 -15.00  46.62
 -71.00 -14.00  44.04
 -71.00 -13.00  41.91
 -71.00 -12.00  40.26
 -71.00 -11.00  39.04
 -71.00 -10.00  38.23
 -71.00  -9.00  37.78
 -71.00  -8.00  37.67
 -71.00  -7.00  37.89
 -71.00  -6.00  38.44
 -71.00  -5.00  39.29
 -71.00  -4.00  40.38
 -71.00  -3.00  41.58
 -71.00  -2.00  42.71
 -71.00  -1.00  43.55
 -71.00   0.00  43.89
 -71.00   1.00  43.56
 -71.00   2.00  42.47
 -71.00   3.00  40.64
 -71.00   4.00  38.21
 -71.00   5.00  35.41
 -71.00   6.00  32.54
 -71.00   7.00  29.91
 -71.00   8.00  27.77
 -71.00   9.00  26.29
 -71.00  10.00  25.53
 -71.00  11.00  25.42
 -71.00  12.00  25.82
 -71.00  13.00  26.51
 -71.00  14.00  27.28
 -71.00  15.00  27.96
 -71.00  16.00  28.46
 -71.00  17.00  28.74
 -71.00  18.00  28.84
 -71.00  19.00  28.83
 -71.00  20.00  28.80
 -71.00  21.00  28.78
 -71.00  22.00  28.78
 -71.00  23.00  28.75
 -71.00  24.00  28.62
 -71.00  25.00  28.31
 -71.00  26.00  27.79
 -71.00  27.00  27.08
 -70.00 -37.00  25.16
 -70.00 -36.00  24.84
 -70.00 -35.00  24.67
 -70.00 -34.00  24.78
 -70.00 -33.00  25.31
 -70.00 -32.00  26.40
 -70.00 -31.00  28.17
 -70.00 -30.00  30.69
 -70.00 -29.00  33.92
 -70.00 -28.00  37.76
 -70.00 -27.00  42.00
 -70.00 -26.00  46.35
 -70.00 -25.00  50.48
 -70.00 -24.00  54.04
 -70.00 -23.00  56.74
 -70.00 -22.00  58.38
 -70.00 -21.00  58.85
 -70.00 -20.00  58.19
 -70.00 -19.00  56.56
 -70.00 -18.00  54.21
 -70.00 -17.00  51.41
 -70.00 -16.00  48.48
 -70.00 -15.00  45.66
 -70.00 -14.00  43.13
 -70.00 -13.00  41.02
 -70.00 -12.00  39.36
 -70.00 -11.00  38.14
 -70.00 -10.00  37.33
 -70.00  -9.00  36.89
 -70.00  -8.00  36.81
 -70.00  -7.00  37.06
 -70.00  -6.00  37.65
 -70.00  -5.00  38.55
 -70.00  -4.00  39.68
 -70.00  -3.00  40.92
 -70.00  -2.00  42.11
 -70.00  -1.00  43.02
 -70.00   0.00  43.44
 -70.00   1.00  43.20
 -70.00   2.00  42.20
 -70.00   3.00  40.45
 -70.00   4.00  38.07
 -70.00   5.00  35.29
 -70.00   6.00  32.40
 -70.00   7.00  29.70
 -70.00   8.00  27.47
 -70.00   9.00  25.87
 -70.00  10.00  24.99
 -70.00  11.00  24.79
 -70.00  12.00  25.11
 -70.00  13.00  25.77
 -70.00  14.00  26.56
 -70.00  15.00  27.30
 -70.00  16.00  27.87
 -70.00  17.00  28.23
 -70.00  18.00  28.40
 -70.00  19.00  28.45
 -70.00  20.00  28.43
 -70.00  21.00  28.41
 -70.00  22.00  28.39
 -70.00  23.00  28.33
 -70.00  24.00  28.17
 -70.00  25.00  27.83
 -70.00  26.00  27.30
 -70.00  27.00  26.57
 -69.00 -37.00  24.76
 -69.00 -36.00  24.40
 -69.00 -35.00  24.16
 -69.00 -34.00  24.16
 -69.00 -33.00  24.53
 -69.00 -32.00  25.42
 -69.00 -31.00  26.92
 -69.00 -30.00  29.12
 -69.00 -29.00  32.01
 -69.00 -28.00  35.50
 -69.00 -27.00  39.43
 -69.00 -26.00  43.55
 -69.00 -25.00  47.53
 -69.00 -24.00  51.06
 -69.00 -23.00  53.85
 -69.00 -22.00  55.67
 -69.00 -21.00  56.41
 -69.00 -20.00  56.07
 -69.00 -19.00  54.76
 -69.00 -18.00  52.70
 -69.00 -17.00  50.15
 -69.00 -16.00  47.40
 -69.00 -15.00  44.69
 -69.00 -14.00  42.23
 -69.00 -13.00  40.13
 -69.00 -12.00  38.46
 -69.00 -11.00  37.22
 -69.00 -10.00  36.39
 -69.00  -9.00  35.95
 -69.00  -8.00  35.87
 -69.00  -7.00  36.14
 -69.00  -6.00  36.75
 -69.00  -5.00  37.67
 -69.00  -4.00  38.83
 -69.00  -3.00  40.12
 -69.00  -2.00  41.36
 -69.00  -1.00  42.34
 -69.00   0.00  42.86
 -69.00   1.00  42.73
 -69.00   2.00  41.85
 -69.00   3.00  40.22
 -69.00   4.00  37.93
 -69.00   5.00  35.21
 -69.00   6.00  32.32
 -69.00   7.00  29.58
 -69.00   8.00  27.25
 -69.00   9.00  25.53
 -69.00  10.00  24.51
 -69.00  11.00  24.18
 -69.00  12.00  24.41
 -69.00  13.00  25.03
 -69.00  14.00  25.82
 -69.00  15.00  26.60
 -69.00  16.00  27.24
 -69.00  17.00  27.69
 -69.00  18.00  27.94
 -69.00  19.00  28.05
 -69.00  20.00  28.07
 -69.00  21.00  28.06
 -69.00  22.00  28.02
 -69.00  23.00  27.94
 -69.00  24.00  27.74
 -69.00  25.00  27.39
 -69.00  26.00  26.84
 -69.00  27.00  26.10
 -68.00 -37.00  24.39
 -68.00 -36.00  23.97
 -68.00 -35.00  23.66
 -68.00 -34.00  23.56
 -68.00 -33.00  23.78
 -68.00 -32.00  24.46
 -68.00 -31.00  25.70
 -68.00 -30.00  27.57
 -68.00 -29.00  30.11
 -68.00 -28.00  33.25
 -68.00 -27.00  36.85
 -68.00 -26.00  40.69
 -68.00 -25.00  44.51
 -68.00 -24.00  47.99
 -68.00 -23.00  50.84
 -68.00 -22.00  52.84
 -68.00 -21.00  53.84
 -68.00 -20.00  53.82
 -68.00 -19.00  52.85
 -68.00 -18.00  51.11
 -68.00 -17.00  48.83
 -68.00 -16.00  46.29
 -68.00 -15.00  43.71
 -68.00 -14.00  41.31
 -68.00 -13.00  39.24
 -68.00 -12.00  37.55
 -68.00 -11.00  36.28
 -68.00 -10.00  35.42
 -68.00  -9.00  34.96
 -68.00  -8.00  34.86
 -68.00  -7.00  35.13
 -68.00  -6.00  35.74
 -68.00  -5.00  36.67
 -68.00  -4.00  37.85
 -68.00  -3.00  39.16
 -68.00  -2.00  40.45
 -68.00  -1.00  41.51
 -68.00   0.00  42.14
 -68.00   1.00  42.14
 -68.00   2.00  41.42
 -68.00   3.00  39.93
 -68.00   4.00  37.77
 -68.00   5.00  35.14
 -68.00   6.00  32.29
 -68.00   7.00  29.52
 -68.00   8.00  27.10
 -68.00   9.00  25.26
 -68.00  10.00  24.10
 -68.00  11.00  23.63
 -68.00  12.00  23.75
 -68.00  13.00  24.29
 -68.00  14.00  25.06
 -68.00  15.00  25.87
 -68.00  16.00  26.59
 -68.00  17.00  27.12
 -68.00  18.00  27.46
 -68.00  19.00  27.64
 -68.00  20.00  27.71
 -68.00  21.00  27.72
 -68.00  22.00  27.68
 -68.00  23.00  27.57
 -68.00  24.00  27.36
 -68.00  25.00  26.99
 -68.00  26.00  26.42
 -68.00  27.00  25.69
 -67.00 -37.00  24.03
 -67.00 -36.00  23.57
 -67.00 -35.00  23.19
 -67.00 -34.00  22.99
 -67.00 -33.00  23.07
 -67.00 -32.00  23.55
 -67.00 -31.00  24.53
 -67.00 -30.00  26.09
 -67.00 -29.00  28.28
 -67.00 -28.00  31.05
 -67.00 -27.00  34.30
 -67.00 -26.00  37.86
 -67.00 -25.00  41.47
 -67.00 -24.00  44.86
 -67.00 -23.00  47.75
 -67.00 -22.00  49.90
 -67.00 -21.00  51.16
 -67.00 -20.00  51.45
 -67.00 -19.00  50.83
 -67.00 -18.00  49.42
 -67.00 -17.00  47.44
 -67.00 -16.00  45.12
 -67.00 -15.00  42.70
 -67.00 -14.00  40.39
 -67.00 -13.00  38.33
 -67.00 -12.00  36.63
 -67.00 -11.00  35.33
 -67.00 -10.00  34.43
 -67.00  -9.00  33.92
 -67.00  -8.00  33.79
 -67.00  -7.00  34.04
 -67.00  -6.00  34.64
 -67.00  -5.00  35.56
 -67.00  -4.00  36.74
 -67.00  -3.00  38.08
 -67.00  -2.00  39.41
 -67.00  -1.00  40.54
 -67.00   0.00  41.27
 -67.00   1.00  41.42
 -67.00   2.00  40.86
 -67.00   3.00  39.55
 -67.00   4.00  37.56
 -67.00   5.00  35.05
 -67.00   6.00  32.27
 -67.00   7.00  29.51
 -67.00   8.00  27.04
 -67.00   9.00  25.08
 -67.00  10.00  23.77
 -67.00  11.00  23.14
 -67.00  12.00  23.13
 -67.00  13.00  23.57
 -67.00  14.00  24.30
 -67.00  15.00  25.13
 -67.00  16.00  25.90
 -67.00  17.00  26.52
 -67.00  18.00  26.96
 -67.00  19.00  27.22
 -67.00  20.00  27.35
 -67.00  21.00  27.39
 -67.00  22.00  27.36
 -67.00  23.00  27.24
 -67.00  24.00  27.01
 -67.00  25.00  26.62
 -67.00  26.00  26.06
 -67.00  27.00  25.32
 -66.00 -37.00  23.71
 -66.00 -36.00  23.19
 -66.00 -35.00  22.75
 -66.00 -34.00  22.46
 -66.00 -33.00  22.41
 -66.00 -32.00  22.70
 -66.00 -31.00  23.44
 -66.00 -30.00  24.70
 -66.00 -29.00  26.54
 -66.00 -28.00  28.95
 -66.00 -27.00  31.85
 -66.00 -26.00  35.09
 -66.00 -25.00  38.47
 -66.00 -24.00  41.73
 -66.00 -23.00  44.62
 -66.00 -22.00  46.89
 -66.00 -21.00  48.37
 -66.00 -20.00  48.96
 -66.00 -19.00  48.68
 -66.00 -18.00  47.62
 -66.00 -17.00  45.95
 -66.00 -16.00  43.88
 -66.00 -15.00  41.64
 -66.00 -14.00  39.43
 -66.00 -13.00  37.41
 -66.00 -12.00  35.70
 -66.00 -11.00  34.36
 -66.00 -10.00  33.41
 -66.00  -9.00  32.85
 -66.00  -8.00  32.68
 -66.00  -7.00  32.89
 -66.00  -6.00  33.46
 -66.00  -5.00  34.36
 -66.00  -4.00  35.53
 -66.00  -3.00  36.87
 -66.00  -2.00  38.23
 -66.00  -1.00  39.43
 -66.00   0.00  40.27
 -66.00   1.00  40.57
 -66.00   2.00  40.18
 -66.00   3.00  39.07
 -66.00   4.00  37.27
 -66.00   5.00  34.92
 -66.00   6.00  32.25
 -66.00   7.00  29.53
 -66.00   8.00  27.02
 -66.00   9.00  24.97
 -66.00  10.00  23.53
 -66.00  11.00  22.74
 -66.00  12.00  22.57
 -66.00  13.00  22.91
 -66.00  14.00  23.57
 -66.00  15.00  24.38
 -66.00  16.00  25.19
 -66.00  17.00  25.89
 -66.00  18.00  26.42
 -66.00  19.00  26.78
 -66.00  20.00  26.99
 -66.00  21.00  27.07
 -66.00  22.00  27.06
 -66.00  23.00  26.94
 -66.00  24.00  26.70
 -66.00  25.00  26.31
 -66.00  26.00  25.74
 -66.00  27.00  25.00
 -65.00 -37.00  23.42
 -65.00 -36.00  22.85
 -65.00 -35.00  22.35
 -65.00 -34.00  21.97
 -65.00 -33.00  21.79
 -65.00 -32.00  21.92
 -65.00 -31.00  22.44
 -65.00 -30.00  23.42
 -65.00 -29.00  24.94
 -65.00 -28.00  26.99
 -65.00 -27.00  29.53
 -65.00 -26.00  32.44
 -65.00 -25.00  35.56
 -65.00 -24.00  38.66
 -65.00 -23.00  41.49
 -65.00 -22.00  43.83
 -65.00 -21.00  45.50
 -65.00 -20.00  46.37
 -65.00 -19.00  46.42
 -65.00 -18.00  45.70
 -65.00 -17.00  44.35
 -65.00 -16.00  42.55
 -65.00 -15.00  40.51
 -65.00 -14.00  38.43
 -65.00 -13.00  36.47
 -65.00 -12.00  34.77
 -65.00 -11.00  33.39
 -65.00 -10.00  32.39
 -65.00  -9.00  31.77
 -65.00  -8.00  31.54
 -65.00  -7.00  31.70
 -65.00  -6.00  32.22
 -65.00  -5.00  33.08
 -65.00  -4.00  34.23
 -65.00  -3.00  35.56
 -65.00  -2.00  36.94
 -65.00  -1.00  38.19
 -65.00   0.00  39.13
 -65.00   1.00  39.57
 -65.00   2.00  39.37
 -65.00   3.00  38.46
 -65.00   4.00  36.87
 -65.00   5.00  34.72
 -65.00   6.00  32.19
 -65.00   7.00  29.55
 -65.00   8.00  27.05
 -65.00   9.00  24.93
 -65.00  10.00  23.37
 -65.00  11.00  22.43
 -65.00  12.00  22.10
 -65.00  13.00  22.30
 -65.00  14.00  22.87
 -65.00  15.00  23.65
 -65.00  16.00  24.48
 -65.00  17.00  25.24
 -65.00  18.00  25.86
 -65.00  19.00  26.32
 -65.00  20.00  26.61
 -65.00  21.00  26.76
 -65.00  22.00  26.78
 -65.00  23.00  26.68
 -65.00  24.00  26.44
 -65.00  25.00  26.04
 -65.00  26.00  25.47
 -65.00  27.00  24.74
 -64.00 -37.00  23.17
 -64.00 -36.00  22.55
 -64.00 -35.00  21.98
 -64.00 -34.00  21.52
 -64.00 -33.00  21.24
 -64.00 -32.00  21.21
 -64.00 -31.00  21.53
 -64.00 -30.00  22.26
 -64.00 -29.00  23.47
 -64.00 -28.00  25.18
 -64.00 -27.00  27.36
 -64.00 -26.00  29.94
 -64.00 -25.00  32.77
 -64.00 -24.00  35.66
 -64.00 -23.00  38.40
 -64.00 -22.00  40.77
 -64.00 -21.00  42.58
 -64.00 -20.00  43.69
 -64.00 -19.00  44.04
 -64.00 -18.00  43.66
 -64.00 -17.00  42.63
 -64.00 -16.00  41.13
 -64.00 -15.00  39.31
 -64.00 -14.00  37.39
 -64.00 -13.00  35.52
 -64.00 -12.00  33.83
 -64.00 -11.00  32.43
 -64.00 -10.00  31.37
 -64.00  -9.00  30.69
 -64.00  -8.00  30.39
 -64.00  -7.00  30.47
 -64.00  -6.00  30.93
 -64.00  -5.00  31.74
 -64.00  -4.00  32.85
 -64.00  -3.00  34.16
 -64.00  -2.00  35.54
 -64.00  -1.00  36.84
 -64.00   0.00  37.86
 -64.00   1.00  38.44
 -64.00   2.00  38.42
 -64.00   3.00  37.73
 -64.00   4.00  36.37
 -64.00   5.00  34.43
 -64.00   6.00  32.08
 -64.00   7.00  29.55
 -64.00   8.00  27.10
 -64.00   9.00  24.95
 -64.00  10.00  23.28
 -64.00  11.00  22.20
 -64.00  12.00  21.72
 -64.00  13.00  21.77
 -64.00  14.00  22.23
 -64.00  15.00  22.94
 -64.00  16.00  23.77
 -64.00  17.00  24.57
 -64.00  18.00  25.28
 -64.00  19.00  25.83
 -64.00  20.00  26.21
 -64.00  21.00  26.44
 -64.00  22.00  26.52
 -64.00  23.00  26.45
 -64.00  24.00  26.22
 -64.00  25.00  25.83
 -64.00  26.00  25.26
 -64.00  27.00  24.52
 -63.00 -37.00  22.96
 -63.00 -36.00  22.30
 -63.00 -35.00  21.67
 -63.00 -34.00  21.13
 -63.00 -33.00  20.74
 -63.00 -32.00  20.58
 -63.00 -31.00  20.71
 -63.00 -30.00  21.21
 -63.00 -29.00  22.14
 -63.00 -28.00  23.52
 -63.00 -27.00  25.36
 -63.00 -26.00  27.59
 -63.00 -25.00  30.12
 -63.00 -24.00  32.78
 -63.00 -23.00  35.39
 -63.00 -22.00  37.73
 -63.00 -21.00  39.63
 -63.00 -20.00  40.94
 -63.00 -19.00  41.57
 -63.00 -18.00  41.50
 -63.00 -17.00  40.81
 -63.00 -16.00  39.61
 -63.00 -15.00  38.05
 -63.00 -14.00  36.30
 -63.00 -13.00  34.54
 -63.00 -12.00  32.89
 -63.00 -11.00  31.48
 -63.00 -10.00  30.37
 -63.00  -9.00  29.61
 -63.00  -8.00  29.23
 -63.00  -7.00  29.24
 -63.00  -6.00  29.62
 -63.00  -5.00  30.36
 -63.00  -4.00  31.41
 -63.00  -3.00  32.68
 -63.00  -2.00  34.05
 -63.00  -1.00  35.38
 -63.00   0.00  36.48
 -63.00   1.00  37.18
 -63.00   2.00  37.34
 -63.00   3.00  36.87
 -63.00   4.00  35.75
 -63.00   5.00  34.04
 -63.00   6.00  31.90
 -63.00   7.00  29.53
 -63.00   8.00  27.16
 -63.00   9.00  25.01
 -63.00  10.00  23.28
 -63.00  11.00  22.07
 -63.00  12.00  21.43
 -63.00  13.00  21.32
 -63.00  14.00  21.65
 -63.00  15.00  22.28
 -63.00  16.00  23.07
 -63.00  17.00  23.90
 -63.00  18.00  24.66
 -63.00  19.00  25.30
 -63.00  20.00  25.79
 -63.00  21.00  26.10
 -63.00  22.00  26.25
 -63.00  23.00  26.23
 -63.00  24.00  26.04
 -63.00  25.00  25.66
 -63.00  26.00  25.10
 -63.00  27.00  24.37
 -62.00 -37.00  22.80
 -62.00 -36.00  22.09
 -62.00 -35.00  21.40
 -62.00 -34.00  20.79
 -62.00 -33.00  20.31
 -62.00 -32.00  20.02
 -62.00 -31.00  19.99
 -62.00 -30.00  20.28
 -62.00 -29.00  20.94
 -62.00 -28.00  22.02
 -62.00 -27.00  23.53
 -62.00 -26.00  25.43
 -62.00 -25.00  27.64
 -62.00 -24.00  30.04
 -62.00 -23.00  32.47
 -62.00 -22.00  34.74
 -62.00 -21.00  36.69
 -62.00 -20.00  38.14
 -62.00 -19.00  39.01
 -62.00 -18.00  39.25
 -62.00 -17.00  38.88
 -62.00 -16.00  37.99
 -62.00 -15.00  36.70
 -62.00 -14.00  35.16
 -62.00 -13.00  33.54
 -62.00 -12.00  31.96
 -62.00 -11.00  30.55
 -62.00 -10.00  29.40
 -62.00  -9.00  28.57
 -62.00  -8.00  28.10
 -62.00  -7.00  28.01
 -62.00  -6.00  28.30
 -62.00  -5.00  28.95
 -62.00  -4.00  29.93
 -62.00  -3.00  31.14
 -62.00  -2.00  32.49
 -62.00  -1.00  33.83
 -62.00   0.00  34.99
 -62.00   1.00  35.81
 -62.00   2.00  36.14
 -62.00   3.00  35.89
 -62.00   4.00  35.01
 -62.00   5.00  33.56
 -62.00   6.00  31.65
 -62.00   7.00  29.47
 -62.00   8.00  27.21
 -62.00   9.00  25.11
 -62.00  10.00  23.34
 -62.00  11.00  22.03
 -62.00  12.00  21.24
 -62.00  13.00  20.97
 -62.00  14.00  21.15
 -62.00  15.00  21.67
 -62.00  16.00  22.40
 -62.00  17.00  23.22
 -62.00  18.00  24.02
 -62.00  19.00  24.74
 -62.00  20.00  25.33
 -62.00  21.00  25.74
 -62.00  22.00  25.98
 -62.00  23.00  26.03
 -62.00  24.00  25.88
 -62.00  25.00  25.53
 -62.00  26.00  24.99
 -62.00  27.00  24.27
 -61.00 -37.00  22.68
 -61.00 -36.00  21.94
 -61.00 -35.00  21.20
 -61.00 -34.00  20.51
 -61.00 -33.00  19.94
 -61.00 -32.00  19.53
 -61.00 -31.00  19.35
 -61.00 -30.00  19.45
 -61.00 -29.00  19.88
 -61.00 -28.00  20.69
 -61.00 -27.00  21.88
 -61.00 -26.00  23.45
 -61.00 -25.00  25.34
 -61.00 -24.00  27.46
 -61.00 -23.00  29.68
 -61.00 -22.00  31.84
 -61.00 -21.00  33.77
 -61.00 -20.00  35.33
 -61.00 -19.00  36.40
 -61.00 -18.00  36.91
 -61.00 -17.00  36.85
 -61.00 -16.00  36.27
 -61.00 -15.00  35.27
 -61.00 -14.00  33.97
 -61.00 -13.00  32.51
 -61.00 -12.00  31.02
 -61.00 -11.00  29.64
 -61.00 -10.00  28.47
 -61.00  -9.00  27.57
 -61.00  -8.00  27.00
 -61.00  -7.00  26.80
 -61.00  -6.00  26.98
 -61.00  -5.00  27.54
 -61.00  -4.00  28.42
 -61.00  -3.00  29.57
 -61.00  -2.00  30.87
 -61.00  -1.00  32.21
 -61.00   0.00  33.42
 -61.00   1.00  34.34
 -61.00   2.00  34.83
 -61.00   3.00  34.78
 -61.00   4.00  34.16
 -61.00   5.00  32.97
 -61.00   6.00  31.32
 -61.00   7.00  29.35
 -61.00   8.00  27.25
 -61.00   9.00  25.22
 -61.00  10.00  23.45
 -61.00  11.00  22.06
 -61.00  12.00  21.15
 -61.00  13.00  20.72
 -61.00  14.00  20.74
 -61.00  15.00  21.12
 -61.00  16.00  21.76
 -61.00  17.00  22.54
 -61.00  18.00  23.37
 -61.00  19.00  24.15
 -61.00  20.00  24.82
 -61.00  21.00  25.34
 -61.00  22.00  25.69
 -61.00  23.00  25.82
 -61.00  24.00  25.75
 -61.00  25.00  25.45
 -61.00  26.00  24.94
 -61.00  27.00  24.24
 -60.00 -37.00  22.62
 -60.00 -36.00  21.85
 -60.00 -35.00  21.06
 -60.00 -34.00  20.30
 -60.00 -33.00  19.64
 -60.00 -32.00  19.13
 -60.00 -31.00  18.81
 -60.00 -30.00  18.74
 -60.00 -29.00  18.96
 -60.00 -28.00  19.51
 -60.00 -27.00  20.41
 -60.00 -26.00  21.67
 -60.00 -25.00  23.24
 -60.00 -24.00  25.07
 -60.00 -23.00  27.05
 -60.00 -22.00  29.05
 -60.00 -21.00  30.92
 -60.00 -20.00  32.53
 -60.00 -19.00  33.75
 -60.00 -18.00  34.49
 -60.00 -17.00  34.72
 -60.00 -16.00  34.45
 -60.00 -15.00  33.75
 -60.00 -14.00  32.70
 -60.00 -13.00  31.44
 -60.00 -12.00  30.09
 -60.00 -11.00  28.76
 -60.00 -10.00  27.57
 -60.00  -9.00  26.62
 -60.00  -8.00  25.96
 -60.00  -7.00  25.65
 -60.00  -6.00  25.70
 -60.00  -5.00  26.13
 -60.00  -4.00  26.91
 -60.00  -3.00  27.96
 -60.00  -2.00  29.21
 -60.00  -1.00  30.53
 -60.00   0.00  31.76
 -60.00   1.00  32.77
 -60.00   2.00  33.41
 -60.00   3.00  33.57
 -60.00   4.00  33.19
 -60.00   5.00  32.27
 -60.00   6.00  30.89
 -60.00   7.00  29.16
 -60.00   8.00  27.25
 -60.00   9.00  25.34
 -60.00  10.00  23.60
 -60.00  11.00  22.17
 -60.00  12.00  21.15
 -60.00  13.00  20.57
 -60.00  14.00  20.42
 -60.00  15.00  20.65
 -60.00  16.00  21.18
 -60.00  17.00  21.89
 -60.00  18.00  22.70
 -60.00  19.00  23.52
 -60.00  20.00  24.27
 -60.00  21.00  24.89
 -60.00  22.00  25.35
 -60.00  23.00  25.59
 -60.00  24.00  25.61
 -60.00  25.00  25.38
 -60.00  26.00  24.93
 -60.00  27.00  24.26
 -59.00 -37.00  22.60
 -59.00 -36.00  21.82
 -59.00 -35.00  20.99
 -59.00 -34.00  20.17
 -59.00 -33.00  19.43
 -59.00 -32.00  18.81
 -59.00 -31.00  18.37
 -59.00 -30.00  18.14
 -59.00 -29.00  18.18
 -59.00 -28.00  18.50
 -59.00 -27.00  19.14
 -59.00 -26.00  20.10
 -59.00 -25.00  21.36
 -59.00 -24.00  22.89
 -59.00 -23.00  24.61
 -59.00 -22.00  26.41
 -59.00 -21.00  28.18
 -59.00 -20.00  29.78
 -59.00 -19.00  31.09
 -59.00 -18.00  32.02
 -59.00 -17.00  32.50
 -59.00 -16.00  32.53
 -59.00 -15.00  32.12
 -59.00 -14.00  31.36
 -59.00 -13.00  30.32
 -59.00 -12.00  29.13
 -59.00 -11.00  27.89
 -59.00 -10.00  26.73
 -59.00  -9.00  25.73
 -59.00  -8.00  24.98
 -59.00  -7.00  24.55
 -59.00  -6.00  24.48
 -59.00  -5.00  24.77
 -59.00  -4.00  25.41
 -59.00  -3.00  26.36
 -59.00  -2.00  27.53
 -59.00  -1.00  28.81
 -59.00   0.00  30.06
 -59.00   1.00  31.13
 -59.00   2.00  31.90
 -59.00   3.00  32.24
 -59.00   4.00  32.10
 -59.00   5.00  31.45
 -59.00   6.00  30.34
 -59.00   7.00  28.87
 -59.00   8.00  27.18
 -59.00   9.00  25.42
 -59.00  10.00  23.75
 -59.00  11.00  22.32
 -59.00  12.00  21.22
 -59.00  13.00  20.52
 -59.00  14.00  20.21
 -59.00  15.00  20.28
 -59.00  16.00  20.66
 -59.00  17.00  21.28
 -59.00  18.00  22.04
 -59.00  19.00  22.86
 -59.00  20.00  23.67
 -59.00  21.00  24.39
 -59.00  22.00  24.95
 -59.00  23.00  25.32
 -59.00  24.00  25.45
 -59.00  25.00  25.32
 -59.00  26.00  24.94
 -59.00  27.00  24.33
 -58.00 -37.00  22.62
 -58.00 -36.00  21.84
 -58.00 -35.00  20.98
 -58.00 -34.00  20.11
 -58.00 -33.00  19.29
 -58.00 -32.00  18.58
 -58.00 -31.00  18.02
 -58.00 -30.00  17.66
 -58.00 -29.00  17.52
 -58.00 -28.00  17.64
 -58.00 -27.00  18.05
 -58.00 -26.00  18.74
 -58.00 -25.00  19.72
 -58.00 -24.00  20.96
 -58.00 -23.00  22.40
 -58.00 -22.00  23.98
 -58.00 -21.00  25.59
 -58.00 -20.00  27.13
 -58.00 -19.00  28.47
 -58.00 -18.00  29.53
 -58.00 -17.00  30.22
 -58.00 -16.00  30.51
 -58.00 -15.00  30.39
 -58.00 -14.00  29.91
 -58.00 -13.00  29.13
 -58.00 -12.00  28.13
 -58.00 -11.00  27.02
 -58.00 -10.00  25.91
 -58.00  -9.00  24.90
 -58.00  -8.00  24.09
 -58.00  -7.00  23.55
 -58.00  -6.00  23.33
 -58.00  -5.00  23.48
 -58.00  -4.00  23.98
 -58.00  -3.00  24.79
 -58.00  -2.00  25.86
 -58.00  -1.00  27.08
 -58.00   0.00  28.32
 -58.00   1.00  29.44
 -58.00   2.00  30.32
 -58.00   3.00  30.83
 -58.00   4.00  30.90
 -58.00   5.00  30.51
 -58.00   6.00  29.68
 -58.00   7.00  28.47
 -58.00   8.00  27.01
 -58.00   9.00  25.44
 -58.00  10.00  23.89
 -58.00  11.00  22.49
 -58.00  12.00  21.36
 -58.00  13.00  20.55
 -58.00  14.00  20.11
 -58.00  15.00  20.01
 -58.00  16.00  20.24
 -58.00  17.00  20.72
 -58.00  18.00  21.40
 -58.00  19.00  22.20
 -58.00  20.00  23.03
 -58.00  21.00  23.82
 -58.00  22.00  24.49
 -58.00  23.00  24.98
 -58.00  24.00  25.25
 -58.00  25.00  25.24
 -58.00  26.00  24.97
 -58.00  27.00  24.43
 -57.00 -37.00  22.65
 -57.00 -36.00  21.90
 -57.00 -35.00  21.04
 -57.00 -34.00  20.13
 -57.00 -33.00  19.25
 -57.00 -32.00  18.44
 -57.00 -31.00  17.77
 -57.00 -30.00  17.28
 -57.00 -29.00  16.99
 -57.00 -28.00  16.94
 -57.00 -27.00  17.14
 -57.00 -26.00  17.59
 -57.00 -25.00  18.31
 -57.00 -24.00  19.28
 -57.00 -23.00  20.45
 -57.00 -22.00  21.79
 -57.00 -21.00  23.22
 -57.00 -20.00  24.63
 -57.00 -19.00  25.95
 -57.00 -18.00  27.07
 -57.00 -17.00  27.91
 -57.00 -16.00  28.42
 -57.00 -15.00  28.57
 -57.00 -14.00  28.36
 -57.00 -13.00  27.84
 -57.00 -12.00  27.07
 -57.00 -11.00  26.12
 -57.00 -10.00  25.10
 -57.00  -9.00  24.12
 -57.00  -8.00  23.26
 -57.00  -7.00  22.63
 -57.00  -6.00  22.28
 -57.00  -5.00  22.28
 -57.00  -4.00  22.62
 -57.00  -3.00  23.29
 -57.00  -2.00  24.24
 -57.00  -1.00  25.38
 -57.00   0.00  26.58
 -57.00   1.00  27.73
 -57.00   2.00  28.69
 -57.00   3.00  29.34
 -57.00   4.00  29.61
 -57.00   5.00  29.45
 -57.00   6.00  28.88
 -57.00   7.00  27.94
 -57.00   8.00  26.73
 -57.00   9.00  25.36
 -57.00  10.00  23.96
 -57.00  11.00  22.64
 -57.00  12.00  21.52
 -57.00  13.00  20.65
 -57.00  14.00  20.09
 -57.00  15.00  19.85
 -57.00  16.00  19.91
 -57.00  17.00  20.25
 -57.00  18.00  20.82
 -57.00  19.00  21.54
 -57.00  20.00  22.36
 -57.00  21.00  23.19
 -57.00  22.00  23.96
 -57.00  23.00  24.57
 -57.00  24.00  24.98
 -57.00  25.00  25.12
 -57.00  26.00  24.97
 -57.00  27.00  24.54
 -56.00 -37.00  22.67
 -56.00 -36.00  21.99
 -56.00 -35.00  21.15
 -56.00 -34.00  20.22
 -56.00 -33.00  19.28
 -56.00 -32.00  18.40
 -56.00 -31.00  17.63
 -56.00 -30.00  17.01
 -56.00 -29.00  16.59
 -56.00 -28.00  16.38
 -56.00 -27.00  16.40
 -56.00 -26.00  16.65
 -56.00 -25.00  17.14
 -56.00 -24.00  17.85
 -56.00 -23.00  18.78
 -56.00 -22.00  19.87
 -56.00 -21.00  21.09
 -56.00 -20.00  22.35
 -56.00 -19.00  23.58
 -56.00 -18.00  24.70
 -56.00 -17.00  25.63
 -56.00 -16.00  26.30
 -56.00 -15.00  26.67
 -56.00 -14.00  26.72
 -56.00 -13.00  26.46
 -56.00 -12.00  25.93
 -56.00 -11.00  25.18
 -56.00 -10.00  24.29
 -56.00  -9.00  23.37
 -56.00  -8.00  22.51
 -56.00  -7.00  21.81
 -56.00  -6.00  21.34
 -56.00  -5.00  21.19
 -56.00  -4.00  21.37
 -56.00  -3.00  21.88
 -56.00  -2.00  22.70
 -56.00  -1.00  23.73
 -56.00   0.00  24.88
 -56.00   1.00  26.02
 -56.00   2.00  27.04
 -56.00   3.00  27.81
 -56.00   4.00  28.24
 -56.00   5.00  28.30
 -56.00   6.00  27.97
 -56.00   7.00  27.28
 -56.00   8.00  26.32
 -56.00   9.00  25.17
 -56.00  10.00  23.94
 -56.00  11.00  22.74
 -56.00  12.00  21.66
 -56.00  13.00  20.78
 -56.00  14.00  20.14
 -56.00  15.00  19.77
 -56.00  16.00  19.69
 -56.00  17.00  19.88
 -56.00  18.00  20.31
 -56.00  19.00  20.93
 -56.00  20.00  21.70
 -56.00  21.00  22.54
 -56.00  22.00  23.36
 -56.00  23.00  24.09
 -56.00  24.00  24.63
 -56.00  25.00  24.92
 -56.00  26.00  24.93
 -56.00  27.00  24.63
 -55.00 -37.00  22.68
 -55.00 -36.00  22.08
 -55.00 -35.00  21.29
 -55.00 -34.00  20.37
 -55.00 -33.00  19.40
 -55.00 -32.00  18.44
 -55.00 -31.00  17.58
 -55.00 -30.00  16.85
 -55.00 -29.00  16.30
 -55.00 -28.00  15.95
 -55.00 -27.00  15.81
 -55.00 -26.00  15.89
 -55.00 -25.00  16.18
 -55.00 -24.00  16.68
 -55.00 -23.00  17.38
 -55.00 -22.00  18.24
 -55.00 -21.00  19.24
 -55.00 -20.00  20.32
 -55.00 -19.00  21.42
 -55.00 -18.00  22.49
 -55.00 -17.00  23.44
 -55.00 -16.00  24.21
 -55.00 -15.00  24.75
 -55.00 -14.00  25.02
 -55.00 -13.00  25.00
 -55.00 -12.00  24.71
 -55.00 -11.00  24.17
 -55.00 -10.00  23.46
 -55.00  -9.00  22.64
 -55.00  -8.00  21.81
 -55.00  -7.00  21.07
 -55.00  -6.00  20.52
 -55.00  -5.00  20.23
 -55.00  -4.00  20.25
 -55.00  -3.00  20.60
 -55.00  -2.00  21.26
 -55.00  -1.00  22.17
 -55.00   0.00  23.24
 -55.00   1.00  24.36
 -55.00   2.00  25.40
 -55.00   3.00  26.26
 -55.00   4.00  26.83
 -55.00   5.00  27.07
 -55.00   6.00  26.96
 -55.00   7.00  26.51
 -55.00   8.00  25.78
 -55.00   9.00  24.85
 -55.00  10.00  23.81
 -55.00  11.00  22.75
 -55.00  12.00  21.76
 -55.00  13.00  20.90
 -55.00  14.00  20.22
 -55.00  15.00  19.77
 -55.00  16.00  19.56
 -55.00  17.00  19.60
 -55.00  18.00  19.89
 -55.00  19.00  20.39
 -55.00  20.00  21.07
 -55.00  21.00  21.88
 -55.00  22.00  22.72
 -55.00  23.00  23.53
 -55.00  24.00  24.19
 -55.00  25.00  24.64
 -55.00  26.00  24.81
 -55.00  27.00  24.67
 -54.00 -37.00  22.61
 -54.00 -36.00  22.12
 -54.00 -35.00  21.41
 -54.00 -34.00  20.51
 -54.00 -33.00  19.52
 -54.00 -32.00  18.51
 -54.00 -31.00  17.55
 -54.00 -30.00  16.70
 -54.00 -29.00  16.01
 -54.00 -28.00  15.51
 -54.00 -27.00  15.21
 -54.00 -26.00  15.12
 -54.00 -25.00  15.23
 -54.00 -24.00  15.53
 -54.00 -23.00  16.00
 -54.00 -22.00  16.63
 -54.00 -21.00  17.38
 -54.00 -20.00  18.23
 -54.00 -19.00  19.14
 -54.00 -18.00  20.06
 -54.00 -17.00  20.94
 -54.00 -16.00  21.73
 -54.00 -15.00  22.36
 -54.00 -14.00  22.81
 -54.00 -13.00  23.02
 -54.00 -12.00  22.99
 -54.00 -11.00  22.71
 -54.00 -10.00  22.23
 -54.00  -9.00  21.59
 -54.00  -8.00  20.87
 -54.00  -7.00  20.16
 -54.00  -6.00  19.57
 -54.00  -5.00  19.18
 -54.00  -4.00  19.07
 -54.00  -3.00  19.29
 -54.00  -2.00  19.82
 -54.00  -1.00  20.64
 -54.00   0.00  21.66
 -54.00   1.00  22.79
 -54.00   2.00  23.90
 -54.00   3.00  24.88
 -54.00   4.00  25.62
 -54.00   5.00  26.05
 -54.00   6.00  26.15
 -54.00   7.00  25.93
 -54.00   8.00  25.41
 -54.00   9.00  24.68
 -54.00  10.00  23.82
 -54.00  11.00  22.89
 -54.00  12.00  21.98
 -54.00  13.00  21.16
 -54.00  14.00  20.47
 -54.00  15.00  19.94
 -54.00  16.00  19.62
 -54.00  17.00  19.52
 -54.00  18.00  19.65
 -54.00  19.00  20.01
 -54.00  20.00  20.58
 -54.00  21.00  21.31
 -54.00  22.00  22.14
 -54.00  23.00  22.99
 -54.00  24.00  23.76
 -54.00  25.00  24.36
 -54.00  26.00  24.70
 -54.00  27.00  24.73
 -53.00 -37.00  22.48
 -53.00 -36.00  22.14
 -53.00 -35.00  21.53
 -53.00 -34.00  20.71
 -53.00 -33.00  19.73
 -53.00 -32.00  18.69
 -53.00 -31.00  17.65
 -53.00 -30.00  16.70
 -53.00 -29.00  15.88
 -53.00 -28.00  15.24
 -53.00 -27.00  14.79
 -53.00 -26.00  14.56
 -53.00 -25.00  14.51
 -53.00 -24.00  14.65
 -53.00 -23.00  14.95
 -53.00 -22.00  15.39
 -53.00 -21.00  15.95
 -53.00 -20.00  16.60
 -53.00 -19.00  17.31
 -53.00 -18.00  18.06
 -53.00 -17.00  18.83
 -53.00 -16.00  19.56
 -53.00 -15.00  20.22
 -53.00 -14.00  20.76
 -53.00 -13.00  21.14
 -53.00 -12.00  21.32
 -53.00 -11.00  21.28
 -53.00 -10.00  21.03
 -53.00  -9.00  20.59
 -53.00  -8.00  20.01
 -53.00  -7.00  19.38
 -53.00  -6.00  18.78
 -53.00  -5.00  18.32
 -53.00  -4.00  18.09
 -53.00  -3.00  18.16
 -53.00  -2.00  18.54
 -53.00  -1.00  19.24
 -53.00   0.00  20.19
 -53.00   1.00  21.29
 -53.00   2.00  22.44
 -53.00   3.00  23.52
 -53.00   4.00  24.40
 -53.00   5.00  25.02
 -53.00   6.00  25.32
 -53.00   7.00  25.31
 -53.00   8.00  25.00
 -53.00   9.00  24.47
 -53.00  10.00  23.77
 -53.00  11.00  22.99
 -53.00  12.00  22.19
 -53.00  13.00  21.43
 -53.00  14.00  20.75
 -53.00  15.00  20.20
 -53.00  16.00  19.80
 -53.00  17.00  19.58
 -53.00  18.00  19.56
 -53.00  19.00  19.77
 -53.00  20.00  20.19
 -53.00  21.00  20.81
 -53.00  22.00  21.59
 -53.00  23.00  22.44
 -53.00  24.00  23.27
 -53.00  25.00  23.99
 -53.00  26.00  24.49
 -53.00  27.00  24.70
 -52.00 -37.00  22.28
 -52.00 -36.00  22.10
 -52.00 -35.00  21.63
 -52.00 -34.00  20.91
 -52.00 -33.00  20.00
 -52.00 -32.00  18.97
 -52.00 -31.00  17.89
 -52.00 -30.00  16.86
 -52.00 -29.00  15.93
 -52.00 -28.00  15.15
 -52.00 -27.00  14.57
 -52.00 -26.00  14.20
 -52.00 -25.00  14.02
 -52.00 -24.00  14.03
 -52.00 -23.00  14.20
 -52.00 -22.00  14.51
 -52.00 -21.00  14.91
 -52.00 -20.00  15.40
 -52.00 -19.00  15.95
 -52.00 -18.00  16.56
 -52.00 -17.00  17.19
 -52.00 -16.00  17.83
 -52.00 -15.00  18.45
 -52.00 -14.00  19.02
 -52.00 -13.00  19.50
 -52.00 -12.00  19.84
 -52.00 -11.00  20.00
 -52.00 -10.00  19.95
 -52.00  -9.00  19.71
 -52.00  -8.00  19.29
 -52.00  -7.00  18.75
 -52.00  -6.00  18.19
 -52.00  -5.00  17.68
 -52.00  -4.00  17.35
 -52.00  -3.00  17.27
 -52.00  -2.00  17.49
 -52.00  -1.00  18.04
 -52.00   0.00  18.87
 -52.00   1.00  19.91
 -52.00   2.00  21.05
 -52.00   3.00  22.18
 -52.00   4.00  23.17
 -52.00   5.00  23.94
 -52.00   6.00  24.43
 -52.00   7.00  24.61
 -52.00   8.00  24.50
 -52.00   9.00  24.15
 -52.00  10.00  23.63
 -52.00  11.00  23.00
 -52.00  12.00  22.32
 -52.00  13.00  21.65
 -52.00  14.00  21.02
 -52.00  15.00  20.47
 -52.00  16.00  20.03
 -52.00  17.00  19.72
 -52.00  18.00  19.58
 -52.00  19.00  19.64
 -52.00  20.00  19.91
 -52.00  21.00  20.39
 -52.00  22.00  21.07
 -52.00  23.00  21.87
 -52.00  24.00  22.73
 -52.00  25.00  23.53
 -52.00  26.00  24.17
 -52.00  27.00  24.56
 -51.00 -37.00  22.00
 -51.00 -36.00  21.98
 -51.00 -35.00  21.67
 -51.00 -34.00  21.09
 -51.00 -33.00  20.28
 -51.00 -32.00  19.30
 -51.00 -31.00  18.22
 -51.00 -30.00  17.14
 -51.00 -29.00  16.12
 -51.00 -28.00  15.24
 -51.00 -27.00  14.53
 -51.00 -26.00  14.02
 -51.00 -25.00  13.72
 -51.00 -24.00  13.62
 -51.00 -23.00  13.68
 -51.00 -22.00  13.88
 -51.00 -21.00  14.18
 -51.00 -20.00  14.56
 -51.00 -19.00  14.99
 -51.00 -18.00  15.46
 -51.00 -17.00  15.97
 -51.00 -16.00  16.51
 -51.00 -15.00  17.07
 -51.00 -14.00  17.63
 -51.00 -13.00  18.14
 -51.00 -12.00  18.58
 -51.00 -11.00  18.88
 -51.00 -10.00  19.01
 -51.00  -9.00  18.95
 -51.00  -8.00  18.70
 -51.00  -7.00  18.28
 -51.00  -6.00  17.77
 -51.00  -5.00  17.26
 -51.00  -4.00  16.84
 -51.00  -3.00  16.62
 -51.00  -2.00  16.68
 -51.00  -1.00  17.06
 -51.00   0.00  17.74
 -51.00   1.00  18.67
 -51.00   2.00  19.76
 -51.00   3.00  20.90
 -51.00   4.00  21.97
 -51.00   5.00  22.86
 -51.00   6.00  23.50
 -51.00   7.00  23.85
 -51.00   8.00  23.92
 -51.00   9.00  23.75
 -51.00  10.00  23.39
 -51.00  11.00  22.91
 -51.00  12.00  22.35
 -51.00  13.00  21.78
 -51.00  14.00  21.23
 -51.00  15.00  20.72
 -51.00  16.00  20.27
 -51.00  17.00  19.92
 -51.00  18.00  19.69
 -51.00  19.00  19.62
 -51.00  20.00  19.73
 -51.00  21.00  20.07
 -51.00  22.00  20.61
 -51.00  23.00  21.33
 -51.00  24.00  22.15
 -51.00  25.00  22.99
 -51.00  26.00  23.74
 -51.00  27.00  24.28
 -50.00 -37.00  21.62
 -50.00 -36.00  21.77
 -50.00 -35.00  21.63
 -50.00 -34.00  21.21
 -50.00 -33.00  20.53
 -50.00 -32.00  19.64
 -50.00 -31.00  18.61
 -50.00 -30.00  17.52
 -50.00 -29.00  16.44
 -50.00 -28.00  15.46
 -50.00 -27.00  14.63
 -50.00 -26.00  14.00
 -50.00 -25.00  13.58
 -50.00 -24.00  13.36
 -50.00 -23.00  13.33
 -50.00 -22.00  13.44
 -50.00 -21.00  13.67
 -50.00 -20.00  13.97
 -50.00 -19.00  14.32
 -50.00 -18.00  14.70
 -50.00 -17.00  15.12
 -50.00 -16.00  15.56
 -50.00 -15.00  16.04
 -50.00 -14.00  16.55
 -50.00 -13.00  17.06
 -50.00 -12.00  17.54
 -50.00 -11.00  17.94
 -50.00 -10.00  18.22
 -50.00  -9.00  18.32
 -50.00  -8.00  18.22
 -50.00  -7.00  17.94
 -50.00  -6.00  17.51
 -50.00  -5.00  17.02
 -50.00  -4.00  16.55
 -50.00  -3.00  16.22
 -50.00  -2.00  16.12
 -50.00  -1.00  16.32
 -50.00   0.00  16.82
 -50.00   1.00  17.61
 -50.00   2.00  18.61
 -50.00   3.00  19.72
 -50.00   4.00  20.82
 -50.00   5.00  21.80
 -50.00   6.00  22.56
 -50.00   7.00  23.07
 -50.00   8.00  23.30
 -50.00   9.00  23.29
 -50.00  10.00  23.08
 -50.00  11.00  22.73
 -50.00  12.00  22.30
 -50.00  13.00  21.84
 -50.00  14.00  21.37
 -50.00  15.00  20.92
 -50.00  16.00  20.50
 -50.00  17.00  20.14
 -50.00  18.00  19.85
 -50.00  19.00  19.67
 -50.00  20.00  19.66
 -50.00  21.00  19.84
 -50.00  22.00  20.23
 -50.00  23.00  20.82
 -50.00  24.00  21.57
 -50.00  25.00  22.41
 -50.00  26.00  23.21
 -50.00  27.00  23.89
 -49.00 -37.00  21.14
 -49.00 -36.00  21.45
 -49.00 -35.00  21.48
 -49.00 -34.00  21.23
 -49.00 -33.00  20.71
 -49.00 -32.00  19.95
 -49.00 -31.00  19.00
 -49.00 -30.00  17.94
 -49.00 -29.00  16.85
 -49.00 -28.00  15.80
 -49.00 -27.00  14.88
 -49.00 -26.00  14.12
 -49.00 -25.00  13.58
 -49.00 -24.00  13.24
 -49.00 -23.00  13.11
 -49.00 -22.00  13.15
 -49.00 -21.00  13.31
 -49.00 -20.00  13.55
 -49.00 -19.00  13.85
 -49.00 -18.00  14.18
 -49.00 -17.00  14.52
 -49.00 -16.00  14.90
 -49.00 -15.00  15.30
 -49.00 -14.00  15.75
 -49.00 -13.00  16.23
 -49.00 -12.00  16.72
 -49.00 -11.00  17.18
 -49.00 -10.00  17.56
 -49.00  -9.00  17.79
 -49.00  -8.00  17.85
 -49.00  -7.00  17.71
 -49.00  -6.00  17.38
 -49.00  -5.00  16.94
 -49.00  -4.00  16.46
 -49.00  -3.00  16.04
 -49.00  -2.00  15.80
 -49.00  -1.00  15.82
 -49.00   0.00  16.13
 -49.00   1.00  16.76
 -49.00   2.00  17.63
 -49.00   3.00  18.67
 -49.00   4.00  19.76
 -49.00   5.00  20.78
 -49.00   6.00  21.65
 -49.00   7.00  22.28
 -49.00   8.00  22.66
 -49.00   9.00  22.78
 -49.00  10.00  22.71
 -49.00  11.00  22.48
 -49.00  12.00  22.17
 -49.00  13.00  21.80
 -49.00  14.00  21.42
 -49.00  15.00  21.05
 -49.00  16.00  20.68
 -49.00  17.00  20.33
 -49.00  18.00  20.03
 -49.00  19.00  19.79
 -49.00  20.00  19.66
 -49.00  21.00  19.70
 -49.00  22.00  19.93
 -49.00  23.00  20.38
 -49.00  24.00  21.02
 -49.00  25.00  21.79
 -49.00  26.00  22.62
 -49.00  27.00  23.37
 -48.00 -37.00  20.56
 -48.00 -36.00  21.01
 -48.00 -35.00  21.22
 -48.00 -34.00  21.14
 -48.00 -33.00  20.79
 -48.00 -32.00  20.18
 -48.00 -31.00  19.36
 -48.00 -30.00  18.37
 -48.00 -29.00  17.30
 -48.00 -28.00  16.23
 -48.00 -27.00  15.23
 -48.00 -26.00  14.37
 -48.00 -25.00  13.70
 -48.00 -24.00  13.25
 -48.00 -23.00  13.01
 -48.00 -22.00  12.95
 -48.00 -21.00  13.05
 -48.00 -20.00  13.25
 -48.00 -19.00  13.51
 -48.00 -18.00  13.81
 -48.00 -17.00  14.12
 -48.00 -16.00  14.44
 -48.00 -15.00  14.79
 -48.00 -14.00  15.18
 -48.00 -13.00  15.62
 -48.00 -12.00  16.10
 -48.00 -11.00  16.58
 -48.00 -10.00  17.02
 -48.00  -9.00  17.36
 -48.00  -8.00  17.55
 -48.00  -7.00  17.54
 -48.00  -6.00  17.34
 -48.00  -5.00  16.98
 -48.00  -4.00  16.52
 -48.00  -3.00  16.05
 -48.00  -2.00  15.70
 -48.00  -1.00  15.55
 -48.00   0.00  15.68
 -48.00   1.00  16.11
 -48.00   2.00  16.83
 -48.00   3.00  17.76
 -48.00   4.00  18.80
 -48.00   5.00  19.84
 -48.00   6.00  20.77
 -48.00   7.00  21.50
 -48.00   8.00  22.00
 -48.00   9.00  22.26
 -48.00  10.00  22.31
 -48.00  11.00  22.19
 -48.00  12.00  21.97
 -48.00  13.00  21.69
 -48.00  14.00  21.40
 -48.00  15.00  21.09
 -48.00  16.00  20.79
 -48.00  17.00  20.49
 -48.00  18.00  20.19
 -48.00  19.00  19.92
 -48.00  20.00  19.72
 -48.00  21.00  19.64
 -48.00  22.00  19.72
 -48.00  23.00  20.01
 -48.00  24.00  20.51
 -48.00  25.00  21.19
 -48.00  26.00  21.98
 -48.00  27.00  22.77
 -47.00 -37.00  19.89
 -47.00 -36.00  20.47
 -47.00 -35.00  20.83
 -47.00 -34.00  20.93
 -47.00 -33.00  20.76
 -47.00 -32.00  20.32
 -47.00 -31.00  19.64
 -47.00 -30.00  18.76
 -47.00 -29.00  17.75
 -47.00 -28.00  16.69
 -47.00 -27.00  15.65
 -47.00 -26.00  14.71
 -47.00 -25.00  13.93
 -47.00 -24.00  13.36
 -47.00 -23.00  13.00
 -47.00 -22.00  12.85
 -47.00 -21.00  12.87
 -47.00 -20.00  13.02
 -47.00 -19.00  13.25
 -47.00 -18.00  13.53
 -47.00 -17.00  13.81
 -47.00 -16.00  14.11
 -47.00 -15.00  14.43
 -47.00 -14.00  14.78
 -47.00 -13.00  15.17
 -47.00 -12.00  15.62
 -47.00 -11.00  16.11
 -47.00 -10.00  16.58
 -47.00  -9.00  17.00
 -47.00  -8.00  17.30
 -47.00  -7.00  17.43
 -47.00  -6.00  17.36
 -47.00  -5.00  17.09
 -47.00  -4.00  16.68
 -47.00  -3.00  16.21
 -47.00  -2.00  15.77
 -47.00  -1.00  15.49
 -47.00   0.00  15.44
 -47.00   1.00  15.68
 -47.00   2.00  16.21
 -47.00   3.00  17.00
 -47.00   4.00  17.96
 -47.00   5.00  18.98
 -47.00   6.00  19.94
 -47.00   7.00  20.76
 -47.00   8.00  21.36
 -47.00   9.00  21.73
 -47.00  10.00  21.89
 -47.00  11.00  21.86
 -47.00  12.00  21.72
 -47.00  13.00  21.52
 -47.00  14.00  21.29
 -47.00  15.00  21.06
 -47.00  16.00  20.82
 -47.00  17.00  20.57
 -47.00  18.00  20.31
 -47.00  19.00  20.05
 -47.00  20.00  19.81
 -47.00  21.00  19.64
 -47.00  22.00  19.59
 -47.00  23.00  19.73
 -47.00  24.00  20.07
 -47.00  25.00  20.62
 -47.00  26.00  21.33
 -47.00  27.00  22.11
 -46.00 -37.00  19.16
 -46.00 -36.00  19.85
 -46.00 -35.00  20.34
 -46.00 -34.00  20.59
 -46.00 -33.00  20.59
 -46.00 -32.00  20.33
 -46.00 -31.00  19.81
 -46.00 -30.00  19.06
 -46.00 -29.00  18.15
 -46.00 -28.00  17.14
 -46.00 -27.00  16.10
 -46.00 -26.00  15.11
 -46.00 -25.00  14.24
 -46.00 -24.00  13.56
 -46.00 -23.00  13.08
 -46.00 -22.00  12.82
 -46.00 -21.00  12.75
 -46.00 -20.00  12.84
 -46.00 -19.00  13.03
 -46.00 -18.00  13.28
 -46.00 -17.00  13.56
 -46.00 -16.00  13.85
 -46.00 -15.00  14.15
 -46.00 -14.00  14.47
 -46.00 -13.00  14.84
 -46.00 -12.00  15.26
 -46.00 -11.00  15.73
 -46.00 -10.00  16.22
 -46.00  -9.00  16.70
 -46.00  -8.00  17.08
 -46.00  -7.00  17.33
 -46.00  -6.00  17.39
 -46.00  -5.00  17.24
 -46.00  -4.00  16.91
 -46.00  -3.00  16.46
 -46.00  -2.00  15.98
 -46.00  -1.00  15.59
 -46.00   0.00  15.39
 -46.00   1.00  15.44
 -46.00   2.00  15.79
 -46.00   3.00  16.42
 -46.00   4.00  17.26
 -46.00   5.00  18.22
 -46.00   6.00  19.19
 -46.00   7.00  20.05
 -46.00   8.00  20.74
 -46.00   9.00  21.21
 -46.00  10.00  21.46
 -46.00  11.00  21.53
 -46.00  12.00  21.46
 -46.00  13.00  21.31
 -46.00  14.00  21.13
 -46.00  15.00  20.95
 -46.00  16.00  20.77
 -46.00  17.00  20.58
 -46.00  18.00  20.37
 -46.00  19.00  20.13
 -46.00  20.00  19.89
 -46.00  21.00  19.67
 -46.00  22.00  19.53
 -46.00  23.00  19.53
 -46.00  24.00  19.72
 -46.00  25.00  20.12
 -46.00  26.00  20.71
 -46.00  27.00  21.43
 -45.00 -37.00  18.39
 -45.00 -36.00  19.15
 -45.00 -35.00  19.75
 -45.00 -34.00  20.15
 -45.00 -33.00  20.30
 -45.00 -32.00  20.21
 -45.00 -31.00  19.85
 -45.00 -30.00  19.26
 -45.00 -29.00  18.47
 -45.00 -28.00  17.54
 -45.00 -27.00  16.53
 -45.00 -26.00  15.52
 -45.00 -25.00  14.60
 -45.00 -24.00  13.82
 -45.00 -23.00  13.24
 -45.00 -22.00  12.86
 -45.00 -21.00  12.69
 -45.00 -20.00  12.70
 -45.00 -19.00  12.84
 -45.00 -18.00  13.06
 -45.00 -17.00  13.33
 -45.00 -16.00  13.62
 -45.00 -15.00  13.91
 -45.00 -14.00  14.22
 -45.00 -13.00  14.56
 -45.00 -12.00  14.95
 -45.00 -11.00  15.41
 -45.00 -10.00  15.91
 -45.00  -9.00  16.41
 -45.00  -8.00  16.87
 -45.00  -7.00  17.22
 -45.00  -6.00  17.40
 -45.00  -5.00  17.37
 -45.00  -4.00  17.15
 -45.00  -3.00  16.75
 -45.00  -2.00  16.28
 -45.00  -1.00  15.82
 -45.00   0.00  15.49
 -45.00   1.00  15.38
 -45.00   2.00  15.55
 -45.00   3.00  16.01
 -45.00   4.00  16.71
 -45.00   5.00  17.58
 -45.00   6.00  18.52
 -45.00   7.00  19.41
 -45.00   8.00  20.16
 -45.00   9.00  20.71
 -45.00  10.00  21.05
 -45.00  11.00  21.19
 -45.00  12.00  21.18
 -45.00  13.00  21.07
 -45.00  14.00  20.93
 -45.00  15.00  20.78
 -45.00  16.00  20.64
 -45.00  17.00  20.50
 -45.00  18.00  20.35
 -45.00  19.00  20.16
 -45.00  20.00  19.93
 -45.00  21.00  19.70
 -45.00  22.00  19.50
 -45.00  23.00  19.39
 -45.00  24.00  19.44
 -45.00  25.00  19.69
 -45.00  26.00  20.14
 -45.00  27.00  20.77
 -44.00 -37.00  17.61
 -44.00 -36.00  18.41
 -44.00 -35.00  19.10
 -44.00 -34.00  19.61
 -44.00 -33.00  19.91
 -44.00 -32.00  19.96
 -44.00 -31.00  19.77
 -44.00 -30.00  19.34
 -44.00 -29.00  18.68
 -44.00 -28.00  17.85
 -44.00 -27.00  16.91
 -44.00 -26.00  15.92
 -44.00 -25.00  14.97
 -44.00 -24.00  14.12
 -44.00 -23.00  13.44
 -44.00 -22.00  12.96
 -44.00 -21.00  12.68
 -44.00 -20.00  12.60
 -44.00 -19.00  12.67
 -44.00 -18.00  12.85
 -44.00 -17.00  13.10
 -44.00 -16.00  13.37
 -44.00 -15.00  13.66
 -44.00 -14.00  13.97
 -44.00 -13.00  14.30
 -44.00 -12.00  14.67
 -44.00 -11.00  15.11
 -44.00 -10.00  15.61
 -44.00  -9.00  16.14
 -44.00  -8.00  16.65
 -44.00  -7.00  17.08
 -44.00  -6.00  17.37
 -44.00  -5.00  17.47
 -44.00  -4.00  17.35
 -44.00  -3.00  17.05
 -44.00  -2.00  16.60
 -44.00  -1.00  16.12
 -44.00   0.00  15.71
 -44.00   1.00  15.46
 -44.00   2.00  15.46
 -44.00   3.00  15.75
 -44.00   4.00  16.30
 -44.00   5.00  17.06
 -44.00   6.00  17.94
 -44.00   7.00  18.82
 -44.00   8.00  19.61
 -44.00   9.00  20.23
 -44.00  10.00  20.64
 -44.00  11.00  20.85
 -44.00  12.00  20.90
 -44.00  13.00  20.83
 -44.00  14.00  20.71
 -44.00  15.00  20.58
 -44.00  16.00  20.47
 -44.00  17.00  20.36
 -44.00  18.00  20.25
 -44.00  19.00  20.11
 -44.00  20.00  19.93
 -44.00  21.00  19.71
 -44.00  22.00  19.48
 -44.00  23.00  19.30
 -44.00  24.00  19.24
 -44.00  25.00  19.34
 -44.00  26.00  19.65
 -44.00  27.00  20.16
 -43.00 -37.00  16.85
 -43.00 -36.00  17.68
 -43.00 -35.00  18.43
 -43.00 -34.00  19.04
 -43.00 -33.00  19.46
 -43.00 -32.00  19.66
 -43.00 -31.00  19.62
 -43.00 -30.00  19.33
 -43.00 -29.00  18.81
 -43.00 -28.00  18.09
 -43.00 -27.00  17.23
 -43.00 -26.00  16.28
 -43.00 -25.00  15.32
 -43.00 -24.00  14.43
 -43.00 -23.00  13.67
 -43.00 -22.00  13.09
 -43.00 -21.00  12.71
 -43.00 -20.00  12.52
 -43.00 -19.00  12.51
 -43.00 -18.00  12.63
 -43.00 -17.00  12.83
 -43.00 -16.00  13.09
 -43.00 -15.00  13.36
 -43.00 -14.00  13.65
 -43.00 -13.00  13.96
 -43.00 -12.00  14.31
 -43.00 -11.00  14.73
 -43.00 -10.00  15.21
 -43.00  -9.00  15.74
 -43.00  -8.00  16.28
 -43.00  -7.00  16.78
 -43.00  -6.00  17.17
 -43.00  -5.00  17.38
 -43.00  -4.00  17.39
 -43.00  -3.00  17.19
 -43.00  -2.00  16.82
 -43.00  -1.00  16.35
 -43.00   0.00  15.89
 -43.00   1.00  15.55
 -43.00   2.00  15.41
 -43.00   3.00  15.53
 -43.00   4.00  15.93
 -43.00   5.00  16.56
 -43.00   6.00  17.35
 -43.00   7.00  18.20
 -43.00   8.00  19.00
 -43.00   9.00  19.67
 -43.00  10.00  20.15
 -43.00  11.00  20.43
 -43.00  12.00  20.53
 -43.00  13.00  20.50
 -43.00  14.00  20.41
 -43.00  15.00  20.30
 -43.00  16.00  20.20
 -43.00  17.00  20.13
 -43.00  18.00  20.06
 -43.00  19.00  19.98
 -43.00  20.00  19.85
 -43.00  21.00  19.66
 -43.00  22.00  19.44
 -43.00  23.00  19.23
 -43.00  24.00  19.09
 -43.00  25.00  19.08
 -43.00  26.00  19.25
 -43.00  27.00  19.63
 -42.00 -37.00  16.13
 -42.00 -36.00  16.96
 -42.00 -35.00  17.75
 -42.00 -34.00  18.43
 -42.00 -33.00  18.95
 -42.00 -32.00  19.27
 -42.00 -31.00  19.37
 -42.00 -30.00  19.22
 -42.00 -29.00  18.84
 -42.00 -28.00  18.24
 -42.00 -27.00  17.47
 -42.00 -26.00  16.58
 -42.00 -25.00  15.65
 -42.00 -24.00  14.74
 -42.00 -23.00  13.92
 -42.00 -22.00  13.26
 -42.00 -21.00  12.78
 -42.00 -20.00  12.50
 -42.00 -19.00  12.39
 -42.00 -18.00  12.44
 -42.00 -17.00  12.59
 -42.00 -16.00  12.81
 -42.00 -15.00  13.06
 -42.00 -14.00  13.34
 -42.00 -13.00  13.63
 -42.00 -12.00  13.96
 -42.00 -11.00  14.35
 -42.00 -10.00  14.81
 -42.00  -9.00  15.34
 -42.00  -8.00  15.90
 -42.00  -7.00  16.45
 -42.00  -6.00  16.91
 -42.00  -5.00  17.24
 -42.00  -4.00  17.36
 -42.00  -3.00  17.28
 -42.00  -2.00  16.99
 -42.00  -1.00  16.57
 -42.00   0.00  16.10
 -42.00   1.00  15.69
 -42.00   2.00  15.44
 -42.00   3.00  15.42
 -42.00   4.00  15.67
 -42.00   5.00  16.17
 -42.00   6.00  16.86
 -42.00   7.00  17.66
 -42.00   8.00  18.45
 -42.00   9.00  19.15
 -42.00  10.00  19.68
 -42.00  11.00  20.02
 -42.00  12.00  20.17
 -42.00  13.00  20.19
 -42.00  14.00  20.11
 -42.00  15.00  20.01
 -42.00  16.00  19.93
 -42.00  17.00  19.87
 -42.00  18.00  19.83
 -42.00  19.00  19.79
 -42.00  20.00  19.71
 -42.00  21.00  19.58
 -42.00  22.00  19.38
 -42.00  23.00  19.16
 -42.00  24.00  18.97
 -42.00  25.00  18.87
 -42.00  26.00  18.93
 -42.00  27.00  19.18
 -41.00 -37.00  15.45
 -41.00 -36.00  16.26
 -41.00 -35.00  17.06
 -41.00 -34.00  17.79
 -41.00 -33.00  18.40
 -41.00 -32.00  18.83
 -41.00 -31.00  19.05
 -41.00 -30.00  19.03
 -41.00 -29.00  18.78
 -41.00 -28.00  18.31
 -41.00 -27.00  17.64
 -41.00 -26.00  16.82
 -41.00 -25.00  15.93
 -41.00 -24.00  15.02
 -41.00 -23.00  14.17
 -41.00 -22.00  13.44
 -41.00 -21.00  12.88
 -41.00 -20.00  12.51
 -41.00 -19.00  12.32
 -41.00 -18.00  12.29
 -41.00 -17.00  12.38
 -41.00 -16.00  12.55
 -41.00 -15.00  12.78
 -41.00 -14.00  13.03
 -41.00 -13.00  13.30
 -41.00 -12.00  13.62
 -41.00 -11.00  13.98
 -41.00 -10.00  14.42
 -41.00  -9.00  14.93
 -41.00  -8.00  15.50
 -41.00  -7.00  16.08
 -41.00  -6.00  16.61
 -41.00  -5.00  17.02
 -41.00  -4.00  17.26
 -41.00  -3.00  17.29
 -41.00  -2.00  17.11
 -41.00  -1.00  16.75
 -41.00   0.00  16.31
 -41.00   1.00  15.86
 -41.00   2.00  15.53
 -41.00   3.00  15.39
 -41.00   4.00  15.50
 -41.00   5.00  15.87
 -41.00   6.00  16.46
 -41.00   7.00  17.18
 -41.00   8.00  17.95
 -41.00   9.00  18.66
 -41.00  10.00  19.23
 -41.00  11.00  19.62
 -41.00  12.00  19.83
 -41.00  13.00  19.88
 -41.00  14.00  19.83
 -41.00  15.00  19.73
 -41.00  16.00  19.65
 -41.00  17.00  19.59
 -41.00  18.00  19.57
 -41.00  19.00  19.56
 -41.00  20.00  19.53
 -41.00  21.00  19.44
 -41.00  22.00  19.29
 -41.00  23.00  19.09
 -41.00  24.00  18.87
 -41.00  25.00  18.71
 -41.00  26.00  18.67
 -41.00  27.00  18.80
 -40.00 -37.00  14.83
 -40.00 -36.00  15.59
 -40.00 -35.00  16.39
 -40.00 -34.00  17.15
 -40.00 -33.00  17.81
 -40.00 -32.00  18.33
 -40.00 -31.00  18.66
 -40.00 -30.00  18.77
 -40.00 -29.00  18.65
 -40.00 -28.00  18.30
 -40.00 -27.00  17.73
 -40.00 -26.00  17.00
 -40.00 -25.00  16.16
 -40.00 -24.00  15.28
 -40.00 -23.00  14.41
 -40.00 -22.00  13.64
 -40.00 -21.00  13.01
 -40.00 -20.00  12.55
 -40.00 -19.00  12.27
 -40.00 -18.00  12.16
 -40.00 -17.00  12.19
 -40.00 -16.00  12.32
 -40.00 -15.00  12.50
 -40.00 -14.00  12.73
 -40.00 -13.00  12.98
 -40.00 -12.00  13.27
 -40.00 -11.00  13.61
 -40.00 -10.00  14.02
 -40.00  -9.00  14.52
 -40.00  -8.00  15.08
 -40.00  -7.00  15.67
 -40.00  -6.00  16.25
 -40.00  -5.00  16.74
 -40.00  -4.00  17.09
 -40.00  -3.00  17.23
 -40.00  -2.00  17.15
 -40.00  -1.00  16.88
 -40.00   0.00  16.48
 -40.00   1.00  16.03
 -40.00   2.00  15.65
 -40.00   3.00  15.41
 -40.00   4.00  15.41
 -40.00   5.00  15.65
 -40.00   6.00  16.12
 -40.00   7.00  16.77
 -40.00   8.00  17.49
 -40.00   9.00  18.20
 -40.00  10.00  18.80
 -40.00  11.00  19.24
 -40.00  12.00  19.49
 -40.00  13.00  19.58
 -40.00  14.00  19.55
 -40.00  15.00  19.47
 -40.00  16.00  19.37
 -40.00  17.00  19.31
 -40.00  18.00  19.30
 -40.00  19.00  19.30
 -40.00  20.00  19.31
 -40.00  21.00  19.27
 -40.00  22.00  19.16
 -40.00  23.00  18.99
 -40.00  24.00  18.77
 -40.00  25.00  18.57
 -40.00  26.00  18.45
 -40.00  27.00  18.48
 -39.00 -37.00  14.25
 -39.00 -36.00  14.95
 -39.00 -35.00  15.72
 -39.00 -34.00  16.49
 -39.00 -33.00  17.20
 -39.00 -32.00  17.80
 -39.00 -31.00  18.22
 -39.00 -30.00  18.45
 -39.00 -29.00  18.45
 -39.00 -28.00  18.22
 -39.00 -27.00  17.77
 -39.00 -26.00  17.13
 -39.00 -25.00  16.35
 -39.00 -24.00  15.50
 -39.00 -23.00  14.64
 -39.00 -22.00  13.84
 -39.00 -21.00  13.15
 -39.00 -20.00  12.62
 -39.00 -19.00  12.26
 -39.00 -18.00  12.08
 -39.00 -17.00  12.03
 -39.00 -16.00  12.10
 -39.00 -15.00  12.24
 -39.00 -14.00  12.44
 -39.00 -13.00  12.66
 -39.00 -12.00  12.93
 -39.00 -11.00  13.24
 -39.00 -10.00  13.62
 -39.00  -9.00  14.09
 -39.00  -8.00  14.64
 -39.00  -7.00  15.24
 -39.00  -6.00  15.85
 -39.00  -5.00  16.40
 -39.00  -4.00  16.84
 -39.00  -3.00  17.08
 -39.00  -2.00  17.12
 -39.00  -1.00  16.95
 -39.00   0.00  16.61
 -39.00   1.00  16.18
 -39.00   2.00  15.77
 -39.00   3.00  15.47
 -39.00   4.00  15.36
 -39.00   5.00  15.48
 -39.00   6.00  15.84
 -39.00   7.00  16.40
 -39.00   8.00  17.07
 -39.00   9.00  17.76
 -39.00  10.00  18.38
 -39.00  11.00  18.85
 -39.00  12.00  19.16
 -39.00  13.00  19.29
 -39.00  14.00  19.29
 -39.00  15.00  19.21
 -39.00  16.00  19.11
 -39.00  17.00  19.04
 -39.00  18.00  19.01
 -39.00  19.00  19.03
 -39.00  20.00  19.06
 -39.00  21.00  19.06
 -39.00  22.00  19.00
 -39.00  23.00  18.87
 -39.00  24.00  18.67
 -39.00  25.00  18.45
 -39.00  26.00  18.28
 -39.00  27.00  18.22
 -38.00 -37.00  13.72
 -38.00 -36.00  14.35
 -38.00 -35.00  15.08
 -38.00 -34.00  15.84
 -38.00 -33.00  16.58
 -38.00 -32.00  17.23
 -38.00 -31.00  17.74
 -38.00 -30.00  18.07
 -38.00 -29.00  18.19
 -38.00 -28.00  18.07
 -38.00 -27.00  17.74
 -38.00 -26.00  17.20
 -38.00 -25.00  16.51
 -38.00 -24.00  15.70
 -38.00 -23.00  14.86
 -38.00 -22.00  14.04
 -38.00 -21.00  13.31
 -38.00 -20.00  12.72
 -38.00 -19.00  12.28
 -38.00 -18.00  12.02
 -38.00 -17.00  11.90
 -38.00 -16.00  11.91
 -38.00 -15.00  12.00
 -38.00 -14.00  12.16
 -38.00 -13.00  12.35
 -38.00 -12.00  12.59
 -38.00 -11.00  12.87
 -38.00 -10.00  13.22
 -38.00  -9.00  13.66
 -38.00  -8.00  14.18
 -38.00  -7.00  14.77
 -38.00  -6.00  15.40
 -38.00  -5.00  16.00
 -38.00  -4.00  16.51
 -38.00  -3.00  16.86
 -38.00  -2.00  17.01
 -38.00  -1.00  16.94
 -38.00   0.00  16.68
 -38.00   1.00  16.30
 -38.00   2.00  15.89
 -38.00   3.00  15.54
 -38.00   4.00  15.34
 -38.00   5.00  15.36
 -38.00   6.00  15.61
 -38.00   7.00  16.07
 -38.00   8.00  16.67
 -38.00   9.00  17.33
 -38.00  10.00  17.96
 -38.00  11.00  18.47
 -38.00  12.00  18.81
 -38.00  13.00  18.99
 -38.00  14.00  19.02
 -38.00  15.00  18.96
 -38.00  16.00  18.86
 -38.00  17.00  18.77
 -38.00  18.00  18.74
 -38.00  19.00  18.75
 -38.00  20.00  18.79
 -38.00  21.00  18.83
 -38.00  22.00  18.81
 -38.00  23.00  18.72
 -38.00  24.00  18.56
 -38.00  25.00  18.34
 -38.00  26.00  18.14
 -38.00  27.00  18.01
 -37.00 -37.00  13.24
 -37.00 -36.00  13.79
 -37.00 -35.00  14.46
 -37.00 -34.00  15.19
 -37.00 -33.00  15.94
 -37.00 -32.00  16.63
 -37.00 -31.00  17.21
 -37.00 -30.00  17.64
 -37.00 -29.00  17.87
 -37.00 -28.00  17.88
 -37.00 -27.00  17.66
 -37.00 -26.00  17.23
 -37.00 -25.00  16.62
 -37.00 -24.00  15.88
 -37.00 -23.00  15.07
 -37.00 -22.00  14.25
 -37.00 -21.00  13.49
 -37.00 -20.00  12.84
 -37.00 -19.00  12.34
 -37.00 -18.00  11.99
 -37.00 -17.00  11.80
 -37.00 -16.00  11.74
 -37.00 -15.00  11.79
 -37.00 -14.00  11.90
 -37.00 -13.00  12.06
 -37.00 -12.00  12.26
 -37.00 -11.00  12.51
 -37.00 -10.00  12.82
 -37.00  -9.00  13.22
 -37.00  -8.00  13.71
 -37.00  -7.00  14.28
 -37.00  -6.00  14.91
 -37.00  -5.00  15.55
 -37.00  -4.00  16.12
 -37.00  -3.00  16.56
 -37.00  -2.00  16.81
 -37.00  -1.00  16.86
 -37.00   0.00  16.70
 -37.00   1.00  16.38
 -37.00   2.00  15.99
 -37.00   3.00  15.61
 -37.00   4.00  15.35
 -37.00   5.00  15.27
 -37.00   6.00  15.41
 -37.00   7.00  15.77
 -37.00   8.00  16.29
 -37.00   9.00  16.91
 -37.00  10.00  17.53
 -37.00  11.00  18.07
 -37.00  12.00  18.46
 -37.00  13.00  18.69
 -37.00  14.00  18.76
 -37.00  15.00  18.71
 -37.00  16.00  18.62
 -37.00  17.00  18.52
 -37.00  18.00  18.46
 -37.00  19.00  18.47
 -37.00  20.00  18.51
 -37.00  21.00  18.57
 -37.00  22.00  18.60
 -37.00  23.00  18.55
 -37.00  24.00  18.43
 -37.00  25.00  18.24
 -37.00  26.00  18.02
 -37.00  27.00  17.84
 -36.00 -37.00  12.82
 -36.00 -36.00  13.27
 -36.00 -35.00  13.87
 -36.00 -34.00  14.56
 -36.00 -33.00  15.30
 -36.00 -32.00  16.01
 -36.00 -31.00  16.65
 -36.00 -30.00  17.16
 -36.00 -29.00  17.50
 -36.00 -28.00  17.63
 -36.00 -27.00  17.53
 -36.00 -26.00  17.21
 -36.00 -25.00  16.70
 -36.00 -24.00  16.03
 -36.00 -23.00  15.26
 -36.00 -22.00  14.46
 -36.00 -21.00  13.68
 -36.00 -20.00  12.99
 -36.00 -19.00  12.42
 -36.00 -18.00  12.00
 -36.00 -17.00  11.74
 -36.00 -16.00  11.61
 -36.00 -15.00  11.60
 -36.00 -14.00  11.66
 -36.00 -13.00  11.78
 -36.00 -12.00  11.95
 -36.00 -11.00  12.16
 -36.00 -10.00  12.44
 -36.00  -9.00  12.79
 -36.00  -8.00  13.24
 -36.00  -7.00  13.78
 -36.00  -6.00  14.40
 -36.00  -5.00  15.05
 -36.00  -4.00  15.66
 -36.00  -3.00  16.18
 -36.00  -2.00  16.54
 -36.00  -1.00  16.69
 -36.00   0.00  16.64
 -36.00   1.00  16.40
 -36.00   2.00  16.05
 -36.00   3.00  15.67
 -36.00   4.00  15.36
 -36.00   5.00  15.20
 -36.00   6.00  15.24
 -36.00   7.00  15.50
 -36.00   8.00  15.94
 -36.00   9.00  16.50
 -36.00  10.00  17.10
 -36.00  11.00  17.65
 -36.00  12.00  18.09
 -36.00  13.00  18.36
 -36.00  14.00  18.48
 -36.00  15.00  18.47
 -36.00  16.00  18.38
 -36.00  17.00  18.28
 -36.00  18.00  18.20
 -36.00  19.00  18.19
 -36.00  20.00  18.23
 -36.00  21.00  18.30
 -36.00  22.00  18.36
 -36.00  23.00  18.36
 -36.00  24.00  18.28
 -36.00  25.00  18.12
 -36.00  26.00  17.91
 -36.00  27.00  17.70
 -35.00 -37.00  12.45
 -35.00 -36.00  12.81
 -35.00 -35.00  13.33
 -35.00 -34.00  13.96
 -35.00 -33.00  14.67
 -35.00 -32.00  15.39
 -35.00 -31.00  16.08
 -35.00 -30.00  16.66
 -35.00 -29.00  17.09
 -35.00 -28.00  17.32
 -35.00 -27.00  17.35
 -35.00 -26.00  17.15
 -35.00 -25.00  16.74
 -35.00 -24.00  16.15
 -35.00 -23.00  15.44
 -35.00 -22.00  14.66
 -35.00 -21.00  13.88
 -35.00 -20.00  13.15
 -35.00 -19.00  12.53
 -35.00 -18.00  12.05
 -35.00 -17.00  11.71
 -35.00 -16.00  11.52
 -35.00 -15.00  11.44
 -35.00 -14.00  11.46
 -35.00 -13.00  11.54
 -35.00 -12.00  11.67
 -35.00 -11.00  11.85
 -35.00 -10.00  12.08
 -35.00  -9.00  12.39
 -35.00  -8.00  12.79
 -35.00  -7.00  13.29
 -35.00  -6.00  13.88
 -35.00  -5.00  14.53
 -35.00  -4.00  15.17
 -35.00  -3.00  15.74
 -35.00  -2.00  16.19
 -35.00  -1.00  16.45
 -35.00   0.00  16.50
 -35.00   1.00  16.36
 -35.00   2.00  16.07
 -35.00   3.00  15.71
 -35.00   4.00  15.38
 -35.00   5.00  15.15
 -35.00   6.00  15.10
 -35.00   7.00  15.26
 -35.00   8.00  15.61
 -35.00   9.00  16.11
 -35.00  10.00  16.67
 -35.00  11.00  17.23
 -35.00  12.00  17.69
 -35.00  13.00  18.02
 -35.00  14.00  18.18
 -35.00  15.00  18.21
 -35.00  16.00  18.14
 -35.00  17.00  18.04
 -35.00  18.00  17.95
 -35.00  19.00  17.92
 -35.00  20.00  17.94
 -35.00  21.00  18.02
 -35.00  22.00  18.10
 -35.00  23.00  18.14
 -35.00  24.00  18.12
 -35.00  25.00  18.00
 -35.00  26.00  17.81
 -35.00  27.00  17.59
 -34.00 -37.00  12.14
 -34.00 -36.00  12.42
 -34.00 -35.00  12.85
 -34.00 -34.00  13.42
 -34.00 -33.00  14.09
 -34.00 -32.00  14.80
 -34.00 -31.00  15.50
 -34.00 -30.00  16.14
 -34.00 -29.00  16.65
 -34.00 -28.00  16.98
 -34.00 -27.00  17.12
 -34.00 -26.00  17.03
 -34.00 -25.00  16.73
 -34.00 -24.00  16.23
 -34.00 -23.00  15.58
 -34.00 -22.00  14.84
 -34.00 -21.00  14.07
 -34.00 -20.00  13.32
 -34.00 -19.00  12.66
 -34.00 -18.00  12.12
 -34.00 -17.00  11.72
 -34.00 -16.00  11.45
 -34.00 -15.00  11.32
 -34.00 -14.00  11.28
 -34.00 -13.00  11.32
 -34.00 -12.00  11.42
 -34.00 -11.00  11.56
 -34.00 -10.00  11.76
 -34.00  -9.00  12.03
 -34.00  -8.00  12.38
 -34.00  -7.00  12.84
 -34.00  -6.00  13.39
 -34.00  -5.00  14.01
 -34.00  -4.00  14.66
 -34.00  -3.00  15.28
 -34.00  -2.00  15.79
 -34.00  -1.00  16.14
 -34.00   0.00  16.30
 -34.00   1.00  16.25
 -34.00   2.00  16.04
 -34.00   3.00  15.72
 -34.00   4.00  15.38
 -34.00   5.00  15.12
 -34.00   6.00  14.99
 -34.00   7.00  15.06
 -34.00   8.00  15.32
 -34.00   9.00  15.74
 -34.00  10.00  16.26
 -34.00  11.00  16.81
 -34.00  12.00  17.29
 -34.00  13.00  17.65
 -34.00  14.00  17.87
 -34.00  15.00  17.94
 -34.00  16.00  17.90
 -34.00  17.00  17.81
 -34.00  18.00  17.71
 -34.00  19.00  17.66
 -34.00  20.00  17.67
 -34.00  21.00  17.73
 -34.00  22.00  17.83
 -34.00  23.00  17.91
 -34.00  24.00  17.92
 -34.00  25.00  17.86
 -34.00  26.00  17.70
 -34.00  27.00  17.49
 -33.00 -37.00  11.88
 -33.00 -36.00  12.09
 -33.00 -35.00  12.45
 -33.00 -34.00  12.95
 -33.00 -33.00  13.57
 -33.00 -32.00  14.25
 -33.00 -31.00  14.96
 -33.00 -30.00  15.63
 -33.00 -29.00  16.20
 -33.00 -28.00  16.62
 -33.00 -27.00  16.86
 -33.00 -26.00  16.87
 -33.00 -25.00  16.67
 -33.00 -24.00  16.27
 -33.00 -23.00  15.69
 -33.00 -22.00  14.99
 -33.00 -21.00  14.24
 -33.00 -20.00  13.49
 -33.00 -19.00  12.79
 -33.00 -18.00  12.20
 -33.00 -17.00  11.74
 -33.00 -16.00  11.42
 -33.00 -15.00  11.23
 -33.00 -14.00  11.15
 -33.00 -13.00  11.15
 -33.00 -12.00  11.21
 -33.00 -11.00  11.32
 -33.00 -10.00  11.48
 -33.00  -9.00  11.71
 -33.00  -8.00  12.02
 -33.00  -7.00  12.43
 -33.00  -6.00  12.94
 -33.00  -5.00  13.54
 -33.00  -4.00  14.18
 -33.00  -3.00  14.81
 -33.00  -2.00  15.37
 -33.00  -1.00  15.79
 -33.00   0.00  16.04
 -33.00   1.00  16.08
 -33.00   2.00  15.95
 -33.00   3.00  15.68
 -33.00   4.00  15.36
 -33.00   5.00  15.07
 -33.00   6.00  14.89
 -33.00   7.00  14.88
 -33.00   8.00  15.06
 -33.00   9.00  15.41
 -33.00  10.00  15.88
 -33.00  11.00  16.40
 -33.00  12.00  16.89
 -33.00  13.00  17.28
 -33.00  14.00  17.54
 -33.00  15.00  17.65
 -33.00  16.00  17.65
 -33.00  17.00  17.56
 -33.00  18.00  17.47
 -33.00  19.00  17.40
 -33.00  20.00  17.39
 -33.00  21.00  17.45
 -33.00  22.00  17.55
 -33.00  23.00  17.66
 -33.00  24.00  17.71
 -33.00  25.00  17.69
 -33.00  26.00  17.58
 -33.00  27.00  17.39
 -32.00 -37.00  11.67
 -32.00 -36.00  11.82
 -32.00 -35.00  12.12
 -32.00 -34.00  12.56
 -32.00 -33.00  13.13
 -32.00 -32.00  13.78
 -32.00 -31.00  14.48
 -32.00 -30.00  15.17
 -32.00 -29.00  15.79
 -32.00 -28.00  16.27
 -32.00 -27.00  16.59
 -32.00 -26.00  16.69
 -32.00 -25.00  16.58
 -32.00 -24.00  16.26
 -32.00 -23.00  15.75
 -32.00 -22.00  15.10
 -32.00 -21.00  14.37
 -32.00 -20.00  13.62
 -32.00 -19.00  12.91
 -32.00 -18.00  12.28
 -32.00 -17.00  11.78
 -32.00 -16.00  11.40
 -32.00 -15.00  11.16
 -32.00 -14.00  11.04
 -32.00 -13.00  11.00
 -32.00 -12.00  11.03
 -32.00 -11.00  11.12
 -32.00 -10.00  11.26
 -32.00  -9.00  11.45
 -32.00  -8.00  11.73
 -32.00  -7.00  12.10
 -32.00  -6.00  12.56
 -32.00  -5.00  13.12
 -32.00  -4.00  13.74
 -32.00  -3.00  14.38
 -32.00  -2.00  14.96
 -32.00  -1.00  15.44
 -32.00   0.00  15.75
 -32.00   1.00  15.87
 -32.00   2.00  15.80
 -32.00   3.00  15.59
 -32.00   4.00  15.30
 -32.00   5.00  15.01
 -32.00   6.00  14.79
 -32.00   7.00  14.73
 -32.00   8.00  14.84
 -32.00   9.00  15.12
 -32.00  10.00  15.54
 -32.00  11.00  16.03
 -32.00  12.00  16.51
 -32.00  13.00  16.92
 -32.00  14.00  17.21
 -32.00  15.00  17.35
 -32.00  16.00  17.38
 -32.00  17.00  17.31
 -32.00  18.00  17.22
 -32.00  19.00  17.14
 -32.00  20.00  17.13
 -32.00  21.00  17.18
 -32.00  22.00  17.28
 -32.00  23.00  17.40
 -32.00  24.00  17.49
 -32.00  25.00  17.51
 -32.00  26.00  17.44
 -32.00  27.00  17.28
 -31.00 -37.00  11.50
 -31.00 -36.00  11.61
 -31.00 -35.00  11.86
 -31.00 -34.00  12.26
 -31.00 -33.00  12.78
 -31.00 -32.00  13.41
 -31.00 -31.00  14.10
 -31.00 -30.00  14.79
 -31.00 -29.00  15.43
 -31.00 -28.00  15.96
 -31.00 -27.00  16.33
 -31.00 -26.00  16.51
 -31.00 -25.00  16.46
 -31.00 -24.00  16.21
 -31.00 -23.00  15.75
 -31.00 -22.00  15.15
 -31.00 -21.00  14.45
 -31.00 -20.00  13.70
 -31.00 -19.00  12.98
 -31.00 -18.00  12.33
 -31.00 -17.00  11.80
 -31.00 -16.00  11.39
 -31.00 -15.00  11.11
 -31.00 -14.00  10.95
 -31.00 -13.00  10.88
 -31.00 -12.00  10.89
 -31.00 -11.00  10.96
 -31.00 -10.00  11.07
 -31.00  -9.00  11.25
 -31.00  -8.00  11.50
 -31.00  -7.00  11.83
 -31.00  -6.00  12.27
 -31.00  -5.00  12.79
 -31.00  -4.00  13.39
 -31.00  -3.00  14.02
 -31.00  -2.00  14.61
 -31.00  -1.00  15.11
 -31.00   0.00  15.46
 -31.00   1.00  15.64
 -31.00   2.00  15.63
 -31.00   3.00  15.46
 -31.00   4.00  15.20
 -31.00   5.00  14.91
 -31.00   6.00  14.68
 -31.00   7.00  14.58
 -31.00   8.00  14.64
 -31.00   9.00  14.87
 -31.00  10.00  15.25
 -31.00  11.00  15.70
 -31.00  12.00  16.17
 -31.00  13.00  16.58
 -31.00  14.00  16.88
 -31.00  15.00  17.05
 -31.00  16.00  17.09
 -31.00  17.00  17.04
 -31.00  18.00  16.96
 -31.00  19.00  16.88
 -31.00  20.00  16.86
 -31.00  21.00  16.91
 -31.00  22.00  17.01
 -31.00  23.00  17.15
 -31.00  24.00  17.26
 -31.00  25.00  17.31
 -31.00  26.00  17.28
 -31.00  27.00  17.14
 -30.00 -37.00  11.54
 -30.00 -36.00  11.64
 -30.00 -35.00  11.88
 -30.00 -34.00  12.27
 -30.00 -33.00  12.80
 -30.00 -32.00  13.45
 -30.00 -31.00  14.16
 -30.00 -30.00  14.90
 -30.00 -29.00  15.59
 -30.00 -28.00  16.18
 -30.00 -27.00  16.61
 -30.00 -26.00  16.84
 -30.00 -25.00  16.84
 -30.00 -24.00  16.62
 -30.00 -23.00  16.18
 -30.00 -22.00  15.58
 -30.00 -21.00  14.86
 -30.00 -20.00  14.08
 -30.00 -19.00  13.32
 -30.00 -18.00  12.62
 -30.00 -17.00  12.04
 -30.00 -16.00  11.58
 -30.00 -15.00  11.26
 -30.00 -14.00  11.07
 -30.00 -13.00  10.98
 -30.00 -12.00  10.97
 -30.00 -11.00  11.02
 -30.00 -10.00  11.13
 -30.00  -9.00  11.29
 -30.00  -8.00  11.52
 -30.00  -7.00  11.82
 -30.00  -6.00  12.21
 -30.00  -5.00  12.69
 -30.00  -4.00  13.24
 -30.00  -3.00  13.82
 -30.00  -2.00  14.38
 -30.00  -1.00  14.86
 -30.00   0.00  15.20
 -30.00   1.00  15.39
 -30.00   2.00  15.39
 -30.00   3.00  15.25
 -30.00   4.00  15.00
 -30.00   5.00  14.72
 -30.00   6.00  14.48
 -30.00   7.00  14.34
 -30.00   8.00  14.36
 -30.00   9.00  14.54
 -30.00  10.00  14.85
 -30.00  11.00  15.26
 -30.00  12.00  15.70
 -30.00  13.00  16.09
 -30.00  14.00  16.39
 -30.00  15.00  16.58
 -30.00  16.00  16.66
 -30.00  17.00  16.65
 -30.00  18.00  16.61
 -30.00  19.00  16.58
 -30.00  20.00  16.60
 -30.00  21.00  16.69
 -30.00  22.00  16.85
 -30.00  23.00  17.04
 -30.00  24.00  17.22
 -30.00  25.00  17.34
 -30.00  26.00  17.37
 -30.00  27.00  17.30
