 -83.00 -37.00  15.57
 -83.00 -36.00  15.17
 -83.00 -35.00  14.90
 -83.00 -34.00  14.78
 -83.00 -33.00  14.79
 -83.00 -32.00  14.88
 -83.00 -31.00  15.02
 -83.00 -30.00  15.18
 -83.00 -29.00  15.32
 -83.00 -28.00  15.44
 -83.00 -27.00  15.54
 -83.00 -26.00  15.65
 -83.00 -25.00  15.79
 -83.00 -24.00  15.99
 -83.00 -23.00  16.27
 -83.00 -22.00  16.62
 -83.00 -21.00  17.02
 -83.00 -20.00  17.42
 -83.00 -19.00  17.78
 -83.00 -18.00  18.02
 -83.00 -17.00  18.10
 -83.00 -16.00  17.98
 -83.00 -15.00  17.66
 -83.00 -14.00  17.15
 -83.00 -13.00  16.51
 -83.00 -12.00  15.80
 -83.00 -11.00  15.08
 -83.00 -10.00  14.43
 -83.00  -9.00  13.88
 -83.00  -8.00  13.46
 -83.00  -7.00  13.16
 -83.00  -6.00  12.96
 -83.00  -5.00  12.82
 -83.00  -4.00  12.71
 -83.00  -3.00  12.58
 -83.00  -2.00  12.42
 -83.00  -1.00  12.25
 -83.00   0.00  12.07
 -83.00   1.00  11.91
 -83.00   2.00  11.80
 -83.00   3.00  11.75
 -83.00   4.00  11.79
 -83.00   5.00  11.90
 -83.00   6.00  12.07
 -83.00   7.00  12.28
 -83.00   8.00  12.51
 -83.00   9.00  12.75
 -83.00  10.00  13.00
 -83.00  11.00  13.28
 -83.00  12.00  13.59
 -83.00  13.00  13.95
 -83.00  14.00  14.38
 -83.00  15.00  14.87
 -83.00  16.00  15.39
 -83.00  17.00  15.89
 -83.00  18.00  16.34
 -83.00  19.00  16.68
 -83.00  20.00  16.87
 -83.00  21.00  16.88
 -83.00  22.00  16.72
 -83.00  23.00  16.41
 -83.00  24.00  15.98
 -83.00  25.00  15.49
 -83.00  26.00  14.98
 -83.00  27.00  14.51
 -82.00 -37.00  15.55
 -82.00 -36.00  15.15
 -82.00 -35.00  14.90
 -82.00 -34.00  14.79
 -82.00 -33.00  14.79
 -82.00 -32.00  14.88
 -82.00 -31.00  15.01
 -82.00 -30.00  15.14
 -82.00 -29.00  15.26
 -82.00 -28.00  15.35
 -82.00 -27.00  15.42
 -82.00 -26.00  15.50
 -82.00 -25.00  15.61
 -82.00 -24.00  15.79
 -82.00 -23.00  16.04
 -82.00 -22.00  16.37
 -82.00 -21.00  16.75
 -82.00 -20.00  17.14
 -82.00 -19.00  17.47
 -82.00 -18.00  17.70
 -82.00 -17.00  17.76
 -82.00 -16.00  17.62
 -82.00 -15.00  17.29
 -82.00 -14.00  16.78
 -82.00 -13.00  16.15
 -82.00 -12.00  15.45
 -82.00 -11.00  14.75
 -82.00 -10.00  14.12
 -82.00  -9.00  13.60
 -82.00  -8.00  13.20
 -82.00  -7.00  12.91
 -82.00  -6.00  12.71
 -82.00  -5.00  12.57
 -82.00  -4.00  12.45
 -82.00  -3.00  12.31
 -82.00  -2.00  12.15
 -82.00  -1.00  11.98
 -82.00   0.00  11.80
 -82.00   1.00  11.65
 -82.00   2.00  11.56
 -82.00   3.00  11.54
 -82.00   4.00  11.60
 -82.00   5.00  11.73
 -82.00   6.00  11.92
 -82.00   7.00  12.14
 -82.00   8.00  12.38
 -82.00   9.00  12.62
 -82.00  10.00  12.88
 -82.00  11.00  13.16
 -82.00  12.00  13.47
 -82.00  13.00  13.84
 -82.00  14.00  14.28
 -82.00  15.00  14.76
 -82.00  16.00  15.27
 -82.00  17.00  15.77
 -82.00  18.00  16.20
 -82.00  19.00  16.52
 -82.00  20.00  16.68
 -82.00  21.00  16.68
 -82.00  22.00  16.50
 -82.00  23.00  16.17
 -82.00  24.00  15.73
 -82.00  25.00  15.24
 -82.00  26.00  14.74
 -82.00  27.00  14.27
 -81.00 -37.00  15.55
 -81.00 -36.00  15.17
 -81.00 -35.00  14.92
 -81.00 -34.00  14.81
 -81.00 -33.00  14.81
 -81.00 -32.00  14.89
 -81.00 -31.00  15.00
 -81.00 -30.00  15.11
 -81.00 -29.00  15.20
 -81.00 -28.00  15.26
 -81.00 -27.00  15.31
 -81.00 -26.00  15.36
 -81.00 -25.00  15.45
 -81.00 -24.00  15.60
 -81.00 -23.00  15.83
 -81.00 -22.00  16.14
 -81.00 -21.00  16.50
 -81.00 -20.00  16.87
 -81.00 -19.00  17.19
 -81.00 -18.00  17.40
 -81.00 -17.00  17.45
 -81.00 -16.00  17.31
 -81.00 -15.00  16.97
 -81.00 -14.00  16.47
 -81.00 -13.00  15.84
 -81.00 -12.00  15.16
 -81.00 -11.00  14.48
 -81.00 -10.00  13.87
 -81.00  -9.00  13.37
 -81.00  -8.00  12.98
 -81.00  -7.00  12.70
 -81.00  -6.00  12.50
 -81.00  -5.00  12.36
 -81.00  -4.00  12.22
 -81.00  -3.00  12.08
 -81.00  -2.00  11.91
 -81.00  -1.00  11.74
 -81.00   0.00  11.56
 -81.00   1.00  11.43
 -81.00   2.00  11.35
 -81.00   3.00  11.35
 -81.00   4.00  11.43
 -81.00   5.00  11.58
 -81.00   6.00  11.78
 -81.00   7.00  12.01
 -81.00   8.00  12.26
 -81.00   9.00  12.52
 -81.00  10.00  12.78
 -81.00  11.00  13.06
 -81.00  12.00  13.37
 -81.00  13.00  13.74
 -81.00  14.00  14.17
 -81.00  15.00  14.65
 -81.00  16.00  15.16
 -81.00  17.00  15.64
 -81.00  18.00  16.06
 -81.00  19.00  16.36
 -81.00  20.00  16.51
 -81.00  21.00  16.49
 -81.00  22.00  16.29
 -81.00  23.00  15.96
 -81.00  24.00  15.52
 -81.00  25.00  15.02
 -81.00  26.00  14.53
 -81.00  27.00  14.07
 -80.00 -37.00  15.58
 -80.00 -36.00  15.20
 -80.00 -35.00  14.96
 -80.00 -34.00  14.85
 -80.00 -33.00  14.84
 -80.00 -32.00  14.91
 -80.00 -31.00  15.00
 -80.00 -30.00  15.09
 -80.00 -29.00  15.16
 -80.00 -28.00  15.19
 -80.00 -27.00  15.21
 -80.00 -26.00  15.23
 -80.00 -25.00  15.29
 -80.00 -24.00  15.43
 -80.00 -23.00  15.64
 -80.00 -22.00  15.93
 -80.00 -21.00  16.28
 -80.00 -20.00  16.63
 -80.00 -19.00  16.93
 -80.00 -18.00  17.13
 -80.00 -17.00  17.17
 -80.00 -16.00  17.03
 -80.00 -15.00  16.70
 -80.00 -14.00  16.20
 -80.00 -13.00  15.59
 -80.00 -12.00  14.93
 -80.00 -11.00  14.27
 -80.00 -10.00  13.68
 -80.00  -9.00  13.19
 -80.00  -8.00  12.81
 -80.00  -7.00  12.53
 -80.00  -6.00  12.34
 -80.00  -5.00  12.18
 -80.00  -4.00  12.04
 -80.00  -3.00  11.88
 -80.00  -2.00  11.71
 -80.00  -1.00  11.53
 -80.00   0.00  11.36
 -80.00   1.00  11.23
 -80.00   2.00  11.16
 -80.00   3.00  11.18
 -80.00   4.00  11.28
 -80.00   5.00  11.44
 -80.00   6.00  11.66
 -80.00   7.00  11.91
 -80.00   8.00  12.17
 -80.00   9.00  12.43
 -80.00  10.00  12.69
 -80.00  11.00  12.97
 -80.00  12.00  13.29
 -80.00  13.00  13.65
 -80.00  14.00  14.08
 -80.00  15.00  14.56
 -80.00  16.00  15.05
 -80.00  17.00  15.53
 -80.00  18.00  15.93
 -80.00  19.00  16.22
 -80.00  20.00  16.36
 -80.00  21.00  16.32
 -80.00  22.00  16.12
 -80.00  23.00  15.78
 -80.00  24.00  15.34
 -80.00  25.00  14.85
 -80.00  26.00  14.36
 -80.00  27.00  13.91
 -79.00 -37.00  15.64
 -79.00 -36.00  15.26
 -79.00 -35.00  15.01
 -79.00 -34.00  14.90
 -79.00 -33.00  14.89
 -79.00 -32.00  14.94
 -79.00 -31.00  15.02
 -79.00 -30.00  15.09
 -79.00 -29.00  15.13
 -79.00 -28.00  15.14
 -79.00 -27.00  15.13
 -79.00 -26.00  15.13
 -79.00 -25.00  15.17
 -79.00 -24.00  15.27
 -79.00 -23.00  15.47
 -79.00 -22.00  15.74
 -79.00 -21.00  16.07
 -79.00 -20.00  16.42
 -79.00 -19.00  16.71
 -79.00 -18.00  16.90
 -79.00 -17.00  16.94
 -79.00 -16.00  16.80
 -79.00 -15.00  16.48
 -79.00 -14.00  15.99
 -79.00 -13.00  15.40
 -79.00 -12.00  14.75
 -79.00 -11.00  14.11
 -79.00 -10.00  13.54
 -79.00  -9.00  13.06
 -79.00  -8.00  12.69
 -79.00  -7.00  12.41
 -79.00  -6.00  12.21
 -79.00  -5.00  12.05
 -79.00  -4.00  11.89
 -79.00  -3.00  11.72
 -79.00  -2.00  11.54
 -79.00  -1.00  11.35
 -79.00   0.00  11.19
 -79.00   1.00  11.06
 -79.00   2.00  11.01
 -79.00   3.00  11.04
 -79.00   4.00  11.15
 -79.00   5.00  11.34
 -79.00   6.00  11.57
 -79.00   7.00  11.83
 -79.00   8.00  12.10
 -79.00   9.00  12.36
 -79.00  10.00  12.63
 -79.00  11.00  12.91
 -79.00  12.00  13.22
 -79.00  13.00  13.58
 -79.00  14.00  14.01
 -79.00  15.00  14.47
 -79.00  16.00  14.96
 -79.00  17.00  15.43
 -79.00  18.00  15.82
 -79.00  19.00  16.10
 -79.00  20.00  16.23
 -79.00  21.00  16.19
 -79.00  22.00  15.98
 -79.00  23.00  15.64
 -79.00  24.00  15.20
 -79.00  25.00  14.72
 -79.00  26.00  14.24
 -79.00  27.00  13.79
 -78.00 -37.00  15.71
 -78.00 -36.00  15.33
 -78.00 -35.00  15.09
 -78.00 -34.00  14.97
 -78.00 -33.00  14.95
 -78.00 -32.00  14.99
 -78.00 -31.00  15.05
 -78.00 -30.00  15.10
 -78.00 -29.00  15.12
 -78.00 -28.00  15.10
 -78.00 -27.00  15.07
 -78.00 -26.00  15.04
 -78.00 -25.00  15.06
 -78.00 -24.00  15.15
 -78.00 -23.00  15.33
 -78.00 -22.00  15.59
 -78.00 -21.00  15.91
 -78.00 -20.00  16.24
 -78.00 -19.00  16.53
 -78.00 -18.00  16.71
 -78.00 -17.00  16.75
 -78.00 -16.00  16.62
 -78.00 -15.00  16.30
 -78.00 -14.00  15.83
 -78.00 -13.00  15.25
 -78.00 -12.00  14.62
 -78.00 -11.00  14.00
 -78.00 -10.00  13.44
 -78.00  -9.00  12.97
 -78.00  -8.00  12.61
 -78.00  -7.00  12.34
 -78.00  -6.00  12.13
 -78.00  -5.00  11.96
 -78.00  -4.00  11.79
 -78.00  -3.00  11.61
 -78.00  -2.00  11.42
 -78.00  -1.00  11.22
 -78.00   0.00  11.05
 -78.00   1.00  10.93
 -78.00   2.00  10.89
 -78.00   3.00  10.93
 -78.00   4.00  11.06
 -78.00   5.00  11.26
 -78.00   6.00  11.51
 -78.00   7.00  11.78
 -78.00   8.00  12.06
 -78.00   9.00  12.33
 -78.00  10.00  12.59
 -78.00  11.00  12.87
 -78.00  12.00  13.18
 -78.00  13.00  13.54
 -78.00  14.00  13.95
 -78.00  15.00  14.41
 -78.00  16.00  14.89
 -78.00  17.00  15.35
 -78.00  18.00  15.73
 -78.00  19.00  16.01
 -78.00  20.00  16.13
 -78.00  21.00  16.08
 -78.00  22.00  15.87
 -78.00  23.00  15.53
 -78.00  24.00  15.10
 -78.00  25.00  14.63
 -78.00  26.00  14.15
 -78.00  27.00  13.72
 -77.00 -37.00  15.79
 -77.00 -36.00  15.42
 -77.00 -35.00  15.17
 -77.00 -34.00  15.05
 -77.00 -33.00  15.03
 -77.00 -32.00  15.06
 -77.00 -31.00  15.10
 -77.00 -30.00  15.13
 -77.00 -29.00  15.13
 -77.00 -28.00  15.09
 -77.00 -27.00  15.03
 -77.00 -26.00  14.99
 -77.00 -25.00  14.98
 -77.00 -24.00  15.06
 -77.00 -23.00  15.22
 -77.00 -22.00  15.46
 -77.00 -21.00  15.77
 -77.00 -20.00  16.09
 -77.00 -19.00  16.38
 -77.00 -18.00  16.56
 -77.00 -17.00  16.61
 -77.00 -16.00  16.47
 -77.00 -15.00  16.17
 -77.00 -14.00  15.71
 -77.00 -13.00  15.15
 -77.00 -12.00  14.54
 -77.00 -11.00  13.94
 -77.00 -10.00  13.40
 -77.00  -9.00  12.94
 -77.00  -8.00  12.58
 -77.00  -7.00  12.31
 -77.00  -6.00  12.10
 -77.00  -5.00  11.91
 -77.00  -4.00  11.73
 -77.00  -3.00  11.54
 -77.00  -2.00  11.34
 -77.00  -1.00  11.13
 -77.00   0.00  10.96
 -77.00   1.00  10.85
 -77.00   2.00  10.81
 -77.00   3.00  10.86
 -77.00   4.00  11.01
 -77.00   5.00  11.22
 -77.00   6.00  11.49
 -77.00   7.00  11.77
 -77.00   8.00  12.05
 -77.00   9.00  12.33
 -77.00  10.00  12.59
 -77.00  11.00  12.87
 -77.00  12.00  13.17
 -77.00  13.00  13.52
 -77.00  14.00  13.93
 -77.00  15.00  14.38
 -77.00  16.00  14.85
 -77.00  17.00  15.29
 -77.00  18.00  15.67
 -77.00  19.00  15.94
 -77.00  20.00  16.06
 -77.00  21.00  16.01
 -77.00  22.00  15.80
 -77.00  23.00  15.47
 -77.00  24.00  15.04
 -77.00  25.00  14.58
 -77.00  26.00  14.12
 -77.00  27.00  13.69
 -76.00 -37.00  15.85
 -76.00 -36.00  15.46
 -76.00 -35.00  15.20
 -76.00 -34.00  15.06
 -76.00 -33.00  15.02
 -76.00 -32.00  15.02
 -76.00 -31.00  15.04
 -76.00 -30.00  15.03
 -76.00 -29.00  15.00
 -76.00 -28.00  14.92
 -76.00 -27.00  14.83
 -76.00 -26.00  14.75
 -76.00 -25.00  14.72
 -76.00 -24.00  14.76
 -76.00 -23.00  14.89
 -76.00 -22.00  15.11
 -76.00 -21.00  15.39
 -76.00 -20.00  15.69
 -76.00 -19.00  15.96
 -76.00 -18.00  16.13
 -76.00 -17.00  16.17
 -76.00 -16.00  16.04
 -76.00 -15.00  15.76
 -76.00 -14.00  15.34
 -76.00 -13.00  14.82
 -76.00 -12.00  14.26
 -76.00 -11.00  13.71
 -76.00 -10.00  13.21
 -76.00  -9.00  12.78
 -76.00  -8.00  12.45
 -76.00  -7.00  12.18
 -76.00  -6.00  11.97
 -76.00  -5.00  11.77
 -76.00  -4.00  11.58
 -76.00  -3.00  11.37
 -76.00  -2.00  11.16
 -76.00  -1.00  10.95
 -76.00   0.00  10.79
 -76.00   1.00  10.69
 -76.00   2.00  10.67
 -76.00   3.00  10.75
 -76.00   4.00  10.91
 -76.00   5.00  11.15
 -76.00   6.00  11.42
 -76.00   7.00  11.72
 -76.00   8.00  12.01
 -76.00   9.00  12.28
 -76.00  10.00  12.55
 -76.00  11.00  12.82
 -76.00  12.00  13.12
 -76.00  13.00  13.47
 -76.00  14.00  13.87
 -76.00  15.00  14.32
 -76.00  16.00  14.79
 -76.00  17.00  15.24
 -76.00  18.00  15.62
 -76.00  19.00  15.89
 -76.00  20.00  16.00
 -76.00  21.00  15.96
 -76.00  22.00  15.75
 -76.00  23.00  15.42
 -76.00  24.00  14.99
 -76.00  25.00  14.53
 -76.00  26.00  14.07
 -76.00  27.00  13.65
 -75.00 -37.00  15.93
 -75.00 -36.00  15.53
 -75.00 -35.00  15.26
 -75.00 -34.00  15.10
 -75.00 -33.00  15.03
 -75.00 -32.00  15.01
 -75.00 -31.00  15.00
 -75.00 -30.00  14.97
 -75.00 -29.00  14.89
 -75.00 -28.00  14.78
 -75.00 -27.00  14.66
 -75.00 -26.00  14.55
 -75.00 -25.00  14.49
 -75.00 -24.00  14.50
 -75.00 -23.00  14.61
 -75.00 -22.00  14.81
 -75.00 -21.00  15.06
 -75.00 -20.00  15.34
 -75.00 -19.00  15.58
 -75.00 -18.00  15.74
 -75.00 -17.00  15.78
 -75.00 -16.00  15.67
 -75.00 -15.00  15.40
 -75.00 -14.00  15.02
 -75.00 -13.00  14.54
 -75.00 -12.00  14.03
 -75.00 -11.00  13.52
 -75.00 -10.00  13.07
 -75.00  -9.00  12.68
 -75.00  -8.00  12.36
 -75.00  -7.00  12.11
 -75.00  -6.00  11.89
 -75.00  -5.00  11.68
 -75.00  -4.00  11.47
 -75.00  -3.00  11.25
 -75.00  -2.00  11.03
 -75.00  -1.00  10.82
 -75.00   0.00  10.66
 -75.00   1.00  10.57
 -75.00   2.00  10.57
 -75.00   3.00  10.67
 -75.00   4.00  10.85
 -75.00   5.00  11.10
 -75.00   6.00  11.39
 -75.00   7.00  11.69
 -75.00   8.00  11.99
 -75.00   9.00  12.26
 -75.00  10.00  12.53
 -75.00  11.00  12.79
 -75.00  12.00  13.09
 -75.00  13.00  13.44
 -75.00  14.00  13.84
 -75.00  15.00  14.28
 -75.00  16.00  14.75
 -75.00  17.00  15.20
 -75.00  18.00  15.58
 -75.00  19.00  15.85
 -75.00  20.00  15.97
 -75.00  21.00  15.93
 -75.00  22.00  15.73
 -75.00  23.00  15.39
 -75.00  24.00  14.97
 -75.00  25.00  14.51
 -75.00  26.00  14.06
 -75.00  27.00  13.64
 -74.00 -37.00  16.05
 -74.00 -36.00  15.63
 -74.00 -35.00  15.34
 -74.00 -34.00  15.17
 -74.00 -33.00  15.08
 -74.00 -32.00  15.03
 -74.00 -31.00  15.00
 -74.00 -30.00  14.93
 -74.00 -29.00  14.83
 -74.00 -28.00  14.69
 -74.00 -27.00  14.53
 -74.00 -26.00  14.39
 -74.00 -25.00  14.30
 -74.00 -24.00  14.29
 -74.00 -23.00  14.38
 -74.00 -22.00  14.55
 -74.00 -21.00  14.78
 -74.00 -20.00  15.04
 -74.00 -19.00  15.26
 -74.00 -18.00  15.41
 -74.00 -17.00  15.45
 -74.00 -16.00  15.34
 -74.00 -15.00  15.10
 -74.00 -14.00  14.75
 -74.00 -13.00  14.32
 -74.00 -12.00  13.85
 -74.00 -11.00  13.39
 -74.00 -10.00  12.98
 -74.00  -9.00  12.62
 -74.00  -8.00  12.33
 -74.00  -7.00  12.08
 -74.00  -6.00  11.86
 -74.00  -5.00  11.65
 -74.00  -4.00  11.42
 -74.00  -3.00  11.19
 -74.00  -2.00  10.95
 -74.00  -1.00  10.74
 -74.00   0.00  10.58
 -74.00   1.00  10.50
 -74.00   2.00  10.51
 -74.00   3.00  10.62
 -74.00   4.00  10.82
 -74.00   5.00  11.09
 -74.00   6.00  11.39
 -74.00   7.00  11.69
 -74.00   8.00  11.99
 -74.00   9.00  12.26
 -74.00  10.00  12.52
 -74.00  11.00  12.78
 -74.00  12.00  13.07
 -74.00  13.00  13.41
 -74.00  14.00  13.81
 -74.00  15.00  14.25
 -74.00  16.00  14.72
 -74.00  17.00  15.17
 -74.00  18.00  15.55
 -74.00  19.00  15.83
 -74.00  20.00  15.96
 -74.00  21.00  15.92
 -74.00  22.00  15.73
 -74.00  23.00  15.40
 -74.00  24.00  14.98
 -74.00  25.00  14.53
 -74.00  26.00  14.08
 -74.00  27.00  13.67
 -73.00 -37.00  16.21
 -73.00 -36.00  15.77
 -73.00 -35.00  15.46
 -73.00 -34.00  15.27
 -73.00 -33.00  15.16
 -73.00 -32.00  15.09
 -73.00 -31.00  15.03
 -73.00 -30.00  14.94
 -73.00 -29.00  14.80
 -73.00 -28.00  14.63
 -73.00 -27.00  14.45
 -73.00 -26.00  14.28
 -73.00 -25.00  14.17
 -73.00 -24.00  14.13
 -73.00 -23.00  14.19
 -73.00 -22.00  14.34
 -73.00 -21.00  14.55
 -73.00 -20.00  14.79
 -73.00 -19.00  15.00
 -73.00 -18.00  15.14
 -73.00 -17.00  15.18
 -73.00 -16.00  15.08
 -73.00 -15.00  14.87
 -73.00 -14.00  14.55
 -73.00 -13.00  14.15
 -73.00 -12.00  13.73
 -73.00 -11.00  13.32
 -73.00 -10.00  12.95
 -73.00  -9.00  12.63
 -73.00  -8.00  12.35
 -73.00  -7.00  12.12
 -73.00  -6.00  11.90
 -73.00  -5.00  11.67
 -73.00  -4.00  11.44
 -73.00  -3.00  11.19
 -73.00  -2.00  10.94
 -73.00  -1.00  10.72
 -73.00   0.00  10.55
 -73.00   1.00  10.48
 -73.00   2.00  10.50
 -73.00   3.00  10.62
 -73.00   4.00  10.83
 -73.00   5.00  11.10
 -73.00   6.00  11.41
 -73.00   7.00  11.72
 -73.00   8.00  12.01
 -73.00   9.00  12.28
 -73.00  10.00  12.53
 -73.00  11.00  12.79
 -73.00  12.00  13.07
 -73.00  13.00  13.40
 -73.00  14.00  13.78
 -73.00  15.00  14.22
 -73.00  16.00  14.69
 -73.00  17.00  15.15
 -73.00  18.00  15.54
 -73.00  19.00  15.82
 -73.00  20.00  15.96
 -73.00  21.00  15.94
 -73.00  22.00  15.76
 -73.00  23.00  15.44
 -73.00  24.00  15.03
 -73.00  25.00  14.58
 -73.00  26.00  14.13
 -73.00  27.00  13.73
 -72.00 -37.00  16.42
 -72.00 -36.00  15.96
 -72.00 -35.00  15.63
 -72.00 -34.00  15.41
 -72.00 -33.00  15.28
 -72.00 -32.00  15.19
 -72.00 -31.00  15.10
 -72.00 -30.00  14.99
 -72.00 -29.00  14.83
 -72.00 -28.00  14.63
 -72.00 -27.00  14.42
 -72.00 -26.00  14.23
 -72.00 -25.00  14.09
 -72.00 -24.00  14.03
 -72.00 -23.00  14.06
 -72.00 -22.00  14.19
 -72.00 -21.00  14.38
 -72.00 -20.00  14.59
 -72.00 -19.00  14.79
 -72.00 -18.00  14.93
 -72.00 -17.00  14.97
 -72.00 -16.00  14.89
 -72.00 -15.00  14.70
 -72.00 -14.00  14.41
 -72.00 -13.00  14.06
 -72.00 -12.00  13.68
 -72.00 -11.00  13.31
 -72.00 -10.00  12.98
 -72.00  -9.00  12.68
 -72.00  -8.00  12.43
 -72.00  -7.00  12.21
 -72.00  -6.00  11.99
 -72.00  -5.00  11.76
 -72.00  -4.00  11.51
 -72.00  -3.00  11.25
 -72.00  -2.00  10.99
 -72.00  -1.00  10.76
 -72.00   0.00  10.59
 -72.00   1.00  10.51
 -72.00   2.00  10.53
 -72.00   3.00  10.65
 -72.00   4.00  10.87
 -72.00   5.00  11.15
 -72.00   6.00  11.46
 -72.00   7.00  11.77
 -72.00   8.00  12.06
 -72.00   9.00  12.32
 -72.00  10.00  12.56
 -72.00  11.00  12.80
 -72.00  12.00  13.07
 -72.00  13.00  13.39
 -72.00  14.00  13.76
 -72.00  15.00  14.20
 -72.00  16.00  14.66
 -72.00  17.00  15.13
 -72.00  18.00  15.53
 -72.00  19.00  15.83
 -72.00  20.00  15.99
 -72.00  21.00  15.98
 -72.00  22.00  15.82
 -72.00  23.00  15.51
 -72.00  24.00  15.11
 -72.00  25.00  14.67
 -72.00  26.00  14.22
 -72.00  27.00  13.83
 -71.00 -37.00  16.68
 -71.00 -36.00  16.20
 -71.00 -35.00  15.84
 -71.00 -34.00  15.60
 -71.00 -33.00  15.45
 -71.00 -32.00  15.33
 -71.00 -31.00  15.22
 -71.00 -30.00  15.09
 -71.00 -29.00  14.91
 -71.00 -28.00  14.69
 -71.00 -27.00  14.45
 -71.00 -26.00  14.24
 -71.00 -25.00  14.07
 -71.00 -24.00  13.99
 -71.00 -23.00  13.99
 -71.00 -22.00  14.09
 -71.00 -21.00  14.26
 -71.00 -20.00  14.46
 -71.00 -19.00  14.65
 -71.00 -18.00  14.78
 -71.00 -17.00  14.83
 -71.00 -16.00  14.76
 -71.00 -15.00  14.59
 -71.00 -14.00  14.34
 -71.00 -13.00  14.02
 -71.00 -12.00  13.68
 -71.00 -11.00  13.36
 -71.00 -10.00  13.06
 -71.00  -9.00  12.80
 -71.00  -8.00  12.57
 -71.00  -7.00  12.36
 -71.00  -6.00  12.15
 -71.00  -5.00  11.92
 -71.00  -4.00  11.66
 -71.00  -3.00  11.39
 -71.00  -2.00  11.11
 -71.00  -1.00  10.87
 -71.00   0.00  10.69
 -71.00   1.00  10.60
 -71.00   2.00  10.61
 -71.00   3.00  10.74
 -71.00   4.00  10.95
 -71.00   5.00  11.23
 -71.00   6.00  11.54
 -71.00   7.00  11.85
 -71.00   8.00  12.13
 -71.00   9.00  12.38
 -71.00  10.00  12.61
 -71.00  11.00  12.83
 -71.00  12.00  13.08
 -71.00  13.00  13.38
 -71.00  14.00  13.75
 -71.00  15.00  14.17
 -71.00  16.00  14.64
 -71.00  17.00  15.11
 -71.00  18.00  15.53
 -71.00  19.00  15.85
 -71.00  20.00  16.03
 -71.00  21.00  16.05
 -71.00  22.00  15.90
 -71.00  23.00  15.62
 -71.00  24.00  15.23
 -71.00  25.00  14.79
 -71.00  26.00  14.35
 -71.00  27.00  13.96
 -70.00 -37.00  17.01
 -70.00 -36.00  16.49
 -70.00 -35.00  16.11
 -70.00 -34.00  15.84
 -70.00 -33.00  15.66
 -70.00 -32.00  15.53
 -70.00 -31.00  15.40
 -70.00 -30.00  15.24
 -70.00 -29.00  15.04
 -70.00 -28.00  14.81
 -70.00 -27.00  14.55
 -70.00 -26.00  14.31
 -70.00 -25.00  14.12
 -70.00 -24.00  14.01
 -70.00 -23.00  13.99
 -70.00 -22.00  14.06
 -70.00 -21.00  14.21
 -70.00 -20.00  14.40
 -70.00 -19.00  14.57
 -70.00 -18.00  14.70
 -70.00 -17.00  14.75
 -70.00 -16.00  14.70
 -70.00 -15.00  14.56
 -70.00 -14.00  14.33
 -70.00 -13.00  14.05
 -70.00 -12.00  13.75
 -70.00 -11.00  13.46
 -70.00 -10.00  13.20
 -70.00  -9.00  12.97
 -70.00  -8.00  12.77
 -70.00  -7.00  12.58
 -70.00  -6.00  12.38
 -70.00  -5.00  12.15
 -70.00  -4.00  11.88
 -70.00  -3.00  11.60
 -70.00  -2.00  11.31
 -70.00  -1.00  11.05
 -70.00   0.00  10.85
 -70.00   1.00  10.75
 -70.00   2.00  10.75
 -70.00   3.00  10.86
 -70.00   4.00  11.07
 -70.00   5.00  11.34
 -70.00   6.00  11.65
 -70.00   7.00  11.95
 -70.00   8.00  12.22
 -70.00   9.00  12.46
 -70.00  10.00  12.67
 -70.00  11.00  12.88
 -70.00  12.00  13.11
 -70.00  13.00  13.38
 -70.00  14.00  13.73
 -70.00  15.00  14.15
 -70.00  16.00  14.61
 -70.00  17.00  15.09
 -70.00  18.00  15.52
 -70.00  19.00  15.87
 -70.00  20.00  16.09
 -70.00  21.00  16.14
 -70.00  22.00  16.02
 -70.00  23.00  15.75
 -70.00  24.00  15.38
 -70.00  25.00  14.95
 -70.00  26.00  14.51
 -70.00  27.00  14.12
 -69.00 -37.00  17.40
 -69.00 -36.00  16.85
 -69.00 -35.00  16.43
 -69.00 -34.00  16.13
 -69.00 -33.00  15.93
 -69.00 -32.00  15.77
 -69.00 -31.00  15.63
 -69.00 -30.00  15.46
 -69.00 -29.00  15.25
 -69.00 -28.00  14.99
 -69.00 -27.00  14.72
 -69.00 -26.00  14.45
 -69.00 -25.00  14.24
 -69.00 -24.00  14.10
 -69.00 -23.00  14.05
 -69.00 -22.00  14.10
 -69.00 -21.00  14.23
 -69.00 -20.00  14.40
 -69.00 -19.00  14.57
 -69.00 -18.00  14.70
 -69.00 -17.00  14.75
 -69.00 -16.00  14.72
 -69.00 -15.00  14.59
 -69.00 -14.00  14.39
 -69.00 -13.00  14.14
 -69.00 -12.00  13.88
 -69.00 -11.00  13.63
 -69.00 -10.00  13.40
 -69.00  -9.00  13.20
 -69.00  -8.00  13.03
 -69.00  -7.00  12.86
 -69.00  -6.00  12.67
 -69.00  -5.00  12.44
 -69.00  -4.00  12.18
 -69.00  -3.00  11.89
 -69.00  -2.00  11.59
 -69.00  -1.00  11.31
 -69.00   0.00  11.09
 -69.00   1.00  10.96
 -69.00   2.00  10.95
 -69.00   3.00  11.04
 -69.00   4.00  11.24
 -69.00   5.00  11.50
 -69.00   6.00  11.79
 -69.00   7.00  12.08
 -69.00   8.00  12.35
 -69.00   9.00  12.57
 -69.00  10.00  12.76
 -69.00  11.00  12.94
 -69.00  12.00  13.15
 -69.00  13.00  13.40
 -69.00  14.00  13.72
 -69.00  15.00  14.12
 -69.00  16.00  14.58
 -69.00  17.00  15.06
 -69.00  18.00  15.52
 -69.00  19.00  15.90
 -69.00  20.00  16.15
 -69.00  21.00  16.24
 -69.00  22.00  16.16
 -69.00  23.00  15.92
 -69.00  24.00  15.57
 -69.00  25.00  15.14
 -69.00  26.00  14.71
 -69.00  27.00  14.31
 -68.00 -37.00  17.86
 -68.00 -36.00  17.27
 -68.00 -35.00  16.81
 -68.00 -34.00  16.48
 -68.00 -33.00  16.25
 -68.00 -32.00  16.08
 -68.00 -31.00  15.92
 -68.00 -30.00  15.73
 -68.00 -29.00  15.51
 -68.00 -28.00  15.24
 -68.00 -27.00  14.95
 -68.00 -26.00  14.67
 -68.00 -25.00  14.42
 -68.00 -24.00  14.26
 -68.00 -23.00  14.19
 -68.00 -22.00  14.21
 -68.00 -21.00  14.32
 -68.00 -20.00  14.47
 -68.00 -19.00  14.64
 -68.00 -18.00  14.77
 -68.00 -17.00  14.83
 -68.00 -16.00  14.81
 -68.00 -15.00  14.70
 -68.00 -14.00  14.53
 -68.00 -13.00  14.30
 -68.00 -12.00  14.07
 -68.00 -11.00  13.84
 -68.00 -10.00  13.65
 -68.00  -9.00  13.48
 -68.00  -8.00  13.34
 -68.00  -7.00  13.19
 -68.00  -6.00  13.02
 -68.00  -5.00  12.81
 -68.00  -4.00  12.55
 -68.00  -3.00  12.26
 -68.00  -2.00  11.94
 -68.00  -1.00  11.65
 -68.00   0.00  11.41
 -68.00   1.00  11.25
 -68.00   2.00  11.21
 -68.00   3.00  11.28
 -68.00   4.00  11.45
 -68.00   5.00  11.70
 -68.00   6.00  11.98
 -68.00   7.00  12.26
 -68.00   8.00  12.51
 -68.00   9.00  12.72
 -68.00  10.00  12.89
 -68.00  11.00  13.04
 -68.00  12.00  13.21
 -68.00  13.00  13.43
 -68.00  14.00  13.72
 -68.00  15.00  14.10
 -68.00  16.00  14.55
 -68.00  17.00  15.04
 -68.00  18.00  15.52
 -68.00  19.00  15.93
 -68.00  20.00  16.23
 -68.00  21.00  16.36
 -68.00  22.00  16.33
 -68.00  23.00  16.12
 -68.00  24.00  15.79
 -68.00  25.00  15.37
 -68.00  26.00  14.94
 -68.00  27.00  14.54
 -67.00 -37.00  18.38
 -67.00 -36.00  17.76
 -67.00 -35.00  17.26
 -67.00 -34.00  16.89
 -67.00 -33.00  16.63
 -67.00 -32.00  16.43
 -67.00 -31.00  16.26
 -67.00 -30.00  16.07
 -67.00 -29.00  15.84
 -67.00 -28.00  15.56
 -67.00 -27.00  15.26
 -67.00 -26.00  14.95
 -67.00 -25.00  14.69
 -67.00 -24.00  14.49
 -67.00 -23.00  14.39
 -67.00 -22.00  14.39
 -67.00 -21.00  14.48
 -67.00 -20.00  14.62
 -67.00 -19.00  14.78
 -67.00 -18.00  14.91
 -67.00 -17.00  14.98
 -67.00 -16.00  14.97
 -67.00 -15.00  14.88
 -67.00 -14.00  14.73
 -67.00 -13.00  14.53
 -67.00 -12.00  14.32
 -67.00 -11.00  14.12
 -67.00 -10.00  13.95
 -67.00  -9.00  13.81
 -67.00  -8.00  13.70
 -67.00  -7.00  13.58
 -67.00  -6.00  13.43
 -67.00  -5.00  13.24
 -67.00  -4.00  13.00
 -67.00  -3.00  12.70
 -67.00  -2.00  12.38
 -67.00  -1.00  12.06
 -67.00   0.00  11.80
 -67.00   1.00  11.61
 -67.00   2.00  11.54
 -67.00   3.00  11.58
 -67.00   4.00  11.73
 -67.00   5.00  11.95
 -67.00   6.00  12.21
 -67.00   7.00  12.48
 -67.00   8.00  12.71
 -67.00   9.00  12.90
 -67.00  10.00  13.05
 -67.00  11.00  13.17
 -67.00  12.00  13.30
 -67.00  13.00  13.49
 -67.00  14.00  13.74
 -67.00  15.00  14.09
 -67.00  16.00  14.53
 -67.00  17.00  15.02
 -67.00  18.00  15.52
 -67.00  19.00  15.97
 -67.00  20.00  16.31
 -67.00  21.00  16.50
 -67.00  22.00  16.51
 -67.00  23.00  16.35
 -67.00  24.00  16.05
 -67.00  25.00  15.64
 -67.00  26.00  15.21
 -67.00  27.00  14.80
 -66.00 -37.00  18.97
 -66.00 -36.00  18.31
 -66.00 -35.00  17.76
 -66.00 -34.00  17.36
 -66.00 -33.00  17.06
 -66.00 -32.00  16.85
 -66.00 -31.00  16.66
 -66.00 -30.00  16.46
 -66.00 -29.00  16.22
 -66.00 -28.00  15.94
 -66.00 -27.00  15.63
 -66.00 -26.00  15.31
 -66.00 -25.00  15.02
 -66.00 -24.00  14.80
 -66.00 -23.00  14.67
 -66.00 -22.00  14.65
 -66.00 -21.00  14.72
 -66.00 -20.00  14.85
 -66.00 -19.00  15.00
 -66.00 -18.00  15.13
 -66.00 -17.00  15.21
 -66.00 -16.00  15.22
 -66.00 -15.00  15.14
 -66.00 -14.00  15.00
 -66.00 -13.00  14.82
 -66.00 -12.00  14.63
 -66.00 -11.00  14.45
 -66.00 -10.00  14.30
 -66.00  -9.00  14.19
 -66.00  -8.00  14.11
 -66.00  -7.00  14.02
 -66.00  -6.00  13.90
 -66.00  -5.00  13.74
 -66.00  -4.00  13.51
 -66.00  -3.00  13.22
 -66.00  -2.00  12.89
 -66.00  -1.00  12.56
 -66.00   0.00  12.27
 -66.00   1.00  12.06
 -66.00   2.00  11.95
 -66.00   3.00  11.95
 -66.00   4.00  12.06
 -66.00   5.00  12.26
 -66.00   6.00  12.50
 -66.00   7.00  12.75
 -66.00   8.00  12.97
 -66.00   9.00  13.14
 -66.00  10.00  13.26
 -66.00  11.00  13.35
 -66.00  12.00  13.44
 -66.00  13.00  13.58
 -66.00  14.00  13.79
 -66.00  15.00  14.11
 -66.00  16.00  14.52
 -66.00  17.00  15.01
 -66.00  18.00  15.53
 -66.00  19.00  16.01
 -66.00  20.00  16.41
 -66.00  21.00  16.65
 -66.00  22.00  16.72
 -66.00  23.00  16.61
 -66.00  24.00  16.34
 -66.00  25.00  15.95
 -66.00  26.00  15.52
 -66.00  27.00  15.10
 -65.00 -37.00  19.62
 -65.00 -36.00  18.92
 -65.00 -35.00  18.33
 -65.00 -34.00  17.88
 -65.00 -33.00  17.55
 -65.00 -32.00  17.31
 -65.00 -31.00  17.11
 -65.00 -30.00  16.91
 -65.00 -29.00  16.67
 -65.00 -28.00  16.39
 -65.00 -27.00  16.07
 -65.00 -26.00  15.73
 -65.00 -25.00  15.42
 -65.00 -24.00  15.18
 -65.00 -23.00  15.03
 -65.00 -22.00  14.98
 -65.00 -21.00  15.02
 -65.00 -20.00  15.14
 -65.00 -19.00  15.29
 -65.00 -18.00  15.43
 -65.00 -17.00  15.52
 -65.00 -16.00  15.54
 -65.00 -15.00  15.48
 -65.00 -14.00  15.35
 -65.00 -13.00  15.18
 -65.00 -12.00  15.00
 -65.00 -11.00  14.84
 -65.00 -10.00  14.71
 -65.00  -9.00  14.62
 -65.00  -8.00  14.56
 -65.00  -7.00  14.51
 -65.00  -6.00  14.42
 -65.00  -5.00  14.29
 -65.00  -4.00  14.08
 -65.00  -3.00  13.81
 -65.00  -2.00  13.49
 -65.00  -1.00  13.14
 -65.00   0.00  12.83
 -65.00   1.00  12.58
 -65.00   2.00  12.43
 -65.00   3.00  12.39
 -65.00   4.00  12.47
 -65.00   5.00  12.64
 -65.00   6.00  12.85
 -65.00   7.00  13.08
 -65.00   8.00  13.28
 -65.00   9.00  13.43
 -65.00  10.00  13.52
 -65.00  11.00  13.58
 -65.00  12.00  13.63
 -65.00  13.00  13.71
 -65.00  14.00  13.88
 -65.00  15.00  14.15
 -65.00  16.00  14.54
 -65.00  17.00  15.02
 -65.00  18.00  15.55
 -65.00  19.00  16.07
 -65.00  20.00  16.51
 -65.00  21.00  16.82
 -65.00  22.00  16.96
 -65.00  23.00  16.90
 -65.00  24.00  16.67
 -65.00  25.00  16.31
 -65.00  26.00  15.88
 -65.00  27.00  15.45
 -64.00 -37.00  20.34
 -64.00 -36.00  19.60
 -64.00 -35.00  18.97
 -64.00 -34.00  18.47
 -64.00 -33.00  18.10
 -64.00 -32.00  17.83
 -64.00 -31.00  17.62
 -64.00 -30.00  17.41
 -64.00 -29.00  17.17
 -64.00 -28.00  16.89
 -64.00 -27.00  16.57
 -64.00 -26.00  16.23
 -64.00 -25.00  15.90
 -64.00 -24.00  15.63
 -64.00 -23.00  15.45
 -64.00 -22.00  15.38
 -64.00 -21.00  15.40
 -64.00 -20.00  15.51
 -64.00 -19.00  15.65
 -64.00 -18.00  15.80
 -64.00 -17.00  15.90
 -64.00 -16.00  15.93
 -64.00 -15.00  15.89
 -64.00 -14.00  15.78
 -64.00 -13.00  15.62
 -64.00 -12.00  15.45
 -64.00 -11.00  15.29
 -64.00 -10.00  15.18
 -64.00  -9.00  15.10
 -64.00  -8.00  15.07
 -64.00  -7.00  15.04
 -64.00  -6.00  14.99
 -64.00  -5.00  14.89
 -64.00  -4.00  14.72
 -64.00  -3.00  14.47
 -64.00  -2.00  14.15
 -64.00  -1.00  13.80
 -64.00   0.00  13.47
 -64.00   1.00  13.18
 -64.00   2.00  12.99
 -64.00   3.00  12.91
 -64.00   4.00  12.95
 -64.00   5.00  13.08
 -64.00   6.00  13.27
 -64.00   7.00  13.47
 -64.00   8.00  13.65
 -64.00   9.00  13.78
 -64.00  10.00  13.85
 -64.00  11.00  13.87
 -64.00  12.00  13.87
 -64.00  13.00  13.91
 -64.00  14.00  14.02
 -64.00  15.00  14.24
 -64.00  16.00  14.58
 -64.00  17.00  15.04
 -64.00  18.00  15.57
 -64.00  19.00  16.12
 -64.00  20.00  16.62
 -64.00  21.00  17.00
 -64.00  22.00  17.21
 -64.00  23.00  17.22
 -64.00  24.00  17.04
 -64.00  25.00  16.71
 -64.00  26.00  16.29
 -64.00  27.00  15.85
 -63.00 -37.00  21.12
 -63.00 -36.00  20.35
 -63.00 -35.00  19.67
 -63.00 -34.00  19.13
 -63.00 -33.00  18.72
 -63.00 -32.00  18.41
 -63.00 -31.00  18.18
 -63.00 -30.00  17.97
 -63.00 -29.00  17.73
 -63.00 -28.00  17.46
 -63.00 -27.00  17.14
 -63.00 -26.00  16.79
 -63.00 -25.00  16.45
 -63.00 -24.00  16.16
 -63.00 -23.00  15.95
 -63.00 -22.00  15.85
 -63.00 -21.00  15.85
 -63.00 -20.00  15.94
 -63.00 -19.00  16.09
 -63.00 -18.00  16.24
 -63.00 -17.00  16.35
 -63.00 -16.00  16.40
 -63.00 -15.00  16.38
 -63.00 -14.00  16.28
 -63.00 -13.00  16.13
 -63.00 -12.00  15.96
 -63.00 -11.00  15.81
 -63.00 -10.00  15.70
 -63.00  -9.00  15.64
 -63.00  -8.00  15.62
 -63.00  -7.00  15.62
 -63.00  -6.00  15.60
 -63.00  -5.00  15.54
 -63.00  -4.00  15.41
 -63.00  -3.00  15.19
 -63.00  -2.00  14.89
 -63.00  -1.00  14.54
 -63.00   0.00  14.19
 -63.00   1.00  13.87
 -63.00   2.00  13.64
 -63.00   3.00  13.51
 -63.00   4.00  13.50
 -63.00   5.00  13.59
 -63.00   6.00  13.75
 -63.00   7.00  13.93
 -63.00   8.00  14.09
 -63.00   9.00  14.20
 -63.00  10.00  14.25
 -63.00  11.00  14.23
 -63.00  12.00  14.19
 -63.00  13.00  14.17
 -63.00  14.00  14.21
 -63.00  15.00  14.37
 -63.00  16.00  14.66
 -63.00  17.00  15.09
 -63.00  18.00  15.62
 -63.00  19.00  16.19
 -63.00  20.00  16.74
 -63.00  21.00  17.19
 -63.00  22.00  17.48
 -63.00  23.00  17.56
 -63.00  24.00  17.45
 -63.00  25.00  17.16
 -63.00  26.00  16.75
 -63.00  27.00  16.31
 -62.00 -37.00  21.97
 -62.00 -36.00  21.17
 -62.00 -35.00  20.45
 -62.00 -34.00  19.86
 -62.00 -33.00  19.40
 -62.00 -32.00  19.06
 -62.00 -31.00  18.80
 -62.00 -30.00  18.58
 -62.00 -29.00  18.35
 -62.00 -28.00  18.08
 -62.00 -27.00  17.77
 -62.00 -26.00  17.42
 -62.00 -25.00  17.07
 -62.00 -24.00  16.76
 -62.00 -23.00  16.53
 -62.00 -22.00  16.40
 -62.00 -21.00  16.38
 -62.00 -20.00  16.45
 -62.00 -19.00  16.59
 -62.00 -18.00  16.74
 -62.00 -17.00  16.88
 -62.00 -16.00  16.95
 -62.00 -15.00  16.94
 -62.00 -14.00  16.86
 -62.00 -13.00  16.72
 -62.00 -12.00  16.55
 -62.00 -11.00  16.40
 -62.00 -10.00  16.29
 -62.00  -9.00  16.22
 -62.00  -8.00  16.22
 -62.00  -7.00  16.24
 -62.00  -6.00  16.26
 -62.00  -5.00  16.24
 -62.00  -4.00  16.15
 -62.00  -3.00  15.96
 -62.00  -2.00  15.69
 -62.00  -1.00  15.35
 -62.00   0.00  14.99
 -62.00   1.00  14.65
 -62.00   2.00  14.37
 -62.00   3.00  14.19
 -62.00   4.00  14.13
 -62.00   5.00  14.18
 -62.00   6.00  14.30
 -62.00   7.00  14.45
 -62.00   8.00  14.60
 -62.00   9.00  14.69
 -62.00  10.00  14.72
 -62.00  11.00  14.67
 -62.00  12.00  14.59
 -62.00  13.00  14.50
 -62.00  14.00  14.48
 -62.00  15.00  14.57
 -62.00  16.00  14.79
 -62.00  17.00  15.17
 -62.00  18.00  15.68
 -62.00  19.00  16.27
 -62.00  20.00  16.86
 -62.00  21.00  17.38
 -62.00  22.00  17.76
 -62.00  23.00  17.93
 -62.00  24.00  17.89
 -62.00  25.00  17.66
 -62.00  26.00  17.28
 -62.00  27.00  16.83
 -61.00 -37.00  22.89
 -61.00 -36.00  22.08
 -61.00 -35.00  21.32
 -61.00 -34.00  20.67
 -61.00 -33.00  20.15
 -61.00 -32.00  19.77
 -61.00 -31.00  19.48
 -61.00 -30.00  19.25
 -61.00 -29.00  19.02
 -61.00 -28.00  18.77
 -61.00 -27.00  18.46
 -61.00 -26.00  18.12
 -61.00 -25.00  17.77
 -61.00 -24.00  17.44
 -61.00 -23.00  17.18
 -61.00 -22.00  17.02
 -61.00 -21.00  16.97
 -61.00 -20.00  17.02
 -61.00 -19.00  17.16
 -61.00 -18.00  17.32
 -61.00 -17.00  17.47
 -61.00 -16.00  17.56
 -61.00 -15.00  17.58
 -61.00 -14.00  17.52
 -61.00 -13.00  17.39
 -61.00 -12.00  17.23
 -61.00 -11.00  17.07
 -61.00 -10.00  16.94
 -61.00  -9.00  16.87
 -61.00  -8.00  16.87
 -61.00  -7.00  16.90
 -61.00  -6.00  16.95
 -61.00  -5.00  16.97
 -61.00  -4.00  16.93
 -61.00  -3.00  16.79
 -61.00  -2.00  16.56
 -61.00  -1.00  16.24
 -61.00   0.00  15.87
 -61.00   1.00  15.51
 -61.00   2.00  15.19
 -61.00   3.00  14.96
 -61.00   4.00  14.84
 -61.00   5.00  14.83
 -61.00   6.00  14.91
 -61.00   7.00  15.04
 -61.00   8.00  15.17
 -61.00   9.00  15.26
 -61.00  10.00  15.27
 -61.00  11.00  15.20
 -61.00  12.00  15.07
 -61.00  13.00  14.93
 -61.00  14.00  14.83
 -61.00  15.00  14.84
 -61.00  16.00  14.99
 -61.00  17.00  15.30
 -61.00  18.00  15.77
 -61.00  19.00  16.36
 -61.00  20.00  16.99
 -61.00  21.00  17.57
 -61.00  22.00  18.04
 -61.00  23.00  18.31
 -61.00  24.00  18.37
 -61.00  25.00  18.20
 -61.00  26.00  17.86
 -61.00  27.00  17.43
 -60.00 -37.00  23.88
 -60.00 -36.00  23.06
 -60.00 -35.00  22.27
 -60.00 -34.00  21.57
 -60.00 -33.00  20.99
 -60.00 -32.00  20.56
 -60.00 -31.00  20.23
 -60.00 -30.00  19.98
 -60.00 -29.00  19.76
 -60.00 -28.00  19.51
 -60.00 -27.00  19.22
 -60.00 -26.00  18.89
 -60.00 -25.00  18.54
 -60.00 -24.00  18.19
 -60.00 -23.00  17.91
 -60.00 -22.00  17.72
 -60.00 -21.00  17.64
 -60.00 -20.00  17.67
 -60.00 -19.00  17.79
 -60.00 -18.00  17.95
 -60.00 -17.00  18.12
 -60.00 -16.00  18.25
 -60.00 -15.00  18.30
 -60.00 -14.00  18.26
 -60.00 -13.00  18.15
 -60.00 -12.00  17.99
 -60.00 -11.00  17.82
 -60.00 -10.00  17.68
 -60.00  -9.00  17.59
 -60.00  -8.00  17.57
 -60.00  -7.00  17.61
 -60.00  -6.00  17.68
 -60.00  -5.00  17.74
 -60.00  -4.00  17.74
 -60.00  -3.00  17.66
 -60.00  -2.00  17.47
 -60.00  -1.00  17.18
 -60.00   0.00  16.83
 -60.00   1.00  16.45
 -60.00   2.00  16.09
 -60.00   3.00  15.81
 -60.00   4.00  15.63
 -60.00   5.00  15.57
 -60.00   6.00  15.60
 -60.00   7.00  15.70
 -60.00   8.00  15.81
 -60.00   9.00  15.89
 -60.00  10.00  15.89
 -60.00  11.00  15.81
 -60.00  12.00  15.65
 -60.00  13.00  15.46
 -60.00  14.00  15.29
 -60.00  15.00  15.20
 -60.00  16.00  15.26
 -60.00  17.00  15.49
 -60.00  18.00  15.90
 -60.00  19.00  16.46
 -60.00  20.00  17.11
 -60.00  21.00  17.75
 -60.00  22.00  18.31
 -60.00  23.00  18.69
 -60.00  24.00  18.85
 -60.00  25.00  18.78
 -60.00  26.00  18.50
 -60.00  27.00  18.09
 -59.00 -37.00  24.93
 -59.00 -36.00  24.13
 -59.00 -35.00  23.31
 -59.00 -34.00  22.56
 -59.00 -33.00  21.92
 -59.00 -32.00  21.43
 -59.00 -31.00  21.06
 -59.00 -30.00  20.78
 -59.00 -29.00  20.55
 -59.00 -28.00  20.31
 -59.00 -27.00  20.04
 -59.00 -26.00  19.72
 -59.00 -25.00  19.37
 -59.00 -24.00  19.03
 -59.00 -23.00  18.72
 -59.00 -22.00  18.49
 -59.00 -21.00  18.38
 -59.00 -20.00  18.38
 -59.00 -19.00  18.48
 -59.00 -18.00  18.65
 -59.00 -17.00  18.83
 -59.00 -16.00  18.99
 -59.00 -15.00  19.07
 -59.00 -14.00  19.07
 -59.00 -13.00  18.98
 -59.00 -12.00  18.83
 -59.00 -11.00  18.65
 -59.00 -10.00  18.49
 -59.00  -9.00  18.38
 -59.00  -8.00  18.34
 -59.00  -7.00  18.37
 -59.00  -6.00  18.45
 -59.00  -5.00  18.54
 -59.00  -4.00  18.59
 -59.00  -3.00  18.56
 -59.00  -2.00  18.43
 -59.00  -1.00  18.18
 -59.00   0.00  17.85
 -59.00   1.00  17.47
 -59.00   2.00  17.08
 -59.00   3.00  16.75
 -59.00   4.00  16.51
 -59.00   5.00  16.38
 -59.00   6.00  16.36
 -59.00   7.00  16.42
 -59.00   8.00  16.51
 -59.00   9.00  16.58
 -59.00  10.00  16.59
 -59.00  11.00  16.50
 -59.00  12.00  16.33
 -59.00  13.00  16.09
 -59.00  14.00  15.85
 -59.00  15.00  15.67
 -59.00  16.00  15.62
 -59.00  17.00  15.75
 -59.00  18.00  16.08
 -59.00  19.00  16.59
 -59.00  20.00  17.23
 -59.00  21.00  17.92
 -59.00  22.00  18.56
 -59.00  23.00  19.06
 -59.00  24.00  19.34
 -59.00  25.00  19.38
 -59.00  26.00  19.19
 -59.00  27.00  18.82
 -58.00 -37.00  26.03
 -58.00 -36.00  25.27
 -58.00 -35.00  24.44
 -58.00 -34.00  23.65
 -58.00 -33.00  22.95
 -58.00 -32.00  22.39
 -58.00 -31.00  21.96
 -58.00 -30.00  21.64
 -58.00 -29.00  21.39
 -58.00 -28.00  21.16
 -58.00 -27.00  20.91
 -58.00 -26.00  20.61
 -58.00 -25.00  20.28
 -58.00 -24.00  19.93
 -58.00 -23.00  19.61
 -58.00 -22.00  19.35
 -58.00 -21.00  19.20
 -58.00 -20.00  19.16
 -58.00 -19.00  19.24
 -58.00 -18.00  19.39
 -58.00 -17.00  19.59
 -58.00 -16.00  19.77
 -58.00 -15.00  19.90
 -58.00 -14.00  19.94
 -58.00 -13.00  19.88
 -58.00 -12.00  19.75
 -58.00 -11.00  19.57
 -58.00 -10.00  19.39
 -58.00  -9.00  19.25
 -58.00  -8.00  19.18
 -58.00  -7.00  19.19
 -58.00  -6.00  19.26
 -58.00  -5.00  19.37
 -58.00  -4.00  19.46
 -58.00  -3.00  19.48
 -58.00  -2.00  19.41
 -58.00  -1.00  19.22
 -58.00   0.00  18.93
 -58.00   1.00  18.56
 -58.00   2.00  18.15
 -58.00   3.00  17.78
 -58.00   4.00  17.47
 -58.00   5.00  17.27
 -58.00   6.00  17.19
 -58.00   7.00  17.20
 -58.00   8.00  17.27
 -58.00   9.00  17.33
 -58.00  10.00  17.35
 -58.00  11.00  17.27
 -58.00  12.00  17.09
 -58.00  13.00  16.83
 -58.00  14.00  16.54
 -58.00  15.00  16.27
 -58.00  16.00  16.11
 -58.00  17.00  16.12
 -58.00  18.00  16.33
 -58.00  19.00  16.77
 -58.00  20.00  17.37
 -58.00  21.00  18.08
 -58.00  22.00  18.79
 -58.00  23.00  19.39
 -58.00  24.00  19.81
 -58.00  25.00  19.99
 -58.00  26.00  19.90
 -58.00  27.00  19.60
 -57.00 -37.00  27.15
 -57.00 -36.00  26.45
 -57.00 -35.00  25.65
 -57.00 -34.00  24.83
 -57.00 -33.00  24.07
 -57.00 -32.00  23.44
 -57.00 -31.00  22.94
 -57.00 -30.00  22.57
 -57.00 -29.00  22.30
 -57.00 -28.00  22.06
 -57.00 -27.00  21.82
 -57.00 -26.00  21.55
 -57.00 -25.00  21.23
 -57.00 -24.00  20.89
 -57.00 -23.00  20.56
 -57.00 -22.00  20.28
 -57.00 -21.00  20.09
 -57.00 -20.00  20.01
 -57.00 -19.00  20.05
 -57.00 -18.00  20.19
 -57.00 -17.00  20.40
 -57.00 -16.00  20.60
 -57.00 -15.00  20.77
 -57.00 -14.00  20.86
 -57.00 -13.00  20.85
 -57.00 -12.00  20.74
 -57.00 -11.00  20.57
 -57.00 -10.00  20.38
 -57.00  -9.00  20.21
 -57.00  -8.00  20.10
 -57.00  -7.00  20.07
 -57.00  -6.00  20.12
 -57.00  -5.00  20.23
 -57.00  -4.00  20.34
 -57.00  -3.00  20.42
 -57.00  -2.00  20.41
 -57.00  -1.00  20.29
 -57.00   0.00  20.05
 -57.00   1.00  19.70
 -57.00   2.00  19.30
 -57.00   3.00  18.89
 -57.00   4.00  18.52
 -57.00   5.00  18.26
 -57.00   6.00  18.10
 -57.00   7.00  18.05
 -57.00   8.00  18.08
 -57.00   9.00  18.14
 -57.00  10.00  18.16
 -57.00  11.00  18.11
 -57.00  12.00  17.94
 -57.00  13.00  17.68
 -57.00  14.00  17.34
 -57.00  15.00  17.00
 -57.00  16.00  16.73
 -57.00  17.00  16.60
 -57.00  18.00  16.69
 -57.00  19.00  17.01
 -57.00  20.00  17.55
 -57.00  21.00  18.24
 -57.00  22.00  18.99
 -57.00  23.00  19.70
 -57.00  24.00  20.25
 -57.00  25.00  20.57
 -57.00  26.00  20.62
 -57.00  27.00  20.42
 -56.00 -37.00  28.26
 -56.00 -36.00  27.66
 -56.00 -35.00  26.90
 -56.00 -34.00  26.08
 -56.00 -33.00  25.28
 -56.00 -32.00  24.57
 -56.00 -31.00  24.01
 -56.00 -30.00  23.57
 -56.00 -29.00  23.25
 -56.00 -28.00  23.00
 -56.00 -27.00  22.77
 -56.00 -26.00  22.52
 -56.00 -25.00  22.23
 -56.00 -24.00  21.90
 -56.00 -23.00  21.57
 -56.00 -22.00  21.27
 -56.00 -21.00  21.04
 -56.00 -20.00  20.92
 -56.00 -19.00  20.93
 -56.00 -18.00  21.04
 -56.00 -17.00  21.24
 -56.00 -16.00  21.47
 -56.00 -15.00  21.67
 -56.00 -14.00  21.81
 -56.00 -13.00  21.85
 -56.00 -12.00  21.79
 -56.00 -11.00  21.64
 -56.00 -10.00  21.45
 -56.00  -9.00  21.25
 -56.00  -8.00  21.10
 -56.00  -7.00  21.03
 -56.00  -6.00  21.04
 -56.00  -5.00  21.13
 -56.00  -4.00  21.26
 -56.00  -3.00  21.37
 -56.00  -2.00  21.42
 -56.00  -1.00  21.37
 -56.00   0.00  21.19
 -56.00   1.00  20.89
 -56.00   2.00  20.50
 -56.00   3.00  20.07
 -56.00   4.00  19.66
 -56.00   5.00  19.32
 -56.00   6.00  19.09
 -56.00   7.00  18.98
 -56.00   8.00  18.96
 -56.00   9.00  18.99
 -56.00  10.00  19.02
 -56.00  11.00  18.99
 -56.00  12.00  18.86
 -56.00  13.00  18.61
 -56.00  14.00  18.25
 -56.00  15.00  17.86
 -56.00  16.00  17.49
 -56.00  17.00  17.24
 -56.00  18.00  17.18
 -56.00  19.00  17.36
 -56.00  20.00  17.79
 -56.00  21.00  18.42
 -56.00  22.00  19.18
 -56.00  23.00  19.96
 -56.00  24.00  20.64
 -56.00  25.00  21.11
 -56.00  26.00  21.32
 -56.00  27.00  21.25
 -55.00 -37.00  29.32
 -55.00 -36.00  28.86
 -55.00 -35.00  28.18
 -55.00 -34.00  27.38
 -55.00 -33.00  26.55
 -55.00 -32.00  25.79
 -55.00 -31.00  25.14
 -55.00 -30.00  24.64
 -55.00 -29.00  24.26
 -55.00 -28.00  23.98
 -55.00 -27.00  23.75
 -55.00 -26.00  23.51
 -55.00 -25.00  23.25
 -55.00 -24.00  22.94
 -55.00 -23.00  22.62
 -55.00 -22.00  22.31
 -55.00 -21.00  22.06
 -55.00 -20.00  21.90
 -55.00 -19.00  21.85
 -55.00 -18.00  21.93
 -55.00 -17.00  22.11
 -55.00 -16.00  22.35
 -55.00 -15.00  22.59
 -55.00 -14.00  22.78
 -55.00 -13.00  22.88
 -55.00 -12.00  22.88
 -55.00 -11.00  22.77
 -55.00 -10.00  22.58
 -55.00  -9.00  22.37
 -55.00  -8.00  22.18
 -55.00  -7.00  22.06
 -55.00  -6.00  22.02
 -55.00  -5.00  22.07
 -55.00  -4.00  22.19
 -55.00  -3.00  22.33
 -55.00  -2.00  22.42
 -55.00  -1.00  22.44
 -55.00   0.00  22.33
 -55.00   1.00  22.09
 -55.00   2.00  21.74
 -55.00   3.00  21.32
 -55.00   4.00  20.87
 -55.00   5.00  20.47
 -55.00   6.00  20.16
 -55.00   7.00  19.97
 -55.00   8.00  19.89
 -55.00   9.00  19.89
 -55.00  10.00  19.92
 -55.00  11.00  19.91
 -55.00  12.00  19.82
 -55.00  13.00  19.60
 -55.00  14.00  19.26
 -55.00  15.00  18.83
 -55.00  16.00  18.39
 -55.00  17.00  18.02
 -55.00  18.00  17.81
 -55.00  19.00  17.83
 -55.00  20.00  18.12
 -55.00  21.00  18.66
 -55.00  22.00  19.38
 -55.00  23.00  20.20
 -55.00  24.00  20.98
 -55.00  25.00  21.60
 -55.00  26.00  21.97
 -55.00  27.00  22.06
 -54.00 -37.00  30.51
 -54.00 -36.00  30.20
 -54.00 -35.00  29.62
 -54.00 -34.00  28.87
 -54.00 -33.00  28.03
 -54.00 -32.00  27.22
 -54.00 -31.00  26.49
 -54.00 -30.00  25.90
 -54.00 -29.00  25.44
 -54.00 -28.00  25.10
 -54.00 -27.00  24.84
 -54.00 -26.00  24.60
 -54.00 -25.00  24.35
 -54.00 -24.00  24.06
 -54.00 -23.00  23.75
 -54.00 -22.00  23.43
 -54.00 -21.00  23.15
 -54.00 -20.00  22.94
 -54.00 -19.00  22.84
 -54.00 -18.00  22.87
 -54.00 -17.00  23.01
 -54.00 -16.00  23.24
 -54.00 -15.00  23.50
 -54.00 -14.00  23.73
 -54.00 -13.00  23.89
 -54.00 -12.00  23.94
 -54.00 -11.00  23.87
 -54.00 -10.00  23.71
 -54.00  -9.00  23.49
 -54.00  -8.00  23.27
 -54.00  -7.00  23.08
 -54.00  -6.00  22.98
 -54.00  -5.00  22.97
 -54.00  -4.00  23.05
 -54.00  -3.00  23.18
 -54.00  -2.00  23.30
 -54.00  -1.00  23.38
 -54.00   0.00  23.34
 -54.00   1.00  23.18
 -54.00   2.00  22.88
 -54.00   3.00  22.48
 -54.00   4.00  22.02
 -54.00   5.00  21.57
 -54.00   6.00  21.18
 -54.00   7.00  20.90
 -54.00   8.00  20.74
 -54.00   9.00  20.69
 -54.00  10.00  20.71
 -54.00  11.00  20.72
 -54.00  12.00  20.66
 -54.00  13.00  20.49
 -54.00  14.00  20.19
 -54.00  15.00  19.76
 -54.00  16.00  19.27
 -54.00  17.00  18.80
 -54.00  18.00  18.44
 -54.00  19.00  18.29
 -54.00  20.00  18.41
 -54.00  21.00  18.82
 -54.00  22.00  19.47
 -54.00  23.00  20.27
 -54.00  24.00  21.12
 -54.00  25.00  21.88
 -54.00  26.00  22.42
 -54.00  27.00  22.68
 -53.00 -37.00  31.60
 -53.00 -36.00  31.48
 -53.00 -35.00  31.05
 -53.00 -34.00  30.38
 -53.00 -33.00  29.57
 -53.00 -32.00  28.73
 -53.00 -31.00  27.93
 -53.00 -30.00  27.25
 -53.00 -29.00  26.71
 -53.00 -28.00  26.29
 -53.00 -27.00  25.98
 -53.00 -26.00  25.73
 -53.00 -25.00  25.48
 -53.00 -24.00  25.21
 -53.00 -23.00  24.91
 -53.00 -22.00  24.60
 -53.00 -21.00  24.30
 -53.00 -20.00  24.05
 -53.00 -19.00  23.90
 -53.00 -18.00  23.87
 -53.00 -17.00  23.97
 -53.00 -16.00  24.16
 -53.00 -15.00  24.42
 -53.00 -14.00  24.69
 -53.00 -13.00  24.90
 -53.00 -12.00  25.02
 -53.00 -11.00  25.02
 -53.00 -10.00  24.91
 -53.00  -9.00  24.70
 -53.00  -8.00  24.45
 -53.00  -7.00  24.21
 -53.00  -6.00  24.03
 -53.00  -5.00  23.95
 -53.00  -4.00  23.96
 -53.00  -3.00  24.05
 -53.00  -2.00  24.18
 -53.00  -1.00  24.29
 -53.00   0.00  24.33
 -53.00   1.00  24.24
 -53.00   2.00  24.02
 -53.00   3.00  23.66
 -53.00   4.00  23.21
 -53.00   5.00  22.73
 -53.00   6.00  22.28
 -53.00   7.00  21.91
 -53.00   8.00  21.67
 -53.00   9.00  21.55
 -53.00  10.00  21.52
 -53.00  11.00  21.53
 -53.00  12.00  21.52
 -53.00  13.00  21.41
 -53.00  14.00  21.16
 -53.00  15.00  20.77
 -53.00  16.00  20.26
 -53.00  17.00  19.72
 -53.00  18.00  19.24
 -53.00  19.00  18.93
 -53.00  20.00  18.86
 -53.00  21.00  19.09
 -53.00  22.00  19.62
 -53.00  23.00  20.36
 -53.00  24.00  21.23
 -53.00  25.00  22.09
 -53.00  26.00  22.79
 -53.00  27.00  23.23
 -52.00 -37.00  32.56
 -52.00 -36.00  32.64
 -52.00 -35.00  32.38
 -52.00 -34.00  31.84
 -52.00 -33.00  31.09
 -52.00 -32.00  30.26
 -52.00 -31.00  29.42
 -52.00 -30.00  28.66
 -52.00 -29.00  28.03
 -52.00 -28.00  27.54
 -52.00 -27.00  27.16
 -52.00 -26.00  26.87
 -52.00 -25.00  26.62
 -52.00 -24.00  26.36
 -52.00 -23.00  26.09
 -52.00 -22.00  25.79
 -52.00 -21.00  25.48
 -52.00 -20.00  25.21
 -52.00 -19.00  25.02
 -52.00 -18.00  24.93
 -52.00 -17.00  24.97
 -52.00 -16.00  25.13
 -52.00 -15.00  25.38
 -52.00 -14.00  25.66
 -52.00 -13.00  25.93
 -52.00 -12.00  26.12
 -52.00 -11.00  26.19
 -52.00 -10.00  26.14
 -52.00  -9.00  25.98
 -52.00  -8.00  25.73
 -52.00  -7.00  25.46
 -52.00  -6.00  25.22
 -52.00  -5.00  25.05
 -52.00  -4.00  24.98
 -52.00  -3.00  25.01
 -52.00  -2.00  25.11
 -52.00  -1.00  25.23
 -52.00   0.00  25.31
 -52.00   1.00  25.30
 -52.00   2.00  25.16
 -52.00   3.00  24.87
 -52.00   4.00  24.46
 -52.00   5.00  23.98
 -52.00   6.00  23.48
 -52.00   7.00  23.04
 -52.00   8.00  22.70
 -52.00   9.00  22.49
 -52.00  10.00  22.41
 -52.00  11.00  22.40
 -52.00  12.00  22.40
 -52.00  13.00  22.35
 -52.00  14.00  22.17
 -52.00  15.00  21.84
 -52.00  16.00  21.37
 -52.00  17.00  20.80
 -52.00  18.00  20.23
 -52.00  19.00  19.77
 -52.00  20.00  19.52
 -52.00  21.00  19.55
 -52.00  22.00  19.90
 -52.00  23.00  20.54
 -52.00  24.00  21.37
 -52.00  25.00  22.27
 -52.00  26.00  23.10
 -52.00  27.00  23.72
 -51.00 -37.00  33.36
 -51.00 -36.00  33.65
 -51.00 -35.00  33.59
 -51.00 -34.00  33.20
 -51.00 -33.00  32.57
 -51.00 -32.00  31.78
 -51.00 -31.00  30.93
 -51.00 -30.00  30.12
 -51.00 -29.00  29.40
 -51.00 -28.00  28.82
 -51.00 -27.00  28.37
 -51.00 -26.00  28.03
 -51.00 -25.00  27.76
 -51.00 -24.00  27.51
 -51.00 -23.00  27.25
 -51.00 -22.00  26.97
 -51.00 -21.00  26.68
 -51.00 -20.00  26.40
 -51.00 -19.00  26.18
 -51.00 -18.00  26.04
 -51.00 -17.00  26.03
 -51.00 -16.00  26.14
 -51.00 -15.00  26.35
 -51.00 -14.00  26.64
 -51.00 -13.00  26.94
 -51.00 -12.00  27.20
 -51.00 -11.00  27.36
 -51.00 -10.00  27.39
 -51.00  -9.00  27.29
 -51.00  -8.00  27.09
 -51.00  -7.00  26.81
 -51.00  -6.00  26.52
 -51.00  -5.00  26.28
 -51.00  -4.00  26.12
 -51.00  -3.00  26.06
 -51.00  -2.00  26.10
 -51.00  -1.00  26.20
 -51.00   0.00  26.30
 -51.00   1.00  26.35
 -51.00   2.00  26.28
 -51.00   3.00  26.08
 -51.00   4.00  25.73
 -51.00   5.00  25.28
 -51.00   6.00  24.77
 -51.00   7.00  24.27
 -51.00   8.00  23.84
 -51.00   9.00  23.54
 -51.00  10.00  23.37
 -51.00  11.00  23.31
 -51.00  12.00  23.31
 -51.00  13.00  23.30
 -51.00  14.00  23.19
 -51.00  15.00  22.95
 -51.00  16.00  22.53
 -51.00  17.00  21.98
 -51.00  18.00  21.37
 -51.00  19.00  20.79
 -51.00  20.00  20.37
 -51.00  21.00  20.20
 -51.00  22.00  20.34
 -51.00  23.00  20.81
 -51.00  24.00  21.55
 -51.00  25.00  22.44
 -51.00  26.00  23.35
 -51.00  27.00  24.12
 -50.00 -37.00  33.99
 -50.00 -36.00  34.49
 -50.00 -35.00  34.63
 -50.00 -34.00  34.44
 -50.00 -33.00  33.95
 -50.00 -32.00  33.24
 -50.00 -31.00  32.43
 -50.00 -30.00  31.59
 -50.00 -29.00  30.81
 -50.00 -28.00  30.14
 -50.00 -27.00  29.61
 -50.00 -26.00  29.20
 -50.00 -25.00  28.89
 -50.00 -24.00  28.63
 -50.00 -23.00  28.38
 -50.00 -22.00  28.13
 -50.00 -21.00  27.86
 -50.00 -20.00  27.59
 -50.00 -19.00  27.35
 -50.00 -18.00  27.18
 -50.00 -17.00  27.12
 -50.00 -16.00  27.17
 -50.00 -15.00  27.35
 -50.00 -14.00  27.62
 -50.00 -13.00  27.93
 -50.00 -12.00  28.24
 -50.00 -11.00  28.48
 -50.00 -10.00  28.61
 -50.00  -9.00  28.60
 -50.00  -8.00  28.46
 -50.00  -7.00  28.22
 -50.00  -6.00  27.91
 -50.00  -5.00  27.61
 -50.00  -4.00  27.37
 -50.00  -3.00  27.22
 -50.00  -2.00  27.18
 -50.00  -1.00  27.22
 -50.00   0.00  27.31
 -50.00   1.00  27.39
 -50.00   2.00  27.39
 -50.00   3.00  27.27
 -50.00   4.00  27.00
 -50.00   5.00  26.60
 -50.00   6.00  26.10
 -50.00   7.00  25.57
 -50.00   8.00  25.07
 -50.00   9.00  24.67
 -50.00  10.00  24.41
 -50.00  11.00  24.28
 -50.00  12.00  24.24
 -50.00  13.00  24.25
 -50.00  14.00  24.20
 -50.00  15.00  24.04
 -50.00  16.00  23.72
 -50.00  17.00  23.23
 -50.00  18.00  22.61
 -50.00  19.00  21.96
 -50.00  20.00  21.39
 -50.00  21.00  21.03
 -50.00  22.00  20.95
 -50.00  23.00  21.22
 -50.00  24.00  21.80
 -50.00  25.00  22.62
 -50.00  26.00  23.55
 -50.00  27.00  24.43
 -49.00 -37.00  34.46
 -49.00 -36.00  35.15
 -49.00 -35.00  35.50
 -49.00 -34.00  35.51
 -49.00 -33.00  35.20
 -49.00 -32.00  34.62
 -49.00 -31.00  33.87
 -49.00 -30.00  33.04
 -49.00 -29.00  32.23
 -49.00 -28.00  31.49
 -49.00 -27.00  30.87
 -49.00 -26.00  30.39
 -49.00 -25.00  30.02
 -49.00 -24.00  29.73
 -49.00 -23.00  29.48
 -49.00 -22.00  29.25
 -49.00 -21.00  29.00
 -49.00 -20.00  28.75
 -49.00 -19.00  28.52
 -49.00 -18.00  28.33
 -49.00 -17.00  28.22
 -49.00 -16.00  28.23
 -49.00 -15.00  28.35
 -49.00 -14.00  28.59
 -49.00 -13.00  28.90
 -49.00 -12.00  29.24
 -49.00 -11.00  29.55
 -49.00 -10.00  29.78
 -49.00  -9.00  29.87
 -49.00  -8.00  29.82
 -49.00  -7.00  29.63
 -49.00  -6.00  29.35
 -49.00  -5.00  29.03
 -49.00  -4.00  28.72
 -49.00  -3.00  28.48
 -49.00  -2.00  28.34
 -49.00  -1.00  28.31
 -49.00   0.00  28.35
 -49.00   1.00  28.43
 -49.00   2.00  28.47
 -49.00   3.00  28.42
 -49.00   4.00  28.24
 -49.00   5.00  27.92
 -49.00   6.00  27.46
 -49.00   7.00  26.93
 -49.00   8.00  26.38
 -49.00   9.00  25.90
 -49.00  10.00  25.53
 -49.00  11.00  25.30
 -49.00  12.00  25.21
 -49.00  13.00  25.19
 -49.00  14.00  25.19
 -49.00  15.00  25.10
 -49.00  16.00  24.88
 -49.00  17.00  24.47
 -49.00  18.00  23.90
 -49.00  19.00  23.23
 -49.00  20.00  22.57
 -49.00  21.00  22.03
 -49.00  22.00  21.73
 -49.00  23.00  21.77
 -49.00  24.00  22.15
 -49.00  25.00  22.83
 -49.00  26.00  23.71
 -49.00  27.00  24.65
 -48.00 -37.00  34.77
 -48.00 -36.00  35.63
 -48.00 -35.00  36.19
 -48.00 -34.00  36.40
 -48.00 -33.00  36.28
 -48.00 -32.00  35.87
 -48.00 -31.00  35.23
 -48.00 -30.00  34.45
 -48.00 -29.00  33.63
 -48.00 -28.00  32.84
 -48.00 -27.00  32.15
 -48.00 -26.00  31.58
 -48.00 -25.00  31.14
 -48.00 -24.00  30.81
 -48.00 -23.00  30.54
 -48.00 -22.00  30.31
 -48.00 -21.00  30.09
 -48.00 -20.00  29.87
 -48.00 -19.00  29.65
 -48.00 -18.00  29.46
 -48.00 -17.00  29.33
 -48.00 -16.00  29.29
 -48.00 -15.00  29.36
 -48.00 -14.00  29.56
 -48.00 -13.00  29.85
 -48.00 -12.00  30.20
 -48.00 -11.00  30.56
 -48.00 -10.00  30.86
 -48.00  -9.00  31.06
 -48.00  -8.00  31.11
 -48.00  -7.00  31.02
 -48.00  -6.00  30.80
 -48.00  -5.00  30.48
 -48.00  -4.00  30.14
 -48.00  -3.00  29.83
 -48.00  -2.00  29.60
 -48.00  -1.00  29.47
 -48.00   0.00  29.44
 -48.00   1.00  29.48
 -48.00   2.00  29.54
 -48.00   3.00  29.54
 -48.00   4.00  29.44
 -48.00   5.00  29.20
 -48.00   6.00  28.81
 -48.00   7.00  28.31
 -48.00   8.00  27.74
 -48.00   9.00  27.19
 -48.00  10.00  26.73
 -48.00  11.00  26.40
 -48.00  12.00  26.21
 -48.00  13.00  26.15
 -48.00  14.00  26.14
 -48.00  15.00  26.11
 -48.00  16.00  25.98
 -48.00  17.00  25.68
 -48.00  18.00  25.19
 -48.00  19.00  24.55
 -48.00  20.00  23.84
 -48.00  21.00  23.17
 -48.00  22.00  22.68
 -48.00  23.00  22.47
 -48.00  24.00  22.62
 -48.00  25.00  23.11
 -48.00  26.00  23.88
 -48.00  27.00  24.80
 -47.00 -37.00  34.95
 -47.00 -36.00  35.94
 -47.00 -35.00  36.67
 -47.00 -34.00  37.09
 -47.00 -33.00  37.18
 -47.00 -32.00  36.95
 -47.00 -31.00  36.45
 -47.00 -30.00  35.76
 -47.00 -29.00  34.97
 -47.00 -28.00  34.16
 -47.00 -27.00  33.42
 -47.00 -26.00  32.77
 -47.00 -25.00  32.26
 -47.00 -24.00  31.86
 -47.00 -23.00  31.56
 -47.00 -22.00  31.32
 -47.00 -21.00  31.12
 -47.00 -20.00  30.92
 -47.00 -19.00  30.72
 -47.00 -18.00  30.54
 -47.00 -17.00  30.40
 -47.00 -16.00  30.33
 -47.00 -15.00  30.36
 -47.00 -14.00  30.51
 -47.00 -13.00  30.77
 -47.00 -12.00  31.11
 -47.00 -11.00  31.49
 -47.00 -10.00  31.86
 -47.00  -9.00  32.15
 -47.00  -8.00  32.32
 -47.00  -7.00  32.33
 -47.00  -6.00  32.19
 -47.00  -5.00  31.93
 -47.00  -4.00  31.59
 -47.00  -3.00  31.24
 -47.00  -2.00  30.93
 -47.00  -1.00  30.71
 -47.00   0.00  30.59
 -47.00   1.00  30.57
 -47.00   2.00  30.60
 -47.00   3.00  30.63
 -47.00   4.00  30.59
 -47.00   5.00  30.43
 -47.00   6.00  30.12
 -47.00   7.00  29.67
 -47.00   8.00  29.12
 -47.00   9.00  28.54
 -47.00  10.00  27.99
 -47.00  11.00  27.55
 -47.00  12.00  27.26
 -47.00  13.00  27.11
 -47.00  14.00  27.07
 -47.00  15.00  27.07
 -47.00  16.00  27.01
 -47.00  17.00  26.81
 -47.00  18.00  26.43
 -47.00  19.00  25.86
 -47.00  20.00  25.16
 -47.00  21.00  24.42
 -47.00  22.00  23.77
 -47.00  23.00  23.34
 -47.00  24.00  23.23
 -47.00  25.00  23.49
 -47.00  26.00  24.08
 -47.00  27.00  24.92
 -46.00 -37.00  35.01
 -46.00 -36.00  36.10
 -46.00 -35.00  36.98
 -46.00 -34.00  37.58
 -46.00 -33.00  37.87
 -46.00 -32.00  37.83
 -46.00 -31.00  37.50
 -46.00 -30.00  36.93
 -46.00 -29.00  36.21
 -46.00 -28.00  35.42
 -46.00 -27.00  34.65
 -46.00 -26.00  33.94
 -46.00 -25.00  33.35
 -46.00 -24.00  32.88
 -46.00 -23.00  32.53
 -46.00 -22.00  32.27
 -46.00 -21.00  32.06
 -46.00 -20.00  31.88
 -46.00 -19.00  31.71
 -46.00 -18.00  31.55
 -46.00 -17.00  31.42
 -46.00 -16.00  31.34
 -46.00 -15.00  31.34
 -46.00 -14.00  31.44
 -46.00 -13.00  31.66
 -46.00 -12.00  31.98
 -46.00 -11.00  32.36
 -46.00 -10.00  32.77
 -46.00  -9.00  33.13
 -46.00  -8.00  33.40
 -46.00  -7.00  33.53
 -46.00  -6.00  33.50
 -46.00  -5.00  33.32
 -46.00  -4.00  33.03
 -46.00  -3.00  32.67
 -46.00  -2.00  32.31
 -46.00  -1.00  32.00
 -46.00   0.00  31.80
 -46.00   1.00  31.69
 -46.00   2.00  31.68
 -46.00   3.00  31.70
 -46.00   4.00  31.69
 -46.00   5.00  31.60
 -46.00   6.00  31.37
 -46.00   7.00  31.00
 -46.00   8.00  30.49
 -46.00   9.00  29.89
 -46.00  10.00  29.29
 -46.00  11.00  28.76
 -46.00  12.00  28.36
 -46.00  13.00  28.11
 -46.00  14.00  28.00
 -46.00  15.00  27.98
 -46.00  16.00  27.96
 -46.00  17.00  27.86
 -46.00  18.00  27.59
 -46.00  19.00  27.12
 -46.00  20.00  26.47
 -46.00  21.00  25.71
 -46.00  22.00  24.96
 -46.00  23.00  24.34
 -46.00  24.00  23.99
 -46.00  25.00  23.99
 -46.00  26.00  24.36
 -46.00  27.00  25.04
 -45.00 -37.00  35.00
 -45.00 -36.00  36.15
 -45.00 -35.00  37.14
 -45.00 -34.00  37.89
 -45.00 -33.00  38.36
 -45.00 -32.00  38.51
 -45.00 -31.00  38.36
 -45.00 -30.00  37.94
 -45.00 -29.00  37.32
 -45.00 -28.00  36.58
 -45.00 -27.00  35.80
 -45.00 -26.00  35.06
 -45.00 -25.00  34.41
 -45.00 -24.00  33.87
 -45.00 -23.00  33.46
 -45.00 -22.00  33.15
 -45.00 -21.00  32.93
 -45.00 -20.00  32.75
 -45.00 -19.00  32.61
 -45.00 -18.00  32.47
 -45.00 -17.00  32.36
 -45.00 -16.00  32.28
 -45.00 -15.00  32.27
 -45.00 -14.00  32.34
 -45.00 -13.00  32.52
 -45.00 -12.00  32.80
 -45.00 -11.00  33.17
 -45.00 -10.00  33.59
 -45.00  -9.00  34.01
 -45.00  -8.00  34.37
 -45.00  -7.00  34.60
 -45.00  -6.00  34.69
 -45.00  -5.00  34.61
 -45.00  -4.00  34.39
 -45.00  -3.00  34.06
 -45.00  -2.00  33.69
 -45.00  -1.00  33.33
 -45.00   0.00  33.04
 -45.00   1.00  32.86
 -45.00   2.00  32.77
 -45.00   3.00  32.76
 -45.00   4.00  32.76
 -45.00   5.00  32.72
 -45.00   6.00  32.56
 -45.00   7.00  32.26
 -45.00   8.00  31.81
 -45.00   9.00  31.24
 -45.00  10.00  30.61
 -45.00  11.00  30.01
 -45.00  12.00  29.50
 -45.00  13.00  29.14
 -45.00  14.00  28.94
 -45.00  15.00  28.86
 -45.00  16.00  28.85
 -45.00  17.00  28.80
 -45.00  18.00  28.64
 -45.00  19.00  28.28
 -45.00  20.00  27.72
 -45.00  21.00  27.00
 -45.00  22.00  26.20
 -45.00  23.00  25.45
 -45.00  24.00  24.89
 -45.00  25.00  24.64
 -45.00  26.00  24.75
 -45.00  27.00  25.23
 -44.00 -37.00  34.95
 -44.00 -36.00  36.11
 -44.00 -35.00  37.17
 -44.00 -34.00  38.04
 -44.00 -33.00  38.66
 -44.00 -32.00  38.99
 -44.00 -31.00  39.01
 -44.00 -30.00  38.76
 -44.00 -29.00  38.26
 -44.00 -28.00  37.60
 -44.00 -27.00  36.86
 -44.00 -26.00  36.10
 -44.00 -25.00  35.41
 -44.00 -24.00  34.81
 -44.00 -23.00  34.33
 -44.00 -22.00  33.98
 -44.00 -21.00  33.72
 -44.00 -20.00  33.54
 -44.00 -19.00  33.40
 -44.00 -18.00  33.29
 -44.00 -17.00  33.20
 -44.00 -16.00  33.14
 -44.00 -15.00  33.12
 -44.00 -14.00  33.18
 -44.00 -13.00  33.33
 -44.00 -12.00  33.58
 -44.00 -11.00  33.93
 -44.00 -10.00  34.35
 -44.00  -9.00  34.79
 -44.00  -8.00  35.21
 -44.00  -7.00  35.55
 -44.00  -6.00  35.74
 -44.00  -5.00  35.78
 -44.00  -4.00  35.65
 -44.00  -3.00  35.38
 -44.00  -2.00  35.03
 -44.00  -1.00  34.65
 -44.00   0.00  34.30
 -44.00   1.00  34.04
 -44.00   2.00  33.89
 -44.00   3.00  33.82
 -44.00   4.00  33.81
 -44.00   5.00  33.78
 -44.00   6.00  33.68
 -44.00   7.00  33.45
 -44.00   8.00  33.06
 -44.00   9.00  32.54
 -44.00  10.00  31.91
 -44.00  11.00  31.26
 -44.00  12.00  30.67
 -44.00  13.00  30.19
 -44.00  14.00  29.88
 -44.00  15.00  29.73
 -44.00  16.00  29.69
 -44.00  17.00  29.67
 -44.00  18.00  29.58
 -44.00  19.00  29.33
 -44.00  20.00  28.88
 -44.00  21.00  28.23
 -44.00  22.00  27.44
 -44.00  23.00  26.61
 -44.00  24.00  25.89
 -44.00  25.00  25.41
 -44.00  26.00  25.27
 -44.00  27.00  25.51
 -43.00 -37.00  34.91
 -43.00 -36.00  36.06
 -43.00 -35.00  37.15
 -43.00 -34.00  38.11
 -43.00 -33.00  38.86
 -43.00 -32.00  39.34
 -43.00 -31.00  39.53
 -43.00 -30.00  39.43
 -43.00 -29.00  39.07
 -43.00 -28.00  38.51
 -43.00 -27.00  37.82
 -43.00 -26.00  37.08
 -43.00 -25.00  36.35
 -43.00 -24.00  35.71
 -43.00 -23.00  35.17
 -43.00 -22.00  34.76
 -43.00 -21.00  34.46
 -43.00 -20.00  34.26
 -43.00 -19.00  34.12
 -43.00 -18.00  34.02
 -43.00 -17.00  33.96
 -43.00 -16.00  33.92
 -43.00 -15.00  33.91
 -43.00 -14.00  33.96
 -43.00 -13.00  34.09
 -43.00 -12.00  34.31
 -43.00 -11.00  34.64
 -43.00 -10.00  35.05
 -43.00  -9.00  35.51
 -43.00  -8.00  35.97
 -43.00  -7.00  36.38
 -43.00  -6.00  36.67
 -43.00  -5.00  36.82
 -43.00  -4.00  36.79
 -43.00  -3.00  36.61
 -43.00  -2.00  36.30
 -43.00  -1.00  35.93
 -43.00   0.00  35.55
 -43.00   1.00  35.24
 -43.00   2.00  35.01
 -43.00   3.00  34.89
 -43.00   4.00  34.84
 -43.00   5.00  34.82
 -43.00   6.00  34.75
 -43.00   7.00  34.58
 -43.00   8.00  34.27
 -43.00   9.00  33.79
 -43.00  10.00  33.19
 -43.00  11.00  32.52
 -43.00  12.00  31.86
 -43.00  13.00  31.29
 -43.00  14.00  30.86
 -43.00  15.00  30.61
 -43.00  16.00  30.51
 -43.00  17.00  30.48
 -43.00  18.00  30.44
 -43.00  19.00  30.29
 -43.00  20.00  29.96
 -43.00  21.00  29.40
 -43.00  22.00  28.66
 -43.00  23.00  27.81
 -43.00  24.00  26.98
 -43.00  25.00  26.32
 -43.00  26.00  25.94
 -43.00  27.00  25.94
 -42.00 -37.00  34.89
 -42.00 -36.00  36.00
 -42.00 -35.00  37.10
 -42.00 -34.00  38.10
 -42.00 -33.00  38.94
 -42.00 -32.00  39.56
 -42.00 -31.00  39.90
 -42.00 -30.00  39.95
 -42.00 -29.00  39.73
 -42.00 -28.00  39.28
 -42.00 -27.00  38.67
 -42.00 -26.00  37.96
 -42.00 -25.00  37.23
 -42.00 -24.00  36.55
 -42.00 -23.00  35.96
 -42.00 -22.00  35.49
 -42.00 -21.00  35.15
 -42.00 -20.00  34.91
 -42.00 -19.00  34.76
 -42.00 -18.00  34.68
 -42.00 -17.00  34.63
 -42.00 -16.00  34.61
 -42.00 -15.00  34.62
 -42.00 -14.00  34.68
 -42.00 -13.00  34.80
 -42.00 -12.00  35.00
 -42.00 -11.00  35.30
 -42.00 -10.00  35.70
 -42.00  -9.00  36.16
 -42.00  -8.00  36.65
 -42.00  -7.00  37.11
 -42.00  -6.00  37.49
 -42.00  -5.00  37.74
 -42.00  -4.00  37.82
 -42.00  -3.00  37.73
 -42.00  -2.00  37.49
 -42.00  -1.00  37.15
 -42.00   0.00  36.77
 -42.00   1.00  36.42
 -42.00   2.00  36.14
 -42.00   3.00  35.96
 -42.00   4.00  35.86
 -42.00   5.00  35.82
 -42.00   6.00  35.78
 -42.00   7.00  35.65
 -42.00   8.00  35.40
 -42.00   9.00  34.99
 -42.00  10.00  34.42
 -42.00  11.00  33.75
 -42.00  12.00  33.05
 -42.00  13.00  32.39
 -42.00  14.00  31.86
 -42.00  15.00  31.50
 -42.00  16.00  31.32
 -42.00  17.00  31.25
 -42.00  18.00  31.23
 -42.00  19.00  31.15
 -42.00  20.00  30.92
 -42.00  21.00  30.47
 -42.00  22.00  29.81
 -42.00  23.00  28.98
 -42.00  24.00  28.10
 -42.00  25.00  27.30
 -42.00  26.00  26.72
 -42.00  27.00  26.48
 -41.00 -37.00  34.88
 -41.00 -36.00  35.94
 -41.00 -35.00  37.02
 -41.00 -34.00  38.05
 -41.00 -33.00  38.95
 -41.00 -32.00  39.66
 -41.00 -31.00  40.13
 -41.00 -30.00  40.33
 -41.00 -29.00  40.24
 -41.00 -28.00  39.92
 -41.00 -27.00  39.39
 -41.00 -26.00  38.74
 -41.00 -25.00  38.03
 -41.00 -24.00  37.33
 -41.00 -23.00  36.70
 -41.00 -22.00  36.18
 -41.00 -21.00  35.79
 -41.00 -20.00  35.52
 -41.00 -19.00  35.35
 -41.00 -18.00  35.25
 -41.00 -17.00  35.22
 -41.00 -16.00  35.22
 -41.00 -15.00  35.25
 -41.00 -14.00  35.32
 -41.00 -13.00  35.45
 -41.00 -12.00  35.64
 -41.00 -11.00  35.93
 -41.00 -10.00  36.30
 -41.00  -9.00  36.76
 -41.00  -8.00  37.26
 -41.00  -7.00  37.76
 -41.00  -6.00  38.21
 -41.00  -5.00  38.54
 -41.00  -4.00  38.73
 -41.00  -3.00  38.74
 -41.00  -2.00  38.58
 -41.00  -1.00  38.30
 -41.00   0.00  37.94
 -41.00   1.00  37.57
 -41.00   2.00  37.25
 -41.00   3.00  37.01
 -41.00   4.00  36.87
 -41.00   5.00  36.81
 -41.00   6.00  36.76
 -41.00   7.00  36.67
 -41.00   8.00  36.47
 -41.00   9.00  36.12
 -41.00  10.00  35.60
 -41.00  11.00  34.95
 -41.00  12.00  34.22
 -41.00  13.00  33.50
 -41.00  14.00  32.88
 -41.00  15.00  32.41
 -41.00  16.00  32.12
 -41.00  17.00  32.00
 -41.00  18.00  31.96
 -41.00  19.00  31.92
 -41.00  20.00  31.78
 -41.00  21.00  31.44
 -41.00  22.00  30.88
 -41.00  23.00  30.11
 -41.00  24.00  29.21
 -41.00  25.00  28.32
 -41.00  26.00  27.58
 -41.00  27.00  27.13
 -40.00 -37.00  34.91
 -40.00 -36.00  35.90
 -40.00 -35.00  36.94
 -40.00 -34.00  37.96
 -40.00 -33.00  38.90
 -40.00 -32.00  39.68
 -40.00 -31.00  40.26
 -40.00 -30.00  40.58
 -40.00 -29.00  40.63
 -40.00 -28.00  40.43
 -40.00 -27.00  40.00
 -40.00 -26.00  39.42
 -40.00 -25.00  38.74
 -40.00 -24.00  38.04
 -40.00 -23.00  37.39
 -40.00 -22.00  36.83
 -40.00 -21.00  36.39
 -40.00 -20.00  36.07
 -40.00 -19.00  35.88
 -40.00 -18.00  35.77
 -40.00 -17.00  35.74
 -40.00 -16.00  35.76
 -40.00 -15.00  35.81
 -40.00 -14.00  35.90
 -40.00 -13.00  36.03
 -40.00 -12.00  36.23
 -40.00 -11.00  36.50
 -40.00 -10.00  36.86
 -40.00  -9.00  37.31
 -40.00  -8.00  37.82
 -40.00  -7.00  38.35
 -40.00  -6.00  38.85
 -40.00  -5.00  39.26
 -40.00  -4.00  39.53
 -40.00  -3.00  39.64
 -40.00  -2.00  39.58
 -40.00  -1.00  39.36
 -40.00   0.00  39.04
 -40.00   1.00  38.67
 -40.00   2.00  38.33
 -40.00   3.00  38.05
 -40.00   4.00  37.86
 -40.00   5.00  37.77
 -40.00   6.00  37.71
 -40.00   7.00  37.64
 -40.00   8.00  37.49
 -40.00   9.00  37.19
 -40.00  10.00  36.73
 -40.00  11.00  36.11
 -40.00  12.00  35.38
 -40.00  13.00  34.61
 -40.00  14.00  33.90
 -40.00  15.00  33.33
 -40.00  16.00  32.94
 -40.00  17.00  32.73
 -40.00  18.00  32.65
 -40.00  19.00  32.63
 -40.00  20.00  32.54
 -40.00  21.00  32.31
 -40.00  22.00  31.85
 -40.00  23.00  31.16
 -40.00  24.00  30.30
 -40.00  25.00  29.36
 -40.00  26.00  28.50
 -40.00  27.00  27.86
 -39.00 -37.00  34.96
 -39.00 -36.00  35.87
 -39.00 -35.00  36.85
 -39.00 -34.00  37.85
 -39.00 -33.00  38.80
 -39.00 -32.00  39.64
 -39.00 -31.00  40.30
 -39.00 -30.00  40.73
 -39.00 -29.00  40.91
 -39.00 -28.00  40.82
 -39.00 -27.00  40.51
 -39.00 -26.00  40.00
 -39.00 -25.00  39.38
 -39.00 -24.00  38.70
 -39.00 -23.00  38.04
 -39.00 -22.00  37.44
 -39.00 -21.00  36.96
 -39.00 -20.00  36.60
 -39.00 -19.00  36.37
 -39.00 -18.00  36.24
 -39.00 -17.00  36.21
 -39.00 -16.00  36.23
 -39.00 -15.00  36.30
 -39.00 -14.00  36.41
 -39.00 -13.00  36.56
 -39.00 -12.00  36.76
 -39.00 -11.00  37.03
 -39.00 -10.00  37.38
 -39.00  -9.00  37.82
 -39.00  -8.00  38.32
 -39.00  -7.00  38.87
 -39.00  -6.00  39.41
 -39.00  -5.00  39.89
 -39.00  -4.00  40.25
 -39.00  -3.00  40.45
 -39.00  -2.00  40.48
 -39.00  -1.00  40.34
 -39.00   0.00  40.07
 -39.00   1.00  39.73
 -39.00   2.00  39.37
 -39.00   3.00  39.06
 -39.00   4.00  38.84
 -39.00   5.00  38.70
 -39.00   6.00  38.63
 -39.00   7.00  38.57
 -39.00   8.00  38.45
 -39.00   9.00  38.21
 -39.00  10.00  37.81
 -39.00  11.00  37.23
 -39.00  12.00  36.51
 -39.00  13.00  35.72
 -39.00  14.00  34.94
 -39.00  15.00  34.27
 -39.00  16.00  33.76
 -39.00  17.00  33.45
 -39.00  18.00  33.31
 -39.00  19.00  33.27
 -39.00  20.00  33.23
 -39.00  21.00  33.08
 -39.00  22.00  32.73
 -39.00  23.00  32.14
 -39.00  24.00  31.34
 -39.00  25.00  30.40
 -39.00  26.00  29.46
 -39.00  27.00  28.67
 -38.00 -37.00  35.04
 -38.00 -36.00  35.87
 -38.00 -35.00  36.78
 -38.00 -34.00  37.73
 -38.00 -33.00  38.68
 -38.00 -32.00  39.54
 -38.00 -31.00  40.27
 -38.00 -30.00  40.80
 -38.00 -29.00  41.09
 -38.00 -28.00  41.13
 -38.00 -27.00  40.92
 -38.00 -26.00  40.51
 -38.00 -25.00  39.95
 -38.00 -24.00  39.30
 -38.00 -23.00  38.64
 -38.00 -22.00  38.03
 -38.00 -21.00  37.50
 -38.00 -20.00  37.10
 -38.00 -19.00  36.83
 -38.00 -18.00  36.68
 -38.00 -17.00  36.63
 -38.00 -16.00  36.66
 -38.00 -15.00  36.74
 -38.00 -14.00  36.87
 -38.00 -13.00  37.03
 -38.00 -12.00  37.24
 -38.00 -11.00  37.51
 -38.00 -10.00  37.85
 -38.00  -9.00  38.28
 -38.00  -8.00  38.78
 -38.00  -7.00  39.34
 -38.00  -6.00  39.91
 -38.00  -5.00  40.44
 -38.00  -4.00  40.87
 -38.00  -3.00  41.17
 -38.00  -2.00  41.29
 -38.00  -1.00  41.24
 -38.00   0.00  41.04
 -38.00   1.00  40.73
 -38.00   2.00  40.38
 -38.00   3.00  40.05
 -38.00   4.00  39.79
 -38.00   5.00  39.62
 -38.00   6.00  39.53
 -38.00   7.00  39.47
 -38.00   8.00  39.37
 -38.00   9.00  39.18
 -38.00  10.00  38.84
 -38.00  11.00  38.31
 -38.00  12.00  37.63
 -38.00  13.00  36.82
 -38.00  14.00  36.00
 -38.00  15.00  35.23
 -38.00  16.00  34.61
 -38.00  17.00  34.19
 -38.00  18.00  33.96
 -38.00  19.00  33.88
 -38.00  20.00  33.85
 -38.00  21.00  33.76
 -38.00  22.00  33.51
 -38.00  23.00  33.04
 -38.00  24.00  32.32
 -38.00  25.00  31.42
 -38.00  26.00  30.44
 -38.00  27.00  29.53
 -37.00 -37.00  35.15
 -37.00 -36.00  35.89
 -37.00 -35.00  36.72
 -37.00 -34.00  37.62
 -37.00 -33.00  38.53
 -37.00 -32.00  39.41
 -37.00 -31.00  40.18
 -37.00 -30.00  40.79
 -37.00 -29.00  41.19
 -37.00 -28.00  41.34
 -37.00 -27.00  41.25
 -37.00 -26.00  40.94
 -37.00 -25.00  40.46
 -37.00 -24.00  39.86
 -37.00 -23.00  39.21
 -37.00 -22.00  38.59
 -37.00 -21.00  38.03
 -37.00 -20.00  37.59
 -37.00 -19.00  37.27
 -37.00 -18.00  37.09
 -37.00 -17.00  37.01
 -37.00 -16.00  37.04
 -37.00 -15.00  37.13
 -37.00 -14.00  37.27
 -37.00 -13.00  37.45
 -37.00 -12.00  37.67
 -37.00 -11.00  37.94
 -37.00 -10.00  38.28
 -37.00  -9.00  38.70
 -37.00  -8.00  39.19
 -37.00  -7.00  39.75
 -37.00  -6.00  40.34
 -37.00  -5.00  40.92
 -37.00  -4.00  41.42
 -37.00  -3.00  41.80
 -37.00  -2.00  42.02
 -37.00  -1.00  42.06
 -37.00   0.00  41.94
 -37.00   1.00  41.68
 -37.00   2.00  41.35
 -37.00   3.00  41.02
 -37.00   4.00  40.73
 -37.00   5.00  40.52
 -37.00   6.00  40.40
 -37.00   7.00  40.33
 -37.00   8.00  40.26
 -37.00   9.00  40.11
 -37.00  10.00  39.83
 -37.00  11.00  39.36
 -37.00  12.00  38.72
 -37.00  13.00  37.93
 -37.00  14.00  37.07
 -37.00  15.00  36.23
 -37.00  16.00  35.50
 -37.00  17.00  34.96
 -37.00  18.00  34.62
 -37.00  19.00  34.47
 -37.00  20.00  34.42
 -37.00  21.00  34.37
 -37.00  22.00  34.21
 -37.00  23.00  33.85
 -37.00  24.00  33.24
 -37.00  25.00  32.40
 -37.00  26.00  31.43
 -37.00  27.00  30.44
 -36.00 -37.00  35.30
 -36.00 -36.00  35.95
 -36.00 -35.00  36.69
 -36.00 -34.00  37.52
 -36.00 -33.00  38.39
 -36.00 -32.00  39.25
 -36.00 -31.00  40.05
 -36.00 -30.00  40.72
 -36.00 -29.00  41.21
 -36.00 -28.00  41.47
 -36.00 -27.00  41.50
 -36.00 -26.00  41.30
 -36.00 -25.00  40.90
 -36.00 -24.00  40.36
 -36.00 -23.00  39.75
 -36.00 -22.00  39.12
 -36.00 -21.00  38.55
 -36.00 -20.00  38.06
 -36.00 -19.00  37.70
 -36.00 -18.00  37.48
 -36.00 -17.00  37.38
 -36.00 -16.00  37.38
 -36.00 -15.00  37.47
 -36.00 -14.00  37.62
 -36.00 -13.00  37.82
 -36.00 -12.00  38.05
 -36.00 -11.00  38.33
 -36.00 -10.00  38.67
 -36.00  -9.00  39.08
 -36.00  -8.00  39.57
 -36.00  -7.00  40.12
 -36.00  -6.00  40.72
 -36.00  -5.00  41.33
 -36.00  -4.00  41.90
 -36.00  -3.00  42.36
 -36.00  -2.00  42.67
 -36.00  -1.00  42.81
 -36.00   0.00  42.77
 -36.00   1.00  42.58
 -36.00   2.00  42.29
 -36.00   3.00  41.95
 -36.00   4.00  41.65
 -36.00   5.00  41.40
 -36.00   6.00  41.25
 -36.00   7.00  41.16
 -36.00   8.00  41.10
 -36.00   9.00  40.99
 -36.00  10.00  40.77
 -36.00  11.00  40.37
 -36.00  12.00  39.79
 -36.00  13.00  39.03
 -36.00  14.00  38.15
 -36.00  15.00  37.25
 -36.00  16.00  36.43
 -36.00  17.00  35.76
 -36.00  18.00  35.30
 -36.00  19.00  35.05
 -36.00  20.00  34.96
 -36.00  21.00  34.92
 -36.00  22.00  34.83
 -36.00  23.00  34.57
 -36.00  24.00  34.08
 -36.00  25.00  33.34
 -36.00  26.00  32.40
 -36.00  27.00  31.38
 -35.00 -37.00  35.50
 -35.00 -36.00  36.05
 -35.00 -35.00  36.70
 -35.00 -34.00  37.45
 -35.00 -33.00  38.26
 -35.00 -32.00  39.09
 -35.00 -31.00  39.90
 -35.00 -30.00  40.61
 -35.00 -29.00  41.17
 -35.00 -28.00  41.53
 -35.00 -27.00  41.67
 -35.00 -26.00  41.58
 -35.00 -25.00  41.28
 -35.00 -24.00  40.81
 -35.00 -23.00  40.24
 -35.00 -22.00  39.63
 -35.00 -21.00  39.04
 -35.00 -20.00  38.53
 -35.00 -19.00  38.13
 -35.00 -18.00  37.86
 -35.00 -17.00  37.72
 -35.00 -16.00  37.71
 -35.00 -15.00  37.79
 -35.00 -14.00  37.94
 -35.00 -13.00  38.14
 -35.00 -12.00  38.39
 -35.00 -11.00  38.68
 -35.00 -10.00  39.02
 -35.00  -9.00  39.42
 -35.00  -8.00  39.90
 -35.00  -7.00  40.45
 -35.00  -6.00  41.06
 -35.00  -5.00  41.69
 -35.00  -4.00  42.30
 -35.00  -3.00  42.84
 -35.00  -2.00  43.24
 -35.00  -1.00  43.48
 -35.00   0.00  43.53
 -35.00   1.00  43.42
 -35.00   2.00  43.17
 -35.00   3.00  42.86
 -35.00   4.00  42.54
 -35.00   5.00  42.27
 -35.00   6.00  42.08
 -35.00   7.00  41.97
 -35.00   8.00  41.90
 -35.00   9.00  41.82
 -35.00  10.00  41.65
 -35.00  11.00  41.33
 -35.00  12.00  40.81
 -35.00  13.00  40.10
 -35.00  14.00  39.24
 -35.00  15.00  38.30
 -35.00  16.00  37.40
 -35.00  17.00  36.61
 -35.00  18.00  36.02
 -35.00  19.00  35.65
 -35.00  20.00  35.48
 -35.00  21.00  35.42
 -35.00  22.00  35.37
 -35.00  23.00  35.21
 -35.00  24.00  34.84
 -35.00  25.00  34.21
 -35.00  26.00  33.35
 -35.00  27.00  32.34
 -34.00 -37.00  35.74
 -34.00 -36.00  36.21
 -34.00 -35.00  36.76
 -34.00 -34.00  37.42
 -34.00 -33.00  38.15
 -34.00 -32.00  38.94
 -34.00 -31.00  39.74
 -34.00 -30.00  40.47
 -34.00 -29.00  41.09
 -34.00 -28.00  41.53
 -34.00 -27.00  41.77
 -34.00 -26.00  41.78
 -34.00 -25.00  41.58
 -34.00 -24.00  41.20
 -34.00 -23.00  40.69
 -34.00 -22.00  40.10
 -34.00 -21.00  39.51
 -34.00 -20.00  38.98
 -34.00 -19.00  38.54
 -34.00 -18.00  38.23
 -34.00 -17.00  38.06
 -34.00 -16.00  38.01
 -34.00 -15.00  38.08
 -34.00 -14.00  38.23
 -34.00 -13.00  38.44
 -34.00 -12.00  38.69
 -34.00 -11.00  38.99
 -34.00 -10.00  39.34
 -34.00  -9.00  39.74
 -34.00  -8.00  40.21
 -34.00  -7.00  40.75
 -34.00  -6.00  41.36
 -34.00  -5.00  42.01
 -34.00  -4.00  42.66
 -34.00  -3.00  43.25
 -34.00  -2.00  43.74
 -34.00  -1.00  44.07
 -34.00   0.00  44.22
 -34.00   1.00  44.19
 -34.00   2.00  44.00
 -34.00   3.00  43.72
 -34.00   4.00  43.41
 -34.00   5.00  43.11
 -34.00   6.00  42.89
 -34.00   7.00  42.75
 -34.00   8.00  42.68
 -34.00   9.00  42.61
 -34.00  10.00  42.49
 -34.00  11.00  42.23
 -34.00  12.00  41.79
 -34.00  13.00  41.14
 -34.00  14.00  40.31
 -34.00  15.00  39.36
 -34.00  16.00  38.39
 -34.00  17.00  37.50
 -34.00  18.00  36.78
 -34.00  19.00  36.29
 -34.00  20.00  36.02
 -34.00  21.00  35.91
 -34.00  22.00  35.86
 -34.00  23.00  35.77
 -34.00  24.00  35.50
 -34.00  25.00  35.00
 -34.00  26.00  34.23
 -34.00  27.00  33.27
 -33.00 -37.00  36.02
 -33.00 -36.00  36.40
 -33.00 -35.00  36.87
 -33.00 -34.00  37.44
 -33.00 -33.00  38.10
 -33.00 -32.00  38.83
 -33.00 -31.00  39.60
 -33.00 -30.00  40.33
 -33.00 -29.00  40.99
 -33.00 -28.00  41.49
 -33.00 -27.00  41.82
 -33.00 -26.00  41.92
 -33.00 -25.00  41.82
 -33.00 -24.00  41.52
 -33.00 -23.00  41.06
 -33.00 -22.00  40.52
 -33.00 -21.00  39.94
 -33.00 -20.00  39.40
 -33.00 -19.00  38.93
 -33.00 -18.00  38.59
 -33.00 -17.00  38.38
 -33.00 -16.00  38.30
 -33.00 -15.00  38.35
 -33.00 -14.00  38.49
 -33.00 -13.00  38.71
 -33.00 -12.00  38.97
 -33.00 -11.00  39.28
 -33.00 -10.00  39.63
 -33.00  -9.00  40.03
 -33.00  -8.00  40.49
 -33.00  -7.00  41.03
 -33.00  -6.00  41.64
 -33.00  -5.00  42.30
 -33.00  -4.00  42.97
 -33.00  -3.00  43.62
 -33.00  -2.00  44.18
 -33.00  -1.00  44.59
 -33.00   0.00  44.84
 -33.00   1.00  44.89
 -33.00   2.00  44.78
 -33.00   3.00  44.54
 -33.00   4.00  44.23
 -33.00   5.00  43.93
 -33.00   6.00  43.68
 -33.00   7.00  43.51
 -33.00   8.00  43.42
 -33.00   9.00  43.36
 -33.00  10.00  43.27
 -33.00  11.00  43.07
 -33.00  12.00  42.70
 -33.00  13.00  42.12
 -33.00  14.00  41.34
 -33.00  15.00  40.39
 -33.00  16.00  39.38
 -33.00  17.00  38.41
 -33.00  18.00  37.58
 -33.00  19.00  36.96
 -33.00  20.00  36.57
 -33.00  21.00  36.39
 -33.00  22.00  36.32
 -33.00  23.00  36.26
 -33.00  24.00  36.08
 -33.00  25.00  35.69
 -33.00  26.00  35.03
 -33.00  27.00  34.14
 -32.00 -37.00  36.34
 -32.00 -36.00  36.64
 -32.00 -35.00  37.03
 -32.00 -34.00  37.51
 -32.00 -33.00  38.10
 -32.00 -32.00  38.78
 -32.00 -31.00  39.50
 -32.00 -30.00  40.23
 -32.00 -29.00  40.90
 -32.00 -28.00  41.45
 -32.00 -27.00  41.83
 -32.00 -26.00  42.02
 -32.00 -25.00  41.99
 -32.00 -24.00  41.76
 -32.00 -23.00  41.37
 -32.00 -22.00  40.87
 -32.00 -21.00  40.31
 -32.00 -20.00  39.77
 -32.00 -19.00  39.29
 -32.00 -18.00  38.92
 -32.00 -17.00  38.68
 -32.00 -16.00  38.58
 -32.00 -15.00  38.61
 -32.00 -14.00  38.74
 -32.00 -13.00  38.96
 -32.00 -12.00  39.23
 -32.00 -11.00  39.55
 -32.00 -10.00  39.91
 -32.00  -9.00  40.31
 -32.00  -8.00  40.78
 -32.00  -7.00  41.31
 -32.00  -6.00  41.91
 -32.00  -5.00  42.58
 -32.00  -4.00  43.28
 -32.00  -3.00  43.96
 -32.00  -2.00  44.58
 -32.00  -1.00  45.07
 -32.00   0.00  45.40
 -32.00   1.00  45.53
 -32.00   2.00  45.48
 -32.00   3.00  45.29
 -32.00   4.00  45.01
 -32.00   5.00  44.70
 -32.00   6.00  44.43
 -32.00   7.00  44.24
 -32.00   8.00  44.13
 -32.00   9.00  44.07
 -32.00  10.00  44.00
 -32.00  11.00  43.85
 -32.00  12.00  43.54
 -32.00  13.00  43.02
 -32.00  14.00  42.29
 -32.00  15.00  41.37
 -32.00  16.00  40.34
 -32.00  17.00  39.30
 -32.00  18.00  38.37
 -32.00  19.00  37.64
 -32.00  20.00  37.14
 -32.00  21.00  36.87
 -32.00  22.00  36.77
 -32.00  23.00  36.72
 -32.00  24.00  36.60
 -32.00  25.00  36.30
 -32.00  26.00  35.74
 -32.00  27.00  34.92
 -31.00 -37.00  36.66
 -31.00 -36.00  36.90
 -31.00 -35.00  37.22
 -31.00 -34.00  37.64
 -31.00 -33.00  38.17
 -31.00 -32.00  38.79
 -31.00 -31.00  39.47
 -31.00 -30.00  40.18
 -31.00 -29.00  40.84
 -31.00 -28.00  41.42
 -31.00 -27.00  41.84
 -31.00 -26.00  42.08
 -31.00 -25.00  42.11
 -31.00 -24.00  41.95
 -31.00 -23.00  41.61
 -31.00 -22.00  41.15
 -31.00 -21.00  40.62
 -31.00 -20.00  40.08
 -31.00 -19.00  39.60
 -31.00 -18.00  39.21
 -31.00 -17.00  38.96
 -31.00 -16.00  38.84
 -31.00 -15.00  38.85
 -31.00 -14.00  38.99
 -31.00 -13.00  39.21
 -31.00 -12.00  39.49
 -31.00 -11.00  39.82
 -31.00 -10.00  40.19
 -31.00  -9.00  40.60
 -31.00  -8.00  41.07
 -31.00  -7.00  41.60
 -31.00  -6.00  42.21
 -31.00  -5.00  42.88
 -31.00  -4.00  43.60
 -31.00  -3.00  44.31
 -31.00  -2.00  44.97
 -31.00  -1.00  45.53
 -31.00   0.00  45.92
 -31.00   1.00  46.12
 -31.00   2.00  46.13
 -31.00   3.00  45.99
 -31.00   4.00  45.73
 -31.00   5.00  45.43
 -31.00   6.00  45.15
 -31.00   7.00  44.93
 -31.00   8.00  44.81
 -31.00   9.00  44.74
 -31.00  10.00  44.69
 -31.00  11.00  44.57
 -31.00  12.00  44.31
 -31.00  13.00  43.84
 -31.00  14.00  43.15
 -31.00  15.00  42.25
 -31.00  16.00  41.21
 -31.00  17.00  40.13
 -31.00  18.00  39.13
 -31.00  19.00  38.30
 -31.00  20.00  37.71
 -31.00  21.00  37.36
 -31.00  22.00  37.21
 -31.00  23.00  37.15
 -31.00  24.00  37.07
 -31.00  25.00  36.83
 -31.00  26.00  36.35
 -31.00  27.00  35.61
 -30.00 -37.00  37.26
 -30.00 -36.00  37.48
 -30.00 -35.00  37.78
 -30.00 -34.00  38.18
 -30.00 -33.00  38.70
 -30.00 -32.00  39.32
 -30.00 -31.00  40.02
 -30.00 -30.00  40.75
 -30.00 -29.00  41.45
 -30.00 -28.00  42.07
 -30.00 -27.00  42.54
 -30.00 -26.00  42.82
 -30.00 -25.00  42.89
 -30.00 -24.00  42.76
 -30.00 -23.00  42.44
 -30.00 -22.00  41.97
 -30.00 -21.00  41.43
 -30.00 -20.00  40.86
 -30.00 -19.00  40.34
 -30.00 -18.00  39.91
 -30.00 -17.00  39.60
 -30.00 -16.00  39.45
 -30.00 -15.00  39.44
 -30.00 -14.00  39.55
 -30.00 -13.00  39.76
 -30.00 -12.00  40.04
 -30.00 -11.00  40.37
 -30.00 -10.00  40.73
 -30.00  -9.00  41.14
 -30.00  -8.00  41.59
 -30.00  -7.00  42.11
 -30.00  -6.00  42.70
 -30.00  -5.00  43.36
 -30.00  -4.00  44.07
 -30.00  -3.00  44.80
 -30.00  -2.00  45.49
 -30.00  -1.00  46.09
 -30.00   0.00  46.54
 -30.00   1.00  46.80
 -30.00   2.00  46.87
 -30.00   3.00  46.76
 -30.00   4.00  46.52
 -30.00   5.00  46.22
 -30.00   6.00  45.93
 -30.00   7.00  45.70
 -30.00   8.00  45.55
 -30.00   9.00  45.47
 -30.00  10.00  45.42
 -30.00  11.00  45.32
 -30.00  12.00  45.10
 -30.00  13.00  44.68
 -30.00  14.00  44.04
 -30.00  15.00  43.17
 -30.00  16.00  42.14
 -30.00  17.00  41.04
 -30.00  18.00  39.99
 -30.00  19.00  39.09
 -30.00  20.00  38.42
 -30.00  21.00  38.01
 -30.00  22.00  37.82
 -30.00  23.00  37.75
 -30.00  24.00  37.68
 -30.00  25.00  37.49
 -30.00  26.00  37.08
 -30.00  27.00  36.40
