 -83.00 -37.00  45.93
 -83.00 -36.00  47.82
 -83.00 -35.00  51.01
 -83.00 -34.00  55.61
 -83.00 -33.00  61.53
 -83.00 -32.00  68.52
 -83.00 -31.00  76.14
 -83.00 -30.00  83.82
 -83.00 -29.00  90.91
 -83.00 -28.00  96.79
 -83.00 -27.00 100.93
 -83.00 -26.00 102.99
 -83.00 -25.00 102.90
 -83.00 -24.00 100.80
 -83.00 -23.00  97.08
 -83.00 -22.00  92.28
 -83.00 -21.00  87.03
 -83.00 -20.00  81.90
 -83.00 -19.00  77.36
 -83.00 -18.00  73.72
 -83.00 -17.00  71.06
 -83.00 -16.00  69.30
 -83.00 -15.00  68.22
 -83.00 -14.00  67.55
 -83.00 -13.00  67.04
 -83.00 -12.00  66.53
 -83.00 -11.00  65.99
 -83.00 -10.00  65.52
 -83.00  -9.00  65.33
 -83.00  -8.00  65.69
 -83.00  -7.00  66.85
 -83.00  -6.00  68.97
 -83.00  -5.00  72.07
 -83.00  -4.00  75.99
 -83.00  -3.00  80.42
 -83.00  -2.00  84.91
 -83.00  -1.00  88.93
 -83.00   0.00  91.98
 -83.00   1.00  93.62
 -83.00   2.00  93.54
 -83.00   3.00  91.65
 -83.00   4.00  88.03
 -83.00   5.00  82.96
 -83.00   6.00  76.83
 -83.00   7.00  70.17
 -83.00   8.00  63.48
 -83.00   9.00  57.28
 -83.00  10.00  51.95
 -83.00  11.00  47.77
 -83.00  12.00  44.89
 -83.00  13.00  43.28
 -83.00  14.00  42.83
 -83.00  15.00  43.28
 -83.00  16.00  44.36
 -83.00  17.00  45.72
 -83.00  18.00  47.08
 -83.00  19.00  48.15
 -83.00  20.00  48.76
 -83.00  21.00  48.80
 -83.00  22.00  48.27
 -83.00  23.00  47.26
 -83.00  24.00  45.97
 -83.00  25.00  44.65
 -83.00  26.00  43.60
 -83.00  27.00  43.13
 -82.00 -37.00  45.83
 -82.00 -36.00  47.88
 -82.00 -35.00  51.28
 -82.00 -34.00  56.11
 -82.00 -33.00  62.25
 -82.00 -32.00  69.43
 -82.00 -31.00  77.17
 -82.00 -30.00  84.87
 -82.00 -29.00  91.88
 -82.00 -28.00  97.57
 -82.00 -27.00 101.41
 -82.00 -26.00 103.12
 -82.00 -25.00 102.62
 -82.00 -24.00 100.12
 -82.00 -23.00  96.04
 -82.00 -22.00  90.95
 -82.00 -21.00  85.49
 -82.00 -20.00  80.25
 -82.00 -19.00  75.68
 -82.00 -18.00  72.07
 -82.00 -17.00  69.47
 -82.00 -16.00  67.79
 -82.00 -15.00  66.78
 -82.00 -14.00  66.16
 -82.00 -13.00  65.67
 -82.00 -12.00  65.16
 -82.00 -11.00  64.63
 -82.00 -10.00  64.17
 -82.00  -9.00  64.04
 -82.00  -8.00  64.50
 -82.00  -7.00  65.82
 -82.00  -6.00  68.14
 -82.00  -5.00  71.47
 -82.00  -4.00  75.65
 -82.00  -3.00  80.32
 -82.00  -2.00  85.01
 -82.00  -1.00  89.18
 -82.00   0.00  92.31
 -82.00   1.00  93.95
 -82.00   2.00  93.82
 -82.00   3.00  91.80
 -82.00   4.00  88.02
 -82.00   5.00  82.76
 -82.00   6.00  76.45
 -82.00   7.00  69.63
 -82.00   8.00  62.83
 -82.00   9.00  56.54
 -82.00  10.00  51.19
 -82.00  11.00  47.03
 -82.00  12.00  44.19
 -82.00  13.00  42.66
 -82.00  14.00  42.29
 -82.00  15.00  42.82
 -82.00  16.00  43.95
 -82.00  17.00  45.35
 -82.00  18.00  46.70
 -82.00  19.00  47.75
 -82.00  20.00  48.31
 -82.00  21.00  48.27
 -82.00  22.00  47.66
 -82.00  23.00  46.58
 -82.00  24.00  45.24
 -82.00  25.00  43.90
 -82.00  26.00  42.88
 -82.00  27.00  42.51
 -81.00 -37.00  45.70
 -81.00 -36.00  47.88
 -81.00 -35.00  51.45
 -81.00 -34.00  56.46
 -81.00 -33.00  62.79
 -81.00 -32.00  70.12
 -81.00 -31.00  77.97
 -81.00 -30.00  85.71
 -81.00 -29.00  92.66
 -81.00 -28.00  98.19
 -81.00 -27.00 101.80
 -81.00 -26.00 103.21
 -81.00 -25.00 102.37
 -81.00 -24.00  99.53
 -81.00 -23.00  95.14
 -81.00 -22.00  89.79
 -81.00 -21.00  84.13
 -81.00 -20.00  78.77
 -81.00 -19.00  74.15
 -81.00 -18.00  70.54
 -81.00 -17.00  67.99
 -81.00 -16.00  66.36
 -81.00 -15.00  65.40
 -81.00 -14.00  64.81
 -81.00 -13.00  64.34
 -81.00 -12.00  63.84
 -81.00 -11.00  63.31
 -81.00 -10.00  62.87
 -81.00  -9.00  62.79
 -81.00  -8.00  63.34
 -81.00  -7.00  64.79
 -81.00  -6.00  67.30
 -81.00  -5.00  70.85
 -81.00  -4.00  75.27
 -81.00  -3.00  80.18
 -81.00  -2.00  85.10
 -81.00  -1.00  89.45
 -81.00   0.00  92.69
 -81.00   1.00  94.37
 -81.00   2.00  94.21
 -81.00   3.00  92.11
 -81.00   4.00  88.19
 -81.00   5.00  82.77
 -81.00   6.00  76.29
 -81.00   7.00  69.31
 -81.00   8.00  62.37
 -81.00   9.00  55.99
 -81.00  10.00  50.58
 -81.00  11.00  46.41
 -81.00  12.00  43.59
 -81.00  13.00  42.10
 -81.00  14.00  41.78
 -81.00  15.00  42.37
 -81.00  16.00  43.54
 -81.00  17.00  44.97
 -81.00  18.00  46.33
 -81.00  19.00  47.35
 -81.00  20.00  47.87
 -81.00  21.00  47.78
 -81.00  22.00  47.10
 -81.00  23.00  45.97
 -81.00  24.00  44.58
 -81.00  25.00  43.23
 -81.00  26.00  42.23
 -81.00  27.00  41.94
 -80.00 -37.00  45.55
 -80.00 -36.00  47.83
 -80.00 -35.00  51.52
 -80.00 -34.00  56.68
 -80.00 -33.00  63.16
 -80.00 -32.00  70.63
 -80.00 -31.00  78.57
 -80.00 -30.00  86.35
 -80.00 -29.00  93.27
 -80.00 -28.00  98.69
 -80.00 -27.00 102.13
 -80.00 -26.00 103.29
 -80.00 -25.00 102.19
 -80.00 -24.00  99.06
 -80.00 -23.00  94.39
 -80.00 -22.00  88.79
 -80.00 -21.00  82.95
 -80.00 -20.00  77.46
 -80.00 -19.00  72.77
 -80.00 -18.00  69.13
 -80.00 -17.00  66.59
 -80.00 -16.00  65.00
 -80.00 -15.00  64.07
 -80.00 -14.00  63.52
 -80.00 -13.00  63.07
 -80.00 -12.00  62.57
 -80.00 -11.00  62.04
 -80.00 -10.00  61.62
 -80.00  -9.00  61.57
 -80.00  -8.00  62.19
 -80.00  -7.00  63.77
 -80.00  -6.00  66.44
 -80.00  -5.00  70.21
 -80.00  -4.00  74.87
 -80.00  -3.00  80.03
 -80.00  -2.00  85.17
 -80.00  -1.00  89.72
 -80.00   0.00  93.11
 -80.00   1.00  94.88
 -80.00   2.00  94.73
 -80.00   3.00  92.57
 -80.00   4.00  88.54
 -80.00   5.00  82.97
 -80.00   6.00  76.33
 -80.00   7.00  69.18
 -80.00   8.00  62.10
 -80.00   9.00  55.60
 -80.00  10.00  50.11
 -80.00  11.00  45.90
 -80.00  12.00  43.07
 -80.00  13.00  41.60
 -80.00  14.00  41.31
 -80.00  15.00  41.93
 -80.00  16.00  43.14
 -80.00  17.00  44.58
 -80.00  18.00  45.94
 -80.00  19.00  46.96
 -80.00  20.00  47.44
 -80.00  21.00  47.31
 -80.00  22.00  46.59
 -80.00  23.00  45.41
 -80.00  24.00  43.99
 -80.00  25.00  42.63
 -80.00  26.00  41.65
 -80.00  27.00  41.41
 -79.00 -37.00  45.36
 -79.00 -36.00  47.71
 -79.00 -35.00  51.51
 -79.00 -34.00  56.79
 -79.00 -33.00  63.39
 -79.00 -32.00  70.98
 -79.00 -31.00  79.01
 -79.00 -30.00  86.84
 -79.00 -29.00  93.75
 -79.00 -28.00  99.11
 -79.00 -27.00 102.41
 -79.00 -26.00 103.40
 -79.00 -25.00 102.07
 -79.00 -24.00  98.69
 -79.00 -23.00  93.77
 -79.00 -22.00  87.96
 -79.00 -21.00  81.93
 -79.00 -20.00  76.29
 -79.00 -19.00  71.51
 -79.00 -18.00  67.83
 -79.00 -17.00  65.28
 -79.00 -16.00  63.70
 -79.00 -15.00  62.81
 -79.00 -14.00  62.27
 -79.00 -13.00  61.83
 -79.00 -12.00  61.34
 -79.00 -11.00  60.81
 -79.00 -10.00  60.40
 -79.00  -9.00  60.38
 -79.00  -8.00  61.07
 -79.00  -7.00  62.76
 -79.00  -6.00  65.59
 -79.00  -5.00  69.56
 -79.00  -4.00  74.45
 -79.00  -3.00  79.86
 -79.00  -2.00  85.25
 -79.00  -1.00  90.02
 -79.00   0.00  93.58
 -79.00   1.00  95.46
 -79.00   2.00  95.35
 -79.00   3.00  93.16
 -79.00   4.00  89.04
 -79.00   5.00  83.33
 -79.00   6.00  76.53
 -79.00   7.00  69.21
 -79.00   8.00  61.97
 -79.00   9.00  55.34
 -79.00  10.00  49.75
 -79.00  11.00  45.48
 -79.00  12.00  42.62
 -79.00  13.00  41.15
 -79.00  14.00  40.87
 -79.00  15.00  41.51
 -79.00  16.00  42.74
 -79.00  17.00  44.19
 -79.00  18.00  45.56
 -79.00  19.00  46.56
 -79.00  20.00  47.03
 -79.00  21.00  46.87
 -79.00  22.00  46.12
 -79.00  23.00  44.91
 -79.00  24.00  43.47
 -79.00  25.00  42.09
 -79.00  26.00  41.13
 -79.00  27.00  40.92
 -78.00 -37.00  45.17
 -78.00 -36.00  47.56
 -78.00 -35.00  51.43
 -78.00 -34.00  56.80
 -78.00 -33.00  63.52
 -78.00 -32.00  71.21
 -78.00 -31.00  79.33
 -78.00 -30.00  87.22
 -78.00 -29.00  94.15
 -78.00 -28.00  99.47
 -78.00 -27.00 102.69
 -78.00 -26.00 103.53
 -78.00 -25.00 102.01
 -78.00 -24.00  98.43
 -78.00 -23.00  93.29
 -78.00 -22.00  87.26
 -78.00 -21.00  81.04
 -78.00 -20.00  75.25
 -78.00 -19.00  70.37
 -78.00 -18.00  66.63
 -78.00 -17.00  64.05
 -78.00 -16.00  62.47
 -78.00 -15.00  61.59
 -78.00 -14.00  61.07
 -78.00 -13.00  60.65
 -78.00 -12.00  60.16
 -78.00 -11.00  59.63
 -78.00 -10.00  59.23
 -78.00  -9.00  59.24
 -78.00  -8.00  59.98
 -78.00  -7.00  61.77
 -78.00  -6.00  64.75
 -78.00  -5.00  68.91
 -78.00  -4.00  74.03
 -78.00  -3.00  79.70
 -78.00  -2.00  85.35
 -78.00  -1.00  90.36
 -78.00   0.00  94.11
 -78.00   1.00  96.12
 -78.00   2.00  96.06
 -78.00   3.00  93.86
 -78.00   4.00  89.66
 -78.00   5.00  83.82
 -78.00   6.00  76.85
 -78.00   7.00  69.36
 -78.00   8.00  61.95
 -78.00   9.00  55.18
 -78.00  10.00  49.48
 -78.00  11.00  45.12
 -78.00  12.00  42.23
 -78.00  13.00  40.73
 -78.00  14.00  40.46
 -78.00  15.00  41.11
 -78.00  16.00  42.34
 -78.00  17.00  43.81
 -78.00  18.00  45.17
 -78.00  19.00  46.17
 -78.00  20.00  46.63
 -78.00  21.00  46.45
 -78.00  22.00  45.68
 -78.00  23.00  44.45
 -78.00  24.00  42.99
 -78.00  25.00  41.61
 -78.00  26.00  40.65
 -78.00  27.00  40.47
 -77.00 -37.00  44.96
 -77.00 -36.00  47.39
 -77.00 -35.00  51.31
 -77.00 -34.00  56.75
 -77.00 -33.00  63.55
 -77.00 -32.00  71.34
 -77.00 -31.00  79.55
 -77.00 -30.00  87.51
 -77.00 -29.00  94.48
 -77.00 -28.00  99.80
 -77.00 -27.00 102.96
 -77.00 -26.00 103.69
 -77.00 -25.00 102.03
 -77.00 -24.00  98.26
 -77.00 -23.00  92.92
 -77.00 -22.00  86.69
 -77.00 -21.00  80.28
 -77.00 -20.00  74.34
 -77.00 -19.00  69.33
 -77.00 -18.00  65.51
 -77.00 -17.00  62.89
 -77.00 -16.00  61.30
 -77.00 -15.00  60.42
 -77.00 -14.00  59.92
 -77.00 -13.00  59.51
 -77.00 -12.00  59.03
 -77.00 -11.00  58.50
 -77.00 -10.00  58.10
 -77.00  -9.00  58.13
 -77.00  -8.00  58.93
 -77.00  -7.00  60.80
 -77.00  -6.00  63.92
 -77.00  -5.00  68.28
 -77.00  -4.00  73.63
 -77.00  -3.00  79.56
 -77.00  -2.00  85.48
 -77.00  -1.00  90.73
 -77.00   0.00  94.69
 -77.00   1.00  96.84
 -77.00   2.00  96.86
 -77.00   3.00  94.65
 -77.00   4.00  90.38
 -77.00   5.00  84.41
 -77.00   6.00  77.27
 -77.00   7.00  69.59
 -77.00   8.00  62.01
 -77.00   9.00  55.09
 -77.00  10.00  49.26
 -77.00  11.00  44.82
 -77.00  12.00  41.88
 -77.00  13.00  40.36
 -77.00  14.00  40.07
 -77.00  15.00  40.73
 -77.00  16.00  41.97
 -77.00  17.00  43.43
 -77.00  18.00  44.80
 -77.00  19.00  45.79
 -77.00  20.00  46.24
 -77.00  21.00  46.05
 -77.00  22.00  45.27
 -77.00  23.00  44.04
 -77.00  24.00  42.57
 -77.00  25.00  41.18
 -77.00  26.00  40.22
 -77.00  27.00  40.05
 -76.00 -37.00  45.10
 -76.00 -36.00  47.46
 -76.00 -35.00  51.32
 -76.00 -34.00  56.69
 -76.00 -33.00  63.42
 -76.00 -32.00  71.14
 -76.00 -31.00  79.29
 -76.00 -30.00  87.18
 -76.00 -29.00  94.10
 -76.00 -28.00  99.36
 -76.00 -27.00 102.46
 -76.00 -26.00 103.12
 -76.00 -25.00 101.37
 -76.00 -24.00  97.49
 -76.00 -23.00  92.03
 -76.00 -22.00  85.67
 -76.00 -21.00  79.13
 -76.00 -20.00  73.05
 -76.00 -19.00  67.92
 -76.00 -18.00  64.00
 -76.00 -17.00  61.31
 -76.00 -16.00  59.68
 -76.00 -15.00  58.79
 -76.00 -14.00  58.29
 -76.00 -13.00  57.91
 -76.00 -12.00  57.47
 -76.00 -11.00  56.98
 -76.00 -10.00  56.62
 -76.00  -9.00  56.70
 -76.00  -8.00  57.56
 -76.00  -7.00  59.50
 -76.00  -6.00  62.72
 -76.00  -5.00  67.20
 -76.00  -4.00  72.72
 -76.00  -3.00  78.83
 -76.00  -2.00  84.94
 -76.00  -1.00  90.37
 -76.00   0.00  94.49
 -76.00   1.00  96.76
 -76.00   2.00  96.84
 -76.00   3.00  94.64
 -76.00   4.00  90.31
 -76.00   5.00  84.23
 -76.00   6.00  76.95
 -76.00   7.00  69.11
 -76.00   8.00  61.36
 -76.00   9.00  54.30
 -76.00  10.00  48.37
 -76.00  11.00  43.86
 -76.00  12.00  40.89
 -76.00  13.00  39.37
 -76.00  14.00  39.12
 -76.00  15.00  39.82
 -76.00  16.00  41.11
 -76.00  17.00  42.63
 -76.00  18.00  44.03
 -76.00  19.00  45.05
 -76.00  20.00  45.50
 -76.00  21.00  45.31
 -76.00  22.00  44.51
 -76.00  23.00  43.24
 -76.00  24.00  41.72
 -76.00  25.00  40.28
 -76.00  26.00  39.26
 -76.00  27.00  39.04
 -75.00 -37.00  45.25
 -75.00 -36.00  47.53
 -75.00 -35.00  51.29
 -75.00 -34.00  56.56
 -75.00 -33.00  63.19
 -75.00 -32.00  70.82
 -75.00 -31.00  78.89
 -75.00 -30.00  86.73
 -75.00 -29.00  93.60
 -75.00 -28.00  98.83
 -75.00 -27.00 101.90
 -75.00 -26.00 102.54
 -75.00 -25.00 100.74
 -75.00 -24.00  96.80
 -75.00 -23.00  91.26
 -75.00 -22.00  84.78
 -75.00 -21.00  78.10
 -75.00 -20.00  71.88
 -75.00 -19.00  66.62
 -75.00 -18.00  62.58
 -75.00 -17.00  59.80
 -75.00 -16.00  58.11
 -75.00 -15.00  57.19
 -75.00 -14.00  56.70
 -75.00 -13.00  56.34
 -75.00 -12.00  55.94
 -75.00 -11.00  55.49
 -75.00 -10.00  55.18
 -75.00  -9.00  55.29
 -75.00  -8.00  56.20
 -75.00  -7.00  58.20
 -75.00  -6.00  61.50
 -75.00  -5.00  66.09
 -75.00  -4.00  71.75
 -75.00  -3.00  78.02
 -75.00  -2.00  84.32
 -75.00  -1.00  89.95
 -75.00   0.00  94.24
 -75.00   1.00  96.65
 -75.00   2.00  96.82
 -75.00   3.00  94.64
 -75.00   4.00  90.27
 -75.00   5.00  84.09
 -75.00   6.00  76.68
 -75.00   7.00  68.68
 -75.00   8.00  60.77
 -75.00   9.00  53.57
 -75.00  10.00  47.52
 -75.00  11.00  42.94
 -75.00  12.00  39.92
 -75.00  13.00  38.40
 -75.00  14.00  38.17
 -75.00  15.00  38.91
 -75.00  16.00  40.24
 -75.00  17.00  41.80
 -75.00  18.00  43.24
 -75.00  19.00  44.28
 -75.00  20.00  44.76
 -75.00  21.00  44.57
 -75.00  22.00  43.76
 -75.00  23.00  42.46
 -75.00  24.00  40.91
 -75.00  25.00  39.41
 -75.00  26.00  38.33
 -75.00  27.00  38.04
 -74.00 -37.00  45.40
 -74.00 -36.00  47.57
 -74.00 -35.00  51.19
 -74.00 -34.00  56.32
 -74.00 -33.00  62.82
 -74.00 -32.00  70.33
 -74.00 -31.00  78.32
 -74.00 -30.00  86.10
 -74.00 -29.00  92.95
 -74.00 -28.00  98.19
 -74.00 -27.00 101.29
 -74.00 -26.00 101.95
 -74.00 -25.00 100.17
 -74.00 -24.00  96.22
 -74.00 -23.00  90.62
 -74.00 -22.00  84.05
 -74.00 -21.00  77.25
 -74.00 -20.00  70.88
 -74.00 -19.00  65.46
 -74.00 -18.00  61.28
 -74.00 -17.00  58.38
 -74.00 -16.00  56.60
 -74.00 -15.00  55.64
 -74.00 -14.00  55.15
 -74.00 -13.00  54.81
 -74.00 -12.00  54.45
 -74.00 -11.00  54.05
 -74.00 -10.00  53.77
 -74.00  -9.00  53.92
 -74.00  -8.00  54.85
 -74.00  -7.00  56.89
 -74.00  -6.00  60.24
 -74.00  -5.00  64.91
 -74.00  -4.00  70.68
 -74.00  -3.00  77.11
 -74.00  -2.00  83.59
 -74.00  -1.00  89.42
 -74.00   0.00  93.91
 -74.00   1.00  96.49
 -74.00   2.00  96.78
 -74.00   3.00  94.66
 -74.00   4.00  90.29
 -74.00   5.00  84.04
 -74.00   6.00  76.51
 -74.00   7.00  68.36
 -74.00   8.00  60.29
 -74.00   9.00  52.93
 -74.00  10.00  46.76
 -74.00  11.00  42.08
 -74.00  12.00  39.00
 -74.00  13.00  37.46
 -74.00  14.00  37.23
 -74.00  15.00  37.99
 -74.00  16.00  39.35
 -74.00  17.00  40.95
 -74.00  18.00  42.42
 -74.00  19.00  43.50
 -74.00  20.00  43.99
 -74.00  21.00  43.83
 -74.00  22.00  43.03
 -74.00  23.00  41.72
 -74.00  24.00  40.14
 -74.00  25.00  38.59
 -74.00  26.00  37.43
 -74.00  27.00  37.06
 -73.00 -37.00  45.56
 -73.00 -36.00  47.57
 -73.00 -35.00  51.01
 -73.00 -34.00  55.96
 -73.00 -33.00  62.28
 -73.00 -32.00  69.65
 -73.00 -31.00  77.53
 -73.00 -30.00  85.26
 -73.00 -29.00  92.12
 -73.00 -28.00  97.41
 -73.00 -27.00 100.60
 -73.00 -26.00 101.37
 -73.00 -25.00  99.68
 -73.00 -24.00  95.78
 -73.00 -23.00  90.18
 -73.00 -22.00  83.54
 -73.00 -21.00  76.62
 -73.00 -20.00  70.09
 -73.00 -19.00  64.49
 -73.00 -18.00  60.12
 -73.00 -17.00  57.07
 -73.00 -16.00  55.18
 -73.00 -15.00  54.16
 -73.00 -14.00  53.64
 -73.00 -13.00  53.33
 -73.00 -12.00  53.00
 -73.00 -11.00  52.64
 -73.00 -10.00  52.40
 -73.00  -9.00  52.57
 -73.00  -8.00  53.51
 -73.00  -7.00  55.55
 -73.00  -6.00  58.91
 -73.00  -5.00  63.62
 -73.00  -4.00  69.48
 -73.00  -3.00  76.05
 -73.00  -2.00  82.71
 -73.00  -1.00  88.75
 -73.00   0.00  93.47
 -73.00   1.00  96.26
 -73.00   2.00  96.72
 -73.00   3.00  94.72
 -73.00   4.00  90.39
 -73.00   5.00  84.12
 -73.00   6.00  76.50
 -73.00   7.00  68.21
 -73.00   8.00  59.98
 -73.00   9.00  52.45
 -73.00  10.00  46.12
 -73.00  11.00  41.32
 -73.00  12.00  38.15
 -73.00  13.00  36.55
 -73.00  14.00  36.30
 -73.00  15.00  37.05
 -73.00  16.00  38.44
 -73.00  17.00  40.06
 -73.00  18.00  41.57
 -73.00  19.00  42.68
 -73.00  20.00  43.22
 -73.00  21.00  43.09
 -73.00  22.00  42.32
 -73.00  23.00  41.02
 -73.00  24.00  39.43
 -73.00  25.00  37.83
 -73.00  26.00  36.60
 -73.00  27.00  36.11
 -72.00 -37.00  45.71
 -72.00 -36.00  47.52
 -72.00 -35.00  50.74
 -72.00 -34.00  55.45
 -72.00 -33.00  61.55
 -72.00 -32.00  68.73
 -72.00 -31.00  76.49
 -72.00 -30.00  84.18
 -72.00 -29.00  91.07
 -72.00 -28.00  96.48
 -72.00 -27.00  99.83
 -72.00 -26.00 100.79
 -72.00 -25.00  99.27
 -72.00 -24.00  95.50
 -72.00 -23.00  89.96
 -72.00 -22.00  83.30
 -72.00 -21.00  76.27
 -72.00 -20.00  69.57
 -72.00 -19.00  63.75
 -72.00 -18.00  59.16
 -72.00 -17.00  55.90
 -72.00 -16.00  53.86
 -72.00 -15.00  52.74
 -72.00 -14.00  52.19
 -72.00 -13.00  51.89
 -72.00 -12.00  51.60
 -72.00 -11.00  51.29
 -72.00 -10.00  51.08
 -72.00  -9.00  51.26
 -72.00  -8.00  52.17
 -72.00  -7.00  54.17
 -72.00  -6.00  57.50
 -72.00  -5.00  62.21
 -72.00  -4.00  68.10
 -72.00  -3.00  74.78
 -72.00  -2.00  81.61
 -72.00  -1.00  87.89
 -72.00   0.00  92.87
 -72.00   1.00  95.93
 -72.00   2.00  96.64
 -72.00   3.00  94.83
 -72.00   4.00  90.62
 -72.00   5.00  84.38
 -72.00   6.00  76.70
 -72.00   7.00  68.29
 -72.00   8.00  59.89
 -72.00   9.00  52.17
 -72.00  10.00  45.66
 -72.00  11.00  40.69
 -72.00  12.00  37.39
 -72.00  13.00  35.69
 -72.00  14.00  35.38
 -72.00  15.00  36.11
 -72.00  16.00  37.49
 -72.00  17.00  39.13
 -72.00  18.00  40.67
 -72.00  19.00  41.84
 -72.00  20.00  42.43
 -72.00  21.00  42.36
 -72.00  22.00  41.64
 -72.00  23.00  40.38
 -72.00  24.00  38.79
 -72.00  25.00  37.15
 -72.00  26.00  35.83
 -72.00  27.00  35.21
 -71.00 -37.00  45.87
 -71.00 -36.00  47.44
 -71.00 -35.00  50.39
 -71.00 -34.00  54.80
 -71.00 -33.00  60.62
 -71.00 -32.00  67.57
 -71.00 -31.00  75.18
 -71.00 -30.00  82.82
 -71.00 -29.00  89.79
 -71.00 -28.00  95.36
 -71.00 -27.00  98.96
 -71.00 -26.00 100.19
 -71.00 -25.00  98.95
 -71.00 -24.00  95.40
 -71.00 -23.00  89.99
 -71.00 -22.00  83.36
 -71.00 -21.00  76.24
 -71.00 -20.00  69.35
 -71.00 -19.00  63.28
 -71.00 -18.00  58.42
 -71.00 -17.00  54.91
 -71.00 -16.00  52.66
 -71.00 -15.00  51.41
 -71.00 -14.00  50.80
 -71.00 -13.00  50.50
 -71.00 -12.00  50.25
 -71.00 -11.00  49.99
 -71.00 -10.00  49.81
 -71.00  -9.00  49.97
 -71.00  -8.00  50.83
 -71.00  -7.00  52.76
 -71.00  -6.00  56.00
 -71.00  -5.00  60.64
 -71.00  -4.00  66.53
 -71.00  -3.00  73.27
 -71.00  -2.00  80.27
 -71.00  -1.00  86.79
 -71.00   0.00  92.08
 -71.00   1.00  95.48
 -71.00   2.00  96.52
 -71.00   3.00  94.99
 -71.00   4.00  90.97
 -71.00   5.00  84.83
 -71.00   6.00  77.15
 -71.00   7.00  68.64
 -71.00   8.00  60.08
 -71.00   9.00  52.15
 -71.00  10.00  45.40
 -71.00  11.00  40.22
 -71.00  12.00  36.73
 -71.00  13.00  34.89
 -71.00  14.00  34.48
 -71.00  15.00  35.15
 -71.00  16.00  36.51
 -71.00  17.00  38.15
 -71.00  18.00  39.73
 -71.00  19.00  40.96
 -71.00  20.00  41.63
 -71.00  21.00  41.64
 -71.00  22.00  41.00
 -71.00  23.00  39.80
 -71.00  24.00  38.23
 -71.00  25.00  36.57
 -71.00  26.00  35.16
 -71.00  27.00  34.37
 -70.00 -37.00  46.06
 -70.00 -36.00  47.35
 -70.00 -35.00  49.97
 -70.00 -34.00  54.03
 -70.00 -33.00  59.52
 -70.00 -32.00  66.19
 -70.00 -31.00  73.62
 -70.00 -30.00  81.21
 -70.00 -29.00  88.25
 -70.00 -28.00  94.03
 -70.00 -27.00  97.94
 -70.00 -26.00  99.55
 -70.00 -25.00  98.68
 -70.00 -24.00  95.45
 -70.00 -23.00  90.26
 -70.00 -22.00  83.71
 -70.00 -21.00  76.54
 -70.00 -20.00  69.47
 -70.00 -19.00  63.13
 -70.00 -18.00  57.95
 -70.00 -17.00  54.13
 -70.00 -16.00  51.62
 -70.00 -15.00  50.19
 -70.00 -14.00  49.48
 -70.00 -13.00  49.16
 -70.00 -12.00  48.95
 -70.00 -11.00  48.73
 -70.00 -10.00  48.58
 -70.00  -9.00  48.72
 -70.00  -8.00  49.51
 -70.00  -7.00  51.31
 -70.00  -6.00  54.42
 -70.00  -5.00  58.94
 -70.00  -4.00  64.76
 -70.00  -3.00  71.53
 -70.00  -2.00  78.66
 -70.00  -1.00  85.43
 -70.00   0.00  91.07
 -70.00   1.00  94.87
 -70.00   2.00  96.32
 -70.00   3.00  95.17
 -70.00   4.00  91.45
 -70.00   5.00  85.49
 -70.00   6.00  77.86
 -70.00   7.00  69.29
 -70.00   8.00  60.56
 -70.00   9.00  52.40
 -70.00  10.00  45.39
 -70.00  11.00  39.94
 -70.00  12.00  36.21
 -70.00  13.00  34.17
 -70.00  14.00  33.61
 -70.00  15.00  34.18
 -70.00  16.00  35.49
 -70.00  17.00  37.14
 -70.00  18.00  38.75
 -70.00  19.00  40.04
 -70.00  20.00  40.80
 -70.00  21.00  40.92
 -70.00  22.00  40.38
 -70.00  23.00  39.27
 -70.00  24.00  37.76
 -70.00  25.00  36.09
 -70.00  26.00  34.59
 -70.00  27.00  33.63
 -69.00 -37.00  46.28
 -69.00 -36.00  47.28
 -69.00 -35.00  49.53
 -69.00 -34.00  53.20
 -69.00 -33.00  58.29
 -69.00 -32.00  64.63
 -69.00 -31.00  71.84
 -69.00 -30.00  79.34
 -69.00 -29.00  86.46
 -69.00 -28.00  92.48
 -69.00 -27.00  96.76
 -69.00 -26.00  98.82
 -69.00 -25.00  98.42
 -69.00 -24.00  95.61
 -69.00 -23.00  90.74
 -69.00 -22.00  84.35
 -69.00 -21.00  77.18
 -69.00 -20.00  69.94
 -69.00 -19.00  63.32
 -69.00 -18.00  57.79
 -69.00 -17.00  53.60
 -69.00 -16.00  50.77
 -69.00 -15.00  49.09
 -69.00 -14.00  48.25
 -69.00 -13.00  47.88
 -69.00 -12.00  47.69
 -69.00 -11.00  47.52
 -69.00 -10.00  47.39
 -69.00  -9.00  47.52
 -69.00  -8.00  48.22
 -69.00  -7.00  49.87
 -69.00  -6.00  52.78
 -69.00  -5.00  57.12
 -69.00  -4.00  62.82
 -69.00  -3.00  69.56
 -69.00  -2.00  76.80
 -69.00  -1.00  83.81
 -69.00   0.00  89.81
 -69.00   1.00  94.08
 -69.00   2.00  96.02
 -69.00   3.00  95.34
 -69.00   4.00  92.01
 -69.00   5.00  86.32
 -69.00   6.00  78.82
 -69.00   7.00  70.23
 -69.00   8.00  61.35
 -69.00   9.00  52.94
 -69.00  10.00  45.64
 -69.00  11.00  39.87
 -69.00  12.00  35.84
 -69.00  13.00  33.55
 -69.00  14.00  32.79
 -69.00  15.00  33.22
 -69.00  16.00  34.46
 -69.00  17.00  36.09
 -69.00  18.00  37.73
 -69.00  19.00  39.08
 -69.00  20.00  39.94
 -69.00  21.00  40.18
 -69.00  22.00  39.78
 -69.00  23.00  38.79
 -69.00  24.00  37.35
 -69.00  25.00  35.70
 -69.00  26.00  34.13
 -69.00  27.00  32.99
 -68.00 -37.00  46.57
 -68.00 -36.00  47.25
 -68.00 -35.00  49.11
 -68.00 -34.00  52.34
 -68.00 -33.00  57.00
 -68.00 -32.00  62.96
 -68.00 -31.00  69.89
 -68.00 -30.00  77.26
 -68.00 -29.00  84.44
 -68.00 -28.00  90.71
 -68.00 -27.00  95.39
 -68.00 -26.00  97.96
 -68.00 -25.00  98.11
 -68.00 -24.00  95.83
 -68.00 -23.00  91.36
 -68.00 -22.00  85.23
 -68.00 -21.00  78.11
 -68.00 -20.00  70.75
 -68.00 -19.00  63.84
 -68.00 -18.00  57.93
 -68.00 -17.00  53.34
 -68.00 -16.00  50.13
 -68.00 -15.00  48.16
 -68.00 -14.00  47.13
 -68.00 -13.00  46.68
 -68.00 -12.00  46.49
 -68.00 -11.00  46.35
 -68.00 -10.00  46.26
 -68.00  -9.00  46.36
 -68.00  -8.00  46.97
 -68.00  -7.00  48.45
 -68.00  -6.00  51.14
 -68.00  -5.00  55.25
 -68.00  -4.00  60.76
 -68.00  -3.00  67.41
 -68.00  -2.00  74.71
 -68.00  -1.00  81.94
 -68.00   0.00  88.32
 -68.00   1.00  93.07
 -68.00   2.00  95.58
 -68.00   3.00  95.45
 -68.00   4.00  92.60
 -68.00   5.00  87.28
 -68.00   6.00  79.98
 -68.00   7.00  71.43
 -68.00   8.00  62.42
 -68.00   9.00  53.77
 -68.00  10.00  46.14
 -68.00  11.00  40.01
 -68.00  12.00  35.63
 -68.00  13.00  33.03
 -68.00  14.00  32.03
 -68.00  15.00  32.29
 -68.00  16.00  33.43
 -68.00  17.00  35.01
 -68.00  18.00  36.67
 -68.00  19.00  38.09
 -68.00  20.00  39.05
 -68.00  21.00  39.43
 -68.00  22.00  39.17
 -68.00  23.00  38.32
 -68.00  24.00  37.00
 -68.00  25.00  35.39
 -68.00  26.00  33.77
 -68.00  27.00  32.48
 -67.00 -37.00  46.93
 -67.00 -36.00  47.30
 -67.00 -35.00  48.76
 -67.00 -34.00  51.53
 -67.00 -33.00  55.72
 -67.00 -32.00  61.24
 -67.00 -31.00  67.83
 -67.00 -30.00  75.04
 -67.00 -29.00  82.23
 -67.00 -28.00  88.72
 -67.00 -27.00  93.81
 -67.00 -26.00  96.93
 -67.00 -25.00  97.71
 -67.00 -24.00  96.02
 -67.00 -23.00  92.06
 -67.00 -22.00  86.27
 -67.00 -21.00  79.29
 -67.00 -20.00  71.86
 -67.00 -19.00  64.70
 -67.00 -18.00  58.41
 -67.00 -17.00  53.37
 -67.00 -16.00  49.73
 -67.00 -15.00  47.41
 -67.00 -14.00  46.14
 -67.00 -13.00  45.56
 -67.00 -12.00  45.34
 -67.00 -11.00  45.24
 -67.00 -10.00  45.17
 -67.00  -9.00  45.27
 -67.00  -8.00  45.78
 -67.00  -7.00  47.08
 -67.00  -6.00  49.53
 -67.00  -5.00  53.36
 -67.00  -4.00  58.63
 -67.00  -3.00  65.14
 -67.00  -2.00  72.44
 -67.00  -1.00  79.85
 -67.00   0.00  86.59
 -67.00   1.00  91.85
 -67.00   2.00  94.96
 -67.00   3.00  95.46
 -67.00   4.00  93.18
 -67.00   5.00  88.31
 -67.00   6.00  81.29
 -67.00   7.00  72.83
 -67.00   8.00  63.74
 -67.00   9.00  54.85
 -67.00  10.00  46.88
 -67.00  11.00  40.36
 -67.00  12.00  35.60
 -67.00  13.00  32.64
 -67.00  14.00  31.35
 -67.00  15.00  31.41
 -67.00  16.00  32.41
 -67.00  17.00  33.93
 -67.00  18.00  35.59
 -67.00  19.00  37.07
 -67.00  20.00  38.13
 -67.00  21.00  38.65
 -67.00  22.00  38.55
 -67.00  23.00  37.86
 -67.00  24.00  36.67
 -67.00  25.00  35.15
 -67.00  26.00  33.52
 -67.00  27.00  32.09
 -66.00 -37.00  47.37
 -66.00 -36.00  47.45
 -66.00 -35.00  48.51
 -66.00 -34.00  50.81
 -66.00 -33.00  54.49
 -66.00 -32.00  59.53
 -66.00 -31.00  65.74
 -66.00 -30.00  72.70
 -66.00 -29.00  79.86
 -66.00 -28.00  86.54
 -66.00 -27.00  92.02
 -66.00 -26.00  95.71
 -66.00 -25.00  97.14
 -66.00 -24.00  96.13
 -66.00 -23.00  92.76
 -66.00 -22.00  87.41
 -66.00 -21.00  80.66
 -66.00 -20.00  73.24
 -66.00 -19.00  65.87
 -66.00 -18.00  59.21
 -66.00 -17.00  53.72
 -66.00 -16.00  49.61
 -66.00 -15.00  46.88
 -66.00 -14.00  45.30
 -66.00 -13.00  44.55
 -66.00 -12.00  44.26
 -66.00 -11.00  44.17
 -66.00 -10.00  44.14
 -66.00  -9.00  44.23
 -66.00  -8.00  44.66
 -66.00  -7.00  45.79
 -66.00  -6.00  47.98
 -66.00  -5.00  51.51
 -66.00  -4.00  56.49
 -66.00  -3.00  62.80
 -66.00  -2.00  70.04
 -66.00  -1.00  77.58
 -66.00   0.00  84.65
 -66.00   1.00  90.42
 -66.00   2.00  94.15
 -66.00   3.00  95.32
 -66.00   4.00  93.69
 -66.00   5.00  89.35
 -66.00   6.00  82.70
 -66.00   7.00  74.40
 -66.00   8.00  65.28
 -66.00   9.00  56.18
 -66.00  10.00  47.86
 -66.00  11.00  40.93
 -66.00  12.00  35.74
 -66.00  13.00  32.39
 -66.00  14.00  30.77
 -66.00  15.00  30.58
 -66.00  16.00  31.42
 -66.00  17.00  32.86
 -66.00  18.00  34.51
 -66.00  19.00  36.03
 -66.00  20.00  37.19
 -66.00  21.00  37.83
 -66.00  22.00  37.90
 -66.00  23.00  37.38
 -66.00  24.00  36.35
 -66.00  25.00  34.94
 -66.00  26.00  33.34
 -66.00  27.00  31.83
 -65.00 -37.00  47.89
 -65.00 -36.00  47.69
 -65.00 -35.00  48.37
 -65.00 -34.00  50.19
 -65.00 -33.00  53.35
 -65.00 -32.00  57.88
 -65.00 -31.00  63.65
 -65.00 -30.00  70.31
 -65.00 -29.00  77.37
 -65.00 -28.00  84.17
 -65.00 -27.00  90.02
 -65.00 -26.00  94.25
 -65.00 -25.00  96.37
 -65.00 -24.00  96.09
 -65.00 -23.00  93.40
 -65.00 -22.00  88.59
 -65.00 -21.00  82.17
 -65.00 -20.00  74.84
 -65.00 -19.00  67.34
 -65.00 -18.00  60.34
 -65.00 -17.00  54.39
 -65.00 -16.00  49.79
 -65.00 -15.00  46.59
 -65.00 -14.00  44.65
 -65.00 -13.00  43.67
 -65.00 -12.00  43.27
 -65.00 -11.00  43.16
 -65.00 -10.00  43.16
 -65.00  -9.00  43.25
 -65.00  -8.00  43.62
 -65.00  -7.00  44.59
 -65.00  -6.00  46.51
 -65.00  -5.00  49.72
 -65.00  -4.00  54.38
 -65.00  -3.00  60.43
 -65.00  -2.00  67.55
 -65.00  -1.00  75.16
 -65.00   0.00  82.51
 -65.00   1.00  88.76
 -65.00   2.00  93.13
 -65.00   3.00  95.02
 -65.00   4.00  94.10
 -65.00   5.00  90.37
 -65.00   6.00  84.16
 -65.00   7.00  76.11
 -65.00   8.00  67.01
 -65.00   9.00  57.72
 -65.00  10.00  49.08
 -65.00  11.00  41.72
 -65.00  12.00  36.07
 -65.00  13.00  32.29
 -65.00  14.00  30.30
 -65.00  15.00  29.83
 -65.00  16.00  30.48
 -65.00  17.00  31.82
 -65.00  18.00  33.44
 -65.00  19.00  34.99
 -65.00  20.00  36.23
 -65.00  21.00  36.99
 -65.00  22.00  37.21
 -65.00  23.00  36.87
 -65.00  24.00  36.02
 -65.00  25.00  34.75
 -65.00  26.00  33.23
 -65.00  27.00  31.67
 -64.00 -37.00  48.47
 -64.00 -36.00  48.03
 -64.00 -35.00  48.35
 -64.00 -34.00  49.71
 -64.00 -33.00  52.33
 -64.00 -32.00  56.32
 -64.00 -31.00  61.59
 -64.00 -30.00  67.90
 -64.00 -29.00  74.78
 -64.00 -28.00  81.64
 -64.00 -27.00  87.79
 -64.00 -26.00  92.55
 -64.00 -25.00  95.36
 -64.00 -24.00  95.86
 -64.00 -23.00  93.92
 -64.00 -22.00  89.75
 -64.00 -21.00  83.77
 -64.00 -20.00  76.64
 -64.00 -19.00  69.08
 -64.00 -18.00  61.81
 -64.00 -17.00  55.42
 -64.00 -16.00  50.30
 -64.00 -15.00  46.60
 -64.00 -14.00  44.24
 -64.00 -13.00  42.95
 -64.00 -12.00  42.39
 -64.00 -11.00  42.23
 -64.00 -10.00  42.23
 -64.00  -9.00  42.33
 -64.00  -8.00  42.65
 -64.00  -7.00  43.47
 -64.00  -6.00  45.15
 -64.00  -5.00  48.03
 -64.00  -4.00  52.33
 -64.00  -3.00  58.07
 -64.00  -2.00  65.00
 -64.00  -1.00  72.61
 -64.00   0.00  80.18
 -64.00   1.00  86.88
 -64.00   2.00  91.88
 -64.00   3.00  94.51
 -64.00   4.00  94.35
 -64.00   5.00  91.32
 -64.00   6.00  85.66
 -64.00   7.00  77.93
 -64.00   8.00  68.92
 -64.00   9.00  59.50
 -64.00  10.00  50.54
 -64.00  11.00  42.75
 -64.00  12.00  36.62
 -64.00  13.00  32.37
 -64.00  14.00  29.97
 -64.00  15.00  29.17
 -64.00  16.00  29.60
 -64.00  17.00  30.81
 -64.00  18.00  32.38
 -64.00  19.00  33.95
 -64.00  20.00  35.26
 -64.00  21.00  36.13
 -64.00  22.00  36.50
 -64.00  23.00  36.33
 -64.00  24.00  35.67
 -64.00  25.00  34.57
 -64.00  26.00  33.15
 -64.00  27.00  31.61
 -63.00 -37.00  49.11
 -63.00 -36.00  48.46
 -63.00 -35.00  48.45
 -63.00 -34.00  49.36
 -63.00 -33.00  51.45
 -63.00 -32.00  54.86
 -63.00 -31.00  59.60
 -63.00 -30.00  65.47
 -63.00 -29.00  72.10
 -63.00 -28.00  78.94
 -63.00 -27.00  85.32
 -63.00 -26.00  90.58
 -63.00 -25.00  94.08
 -63.00 -24.00  95.38
 -63.00 -23.00  94.27
 -63.00 -22.00  90.84
 -63.00 -21.00  85.42
 -63.00 -20.00  78.60
 -63.00 -19.00  71.09
 -63.00 -18.00  63.61
 -63.00 -17.00  56.82
 -63.00 -16.00  51.18
 -63.00 -15.00  46.94
 -63.00 -14.00  44.09
 -63.00 -13.00  42.43
 -63.00 -12.00  41.64
 -63.00 -11.00  41.38
 -63.00 -10.00  41.36
 -63.00  -9.00  41.47
 -63.00  -8.00  41.76
 -63.00  -7.00  42.45
 -63.00  -6.00  43.89
 -63.00  -5.00  46.43
 -63.00  -4.00  50.35
 -63.00  -3.00  55.73
 -63.00  -2.00  62.40
 -63.00  -1.00  69.94
 -63.00   0.00  77.66
 -63.00   1.00  84.75
 -63.00   2.00  90.37
 -63.00   3.00  93.77
 -63.00   4.00  94.43
 -63.00   5.00  92.18
 -63.00   6.00  87.15
 -63.00   7.00  79.85
 -63.00   8.00  71.02
 -63.00   9.00  61.53
 -63.00  10.00  52.29
 -63.00  11.00  44.06
 -63.00  12.00  37.42
 -63.00  13.00  32.65
 -63.00  14.00  29.79
 -63.00  15.00  28.63
 -63.00  16.00  28.79
 -63.00  17.00  29.84
 -63.00  18.00  31.34
 -63.00  19.00  32.91
 -63.00  20.00  34.28
 -63.00  21.00  35.25
 -63.00  22.00  35.75
 -63.00  23.00  35.76
 -63.00  24.00  35.28
 -63.00  25.00  34.36
 -63.00  26.00  33.10
 -63.00  27.00  31.62
 -62.00 -37.00  49.79
 -62.00 -36.00  48.98
 -62.00 -35.00  48.67
 -62.00 -34.00  49.15
 -62.00 -33.00  50.71
 -62.00 -32.00  53.53
 -62.00 -31.00  57.68
 -62.00 -30.00  63.05
 -62.00 -29.00  69.34
 -62.00 -28.00  76.06
 -62.00 -27.00  82.61
 -62.00 -26.00  88.29
 -62.00 -25.00  92.46
 -62.00 -24.00  94.59
 -62.00 -23.00  94.38
 -62.00 -22.00  91.79
 -62.00 -21.00  87.07
 -62.00 -20.00  80.70
 -62.00 -19.00  73.36
 -62.00 -18.00  65.77
 -62.00 -17.00  58.63
 -62.00 -16.00  52.49
 -62.00 -15.00  47.67
 -62.00 -14.00  44.27
 -62.00 -13.00  42.17
 -62.00 -12.00  41.07
 -62.00 -11.00  40.64
 -62.00 -10.00  40.57
 -62.00  -9.00  40.67
 -62.00  -8.00  40.93
 -62.00  -7.00  41.51
 -62.00  -6.00  42.73
 -62.00  -5.00  44.94
 -62.00  -4.00  48.45
 -62.00  -3.00  53.42
 -62.00  -2.00  59.76
 -62.00  -1.00  67.14
 -62.00   0.00  74.93
 -62.00   1.00  82.36
 -62.00   2.00  88.57
 -62.00   3.00  92.74
 -62.00   4.00  94.29
 -62.00   5.00  92.91
 -62.00   6.00  88.63
 -62.00   7.00  81.88
 -62.00   8.00  73.32
 -62.00   9.00  63.85
 -62.00  10.00  54.36
 -62.00  11.00  45.71
 -62.00  12.00  38.52
 -62.00  13.00  33.19
 -62.00  14.00  29.81
 -62.00  15.00  28.21
 -62.00  16.00  28.06
 -62.00  17.00  28.92
 -62.00  18.00  30.33
 -62.00  19.00  31.88
 -62.00  20.00  33.29
 -62.00  21.00  34.36
 -62.00  22.00  34.99
 -62.00  23.00  35.15
 -62.00  24.00  34.85
 -62.00  25.00  34.13
 -62.00  26.00  33.04
 -62.00  27.00  31.68
 -61.00 -37.00  50.51
 -61.00 -36.00  49.57
 -61.00 -35.00  49.00
 -61.00 -34.00  49.09
 -61.00 -33.00  50.14
 -61.00 -32.00  52.35
 -61.00 -31.00  55.87
 -61.00 -30.00  60.67
 -61.00 -29.00  66.52
 -61.00 -28.00  73.03
 -61.00 -27.00  79.63
 -61.00 -26.00  85.66
 -61.00 -25.00  90.46
 -61.00 -24.00  93.43
 -61.00 -23.00  94.17
 -61.00 -22.00  92.53
 -61.00 -21.00  88.63
 -61.00 -20.00  82.87
 -61.00 -19.00  75.85
 -61.00 -18.00  68.28
 -61.00 -17.00  60.87
 -61.00 -16.00  54.26
 -61.00 -15.00  48.85
 -61.00 -14.00  44.85
 -61.00 -13.00  42.22
 -61.00 -12.00  40.73
 -61.00 -11.00  40.05
 -61.00 -10.00  39.87
 -61.00  -9.00  39.93
 -61.00  -8.00  40.16
 -61.00  -7.00  40.66
 -61.00  -6.00  41.68
 -61.00  -5.00  43.56
 -61.00  -4.00  46.65
 -61.00  -3.00  51.16
 -61.00  -2.00  57.10
 -61.00  -1.00  64.22
 -61.00   0.00  71.99
 -61.00   1.00  79.68
 -61.00   2.00  86.43
 -61.00   3.00  91.38
 -61.00   4.00  93.86
 -61.00   5.00  93.44
 -61.00   6.00  90.05
 -61.00   7.00  83.98
 -61.00   8.00  75.84
 -61.00   9.00  66.47
 -61.00  10.00  56.81
 -61.00  11.00  47.74
 -61.00  12.00  40.00
 -61.00  13.00  34.04
 -61.00  14.00  30.06
 -61.00  15.00  27.96
 -61.00  16.00  27.44
 -61.00  17.00  28.05
 -61.00  18.00  29.33
 -61.00  19.00  30.86
 -61.00  20.00  32.30
 -61.00  21.00  33.45
 -61.00  22.00  34.20
 -61.00  23.00  34.50
 -61.00  24.00  34.38
 -61.00  25.00  33.86
 -61.00  26.00  32.96
 -61.00  27.00  31.76
 -60.00 -37.00  51.24
 -60.00 -36.00  50.22
 -60.00 -35.00  49.44
 -60.00 -34.00  49.19
 -60.00 -33.00  49.74
 -60.00 -32.00  51.35
 -60.00 -31.00  54.21
 -60.00 -30.00  58.36
 -60.00 -29.00  63.68
 -60.00 -28.00  69.86
 -60.00 -27.00  76.40
 -60.00 -26.00  82.68
 -60.00 -25.00  88.03
 -60.00 -24.00  91.82
 -60.00 -23.00  93.55
 -60.00 -22.00  92.95
 -60.00 -21.00  90.02
 -60.00 -20.00  85.04
 -60.00 -19.00  78.51
 -60.00 -18.00  71.10
 -60.00 -17.00  63.55
 -60.00 -16.00  56.52
 -60.00 -15.00  50.54
 -60.00 -14.00  45.89
 -60.00 -13.00  42.65
 -60.00 -12.00  40.67
 -60.00 -11.00  39.66
 -60.00 -10.00  39.29
 -60.00  -9.00  39.28
 -60.00  -8.00  39.47
 -60.00  -7.00  39.89
 -60.00  -6.00  40.72
 -60.00  -5.00  42.30
 -60.00  -4.00  44.95
 -60.00  -3.00  48.97
 -60.00  -2.00  54.43
 -60.00  -1.00  61.20
 -60.00   0.00  68.84
 -60.00   1.00  76.69
 -60.00   2.00  83.91
 -60.00   3.00  89.63
 -60.00   4.00  93.07
 -60.00   5.00  93.71
 -60.00   6.00  91.33
 -60.00   7.00  86.10
 -60.00   8.00  78.53
 -60.00   9.00  69.40
 -60.00  10.00  59.66
 -60.00  11.00  50.22
 -60.00  12.00  41.91
 -60.00  13.00  35.28
 -60.00  14.00  30.63
 -60.00  15.00  27.94
 -60.00  16.00  26.95
 -60.00  17.00  27.25
 -60.00  18.00  28.36
 -60.00  19.00  29.84
 -60.00  20.00  31.31
 -60.00  21.00  32.53
 -60.00  22.00  33.39
 -60.00  23.00  33.83
 -60.00  24.00  33.87
 -60.00  25.00  33.54
 -60.00  26.00  32.85
 -60.00  27.00  31.83
 -59.00 -37.00  51.96
 -59.00 -36.00  50.91
 -59.00 -35.00  49.98
 -59.00 -34.00  49.43
 -59.00 -33.00  49.53
 -59.00 -32.00  50.56
 -59.00 -31.00  52.74
 -59.00 -30.00  56.20
 -59.00 -29.00  60.89
 -59.00 -28.00  66.61
 -59.00 -27.00  72.95
 -59.00 -26.00  79.35
 -59.00 -25.00  85.15
 -59.00 -24.00  89.69
 -59.00 -23.00  92.42
 -59.00 -22.00  92.93
 -59.00 -21.00  91.10
 -59.00 -20.00  87.06
 -59.00 -19.00  81.21
 -59.00 -18.00  74.17
 -59.00 -17.00  66.62
 -59.00 -16.00  59.29
 -59.00 -15.00  52.77
 -59.00 -14.00  47.46
 -59.00 -13.00  43.55
 -59.00 -12.00  40.98
 -59.00 -11.00  39.53
 -59.00 -10.00  38.88
 -59.00  -9.00  38.73
 -59.00  -8.00  38.85
 -59.00  -7.00  39.19
 -59.00  -6.00  39.88
 -59.00  -5.00  41.17
 -59.00  -4.00  43.40
 -59.00  -3.00  46.89
 -59.00  -2.00  51.82
 -59.00  -1.00  58.14
 -59.00   0.00  65.53
 -59.00   1.00  73.41
 -59.00   2.00  81.00
 -59.00   3.00  87.42
 -59.00   4.00  91.84
 -59.00   5.00  93.60
 -59.00   6.00  92.37
 -59.00   7.00  88.14
 -59.00   8.00  81.32
 -59.00   9.00  72.61
 -59.00  10.00  62.91
 -59.00  11.00  53.18
 -59.00  12.00  44.31
 -59.00  13.00  36.98
 -59.00  14.00  31.58
 -59.00  15.00  28.19
 -59.00  16.00  26.65
 -59.00  17.00  26.55
 -59.00  18.00  27.44
 -59.00  19.00  28.83
 -59.00  20.00  30.31
 -59.00  21.00  31.61
 -59.00  22.00  32.56
 -59.00  23.00  33.13
 -59.00  24.00  33.32
 -59.00  25.00  33.16
 -59.00  26.00  32.67
 -59.00  27.00  31.86
 -58.00 -37.00  52.63
 -58.00 -36.00  51.60
 -58.00 -35.00  50.59
 -58.00 -34.00  49.81
 -58.00 -33.00  49.52
 -58.00 -32.00  50.01
 -58.00 -31.00  51.52
 -58.00 -30.00  54.25
 -58.00 -29.00  58.24
 -58.00 -28.00  63.38
 -58.00 -27.00  69.37
 -58.00 -26.00  75.72
 -58.00 -25.00  81.83
 -58.00 -24.00  87.03
 -58.00 -23.00  90.70
 -58.00 -22.00  92.34
 -58.00 -21.00  91.70
 -58.00 -20.00  88.77
 -58.00 -19.00  83.81
 -58.00 -18.00  77.33
 -58.00 -17.00  70.00
 -58.00 -16.00  62.51
 -58.00 -15.00  55.54
 -58.00 -14.00  49.60
 -58.00 -13.00  44.98
 -58.00 -12.00  41.73
 -58.00 -11.00  39.74
 -58.00 -10.00  38.71
 -58.00  -9.00  38.33
 -58.00  -8.00  38.33
 -58.00  -7.00  38.59
 -58.00  -6.00  39.14
 -58.00  -5.00  40.17
 -58.00  -4.00  42.01
 -58.00  -3.00  44.97
 -58.00  -2.00  49.32
 -58.00  -1.00  55.10
 -58.00   0.00  62.11
 -58.00   1.00  69.89
 -58.00   2.00  77.73
 -58.00   3.00  84.76
 -58.00   4.00  90.10
 -58.00   5.00  93.03
 -58.00   6.00  93.03
 -58.00   7.00  89.97
 -58.00   8.00  84.10
 -58.00   9.00  75.99
 -58.00  10.00  66.50
 -58.00  11.00  56.60
 -58.00  12.00  47.24
 -58.00  13.00  39.19
 -58.00  14.00  32.98
 -58.00  15.00  28.81
 -58.00  16.00  26.59
 -58.00  17.00  26.00
 -58.00  18.00  26.58
 -58.00  19.00  27.83
 -58.00  20.00  29.30
 -58.00  21.00  30.66
 -58.00  22.00  31.73
 -58.00  23.00  32.42
 -58.00  24.00  32.75
 -58.00  25.00  32.74
 -58.00  26.00  32.43
 -58.00  27.00  31.83
 -57.00 -37.00  53.23
 -57.00 -36.00  52.27
 -57.00 -35.00  51.23
 -57.00 -34.00  50.30
 -57.00 -33.00  49.70
 -57.00 -32.00  49.71
 -57.00 -31.00  50.59
 -57.00 -30.00  52.59
 -57.00 -29.00  55.82
 -57.00 -28.00  60.28
 -57.00 -27.00  65.77
 -57.00 -26.00  71.90
 -57.00 -25.00  78.13
 -57.00 -24.00  83.83
 -57.00 -23.00  88.34
 -57.00 -22.00  91.09
 -57.00 -21.00  91.70
 -57.00 -20.00  89.99
 -57.00 -19.00  86.11
 -57.00 -18.00  80.42
 -57.00 -17.00  73.51
 -57.00 -16.00  66.08
 -57.00 -15.00  58.81
 -57.00 -14.00  52.30
 -57.00 -13.00  46.97
 -57.00 -12.00  43.00
 -57.00 -11.00  40.35
 -57.00 -10.00  38.83
 -57.00  -9.00  38.12
 -57.00  -8.00  37.94
 -57.00  -7.00  38.08
 -57.00  -6.00  38.50
 -57.00  -5.00  39.32
 -57.00  -4.00  40.80
 -57.00  -3.00  43.26
 -57.00  -2.00  47.00
 -57.00  -1.00  52.17
 -57.00   0.00  58.70
 -57.00   1.00  66.23
 -57.00   2.00  74.14
 -57.00   3.00  81.64
 -57.00   4.00  87.83
 -57.00   5.00  91.89
 -57.00   6.00  93.19
 -57.00   7.00  91.43
 -57.00   8.00  86.69
 -57.00   9.00  79.40
 -57.00  10.00  70.33
 -57.00  11.00  60.42
 -57.00  12.00  50.67
 -57.00  13.00  41.94
 -57.00  14.00  34.88
 -57.00  15.00  29.84
 -57.00  16.00  26.85
 -57.00  17.00  25.66
 -57.00  18.00  25.83
 -57.00  19.00  26.88
 -57.00  20.00  28.30
 -57.00  21.00  29.71
 -57.00  22.00  30.88
 -57.00  23.00  31.69
 -57.00  24.00  32.14
 -57.00  25.00  32.27
 -57.00  26.00  32.13
 -57.00  27.00  31.72
 -56.00 -37.00  53.72
 -56.00 -36.00  52.87
 -56.00 -35.00  51.87
 -56.00 -34.00  50.85
 -56.00 -33.00  50.03
 -56.00 -32.00  49.64
 -56.00 -31.00  49.97
 -56.00 -30.00  51.26
 -56.00 -29.00  53.72
 -56.00 -28.00  57.42
 -56.00 -27.00  62.28
 -56.00 -26.00  68.01
 -56.00 -25.00  74.17
 -56.00 -24.00  80.18
 -56.00 -23.00  85.37
 -56.00 -22.00  89.13
 -56.00 -21.00  90.96
 -56.00 -20.00  90.56
 -56.00 -19.00  87.90
 -56.00 -18.00  83.21
 -56.00 -17.00  76.97
 -56.00 -16.00  69.82
 -56.00 -15.00  62.44
 -56.00 -14.00  55.51
 -56.00 -13.00  49.53
 -56.00 -12.00  44.82
 -56.00 -11.00  41.45
 -56.00 -10.00  39.33
 -56.00  -9.00  38.18
 -56.00  -8.00  37.73
 -56.00  -7.00  37.70
 -56.00  -6.00  37.99
 -56.00  -5.00  38.61
 -56.00  -4.00  39.78
 -56.00  -3.00  41.78
 -56.00  -2.00  44.93
 -56.00  -1.00  49.45
 -56.00   0.00  55.39
 -56.00   1.00  62.52
 -56.00   2.00  70.35
 -56.00   3.00  78.15
 -56.00   4.00  85.04
 -56.00   5.00  90.16
 -56.00   6.00  92.76
 -56.00   7.00  92.38
 -56.00   8.00  88.92
 -56.00   9.00  82.66
 -56.00  10.00  74.24
 -56.00  11.00  64.53
 -56.00  12.00  54.53
 -56.00  13.00  45.21
 -56.00  14.00  37.33
 -56.00  15.00  31.37
 -56.00  16.00  27.50
 -56.00  17.00  25.58
 -56.00  18.00  25.24
 -56.00  19.00  25.99
 -56.00  20.00  27.31
 -56.00  21.00  28.75
 -56.00  22.00  30.02
 -56.00  23.00  30.95
 -56.00  24.00  31.53
 -56.00  25.00  31.78
 -56.00  26.00  31.77
 -56.00  27.00  31.52
 -55.00 -37.00  54.08
 -55.00 -36.00  53.36
 -55.00 -35.00  52.44
 -55.00 -34.00  51.42
 -55.00 -33.00  50.46
 -55.00 -32.00  49.78
 -55.00 -31.00  49.63
 -55.00 -30.00  50.29
 -55.00 -29.00  52.00
 -55.00 -28.00  54.90
 -55.00 -27.00  59.03
 -55.00 -26.00  64.20
 -55.00 -25.00  70.09
 -55.00 -24.00  76.18
 -55.00 -23.00  81.86
 -55.00 -22.00  86.47
 -55.00 -21.00  89.44
 -55.00 -20.00  90.34
 -55.00 -19.00  89.00
 -55.00 -18.00  85.50
 -55.00 -17.00  80.16
 -55.00 -16.00  73.53
 -55.00 -15.00  66.29
 -55.00 -14.00  59.11
 -55.00 -13.00  52.60
 -55.00 -12.00  47.19
 -55.00 -11.00  43.07
 -55.00 -10.00  40.26
 -55.00  -9.00  38.58
 -55.00  -8.00  37.74
 -55.00  -7.00  37.48
 -55.00  -6.00  37.60
 -55.00  -5.00  38.04
 -55.00  -4.00  38.94
 -55.00  -3.00  40.53
 -55.00  -2.00  43.12
 -55.00  -1.00  47.00
 -55.00   0.00  52.29
 -55.00   1.00  58.90
 -55.00   2.00  66.47
 -55.00   3.00  74.37
 -55.00   4.00  81.79
 -55.00   5.00  87.83
 -55.00   6.00  91.67
 -55.00   7.00  92.71
 -55.00   8.00  90.65
 -55.00   9.00  85.60
 -55.00  10.00  78.04
 -55.00  11.00  68.76
 -55.00  12.00  58.73
 -55.00  13.00  48.96
 -55.00  14.00  40.31
 -55.00  15.00  33.42
 -55.00  16.00  28.60
 -55.00  17.00  25.85
 -55.00  18.00  24.88
 -55.00  19.00  25.22
 -55.00  20.00  26.35
 -55.00  21.00  27.78
 -55.00  22.00  29.14
 -55.00  23.00  30.20
 -55.00  24.00  30.90
 -55.00  25.00  31.27
 -55.00  26.00  31.37
 -55.00  27.00  31.26
 -54.00 -37.00  54.60
 -54.00 -36.00  54.03
 -54.00 -35.00  53.22
 -54.00 -34.00  52.25
 -54.00 -33.00  51.23
 -54.00 -32.00  50.33
 -54.00 -31.00  49.79
 -54.00 -30.00  49.87
 -54.00 -29.00  50.83
 -54.00 -28.00  52.89
 -54.00 -27.00  56.16
 -54.00 -26.00  60.58
 -54.00 -25.00  65.93
 -54.00 -24.00  71.80
 -54.00 -23.00  77.64
 -54.00 -22.00  82.82
 -54.00 -21.00  86.71
 -54.00 -20.00  88.81
 -54.00 -19.00  88.79
 -54.00 -18.00  86.57
 -54.00 -17.00  82.33
 -54.00 -16.00  76.51
 -54.00 -15.00  69.70
 -54.00 -14.00  62.56
 -54.00 -13.00  55.74
 -54.00 -12.00  49.76
 -54.00 -11.00  44.96
 -54.00 -10.00  41.45
 -54.00  -9.00  39.14
 -54.00  -8.00  37.82
 -54.00  -7.00  37.22
 -54.00  -6.00  37.10
 -54.00  -5.00  37.35
 -54.00  -4.00  38.00
 -54.00  -3.00  39.22
 -54.00  -2.00  41.30
 -54.00  -1.00  44.53
 -54.00   0.00  49.13
 -54.00   1.00  55.10
 -54.00   2.00  62.23
 -54.00   3.00  70.01
 -54.00   4.00  77.71
 -54.00   5.00  84.47
 -54.00   6.00  89.43
 -54.00   7.00  91.85
 -54.00   8.00  91.29
 -54.00   9.00  87.65
 -54.00  10.00  81.24
 -54.00  11.00  72.71
 -54.00  12.00  62.94
 -54.00  13.00  52.95
 -54.00  14.00  43.70
 -54.00  15.00  35.93
 -54.00  16.00  30.13
 -54.00  17.00  26.43
 -54.00  18.00  24.68
 -54.00  19.00  24.48
 -54.00  20.00  25.31
 -54.00  21.00  26.66
 -54.00  22.00  28.08
 -54.00  23.00  29.29
 -54.00  24.00  30.15
 -54.00  25.00  30.65
 -54.00  26.00  30.86
 -54.00  27.00  30.86
 -53.00 -37.00  54.95
 -53.00 -36.00  54.53
 -53.00 -35.00  53.86
 -53.00 -34.00  52.98
 -53.00 -33.00  51.97
 -53.00 -32.00  50.96
 -53.00 -31.00  50.14
 -53.00 -30.00  49.76
 -53.00 -29.00  50.07
 -53.00 -28.00  51.34
 -53.00 -27.00  53.75
 -53.00 -26.00  57.35
 -53.00 -25.00  62.03
 -53.00 -24.00  67.49
 -53.00 -23.00  73.27
 -53.00 -22.00  78.79
 -53.00 -21.00  83.41
 -53.00 -20.00  86.55
 -53.00 -19.00  87.79
 -53.00 -18.00  86.88
 -53.00 -17.00  83.87
 -53.00 -16.00  79.04
 -53.00 -15.00  72.88
 -53.00 -14.00  66.02
 -53.00 -13.00  59.11
 -53.00 -12.00  52.73
 -53.00 -11.00  47.33
 -53.00 -10.00  43.13
 -53.00  -9.00  40.16
 -53.00  -8.00  38.28
 -53.00  -7.00  37.25
 -53.00  -6.00  36.83
 -53.00  -5.00  36.84
 -53.00  -4.00  37.24
 -53.00  -3.00  38.13
 -53.00  -2.00  39.75
 -53.00  -1.00  42.38
 -53.00   0.00  46.29
 -53.00   1.00  51.58
 -53.00   2.00  58.15
 -53.00   3.00  65.64
 -53.00   4.00  73.42
 -53.00   5.00  80.69
 -53.00   6.00  86.59
 -53.00   7.00  90.29
 -53.00   8.00  91.21
 -53.00   9.00  89.08
 -53.00  10.00  83.99
 -53.00  11.00  76.44
 -53.00  12.00  67.21
 -53.00  13.00  57.26
 -53.00  14.00  47.59
 -53.00  15.00  39.07
 -53.00  16.00  32.30
 -53.00  17.00  27.61
 -53.00  18.00  24.97
 -53.00  19.00  24.08
 -53.00  20.00  24.48
 -53.00  21.00  25.63
 -53.00  22.00  27.05
 -53.00  23.00  28.37
 -53.00  24.00  29.39
 -53.00  25.00  30.04
 -53.00  26.00  30.37
 -53.00  27.00  30.47
 -52.00 -37.00  55.05
 -52.00 -36.00  54.78
 -52.00 -35.00  54.25
 -52.00 -34.00  53.50
 -52.00 -33.00  52.56
 -52.00 -32.00  51.52
 -52.00 -31.00  50.54
 -52.00 -30.00  49.82
 -52.00 -29.00  49.61
 -52.00 -28.00  50.19
 -52.00 -27.00  51.79
 -52.00 -26.00  54.55
 -52.00 -25.00  58.47
 -52.00 -24.00  63.38
 -52.00 -23.00  68.91
 -52.00 -22.00  74.55
 -52.00 -21.00  79.69
 -52.00 -20.00  83.72
 -52.00 -19.00  86.12
 -52.00 -18.00  86.52
 -52.00 -17.00  84.81
 -52.00 -16.00  81.11
 -52.00 -15.00  75.81
 -52.00 -14.00  69.45
 -52.00 -13.00  62.66
 -52.00 -12.00  56.06
 -52.00 -11.00  50.18
 -52.00 -10.00  45.34
 -52.00  -9.00  41.71
 -52.00  -8.00  39.21
 -52.00  -7.00  37.69
 -52.00  -6.00  36.89
 -52.00  -5.00  36.61
 -52.00  -4.00  36.75
 -52.00  -3.00  37.33
 -52.00  -2.00  38.53
 -52.00  -1.00  40.61
 -52.00   0.00  43.85
 -52.00   1.00  48.43
 -52.00   2.00  54.37
 -52.00   3.00  61.42
 -52.00   4.00  69.10
 -52.00   5.00  76.68
 -52.00   6.00  83.31
 -52.00   7.00  88.15
 -52.00   8.00  90.48
 -52.00   9.00  89.87
 -52.00  10.00  86.23
 -52.00  11.00  79.86
 -52.00  12.00  71.41
 -52.00  13.00  61.76
 -52.00  14.00  51.90
 -52.00  15.00  42.78
 -52.00  16.00  35.13
 -52.00  17.00  29.44
 -52.00  18.00  25.82
 -52.00  19.00  24.13
 -52.00  20.00  23.95
 -52.00  21.00  24.79
 -52.00  22.00  26.11
 -52.00  23.00  27.49
 -52.00  24.00  28.65
 -52.00  25.00  29.46
 -52.00  26.00  29.92
 -52.00  27.00  30.11
 -51.00 -37.00  54.91
 -51.00 -36.00  54.77
 -51.00 -35.00  54.39
 -51.00 -34.00  53.77
 -51.00 -33.00  52.95
 -51.00 -32.00  51.96
 -51.00 -31.00  50.92
 -51.00 -30.00  49.98
 -51.00 -29.00  49.38
 -51.00 -28.00  49.37
 -51.00 -27.00  50.23
 -51.00 -26.00  52.17
 -51.00 -25.00  55.29
 -51.00 -24.00  59.52
 -51.00 -23.00  64.63
 -51.00 -22.00  70.18
 -51.00 -21.00  75.63
 -51.00 -20.00  80.36
 -51.00 -19.00  83.79
 -51.00 -18.00  85.44
 -51.00 -17.00  85.06
 -51.00 -16.00  82.62
 -51.00 -15.00  78.36
 -51.00 -14.00  72.71
 -51.00 -13.00  66.26
 -51.00 -12.00  59.65
 -51.00 -11.00  53.43
 -51.00 -10.00  48.06
 -51.00  -9.00  43.78
 -51.00  -8.00  40.65
 -51.00  -7.00  38.56
 -51.00  -6.00  37.32
 -51.00  -5.00  36.69
 -51.00  -4.00  36.54
 -51.00  -3.00  36.82
 -51.00  -2.00  37.63
 -51.00  -1.00  39.20
 -51.00   0.00  41.81
 -51.00   1.00  45.68
 -51.00   2.00  50.92
 -51.00   3.00  57.42
 -51.00   4.00  64.82
 -51.00   5.00  72.49
 -51.00   6.00  79.65
 -51.00   7.00  85.44
 -51.00   8.00  89.07
 -51.00   9.00  89.96
 -51.00  10.00  87.85
 -51.00  11.00  82.83
 -51.00  12.00  75.39
 -51.00  13.00  66.30
 -51.00  14.00  56.50
 -51.00  15.00  46.98
 -51.00  16.00  38.58
 -51.00  17.00  31.92
 -51.00  18.00  27.29
 -51.00  19.00  24.68
 -51.00  20.00  23.80
 -51.00  21.00  24.18
 -51.00  22.00  25.29
 -51.00  23.00  26.66
 -51.00  24.00  27.92
 -51.00  25.00  28.88
 -51.00  26.00  29.48
 -51.00  27.00  29.78
 -50.00 -37.00  54.53
 -50.00 -36.00  54.52
 -50.00 -35.00  54.27
 -50.00 -34.00  53.79
 -50.00 -33.00  53.10
 -50.00 -32.00  52.22
 -50.00 -31.00  51.20
 -50.00 -30.00  50.16
 -50.00 -29.00  49.29
 -50.00 -28.00  48.82
 -50.00 -27.00  49.05
 -50.00 -26.00  50.21
 -50.00 -25.00  52.50
 -50.00 -24.00  55.97
 -50.00 -23.00  60.49
 -50.00 -22.00  65.76
 -50.00 -21.00  71.30
 -50.00 -20.00  76.52
 -50.00 -19.00  80.80
 -50.00 -18.00  83.62
 -50.00 -17.00  84.56
 -50.00 -16.00  83.45
 -50.00 -15.00  80.38
 -50.00 -14.00  75.67
 -50.00 -13.00  69.79
 -50.00 -12.00  63.37
 -50.00 -11.00  57.01
 -50.00 -10.00  51.22
 -50.00  -9.00  46.35
 -50.00  -8.00  42.58
 -50.00  -7.00  39.89
 -50.00  -6.00  38.13
 -50.00  -5.00  37.11
 -50.00  -4.00  36.62
 -50.00  -3.00  36.59
 -50.00  -2.00  37.04
 -50.00  -1.00  38.15
 -50.00   0.00  40.15
 -50.00   1.00  43.33
 -50.00   2.00  47.84
 -50.00   3.00  53.68
 -50.00   4.00  60.63
 -50.00   5.00  68.19
 -50.00   6.00  75.66
 -50.00   7.00  82.20
 -50.00   8.00  86.99
 -50.00   9.00  89.32
 -50.00  10.00  88.76
 -50.00  11.00  85.22
 -50.00  12.00  79.00
 -50.00  13.00  70.73
 -50.00  14.00  61.26
 -50.00  15.00  51.56
 -50.00  16.00  42.58
 -50.00  17.00  35.03
 -50.00  18.00  29.39
 -50.00  19.00  25.79
 -50.00  20.00  24.07
 -50.00  21.00  23.85
 -50.00  22.00  24.62
 -50.00  23.00  25.88
 -50.00  24.00  27.20
 -50.00  25.00  28.29
 -50.00  26.00  29.05
 -50.00  27.00  29.47
 -49.00 -37.00  53.92
 -49.00 -36.00  54.03
 -49.00 -35.00  53.90
 -49.00 -34.00  53.56
 -49.00 -33.00  53.01
 -49.00 -32.00  52.25
 -49.00 -31.00  51.32
 -49.00 -30.00  50.29
 -49.00 -29.00  49.27
 -49.00 -28.00  48.48
 -49.00 -27.00  48.18
 -49.00 -26.00  48.65
 -49.00 -25.00  50.13
 -49.00 -24.00  52.78
 -49.00 -23.00  56.59
 -49.00 -22.00  61.38
 -49.00 -21.00  66.77
 -49.00 -20.00  72.24
 -49.00 -19.00  77.19
 -49.00 -18.00  81.02
 -49.00 -17.00  83.23
 -49.00 -16.00  83.50
 -49.00 -15.00  81.76
 -49.00 -14.00  78.16
 -49.00 -13.00  73.10
 -49.00 -12.00  67.11
 -49.00 -11.00  60.81
 -49.00 -10.00  54.75
 -49.00  -9.00  49.39
 -49.00  -8.00  45.01
 -49.00  -7.00  41.69
 -49.00  -6.00  39.37
 -49.00  -5.00  37.88
 -49.00  -4.00  37.02
 -49.00  -3.00  36.66
 -49.00  -2.00  36.76
 -49.00  -1.00  37.43
 -49.00   0.00  38.89
 -49.00   1.00  41.38
 -49.00   2.00  45.14
 -49.00   3.00  50.26
 -49.00   4.00  56.63
 -49.00   5.00  63.89
 -49.00   6.00  71.44
 -49.00   7.00  78.51
 -49.00   8.00  84.25
 -49.00   9.00  87.90
 -49.00  10.00  88.88
 -49.00  11.00  86.91
 -49.00  12.00  82.09
 -49.00  13.00  74.87
 -49.00  14.00  66.00
 -49.00  15.00  56.40
 -49.00  16.00  47.04
 -49.00  17.00  38.74
 -49.00  18.00  32.13
 -49.00  19.00  27.49
 -49.00  20.00  24.83
 -49.00  21.00  23.87
 -49.00  22.00  24.16
 -49.00  23.00  25.19
 -49.00  24.00  26.48
 -49.00  25.00  27.68
 -49.00  26.00  28.58
 -49.00  27.00  29.14
 -48.00 -37.00  53.11
 -48.00 -36.00  53.32
 -48.00 -35.00  53.30
 -48.00 -34.00  53.07
 -48.00 -33.00  52.66
 -48.00 -32.00  52.05
 -48.00 -31.00  51.25
 -48.00 -30.00  50.29
 -48.00 -29.00  49.24
 -48.00 -28.00  48.26
 -48.00 -27.00  47.57
 -48.00 -26.00  47.45
 -48.00 -25.00  48.19
 -48.00 -24.00  50.01
 -48.00 -23.00  53.01
 -48.00 -22.00  57.15
 -48.00 -21.00  62.17
 -48.00 -20.00  67.64
 -48.00 -19.00  73.02
 -48.00 -18.00  77.67
 -48.00 -17.00  81.03
 -48.00 -16.00  82.66
 -48.00 -15.00  82.32
 -48.00 -14.00  80.00
 -48.00 -13.00  75.98
 -48.00 -12.00  70.68
 -48.00 -11.00  64.67
 -48.00 -10.00  58.55
 -48.00  -9.00  52.84
 -48.00  -8.00  47.91
 -48.00  -7.00  43.98
 -48.00  -6.00  41.05
 -48.00  -5.00  39.03
 -48.00  -4.00  37.75
 -48.00  -3.00  37.02
 -48.00  -2.00  36.78
 -48.00  -1.00  37.05
 -48.00   0.00  38.00
 -48.00   1.00  39.86
 -48.00   2.00  42.88
 -48.00   3.00  47.22
 -48.00   4.00  52.90
 -48.00   5.00  59.68
 -48.00   6.00  67.09
 -48.00   7.00  74.45
 -48.00   8.00  80.94
 -48.00   9.00  85.75
 -48.00  10.00  88.18
 -48.00  11.00  87.80
 -48.00  12.00  84.50
 -48.00  13.00  78.56
 -48.00  14.00  70.55
 -48.00  15.00  61.33
 -48.00  16.00  51.83
 -48.00  17.00  42.97
 -48.00  18.00  35.47
 -48.00  19.00  29.81
 -48.00  20.00  26.13
 -48.00  21.00  24.31
 -48.00  22.00  23.97
 -48.00  23.00  24.63
 -48.00  24.00  25.79
 -48.00  25.00  27.03
 -48.00  26.00  28.06
 -48.00  27.00  28.77
 -47.00 -37.00  52.11
 -47.00 -36.00  52.41
 -47.00 -35.00  52.48
 -47.00 -34.00  52.36
 -47.00 -33.00  52.06
 -47.00 -32.00  51.59
 -47.00 -31.00  50.94
 -47.00 -30.00  50.11
 -47.00 -29.00  49.12
 -47.00 -28.00  48.08
 -47.00 -27.00  47.15
 -47.00 -26.00  46.59
 -47.00 -25.00  46.68
 -47.00 -24.00  47.70
 -47.00 -23.00  49.86
 -47.00 -22.00  53.22
 -47.00 -21.00  57.67
 -47.00 -20.00  62.89
 -47.00 -19.00  68.41
 -47.00 -18.00  73.64
 -47.00 -17.00  77.97
 -47.00 -16.00  80.86
 -47.00 -15.00  81.93
 -47.00 -14.00  81.02
 -47.00 -13.00  78.23
 -47.00 -12.00  73.86
 -47.00 -11.00  68.41
 -47.00 -10.00  62.47
 -47.00  -9.00  56.58
 -47.00  -8.00  51.23
 -47.00  -7.00  46.71
 -47.00  -6.00  43.18
 -47.00  -5.00  40.59
 -47.00  -4.00  38.81
 -47.00  -3.00  37.69
 -47.00  -2.00  37.09
 -47.00  -1.00  36.99
 -47.00   0.00  37.48
 -47.00   1.00  38.75
 -47.00   2.00  41.07
 -47.00   3.00  44.63
 -47.00   4.00  49.55
 -47.00   5.00  55.71
 -47.00   6.00  62.78
 -47.00   7.00  70.18
 -47.00   8.00  77.16
 -47.00   9.00  82.91
 -47.00  10.00  86.66
 -47.00  11.00  87.82
 -47.00  12.00  86.11
 -47.00  13.00  81.60
 -47.00  14.00  74.71
 -47.00  15.00  66.13
 -47.00  16.00  56.78
 -47.00  17.00  47.57
 -47.00  18.00  39.35
 -47.00  19.00  32.72
 -47.00  20.00  28.00
 -47.00  21.00  25.21
 -47.00  22.00  24.10
 -47.00  23.00  24.25
 -47.00  24.00  25.16
 -47.00  25.00  26.36
 -47.00  26.00  27.49
 -47.00  27.00  28.35
 -46.00 -37.00  50.95
 -46.00 -36.00  51.34
 -46.00 -35.00  51.50
 -46.00 -34.00  51.45
 -46.00 -33.00  51.25
 -46.00 -32.00  50.89
 -46.00 -31.00  50.38
 -46.00 -30.00  49.70
 -46.00 -29.00  48.84
 -46.00 -28.00  47.84
 -46.00 -27.00  46.82
 -46.00 -26.00  45.96
 -46.00 -25.00  45.55
 -46.00 -24.00  45.88
 -46.00 -23.00  47.21
 -46.00 -22.00  49.73
 -46.00 -21.00  53.44
 -46.00 -20.00  58.18
 -46.00 -19.00  63.57
 -46.00 -18.00  69.10
 -46.00 -17.00  74.15
 -46.00 -16.00  78.13
 -46.00 -15.00  80.54
 -46.00 -14.00  81.07
 -46.00 -13.00  79.64
 -46.00 -12.00  76.42
 -46.00 -11.00  71.79
 -46.00 -10.00  66.28
 -46.00  -9.00  60.45
 -46.00  -8.00  54.83
 -46.00  -7.00  49.84
 -46.00  -6.00  45.72
 -46.00  -5.00  42.54
 -46.00  -4.00  40.23
 -46.00  -3.00  38.66
 -46.00  -2.00  37.68
 -46.00  -1.00  37.22
 -46.00   0.00  37.29
 -46.00   1.00  38.05
 -46.00   2.00  39.72
 -46.00   3.00  42.53
 -46.00   4.00  46.65
 -46.00   5.00  52.10
 -46.00   6.00  58.65
 -46.00   7.00  65.87
 -46.00   8.00  73.09
 -46.00   9.00  79.53
 -46.00  10.00  84.39
 -46.00  11.00  86.98
 -46.00  12.00  86.85
 -46.00  13.00  83.87
 -46.00  14.00  78.26
 -46.00  15.00  70.60
 -46.00  16.00  61.66
 -46.00  17.00  52.37
 -46.00  18.00  43.62
 -46.00  19.00  36.14
 -46.00  20.00  30.41
 -46.00  21.00  26.61
 -46.00  22.00  24.63
 -46.00  23.00  24.13
 -46.00  24.00  24.65
 -46.00  25.00  25.70
 -46.00  26.00  26.87
 -46.00  27.00  27.85
 -45.00 -37.00  49.69
 -45.00 -36.00  50.14
 -45.00 -35.00  50.37
 -45.00 -34.00  50.40
 -45.00 -33.00  50.26
 -45.00 -32.00  49.99
 -45.00 -31.00  49.60
 -45.00 -30.00  49.07
 -45.00 -29.00  48.37
 -45.00 -28.00  47.49
 -45.00 -27.00  46.48
 -45.00 -26.00  45.49
 -45.00 -25.00  44.73
 -45.00 -24.00  44.50
 -45.00 -23.00  45.09
 -45.00 -22.00  46.77
 -45.00 -21.00  49.66
 -45.00 -20.00  53.73
 -45.00 -19.00  58.73
 -45.00 -18.00  64.26
 -45.00 -17.00  69.74
 -45.00 -16.00  74.56
 -45.00 -15.00  78.15
 -45.00 -14.00  80.07
 -45.00 -13.00  80.06
 -45.00 -12.00  78.15
 -45.00 -11.00  74.57
 -45.00 -10.00  69.75
 -45.00  -9.00  64.23
 -45.00  -8.00  58.56
 -45.00  -7.00  53.24
 -45.00  -6.00  48.61
 -45.00  -5.00  44.86
 -45.00  -4.00  42.00
 -45.00  -3.00  39.94
 -45.00  -2.00  38.55
 -45.00  -1.00  37.71
 -45.00   0.00  37.40
 -45.00   1.00  37.71
 -45.00   2.00  38.80
 -45.00   3.00  40.92
 -45.00   4.00  44.27
 -45.00   5.00  48.95
 -45.00   6.00  54.87
 -45.00   7.00  61.72
 -45.00   8.00  68.93
 -45.00   9.00  75.80
 -45.00  10.00  81.53
 -45.00  11.00  85.36
 -45.00  12.00  86.70
 -45.00  13.00  85.26
 -45.00  14.00  81.07
 -45.00  15.00  74.51
 -45.00  16.00  66.25
 -45.00  17.00  57.14
 -45.00  18.00  48.11
 -45.00  19.00  39.95
 -45.00  20.00  33.30
 -45.00  21.00  28.49
 -45.00  22.00  25.57
 -45.00  23.00  24.31
 -45.00  24.00  24.31
 -45.00  25.00  25.10
 -45.00  26.00  26.21
 -45.00  27.00  27.28
 -44.00 -37.00  48.35
 -44.00 -36.00  48.85
 -44.00 -35.00  49.15
 -44.00 -34.00  49.24
 -44.00 -33.00  49.16
 -44.00 -32.00  48.94
 -44.00 -31.00  48.63
 -44.00 -30.00  48.22
 -44.00 -29.00  47.68
 -44.00 -28.00  46.95
 -44.00 -27.00  46.05
 -44.00 -26.00  45.05
 -44.00 -25.00  44.11
 -44.00 -24.00  43.48
 -44.00 -23.00  43.47
 -44.00 -22.00  44.38
 -44.00 -21.00  46.43
 -44.00 -20.00  49.72
 -44.00 -19.00  54.14
 -44.00 -18.00  59.39
 -44.00 -17.00  65.00
 -44.00 -16.00  70.37
 -44.00 -15.00  74.91
 -44.00 -14.00  78.06
 -44.00 -13.00  79.45
 -44.00 -12.00  78.91
 -44.00 -11.00  76.54
 -44.00 -10.00  72.65
 -44.00  -9.00  67.69
 -44.00  -8.00  62.22
 -44.00  -7.00  56.76
 -44.00  -6.00  51.76
 -44.00  -5.00  47.49
 -44.00  -4.00  44.07
 -44.00  -3.00  41.50
 -44.00  -2.00  39.66
 -44.00  -1.00  38.44
 -44.00   0.00  37.77
 -44.00   1.00  37.67
 -44.00   2.00  38.27
 -44.00   3.00  39.77
 -44.00   4.00  42.41
 -44.00   5.00  46.34
 -44.00   6.00  51.56
 -44.00   7.00  57.88
 -44.00   8.00  64.89
 -44.00   9.00  71.93
 -44.00  10.00  78.27
 -44.00  11.00  83.10
 -44.00  12.00  85.76
 -44.00  13.00  85.79
 -44.00  14.00  83.05
 -44.00  15.00  77.73
 -44.00  16.00  70.35
 -44.00  17.00  61.68
 -44.00  18.00  52.60
 -44.00  19.00  43.98
 -44.00  20.00  36.55
 -44.00  21.00  30.80
 -44.00  22.00  26.92
 -44.00  23.00  24.82
 -44.00  24.00  24.20
 -44.00  25.00  24.60
 -44.00  26.00  25.56
 -44.00  27.00  26.66
 -43.00 -37.00  47.06
 -43.00 -36.00  47.59
 -43.00 -35.00  47.95
 -43.00 -34.00  48.10
 -43.00 -33.00  48.06
 -43.00 -32.00  47.88
 -43.00 -31.00  47.62
 -43.00 -30.00  47.29
 -43.00 -29.00  46.87
 -43.00 -28.00  46.30
 -43.00 -27.00  45.55
 -43.00 -26.00  44.63
 -43.00 -25.00  43.63
 -43.00 -24.00  42.77
 -43.00 -23.00  42.30
 -43.00 -22.00  42.55
 -43.00 -21.00  43.81
 -43.00 -20.00  46.27
 -43.00 -19.00  49.96
 -43.00 -18.00  54.70
 -43.00 -17.00  60.13
 -43.00 -16.00  65.75
 -43.00 -15.00  70.93
 -43.00 -14.00  75.08
 -43.00 -13.00  77.73
 -43.00 -12.00  78.55
 -43.00 -11.00  77.48
 -43.00 -10.00  74.68
 -43.00  -9.00  70.52
 -43.00  -8.00  65.49
 -43.00  -7.00  60.14
 -43.00  -6.00  54.94
 -43.00  -5.00  50.28
 -43.00  -4.00  46.38
 -43.00  -3.00  43.30
 -43.00  -2.00  41.00
 -43.00  -1.00  39.38
 -43.00   0.00  38.34
 -43.00   1.00  37.87
 -43.00   2.00  38.03
 -43.00   3.00  39.00
 -43.00   4.00  41.00
 -43.00   5.00  44.21
 -43.00   6.00  48.72
 -43.00   7.00  54.44
 -43.00   8.00  61.07
 -43.00   9.00  68.08
 -43.00  10.00  74.78
 -43.00  11.00  80.38
 -43.00  12.00  84.15
 -43.00  13.00  85.53
 -43.00  14.00  84.19
 -43.00  15.00  80.17
 -43.00  16.00  73.82
 -43.00  17.00  65.79
 -43.00  18.00  56.90
 -43.00  19.00  48.04
 -43.00  20.00  40.01
 -43.00  21.00  33.42
 -43.00  22.00  28.61
 -43.00  23.00  25.64
 -43.00  24.00  24.31
 -43.00  25.00  24.24
 -43.00  26.00  24.95
 -43.00  27.00  26.00
 -42.00 -37.00  45.79
 -42.00 -36.00  46.31
 -42.00 -35.00  46.72
 -42.00 -34.00  46.93
 -42.00 -33.00  46.93
 -42.00 -32.00  46.78
 -42.00 -31.00  46.54
 -42.00 -30.00  46.26
 -42.00 -29.00  45.92
 -42.00 -28.00  45.49
 -42.00 -27.00  44.89
 -42.00 -26.00  44.11
 -42.00 -25.00  43.16
 -42.00 -24.00  42.19
 -42.00 -23.00  41.43
 -42.00 -22.00  41.18
 -42.00 -21.00  41.75
 -42.00 -20.00  43.41
 -42.00 -19.00  46.31
 -42.00 -18.00  50.39
 -42.00 -17.00  55.43
 -42.00 -16.00  61.00
 -42.00 -15.00  66.54
 -42.00 -14.00  71.44
 -42.00 -13.00  75.14
 -42.00 -12.00  77.21
 -42.00 -11.00  77.43
 -42.00 -10.00  75.83
 -42.00  -9.00  72.64
 -42.00  -8.00  68.27
 -42.00  -7.00  63.23
 -42.00  -6.00  58.05
 -42.00  -5.00  53.15
 -42.00  -4.00  48.85
 -42.00  -3.00  45.31
 -42.00  -2.00  42.55
 -42.00  -1.00  40.51
 -42.00   0.00  39.10
 -42.00   1.00  38.27
 -42.00   2.00  38.05
 -42.00   3.00  38.55
 -42.00   4.00  39.98
 -42.00   5.00  42.54
 -42.00   6.00  46.36
 -42.00   7.00  51.44
 -42.00   8.00  57.59
 -42.00   9.00  64.40
 -42.00  10.00  71.23
 -42.00  11.00  77.36
 -42.00  12.00  82.03
 -42.00  13.00  84.57
 -42.00  14.00  84.56
 -42.00  15.00  81.84
 -42.00  16.00  76.61
 -42.00  17.00  69.39
 -42.00  18.00  60.90
 -42.00  19.00  52.01
 -42.00  20.00  43.57
 -42.00  21.00  36.28
 -42.00  22.00  30.63
 -42.00  23.00  26.80
 -42.00  24.00  24.71
 -42.00  25.00  24.07
 -42.00  26.00  24.43
 -42.00  27.00  25.35
 -41.00 -37.00  44.55
 -41.00 -36.00  45.02
 -41.00 -35.00  45.47
 -41.00 -34.00  45.73
 -41.00 -33.00  45.78
 -41.00 -32.00  45.65
 -41.00 -31.00  45.42
 -41.00 -30.00  45.15
 -41.00 -29.00  44.87
 -41.00 -28.00  44.53
 -41.00 -27.00  44.09
 -41.00 -26.00  43.46
 -41.00 -25.00  42.63
 -41.00 -24.00  41.67
 -41.00 -23.00  40.75
 -41.00 -22.00  40.14
 -41.00 -21.00  40.15
 -41.00 -20.00  41.10
 -41.00 -19.00  43.21
 -41.00 -18.00  46.56
 -41.00 -17.00  51.04
 -41.00 -16.00  56.33
 -41.00 -15.00  61.96
 -41.00 -14.00  67.33
 -41.00 -13.00  71.85
 -41.00 -12.00  75.01
 -41.00 -11.00  76.47
 -41.00 -10.00  76.09
 -41.00  -9.00  73.97
 -41.00  -8.00  70.44
 -41.00  -7.00  65.92
 -41.00  -6.00  60.94
 -41.00  -5.00  55.97
 -41.00  -4.00  51.40
 -41.00  -3.00  47.46
 -41.00  -2.00  44.27
 -41.00  -1.00  41.82
 -41.00   0.00  40.03
 -41.00   1.00  38.84
 -41.00   2.00  38.26
 -41.00   3.00  38.36
 -41.00   4.00  39.29
 -41.00   5.00  41.26
 -41.00   6.00  44.43
 -41.00   7.00  48.87
 -41.00   8.00  54.49
 -41.00   9.00  60.95
 -41.00  10.00  67.75
 -41.00  11.00  74.19
 -41.00  12.00  79.54
 -41.00  13.00  83.07
 -41.00  14.00  84.25
 -41.00  15.00  82.79
 -41.00  16.00  78.73
 -41.00  17.00  72.42
 -41.00  18.00  64.51
 -41.00  19.00  55.80
 -41.00  20.00  47.14
 -41.00  21.00  39.32
 -41.00  22.00  32.92
 -41.00  23.00  28.26
 -41.00  24.00  25.39
 -41.00  25.00  24.11
 -41.00  26.00  24.05
 -41.00  27.00  24.75
 -40.00 -37.00  43.37
 -40.00 -36.00  43.75
 -40.00 -35.00  44.20
 -40.00 -34.00  44.52
 -40.00 -33.00  44.61
 -40.00 -32.00  44.51
 -40.00 -31.00  44.28
 -40.00 -30.00  44.01
 -40.00 -29.00  43.74
 -40.00 -28.00  43.48
 -40.00 -27.00  43.15
 -40.00 -26.00  42.67
 -40.00 -25.00  42.00
 -40.00 -24.00  41.12
 -40.00 -23.00  40.16
 -40.00 -22.00  39.33
 -40.00 -21.00  38.92
 -40.00 -20.00  39.26
 -40.00 -19.00  40.64
 -40.00 -18.00  43.23
 -40.00 -17.00  47.04
 -40.00 -16.00  51.87
 -40.00 -15.00  57.34
 -40.00 -14.00  62.93
 -40.00 -13.00  68.04
 -40.00 -12.00  72.10
 -40.00 -11.00  74.66
 -40.00 -10.00  75.47
 -40.00  -9.00  74.50
 -40.00  -8.00  71.92
 -40.00  -7.00  68.11
 -40.00  -6.00  63.52
 -40.00  -5.00  58.66
 -40.00  -4.00  53.96
 -40.00  -3.00  49.72
 -40.00  -2.00  46.15
 -40.00  -1.00  43.29
 -40.00   0.00  41.12
 -40.00   1.00  39.58
 -40.00   2.00  38.65
 -40.00   3.00  38.36
 -40.00   4.00  38.85
 -40.00   5.00  40.29
 -40.00   6.00  42.86
 -40.00   7.00  46.68
 -40.00   8.00  51.72
 -40.00   9.00  57.77
 -40.00  10.00  64.39
 -40.00  11.00  70.97
 -40.00  12.00  76.80
 -40.00  13.00  81.14
 -40.00  14.00  83.38
 -40.00  15.00  83.11
 -40.00  16.00  80.22
 -40.00  17.00  74.92
 -40.00  18.00  67.72
 -40.00  19.00  59.36
 -40.00  20.00  50.67
 -40.00  21.00  42.47
 -40.00  22.00  35.43
 -40.00  23.00  30.01
 -40.00  24.00  26.36
 -40.00  25.00  24.40
 -40.00  26.00  23.83
 -40.00  27.00  24.22
 -39.00 -37.00  42.26
 -39.00 -36.00  42.50
 -39.00 -35.00  42.93
 -39.00 -34.00  43.29
 -39.00 -33.00  43.44
 -39.00 -32.00  43.37
 -39.00 -31.00  43.14
 -39.00 -30.00  42.86
 -39.00 -29.00  42.58
 -39.00 -28.00  42.34
 -39.00 -27.00  42.10
 -39.00 -26.00  41.76
 -39.00 -25.00  41.25
 -39.00 -24.00  40.51
 -39.00 -23.00  39.60
 -39.00 -22.00  38.67
 -39.00 -21.00  37.97
 -39.00 -20.00  37.81
 -39.00 -19.00  38.53
 -39.00 -18.00  40.37
 -39.00 -17.00  43.45
 -39.00 -16.00  47.68
 -39.00 -15.00  52.81
 -39.00 -14.00  58.37
 -39.00 -13.00  63.82
 -39.00 -12.00  68.57
 -39.00 -11.00  72.10
 -39.00 -10.00  74.03
 -39.00  -9.00  74.21
 -39.00  -8.00  72.69
 -39.00  -7.00  69.72
 -39.00  -6.00  65.71
 -39.00  -5.00  61.14
 -39.00  -4.00  56.45
 -39.00  -3.00  52.04
 -39.00  -2.00  48.15
 -39.00  -1.00  44.92
 -39.00   0.00  42.37
 -39.00   1.00  40.47
 -39.00   2.00  39.19
 -39.00   3.00  38.55
 -39.00   4.00  38.62
 -39.00   5.00  39.58
 -39.00   6.00  41.60
 -39.00   7.00  44.81
 -39.00   8.00  49.26
 -39.00   9.00  54.82
 -39.00  10.00  61.15
 -39.00  11.00  67.73
 -39.00  12.00  73.87
 -39.00  13.00  78.87
 -39.00  14.00  82.04
 -39.00  15.00  82.88
 -39.00  16.00  81.14
 -39.00  17.00  76.91
 -39.00  18.00  70.55
 -39.00  19.00  62.69
 -39.00  20.00  54.14
 -39.00  21.00  45.72
 -39.00  22.00  38.17
 -39.00  23.00  32.04
 -39.00  24.00  27.63
 -39.00  25.00  24.95
 -39.00  26.00  23.80
 -39.00  27.00  23.80
 -38.00 -37.00  41.23
 -38.00 -36.00  41.28
 -38.00 -35.00  41.65
 -38.00 -34.00  42.03
 -38.00 -33.00  42.24
 -38.00 -32.00  42.23
 -38.00 -31.00  42.02
 -38.00 -30.00  41.71
 -38.00 -29.00  41.41
 -38.00 -28.00  41.17
 -38.00 -27.00  40.97
 -38.00 -26.00  40.74
 -38.00 -25.00  40.38
 -38.00 -24.00  39.81
 -38.00 -23.00  39.02
 -38.00 -22.00  38.08
 -38.00 -21.00  37.21
 -38.00 -20.00  36.68
 -38.00 -19.00  36.84
 -38.00 -18.00  37.97
 -38.00 -17.00  40.29
 -38.00 -16.00  43.82
 -38.00 -15.00  48.43
 -38.00 -14.00  53.76
 -38.00 -13.00  59.32
 -38.00 -12.00  64.54
 -38.00 -11.00  68.85
 -38.00 -10.00  71.80
 -38.00  -9.00  73.11
 -38.00  -8.00  72.69
 -38.00  -7.00  70.69
 -38.00  -6.00  67.42
 -38.00  -5.00  63.32
 -38.00  -4.00  58.82
 -38.00  -3.00  54.36
 -38.00  -2.00  50.26
 -38.00  -1.00  46.71
 -38.00   0.00  43.80
 -38.00   1.00  41.53
 -38.00   2.00  39.90
 -38.00   3.00  38.90
 -38.00   4.00  38.58
 -38.00   5.00  39.09
 -38.00   6.00  40.57
 -38.00   7.00  43.20
 -38.00   8.00  47.06
 -38.00   9.00  52.08
 -38.00  10.00  58.03
 -38.00  11.00  64.47
 -38.00  12.00  70.79
 -38.00  13.00  76.29
 -38.00  14.00  80.26
 -38.00  15.00  82.13
 -38.00  16.00  81.55
 -38.00  17.00  78.42
 -38.00  18.00  73.00
 -38.00  19.00  65.81
 -38.00  20.00  57.56
 -38.00  21.00  49.08
 -38.00  22.00  41.14
 -38.00  23.00  34.39
 -38.00  24.00  29.22
 -38.00  25.00  25.80
 -38.00  26.00  24.00
 -38.00  27.00  23.52
 -37.00 -37.00  40.29
 -37.00 -36.00  40.09
 -37.00 -35.00  40.36
 -37.00 -34.00  40.75
 -37.00 -33.00  41.03
 -37.00 -32.00  41.07
 -37.00 -31.00  40.90
 -37.00 -30.00  40.59
 -37.00 -29.00  40.26
 -37.00 -28.00  39.98
 -37.00 -27.00  39.79
 -37.00 -26.00  39.62
 -37.00 -25.00  39.40
 -37.00 -24.00  39.00
 -37.00 -23.00  38.36
 -37.00 -22.00  37.51
 -37.00 -21.00  36.57
 -37.00 -20.00  35.80
 -37.00 -19.00  35.50
 -37.00 -18.00  36.00
 -37.00 -17.00  37.57
 -37.00 -16.00  40.35
 -37.00 -15.00  44.31
 -37.00 -14.00  49.21
 -37.00 -13.00  54.65
 -37.00 -12.00  60.11
 -37.00 -11.00  65.01
 -37.00 -10.00  68.83
 -37.00  -9.00  71.20
 -37.00  -8.00  71.90
 -37.00  -7.00  70.95
 -37.00  -6.00  68.57
 -37.00  -5.00  65.10
 -37.00  -4.00  60.97
 -37.00  -3.00  56.62
 -37.00  -2.00  52.41
 -37.00  -1.00  48.62
 -37.00   0.00  45.39
 -37.00   1.00  42.77
 -37.00   2.00  40.78
 -37.00   3.00  39.42
 -37.00   4.00  38.72
 -37.00   5.00  38.79
 -37.00   6.00  39.77
 -37.00   7.00  41.83
 -37.00   8.00  45.09
 -37.00   9.00  49.54
 -37.00  10.00  55.04
 -37.00  11.00  61.23
 -37.00  12.00  67.58
 -37.00  13.00  73.43
 -37.00  14.00  78.09
 -37.00  15.00  80.91
 -37.00  16.00  81.43
 -37.00  17.00  79.46
 -37.00  18.00  75.08
 -37.00  19.00  68.68
 -37.00  20.00  60.91
 -37.00  21.00  52.53
 -37.00  22.00  44.34
 -37.00  23.00  37.06
 -37.00  24.00  31.18
 -37.00  25.00  26.99
 -37.00  26.00  24.48
 -37.00  27.00  23.43
 -36.00 -37.00  39.47
 -36.00 -36.00  38.97
 -36.00 -35.00  39.08
 -36.00 -34.00  39.45
 -36.00 -33.00  39.78
 -36.00 -32.00  39.90
 -36.00 -31.00  39.79
 -36.00 -30.00  39.49
 -36.00 -29.00  39.13
 -36.00 -28.00  38.81
 -36.00 -27.00  38.59
 -36.00 -26.00  38.45
 -36.00 -25.00  38.31
 -36.00 -24.00  38.07
 -36.00 -23.00  37.61
 -36.00 -22.00  36.90
 -36.00 -21.00  36.00
 -36.00 -20.00  35.10
 -36.00 -19.00  34.47
 -36.00 -18.00  34.43
 -36.00 -17.00  35.31
 -36.00 -16.00  37.33
 -36.00 -15.00  40.55
 -36.00 -14.00  44.87
 -36.00 -13.00  49.98
 -36.00 -12.00  55.44
 -36.00 -11.00  60.70
 -36.00 -10.00  65.21
 -36.00  -9.00  68.51
 -36.00  -8.00  70.29
 -36.00  -7.00  70.44
 -36.00  -6.00  69.04
 -36.00  -5.00  66.36
 -36.00  -4.00  62.77
 -36.00  -3.00  58.70
 -36.00  -2.00  54.54
 -36.00  -1.00  50.60
 -36.00   0.00  47.11
 -36.00   1.00  44.17
 -36.00   2.00  41.84
 -36.00   3.00  40.12
 -36.00   4.00  39.04
 -36.00   5.00  38.69
 -36.00   6.00  39.19
 -36.00   7.00  40.70
 -36.00   8.00  43.36
 -36.00   9.00  47.22
 -36.00  10.00  52.20
 -36.00  11.00  58.04
 -36.00  12.00  64.29
 -36.00  13.00  70.36
 -36.00  14.00  75.56
 -36.00  15.00  79.22
 -36.00  16.00  80.80
 -36.00  17.00  79.98
 -36.00  18.00  76.71
 -36.00  19.00  71.24
 -36.00  20.00  64.10
 -36.00  21.00  56.00
 -36.00  22.00  47.72
 -36.00  23.00  40.03
 -36.00  24.00  33.51
 -36.00  25.00  28.55
 -36.00  26.00  25.29
 -36.00  27.00  23.59
 -35.00 -37.00  38.80
 -35.00 -36.00  37.92
 -35.00 -35.00  37.83
 -35.00 -34.00  38.14
 -35.00 -33.00  38.50
 -35.00 -32.00  38.71
 -35.00 -31.00  38.67
 -35.00 -30.00  38.42
 -35.00 -29.00  38.04
 -35.00 -28.00  37.68
 -35.00 -27.00  37.41
 -35.00 -26.00  37.25
 -35.00 -25.00  37.17
 -35.00 -24.00  37.04
 -35.00 -23.00  36.75
 -35.00 -22.00  36.21
 -35.00 -21.00  35.42
 -35.00 -20.00  34.50
 -35.00 -19.00  33.67
 -35.00 -18.00  33.23
 -35.00 -17.00  33.51
 -35.00 -16.00  34.80
 -35.00 -15.00  37.25
 -35.00 -14.00  40.88
 -35.00 -13.00  45.50
 -35.00 -12.00  50.74
 -35.00 -11.00  56.12
 -35.00 -10.00  61.10
 -35.00  -9.00  65.16
 -35.00  -8.00  67.91
 -35.00  -7.00  69.12
 -35.00  -6.00  68.76
 -35.00  -5.00  66.98
 -35.00  -4.00  64.09
 -35.00  -3.00  60.46
 -35.00  -2.00  56.49
 -35.00  -1.00  52.55
 -35.00   0.00  48.89
 -35.00   1.00  45.70
 -35.00   2.00  43.05
 -35.00   3.00  40.98
 -35.00   4.00  39.54
 -35.00   5.00  38.79
 -35.00   6.00  38.83
 -35.00   7.00  39.81
 -35.00   8.00  41.89
 -35.00   9.00  45.15
 -35.00  10.00  49.58
 -35.00  11.00  54.99
 -35.00  12.00  61.03
 -35.00  13.00  67.17
 -35.00  14.00  72.76
 -35.00  15.00  77.12
 -35.00  16.00  79.67
 -35.00  17.00  79.96
 -35.00  18.00  77.82
 -35.00  19.00  73.37
 -35.00  20.00  67.01
 -35.00  21.00  59.35
 -35.00  22.00  51.16
 -35.00  23.00  43.20
 -35.00  24.00  36.14
 -35.00  25.00  30.48
 -35.00  26.00  26.45
 -35.00  27.00  24.05
 -34.00 -37.00  38.26
 -34.00 -36.00  36.99
 -34.00 -35.00  36.65
 -34.00 -34.00  36.85
 -34.00 -33.00  37.22
 -34.00 -32.00  37.51
 -34.00 -31.00  37.57
 -34.00 -30.00  37.37
 -34.00 -29.00  37.01
 -34.00 -28.00  36.61
 -34.00 -27.00  36.28
 -34.00 -26.00  36.08
 -34.00 -25.00  36.00
 -34.00 -24.00  35.95
 -34.00 -23.00  35.80
 -34.00 -22.00  35.43
 -34.00 -21.00  34.80
 -34.00 -20.00  33.94
 -34.00 -19.00  33.03
 -34.00 -18.00  32.32
 -34.00 -17.00  32.13
 -34.00 -16.00  32.78
 -34.00 -15.00  34.50
 -34.00 -14.00  37.41
 -34.00 -13.00  41.42
 -34.00 -12.00  46.27
 -34.00 -11.00  51.55
 -34.00 -10.00  56.75
 -34.00  -9.00  61.36
 -34.00  -8.00  64.91
 -34.00  -7.00  67.08
 -34.00  -6.00  67.73
 -34.00  -5.00  66.89
 -34.00  -4.00  64.79
 -34.00  -3.00  61.74
 -34.00  -2.00  58.12
 -34.00  -1.00  54.31
 -34.00   0.00  50.61
 -34.00   1.00  47.24
 -34.00   2.00  44.33
 -34.00   3.00  41.97
 -34.00   4.00  40.19
 -34.00   5.00  39.06
 -34.00   6.00  38.68
 -34.00   7.00  39.18
 -34.00   8.00  40.71
 -34.00   9.00  43.39
 -34.00  10.00  47.26
 -34.00  11.00  52.20
 -34.00  12.00  57.93
 -34.00  13.00  64.01
 -34.00  14.00  69.83
 -34.00  15.00  74.74
 -34.00  16.00  78.10
 -34.00  17.00  79.41
 -34.00  18.00  78.37
 -34.00  19.00  74.96
 -34.00  20.00  69.47
 -34.00  21.00  62.40
 -34.00  22.00  54.45
 -34.00  23.00  46.39
 -34.00  24.00  38.93
 -34.00  25.00  32.66
 -34.00  26.00  27.91
 -34.00  27.00  24.80
 -33.00 -37.00  37.83
 -33.00 -36.00  36.16
 -33.00 -35.00  35.55
 -33.00 -34.00  35.61
 -33.00 -33.00  35.97
 -33.00 -32.00  36.32
 -33.00 -31.00  36.47
 -33.00 -30.00  36.35
 -33.00 -29.00  36.03
 -33.00 -28.00  35.61
 -33.00 -27.00  35.23
 -33.00 -26.00  34.98
 -33.00 -25.00  34.87
 -33.00 -24.00  34.85
 -33.00 -23.00  34.80
 -33.00 -22.00  34.58
 -33.00 -21.00  34.11
 -33.00 -20.00  33.37
 -33.00 -19.00  32.46
 -33.00 -18.00  31.60
 -33.00 -17.00  31.08
 -33.00 -16.00  31.22
 -33.00 -15.00  32.32
 -33.00 -14.00  34.53
 -33.00 -13.00  37.90
 -33.00 -12.00  42.25
 -33.00 -11.00  47.26
 -33.00 -10.00  52.49
 -33.00  -9.00  57.41
 -33.00  -8.00  61.54
 -33.00  -7.00  64.50
 -33.00  -6.00  66.04
 -33.00  -5.00  66.10
 -33.00  -4.00  64.82
 -33.00  -3.00  62.43
 -33.00  -2.00  59.28
 -33.00  -1.00  55.73
 -33.00   0.00  52.10
 -33.00   1.00  48.67
 -33.00   2.00  45.59
 -33.00   3.00  42.98
 -33.00   4.00  40.92
 -33.00   5.00  39.47
 -33.00   6.00  38.71
 -33.00   7.00  38.78
 -33.00   8.00  39.83
 -33.00   9.00  41.98
 -33.00  10.00  45.31
 -33.00  11.00  49.77
 -33.00  12.00  55.15
 -33.00  13.00  61.07
 -33.00  14.00  66.98
 -33.00  15.00  72.26
 -33.00  16.00  76.26
 -33.00  17.00  78.42
 -33.00  18.00  78.36
 -33.00  19.00  75.94
 -33.00  20.00  71.32
 -33.00  21.00  64.92
 -33.00  22.00  57.35
 -33.00  23.00  49.34
 -33.00  24.00  41.65
 -33.00  25.00  34.90
 -33.00  26.00  29.53
 -33.00  27.00  25.76
 -32.00 -37.00  37.44
 -32.00 -36.00  35.42
 -32.00 -35.00  34.55
 -32.00 -34.00  34.47
 -32.00 -33.00  34.79
 -32.00 -32.00  35.18
 -32.00 -31.00  35.41
 -32.00 -30.00  35.38
 -32.00 -29.00  35.10
 -32.00 -28.00  34.69
 -32.00 -27.00  34.27
 -32.00 -26.00  33.96
 -32.00 -25.00  33.82
 -32.00 -24.00  33.79
 -32.00 -23.00  33.80
 -32.00 -22.00  33.69
 -32.00 -21.00  33.36
 -32.00 -20.00  32.75
 -32.00 -19.00  31.90
 -32.00 -18.00  30.98
 -32.00 -17.00  30.26
 -32.00 -16.00  30.04
 -32.00 -15.00  30.63
 -32.00 -14.00  32.26
 -32.00 -13.00  35.03
 -32.00 -12.00  38.87
 -32.00 -11.00  43.52
 -32.00 -10.00  48.60
 -32.00  -9.00  53.64
 -32.00  -8.00  58.13
 -32.00  -7.00  61.66
 -32.00  -6.00  63.92
 -32.00  -5.00  64.76
 -32.00  -4.00  64.23
 -32.00  -3.00  62.50
 -32.00  -2.00  59.86
 -32.00  -1.00  56.66
 -32.00   0.00  53.22
 -32.00   1.00  49.82
 -32.00   2.00  46.67
 -32.00   3.00  43.91
 -32.00   4.00  41.63
 -32.00   5.00  39.91
 -32.00   6.00  38.85
 -32.00   7.00  38.57
 -32.00   8.00  39.20
 -32.00   9.00  40.91
 -32.00  10.00  43.78
 -32.00  11.00  47.80
 -32.00  12.00  52.82
 -32.00  13.00  58.53
 -32.00  14.00  64.42
 -32.00  15.00  69.92
 -32.00  16.00  74.36
 -32.00  17.00  77.17
 -32.00  18.00  77.90
 -32.00  19.00  76.33
 -32.00  20.00  72.50
 -32.00  21.00  66.75
 -32.00  22.00  59.61
 -32.00  23.00  51.78
 -32.00  24.00  44.00
 -32.00  25.00  36.93
 -32.00  26.00  31.10
 -32.00  27.00  26.78
 -31.00 -37.00  36.97
 -31.00 -36.00  34.71
 -31.00 -35.00  33.64
 -31.00 -34.00  33.44
 -31.00 -33.00  33.72
 -31.00 -32.00  34.13
 -31.00 -31.00  34.42
 -31.00 -30.00  34.46
 -31.00 -29.00  34.23
 -31.00 -28.00  33.83
 -31.00 -27.00  33.40
 -31.00 -26.00  33.05
 -31.00 -25.00  32.86
 -31.00 -24.00  32.83
 -31.00 -23.00  32.86
 -31.00 -22.00  32.82
 -31.00 -21.00  32.59
 -31.00 -20.00  32.09
 -31.00 -19.00  31.32
 -31.00 -18.00  30.40
 -31.00 -17.00  29.57
 -31.00 -16.00  29.11
 -31.00 -15.00  29.35
 -31.00 -14.00  30.53
 -31.00 -13.00  32.82
 -31.00 -12.00  36.19
 -31.00 -11.00  40.48
 -31.00 -10.00  45.34
 -31.00  -9.00  50.35
 -31.00  -8.00  55.02
 -31.00  -7.00  58.91
 -31.00  -6.00  61.66
 -31.00  -5.00  63.10
 -31.00  -4.00  63.18
 -31.00  -3.00  62.03
 -31.00  -2.00  59.88
 -31.00  -1.00  57.05
 -31.00   0.00  53.85
 -31.00   1.00  50.57
 -31.00   2.00  47.44
 -31.00   3.00  44.61
 -31.00   4.00  42.20
 -31.00   5.00  40.30
 -31.00   6.00  39.02
 -31.00   7.00  38.46
 -31.00   8.00  38.79
 -31.00   9.00  40.16
 -31.00  10.00  42.66
 -31.00  11.00  46.33
 -31.00  12.00  51.05
 -31.00  13.00  56.54
 -31.00  14.00  62.36
 -31.00  15.00  67.93
 -31.00  16.00  72.64
 -31.00  17.00  75.88
 -31.00  18.00  77.16
 -31.00  19.00  76.21
 -31.00  20.00  73.00
 -31.00  21.00  67.79
 -31.00  22.00  61.05
 -31.00  23.00  53.45
 -31.00  24.00  45.70
 -31.00  25.00  38.48
 -31.00  26.00  32.35
 -31.00  27.00  27.66
 -30.00 -37.00  36.52
 -30.00 -36.00  34.18
 -30.00 -35.00  33.05
 -30.00 -34.00  32.83
 -30.00 -33.00  33.15
 -30.00 -32.00  33.65
 -30.00 -31.00  34.06
 -30.00 -30.00  34.22
 -30.00 -29.00  34.10
 -30.00 -28.00  33.77
 -30.00 -27.00  33.37
 -30.00 -26.00  33.03
 -30.00 -25.00  32.81
 -30.00 -24.00  32.74
 -30.00 -23.00  32.73
 -30.00 -22.00  32.68
 -30.00 -21.00  32.44
 -30.00 -20.00  31.93
 -30.00 -19.00  31.13
 -30.00 -18.00  30.16
 -30.00 -17.00  29.21
 -30.00 -16.00  28.56
 -30.00 -15.00  28.53
 -30.00 -14.00  29.38
 -30.00 -13.00  31.29
 -30.00 -12.00  34.29
 -30.00 -11.00  38.23
 -30.00 -10.00  42.82
 -30.00  -9.00  47.65
 -30.00  -8.00  52.27
 -30.00  -7.00  56.23
 -30.00  -6.00  59.18
 -30.00  -5.00  60.90
 -30.00  -4.00  61.32
 -30.00  -3.00  60.54
 -30.00  -2.00  58.77
 -30.00  -1.00  56.28
 -30.00   0.00  53.37
 -30.00   1.00  50.32
 -30.00   2.00  47.35
 -30.00   3.00  44.61
 -30.00   4.00  42.23
 -30.00   5.00  40.29
 -30.00   6.00  38.90
 -30.00   7.00  38.17
 -30.00   8.00  38.27
 -30.00   9.00  39.34
 -30.00  10.00  41.52
 -30.00  11.00  44.86
 -30.00  12.00  49.26
 -30.00  13.00  54.49
 -30.00  14.00  60.15
 -30.00  15.00  65.71
 -30.00  16.00  70.54
 -30.00  17.00  74.04
 -30.00  18.00  75.72
 -30.00  19.00  75.26
 -30.00  20.00  72.59
 -30.00  21.00  67.90
 -30.00  22.00  61.62
 -30.00  23.00  54.36
 -30.00  24.00  46.81
 -30.00  25.00  39.66
 -30.00  26.00  33.46
 -30.00  27.00  28.62
