 -83.00 -37.00  37.32
 -83.00 -36.00  37.14
 -83.00 -35.00  37.65
 -83.00 -34.00  39.41
 -83.00 -33.00  42.88
 -83.00 -32.00  48.34
 -83.00 -31.00  55.79
 -83.00 -30.00  64.84
 -83.00 -29.00  74.83
 -83.00 -28.00  84.81
 -83.00 -27.00  93.78
 -83.00 -26.00 100.77
 -83.00 -25.00 105.05
 -83.00 -24.00 106.23
 -83.00 -23.00 104.32
 -83.00 -22.00  99.73
 -83.00 -21.00  93.16
 -83.00 -20.00  85.49
 -83.00 -19.00  77.63
 -83.00 -18.00  70.34
 -83.00 -17.00  64.15
 -83.00 -16.00  59.32
 -83.00 -15.00  55.83
 -83.00 -14.00  53.48
 -83.00 -13.00  51.97
 -83.00 -12.00  51.06
 -83.00 -11.00  50.59
 -83.00 -10.00  50.61
 -83.00  -9.00  51.28
 -83.00  -8.00  52.90
 -83.00  -7.00  55.72
 -83.00  -6.00  59.89
 -83.00  -5.00  65.34
 -83.00  -4.00  71.73
 -83.00  -3.00  78.47
 -83.00  -2.00  84.79
 -83.00  -1.00  89.85
 -83.00   0.00  92.89
 -83.00   1.00  93.36
 -83.00   2.00  91.05
 -83.00   3.00  86.12
 -83.00   4.00  79.10
 -83.00   5.00  70.75
 -83.00   6.00  61.99
 -83.00   7.00  53.73
 -83.00   8.00  46.68
 -83.00   9.00  41.33
 -83.00  10.00  37.82
 -83.00  11.00  36.01
 -83.00  12.00  35.51
 -83.00  13.00  35.84
 -83.00  14.00  36.51
 -83.00  15.00  37.11
 -83.00  16.00  37.42
 -83.00  17.00  37.40
 -83.00  18.00  37.12
 -83.00  19.00  36.79
 -83.00  20.00  36.56
 -83.00  21.00  36.57
 -83.00  22.00  36.80
 -83.00  23.00  37.16
 -83.00  24.00  37.45
 -83.00  25.00  37.51
 -83.00  26.00  37.22
 -83.00  27.00  36.65
 -82.00 -37.00  37.05
 -82.00 -36.00  36.88
 -82.00 -35.00  37.43
 -82.00 -34.00  39.25
 -82.00 -33.00  42.79
 -82.00 -32.00  48.32
 -82.00 -31.00  55.79
 -82.00 -30.00  64.82
 -82.00 -29.00  74.71
 -82.00 -28.00  84.54
 -82.00 -27.00  93.32
 -82.00 -26.00 100.10
 -82.00 -25.00 104.18
 -82.00 -24.00 105.21
 -82.00 -23.00 103.23
 -82.00 -22.00  98.63
 -82.00 -21.00  92.14
 -82.00 -20.00  84.62
 -82.00 -19.00  76.93
 -82.00 -18.00  69.83
 -82.00 -17.00  63.81
 -82.00 -16.00  59.11
 -82.00 -15.00  55.71
 -82.00 -14.00  53.41
 -82.00 -13.00  51.92
 -82.00 -12.00  51.01
 -82.00 -11.00  50.56
 -82.00 -10.00  50.61
 -82.00  -9.00  51.34
 -82.00  -8.00  53.01
 -82.00  -7.00  55.87
 -82.00  -6.00  60.02
 -82.00  -5.00  65.37
 -82.00  -4.00  71.56
 -82.00  -3.00  78.00
 -82.00  -2.00  83.92
 -82.00  -1.00  88.51
 -82.00   0.00  91.06
 -82.00   1.00  91.07
 -82.00   2.00  88.40
 -82.00   3.00  83.24
 -82.00   4.00  76.15
 -82.00   5.00  67.90
 -82.00   6.00  59.41
 -82.00   7.00  51.52
 -82.00   8.00  44.92
 -82.00   9.00  40.03
 -82.00  10.00  36.94
 -82.00  11.00  35.47
 -82.00  12.00  35.22
 -82.00  13.00  35.68
 -82.00  14.00  36.39
 -82.00  15.00  36.96
 -82.00  16.00  37.21
 -82.00  17.00  37.10
 -82.00  18.00  36.77
 -82.00  19.00  36.40
 -82.00  20.00  36.18
 -82.00  21.00  36.22
 -82.00  22.00  36.49
 -82.00  23.00  36.88
 -82.00  24.00  37.20
 -82.00  25.00  37.26
 -82.00  26.00  36.96
 -82.00  27.00  36.36
 -81.00 -37.00  36.77
 -81.00 -36.00  36.61
 -81.00 -35.00  37.17
 -81.00 -34.00  39.01
 -81.00 -33.00  42.57
 -81.00 -32.00  48.09
 -81.00 -31.00  55.52
 -81.00 -30.00  64.47
 -81.00 -29.00  74.25
 -81.00 -28.00  83.94
 -81.00 -27.00  92.56
 -81.00 -26.00  99.20
 -81.00 -25.00 103.18
 -81.00 -24.00 104.16
 -81.00 -23.00 102.18
 -81.00 -22.00  97.67
 -81.00 -21.00  91.31
 -81.00 -20.00  83.95
 -81.00 -19.00  76.44
 -81.00 -18.00  69.50
 -81.00 -17.00  63.62
 -81.00 -16.00  59.01
 -81.00 -15.00  55.65
 -81.00 -14.00  53.36
 -81.00 -13.00  51.87
 -81.00 -12.00  50.96
 -81.00 -11.00  50.51
 -81.00 -10.00  50.57
 -81.00  -9.00  51.32
 -81.00  -8.00  53.00
 -81.00  -7.00  55.83
 -81.00  -6.00  59.90
 -81.00  -5.00  65.10
 -81.00  -4.00  71.06
 -81.00  -3.00  77.18
 -81.00  -2.00  82.71
 -81.00  -1.00  86.89
 -81.00   0.00  89.03
 -81.00   1.00  88.70
 -81.00   2.00  85.78
 -81.00   3.00  80.51
 -81.00   4.00  73.44
 -81.00   5.00  65.36
 -81.00   6.00  57.14
 -81.00   7.00  49.62
 -81.00   8.00  43.43
 -81.00   9.00  38.94
 -81.00  10.00  36.20
 -81.00  11.00  35.01
 -81.00  12.00  34.94
 -81.00  13.00  35.51
 -81.00  14.00  36.23
 -81.00  15.00  36.78
 -81.00  16.00  36.96
 -81.00  17.00  36.80
 -81.00  18.00  36.42
 -81.00  19.00  36.03
 -81.00  20.00  35.82
 -81.00  21.00  35.87
 -81.00  22.00  36.18
 -81.00  23.00  36.60
 -81.00  24.00  36.93
 -81.00  25.00  37.00
 -81.00  26.00  36.69
 -81.00  27.00  36.07
 -80.00 -37.00  36.50
 -80.00 -36.00  36.32
 -80.00 -35.00  36.88
 -80.00 -34.00  38.69
 -80.00 -33.00  42.22
 -80.00 -32.00  47.68
 -80.00 -31.00  55.02
 -80.00 -30.00  63.86
 -80.00 -29.00  73.50
 -80.00 -28.00  83.06
 -80.00 -27.00  91.56
 -80.00 -26.00  98.11
 -80.00 -25.00 102.06
 -80.00 -24.00 103.07
 -80.00 -23.00 101.19
 -80.00 -22.00  96.81
 -80.00 -21.00  90.63
 -80.00 -20.00  83.45
 -80.00 -19.00  76.12
 -80.00 -18.00  69.32
 -80.00 -17.00  63.53
 -80.00 -16.00  58.97
 -80.00 -15.00  55.63
 -80.00 -14.00  53.33
 -80.00 -13.00  51.82
 -80.00 -12.00  50.89
 -80.00 -11.00  50.43
 -80.00 -10.00  50.48
 -80.00  -9.00  51.22
 -80.00  -8.00  52.87
 -80.00  -7.00  55.63
 -80.00  -6.00  59.57
 -80.00  -5.00  64.57
 -80.00  -4.00  70.26
 -80.00  -3.00  76.05
 -80.00  -2.00  81.23
 -80.00  -1.00  85.05
 -80.00   0.00  86.87
 -80.00   1.00  86.29
 -80.00   2.00  83.22
 -80.00   3.00  77.92
 -80.00   4.00  70.94
 -80.00   5.00  63.07
 -80.00   6.00  55.16
 -80.00   7.00  47.99
 -80.00   8.00  42.16
 -80.00   9.00  38.01
 -80.00  10.00  35.57
 -80.00  11.00  34.59
 -80.00  12.00  34.67
 -80.00  13.00  35.30
 -80.00  14.00  36.04
 -80.00  15.00  36.56
 -80.00  16.00  36.70
 -80.00  17.00  36.49
 -80.00  18.00  36.08
 -80.00  19.00  35.67
 -80.00  20.00  35.46
 -80.00  21.00  35.53
 -80.00  22.00  35.86
 -80.00  23.00  36.30
 -80.00  24.00  36.65
 -80.00  25.00  36.73
 -80.00  26.00  36.42
 -80.00  27.00  35.78
 -79.00 -37.00  36.22
 -79.00 -36.00  36.03
 -79.00 -35.00  36.56
 -79.00 -34.00  38.33
 -79.00 -33.00  41.77
 -79.00 -32.00  47.13
 -79.00 -31.00  54.35
 -79.00 -30.00  63.04
 -79.00 -29.00  72.53
 -79.00 -28.00  81.96
 -79.00 -27.00  90.37
 -79.00 -26.00  96.88
 -79.00 -25.00 100.85
 -79.00 -24.00 101.95
 -79.00 -23.00 100.21
 -79.00 -22.00  96.03
 -79.00 -21.00  90.05
 -79.00 -20.00  83.07
 -79.00 -19.00  75.90
 -79.00 -18.00  69.23
 -79.00 -17.00  63.52
 -79.00 -16.00  58.99
 -79.00 -15.00  55.64
 -79.00 -14.00  53.31
 -79.00 -13.00  51.77
 -79.00 -12.00  50.80
 -79.00 -11.00  50.32
 -79.00 -10.00  50.35
 -79.00  -9.00  51.05
 -79.00  -8.00  52.63
 -79.00  -7.00  55.28
 -79.00  -6.00  59.06
 -79.00  -5.00  63.83
 -79.00  -4.00  69.23
 -79.00  -3.00  74.70
 -79.00  -2.00  79.53
 -79.00  -1.00  83.03
 -79.00   0.00  84.59
 -79.00   1.00  83.83
 -79.00   2.00  80.69
 -79.00   3.00  75.43
 -79.00   4.00  68.62
 -79.00   5.00  60.99
 -79.00   6.00  53.38
 -79.00   7.00  46.55
 -79.00   8.00  41.05
 -79.00   9.00  37.20
 -79.00  10.00  35.00
 -79.00  11.00  34.20
 -79.00  12.00  34.39
 -79.00  13.00  35.07
 -79.00  14.00  35.82
 -79.00  15.00  36.31
 -79.00  16.00  36.42
 -79.00  17.00  36.18
 -79.00  18.00  35.74
 -79.00  19.00  35.33
 -79.00  20.00  35.11
 -79.00  21.00  35.19
 -79.00  22.00  35.53
 -79.00  23.00  35.99
 -79.00  24.00  36.36
 -79.00  25.00  36.44
 -79.00  26.00  36.13
 -79.00  27.00  35.48
 -78.00 -37.00  35.95
 -78.00 -36.00  35.74
 -78.00 -35.00  36.22
 -78.00 -34.00  37.93
 -78.00 -33.00  41.28
 -78.00 -32.00  46.50
 -78.00 -31.00  53.56
 -78.00 -30.00  62.09
 -78.00 -29.00  71.42
 -78.00 -28.00  80.72
 -78.00 -27.00  89.04
 -78.00 -26.00  95.54
 -78.00 -25.00  99.57
 -78.00 -24.00 100.79
 -78.00 -23.00  99.24
 -78.00 -22.00  95.27
 -78.00 -21.00  89.52
 -78.00 -20.00  82.75
 -78.00 -19.00  75.75
 -78.00 -18.00  69.20
 -78.00 -17.00  63.55
 -78.00 -16.00  59.03
 -78.00 -15.00  55.67
 -78.00 -14.00  53.29
 -78.00 -13.00  51.70
 -78.00 -12.00  50.69
 -78.00 -11.00  50.17
 -78.00 -10.00  50.17
 -78.00  -9.00  50.81
 -78.00  -8.00  52.31
 -78.00  -7.00  54.82
 -78.00  -6.00  58.41
 -78.00  -5.00  62.92
 -78.00  -4.00  68.02
 -78.00  -3.00  73.16
 -78.00  -2.00  77.67
 -78.00  -1.00  80.88
 -78.00   0.00  82.22
 -78.00   1.00  81.35
 -78.00   2.00  78.19
 -78.00   3.00  73.03
 -78.00   4.00  66.41
 -78.00   5.00  59.05
 -78.00   6.00  51.76
 -78.00   7.00  45.25
 -78.00   8.00  40.06
 -78.00   9.00  36.47
 -78.00  10.00  34.48
 -78.00  11.00  33.83
 -78.00  12.00  34.10
 -78.00  13.00  34.82
 -78.00  14.00  35.57
 -78.00  15.00  36.05
 -78.00  16.00  36.13
 -78.00  17.00  35.86
 -78.00  18.00  35.41
 -78.00  19.00  34.99
 -78.00  20.00  34.77
 -78.00  21.00  34.86
 -78.00  22.00  35.20
 -78.00  23.00  35.67
 -78.00  24.00  36.04
 -78.00  25.00  36.13
 -78.00  26.00  35.83
 -78.00  27.00  35.17
 -77.00 -37.00  35.69
 -77.00 -36.00  35.45
 -77.00 -35.00  35.88
 -77.00 -34.00  37.51
 -77.00 -33.00  40.74
 -77.00 -32.00  45.82
 -77.00 -31.00  52.70
 -77.00 -30.00  61.04
 -77.00 -29.00  70.21
 -77.00 -28.00  79.37
 -77.00 -27.00  87.62
 -77.00 -26.00  94.12
 -77.00 -25.00  98.23
 -77.00 -24.00  99.60
 -77.00 -23.00  98.26
 -77.00 -22.00  94.53
 -77.00 -21.00  89.02
 -77.00 -20.00  82.47
 -77.00 -19.00  75.64
 -77.00 -18.00  69.20
 -77.00 -17.00  63.60
 -77.00 -16.00  59.09
 -77.00 -15.00  55.69
 -77.00 -14.00  53.27
 -77.00 -13.00  51.62
 -77.00 -12.00  50.57
 -77.00 -11.00  50.00
 -77.00 -10.00  49.94
 -77.00  -9.00  50.52
 -77.00  -8.00  51.91
 -77.00  -7.00  54.27
 -77.00  -6.00  57.64
 -77.00  -5.00  61.88
 -77.00  -4.00  66.67
 -77.00  -3.00  71.48
 -77.00  -2.00  75.68
 -77.00  -1.00  78.63
 -77.00   0.00  79.79
 -77.00   1.00  78.84
 -77.00   2.00  75.72
 -77.00   3.00  70.69
 -77.00   4.00  64.30
 -77.00   5.00  57.23
 -77.00   6.00  50.25
 -77.00   7.00  44.06
 -77.00   8.00  39.16
 -77.00   9.00  35.81
 -77.00  10.00  34.00
 -77.00  11.00  33.46
 -77.00  12.00  33.80
 -77.00  13.00  34.55
 -77.00  14.00  35.30
 -77.00  15.00  35.76
 -77.00  16.00  35.83
 -77.00  17.00  35.55
 -77.00  18.00  35.09
 -77.00  19.00  34.66
 -77.00  20.00  34.44
 -77.00  21.00  34.53
 -77.00  22.00  34.87
 -77.00  23.00  35.34
 -77.00  24.00  35.72
 -77.00  25.00  35.81
 -77.00  26.00  35.51
 -77.00  27.00  34.86
 -76.00 -37.00  35.31
 -76.00 -36.00  35.04
 -76.00 -35.00  35.40
 -76.00 -34.00  36.88
 -76.00 -33.00  39.90
 -76.00 -32.00  44.69
 -76.00 -31.00  51.23
 -76.00 -30.00  59.19
 -76.00 -29.00  67.99
 -76.00 -28.00  76.84
 -76.00 -27.00  84.88
 -76.00 -26.00  91.29
 -76.00 -25.00  95.45
 -76.00 -24.00  97.01
 -76.00 -23.00  95.95
 -76.00 -22.00  92.57
 -76.00 -21.00  87.42
 -76.00 -20.00  81.22
 -76.00 -19.00  74.67
 -76.00 -18.00  68.43
 -76.00 -17.00  62.96
 -76.00 -16.00  58.51
 -76.00 -15.00  55.11
 -76.00 -14.00  52.67
 -76.00 -13.00  51.00
 -76.00 -12.00  49.93
 -76.00 -11.00  49.36
 -76.00 -10.00  49.31
 -76.00  -9.00  49.87
 -76.00  -8.00  51.21
 -76.00  -7.00  53.47
 -76.00  -6.00  56.68
 -76.00  -5.00  60.72
 -76.00  -4.00  65.26
 -76.00  -3.00  69.81
 -76.00  -2.00  73.77
 -76.00  -1.00  76.52
 -76.00   0.00  77.54
 -76.00   1.00  76.53
 -76.00   2.00  73.43
 -76.00   3.00  68.51
 -76.00   4.00  62.28
 -76.00   5.00  55.41
 -76.00   6.00  48.64
 -76.00   7.00  42.65
 -76.00   8.00  37.94
 -76.00   9.00  34.74
 -76.00  10.00  33.04
 -76.00  11.00  32.59
 -76.00  12.00  32.99
 -76.00  13.00  33.79
 -76.00  14.00  34.58
 -76.00  15.00  35.08
 -76.00  16.00  35.18
 -76.00  17.00  34.94
 -76.00  18.00  34.51
 -76.00  19.00  34.10
 -76.00  20.00  33.89
 -76.00  21.00  33.97
 -76.00  22.00  34.29
 -76.00  23.00  34.73
 -76.00  24.00  35.07
 -76.00  25.00  35.12
 -76.00  26.00  34.78
 -76.00  27.00  34.08
 -75.00 -37.00  34.92
 -75.00 -36.00  34.60
 -75.00 -35.00  34.88
 -75.00 -34.00  36.21
 -75.00 -33.00  38.99
 -75.00 -32.00  43.47
 -75.00 -31.00  49.64
 -75.00 -30.00  57.20
 -75.00 -29.00  65.61
 -75.00 -28.00  74.14
 -75.00 -27.00  81.96
 -75.00 -26.00  88.29
 -75.00 -25.00  92.51
 -75.00 -24.00  94.27
 -75.00 -23.00  93.52
 -75.00 -22.00  90.51
 -75.00 -21.00  85.75
 -75.00 -20.00  79.90
 -75.00 -19.00  73.66
 -75.00 -18.00  67.63
 -75.00 -17.00  62.29
 -75.00 -16.00  57.89
 -75.00 -15.00  54.50
 -75.00 -14.00  52.04
 -75.00 -13.00  50.34
 -75.00 -12.00  49.25
 -75.00 -11.00  48.67
 -75.00 -10.00  48.61
 -75.00  -9.00  49.15
 -75.00  -8.00  50.43
 -75.00  -7.00  52.59
 -75.00  -6.00  55.64
 -75.00  -5.00  59.48
 -75.00  -4.00  63.78
 -75.00  -3.00  68.09
 -75.00  -2.00  71.83
 -75.00  -1.00  74.41
 -75.00   0.00  75.34
 -75.00   1.00  74.30
 -75.00   2.00  71.27
 -75.00   3.00  66.48
 -75.00   4.00  60.42
 -75.00   5.00  53.75
 -75.00   6.00  47.18
 -75.00   7.00  41.38
 -75.00   8.00  36.81
 -75.00   9.00  33.73
 -75.00  10.00  32.11
 -75.00  11.00  31.72
 -75.00  12.00  32.17
 -75.00  13.00  33.01
 -75.00  14.00  33.84
 -75.00  15.00  34.38
 -75.00  16.00  34.54
 -75.00  17.00  34.34
 -75.00  18.00  33.94
 -75.00  19.00  33.56
 -75.00  20.00  33.36
 -75.00  21.00  33.42
 -75.00  22.00  33.72
 -75.00  23.00  34.12
 -75.00  24.00  34.42
 -75.00  25.00  34.43
 -75.00  26.00  34.05
 -75.00  27.00  33.31
 -74.00 -37.00  34.50
 -74.00 -36.00  34.15
 -74.00 -35.00  34.33
 -74.00 -34.00  35.49
 -74.00 -33.00  38.02
 -74.00 -32.00  42.16
 -74.00 -31.00  47.92
 -74.00 -30.00  55.06
 -74.00 -29.00  63.07
 -74.00 -28.00  71.26
 -74.00 -27.00  78.86
 -74.00 -26.00  85.12
 -74.00 -25.00  89.42
 -74.00 -24.00  91.40
 -74.00 -23.00  90.97
 -74.00 -22.00  88.36
 -74.00 -21.00  84.02
 -74.00 -20.00  78.55
 -74.00 -19.00  72.62
 -74.00 -18.00  66.81
 -74.00 -17.00  61.60
 -74.00 -16.00  57.26
 -74.00 -15.00  53.87
 -74.00 -14.00  51.38
 -74.00 -13.00  49.65
 -74.00 -12.00  48.53
 -74.00 -11.00  47.93
 -74.00 -10.00  47.85
 -74.00  -9.00  48.36
 -74.00  -8.00  49.58
 -74.00  -7.00  51.62
 -74.00  -6.00  54.52
 -74.00  -5.00  58.15
 -74.00  -4.00  62.24
 -74.00  -3.00  66.33
 -74.00  -2.00  69.88
 -74.00  -1.00  72.33
 -74.00   0.00  73.20
 -74.00   1.00  72.19
 -74.00   2.00  69.26
 -74.00   3.00  64.63
 -74.00   4.00  58.76
 -74.00   5.00  52.29
 -74.00   6.00  45.91
 -74.00   7.00  40.26
 -74.00   8.00  35.81
 -74.00   9.00  32.80
 -74.00  10.00  31.23
 -74.00  11.00  30.87
 -74.00  12.00  31.34
 -74.00  13.00  32.21
 -74.00  14.00  33.08
 -74.00  15.00  33.68
 -74.00  16.00  33.89
 -74.00  17.00  33.75
 -74.00  18.00  33.40
 -74.00  19.00  33.05
 -74.00  20.00  32.85
 -74.00  21.00  32.90
 -74.00  22.00  33.17
 -74.00  23.00  33.52
 -74.00  24.00  33.77
 -74.00  25.00  33.75
 -74.00  26.00  33.33
 -74.00  27.00  32.57
 -73.00 -37.00  34.08
 -73.00 -36.00  33.68
 -73.00 -35.00  33.75
 -73.00 -34.00  34.72
 -73.00 -33.00  36.97
 -73.00 -32.00  40.74
 -73.00 -31.00  46.06
 -73.00 -30.00  52.74
 -73.00 -29.00  60.32
 -73.00 -28.00  68.17
 -73.00 -27.00  75.55
 -73.00 -26.00  81.74
 -73.00 -25.00  86.14
 -73.00 -24.00  88.37
 -73.00 -23.00  88.32
 -73.00 -22.00  86.14
 -73.00 -21.00  82.25
 -73.00 -20.00  77.19
 -73.00 -19.00  71.58
 -73.00 -18.00  66.01
 -73.00 -17.00  60.93
 -73.00 -16.00  56.63
 -73.00 -15.00  53.24
 -73.00 -14.00  50.71
 -73.00 -13.00  48.94
 -73.00 -12.00  47.78
 -73.00 -11.00  47.16
 -73.00 -10.00  47.04
 -73.00  -9.00  47.50
 -73.00  -8.00  48.64
 -73.00  -7.00  50.57
 -73.00  -6.00  53.30
 -73.00  -5.00  56.74
 -73.00  -4.00  60.61
 -73.00  -3.00  64.50
 -73.00  -2.00  67.91
 -73.00  -1.00  70.27
 -73.00   0.00  71.14
 -73.00   1.00  70.21
 -73.00   2.00  67.43
 -73.00   3.00  62.99
 -73.00   4.00  57.33
 -73.00   5.00  51.06
 -73.00   6.00  44.85
 -73.00   7.00  39.32
 -73.00   8.00  34.95
 -73.00   9.00  31.97
 -73.00  10.00  30.41
 -73.00  11.00  30.04
 -73.00  12.00  30.52
 -73.00  13.00  31.41
 -73.00  14.00  32.32
 -73.00  15.00  32.98
 -73.00  16.00  33.26
 -73.00  17.00  33.19
 -73.00  18.00  32.89
 -73.00  19.00  32.57
 -73.00  20.00  32.37
 -73.00  21.00  32.40
 -73.00  22.00  32.63
 -73.00  23.00  32.94
 -73.00  24.00  33.15
 -73.00  25.00  33.09
 -73.00  26.00  32.65
 -73.00  27.00  31.87
 -72.00 -37.00  33.65
 -72.00 -36.00  33.19
 -72.00 -35.00  33.15
 -72.00 -34.00  33.91
 -72.00 -33.00  35.85
 -72.00 -32.00  39.21
 -72.00 -31.00  44.07
 -72.00 -30.00  50.26
 -72.00 -29.00  57.38
 -72.00 -28.00  64.86
 -72.00 -27.00  72.01
 -72.00 -26.00  78.15
 -72.00 -25.00  82.67
 -72.00 -24.00  85.19
 -72.00 -23.00  85.54
 -72.00 -22.00  83.84
 -72.00 -21.00  80.43
 -72.00 -20.00  75.81
 -72.00 -19.00  70.56
 -72.00 -18.00  65.23
 -72.00 -17.00  60.29
 -72.00 -16.00  56.05
 -72.00 -15.00  52.63
 -72.00 -14.00  50.06
 -72.00 -13.00  48.22
 -72.00 -12.00  47.02
 -72.00 -11.00  46.35
 -72.00 -10.00  46.19
 -72.00  -9.00  46.59
 -72.00  -8.00  47.64
 -72.00  -7.00  49.43
 -72.00  -6.00  51.99
 -72.00  -5.00  55.23
 -72.00  -4.00  58.90
 -72.00  -3.00  62.63
 -72.00  -2.00  65.91
 -72.00  -1.00  68.24
 -72.00   0.00  69.16
 -72.00   1.00  68.37
 -72.00   2.00  65.79
 -72.00   3.00  61.58
 -72.00   4.00  56.17
 -72.00   5.00  50.10
 -72.00   6.00  44.05
 -72.00   7.00  38.61
 -72.00   8.00  34.26
 -72.00   9.00  31.26
 -72.00  10.00  29.65
 -72.00  11.00  29.24
 -72.00  12.00  29.69
 -72.00  13.00  30.58
 -72.00  14.00  31.54
 -72.00  15.00  32.27
 -72.00  16.00  32.64
 -72.00  17.00  32.64
 -72.00  18.00  32.41
 -72.00  19.00  32.12
 -72.00  20.00  31.93
 -72.00  21.00  31.94
 -72.00  22.00  32.12
 -72.00  23.00  32.39
 -72.00  24.00  32.56
 -72.00  25.00  32.47
 -72.00  26.00  32.02
 -72.00  27.00  31.22
 -71.00 -37.00  33.21
 -71.00 -36.00  32.71
 -71.00 -35.00  32.54
 -71.00 -34.00  33.08
 -71.00 -33.00  34.68
 -71.00 -32.00  37.61
 -71.00 -31.00  41.96
 -71.00 -30.00  47.62
 -71.00 -29.00  54.25
 -71.00 -28.00  61.34
 -71.00 -27.00  68.25
 -71.00 -26.00  74.33
 -71.00 -25.00  78.99
 -71.00 -24.00  81.82
 -71.00 -23.00  82.62
 -71.00 -22.00  81.44
 -71.00 -21.00  78.55
 -71.00 -20.00  74.41
 -71.00 -19.00  69.55
 -71.00 -18.00  64.49
 -71.00 -17.00  59.70
 -71.00 -16.00  55.51
 -71.00 -15.00  52.07
 -71.00 -14.00  49.43
 -71.00 -13.00  47.53
 -71.00 -12.00  46.25
 -71.00 -11.00  45.52
 -71.00 -10.00  45.30
 -71.00  -9.00  45.62
 -71.00  -8.00  46.57
 -71.00  -7.00  48.22
 -71.00  -6.00  50.60
 -71.00  -5.00  53.64
 -71.00  -4.00  57.12
 -71.00  -3.00  60.70
 -71.00  -2.00  63.90
 -71.00  -1.00  66.24
 -71.00   0.00  67.26
 -71.00   1.00  66.66
 -71.00   2.00  64.34
 -71.00   3.00  60.41
 -71.00   4.00  55.26
 -71.00   5.00  49.42
 -71.00   6.00  43.50
 -71.00   7.00  38.12
 -71.00   8.00  33.76
 -71.00   9.00  30.69
 -71.00  10.00  28.99
 -71.00  11.00  28.49
 -71.00  12.00  28.87
 -71.00  13.00  29.75
 -71.00  14.00  30.75
 -71.00  15.00  31.55
 -71.00  16.00  32.01
 -71.00  17.00  32.12
 -71.00  18.00  31.96
 -71.00  19.00  31.71
 -71.00  20.00  31.53
 -71.00  21.00  31.51
 -71.00  22.00  31.65
 -71.00  23.00  31.87
 -71.00  24.00  32.01
 -71.00  25.00  31.90
 -71.00  26.00  31.44
 -71.00  27.00  30.65
 -70.00 -37.00  32.77
 -70.00 -36.00  32.22
 -70.00 -35.00  31.93
 -70.00 -34.00  32.24
 -70.00 -33.00  33.50
 -70.00 -32.00  35.98
 -70.00 -31.00  39.80
 -70.00 -30.00  44.89
 -70.00 -29.00  51.00
 -70.00 -28.00  57.66
 -70.00 -27.00  64.30
 -70.00 -26.00  70.30
 -70.00 -25.00  75.10
 -70.00 -24.00  78.25
 -70.00 -23.00  79.52
 -70.00 -22.00  78.89
 -70.00 -21.00  76.58
 -70.00 -20.00  72.96
 -70.00 -19.00  68.52
 -70.00 -18.00  63.76
 -70.00 -17.00  59.15
 -70.00 -16.00  55.01
 -70.00 -15.00  51.56
 -70.00 -14.00  48.85
 -70.00 -13.00  46.85
 -70.00 -12.00  45.49
 -70.00 -11.00  44.68
 -70.00 -10.00  44.38
 -70.00  -9.00  44.62
 -70.00  -8.00  45.44
 -70.00  -7.00  46.94
 -70.00  -6.00  49.14
 -70.00  -5.00  51.98
 -70.00  -4.00  55.29
 -70.00  -3.00  58.72
 -70.00  -2.00  61.87
 -70.00  -1.00  64.26
 -70.00   0.00  65.43
 -70.00   1.00  65.08
 -70.00   2.00  63.06
 -70.00   3.00  59.46
 -70.00   4.00  54.61
 -70.00   5.00  49.00
 -70.00   6.00  43.22
 -70.00   7.00  37.88
 -70.00   8.00  33.46
 -70.00   9.00  30.27
 -70.00  10.00  28.42
 -70.00  11.00  27.78
 -70.00  12.00  28.07
 -70.00  13.00  28.92
 -70.00  14.00  29.94
 -70.00  15.00  30.82
 -70.00  16.00  31.39
 -70.00  17.00  31.60
 -70.00  18.00  31.53
 -70.00  19.00  31.34
 -70.00  20.00  31.16
 -70.00  21.00  31.12
 -70.00  22.00  31.22
 -70.00  23.00  31.39
 -70.00  24.00  31.50
 -70.00  25.00  31.38
 -70.00  26.00  30.93
 -70.00  27.00  30.15
 -69.00 -37.00  32.32
 -69.00 -36.00  31.74
 -69.00 -35.00  31.34
 -69.00 -34.00  31.43
 -69.00 -33.00  32.35
 -69.00 -32.00  34.36
 -69.00 -31.00  37.63
 -69.00 -30.00  42.14
 -69.00 -29.00  47.68
 -69.00 -28.00  53.88
 -69.00 -27.00  60.21
 -69.00 -26.00  66.11
 -69.00 -25.00  71.02
 -69.00 -24.00  74.48
 -69.00 -23.00  76.23
 -69.00 -22.00  76.17
 -69.00 -21.00  74.46
 -69.00 -20.00  71.40
 -69.00 -19.00  67.43
 -69.00 -18.00  63.02
 -69.00 -17.00  58.61
 -69.00 -16.00  54.55
 -69.00 -15.00  51.09
 -69.00 -14.00  48.31
 -69.00 -13.00  46.22
 -69.00 -12.00  44.75
 -69.00 -11.00  43.85
 -69.00 -10.00  43.46
 -69.00  -9.00  43.59
 -69.00  -8.00  44.29
 -69.00  -7.00  45.63
 -69.00  -6.00  47.64
 -69.00  -5.00  50.29
 -69.00  -4.00  53.41
 -69.00  -3.00  56.73
 -69.00  -2.00  59.84
 -69.00  -1.00  62.29
 -69.00   0.00  63.65
 -69.00   1.00  63.59
 -69.00   2.00  61.91
 -69.00   3.00  58.69
 -69.00   4.00  54.17
 -69.00   5.00  48.81
 -69.00   6.00  43.18
 -69.00   7.00  37.87
 -69.00   8.00  33.36
 -69.00   9.00  30.02
 -69.00  10.00  27.97
 -69.00  11.00  27.15
 -69.00  12.00  27.31
 -69.00  13.00  28.09
 -69.00  14.00  29.12
 -69.00  15.00  30.07
 -69.00  16.00  30.76
 -69.00  17.00  31.09
 -69.00  18.00  31.12
 -69.00  19.00  30.99
 -69.00  20.00  30.84
 -69.00  21.00  30.77
 -69.00  22.00  30.83
 -69.00  23.00  30.97
 -69.00  24.00  31.04
 -69.00  25.00  30.92
 -69.00  26.00  30.49
 -69.00  27.00  29.73
 -68.00 -37.00  31.88
 -68.00 -36.00  31.28
 -68.00 -35.00  30.78
 -68.00 -34.00  30.66
 -68.00 -33.00  31.25
 -68.00 -32.00  32.82
 -68.00 -31.00  35.54
 -68.00 -30.00  39.45
 -68.00 -29.00  44.41
 -68.00 -28.00  50.10
 -68.00 -27.00  56.08
 -68.00 -26.00  61.82
 -68.00 -25.00  66.79
 -68.00 -24.00  70.53
 -68.00 -23.00  72.73
 -68.00 -22.00  73.25
 -68.00 -21.00  72.16
 -68.00 -20.00  69.70
 -68.00 -19.00  66.23
 -68.00 -18.00  62.21
 -68.00 -17.00  58.04
 -68.00 -16.00  54.10
 -68.00 -15.00  50.64
 -68.00 -14.00  47.80
 -68.00 -13.00  45.61
 -68.00 -12.00  44.04
 -68.00 -11.00  43.03
 -68.00 -10.00  42.54
 -68.00  -9.00  42.55
 -68.00  -8.00  43.12
 -68.00  -7.00  44.30
 -68.00  -6.00  46.13
 -68.00  -5.00  48.58
 -68.00  -4.00  51.53
 -68.00  -3.00  54.73
 -68.00  -2.00  57.81
 -68.00  -1.00  60.35
 -68.00   0.00  61.92
 -68.00   1.00  62.16
 -68.00   2.00  60.87
 -68.00   3.00  58.04
 -68.00   4.00  53.89
 -68.00   5.00  48.82
 -68.00   6.00  43.35
 -68.00   7.00  38.06
 -68.00   8.00  33.47
 -68.00   9.00  29.94
 -68.00  10.00  27.66
 -68.00  11.00  26.62
 -68.00  12.00  26.60
 -68.00  13.00  27.28
 -68.00  14.00  28.29
 -68.00  15.00  29.31
 -68.00  16.00  30.11
 -68.00  17.00  30.57
 -68.00  18.00  30.72
 -68.00  19.00  30.66
 -68.00  20.00  30.54
 -68.00  21.00  30.47
 -68.00  22.00  30.49
 -68.00  23.00  30.59
 -68.00  24.00  30.64
 -68.00  25.00  30.52
 -68.00  26.00  30.11
 -68.00  27.00  29.38
 -67.00 -37.00  31.44
 -67.00 -36.00  30.82
 -67.00 -35.00  30.24
 -67.00 -34.00  29.96
 -67.00 -33.00  30.25
 -67.00 -32.00  31.39
 -67.00 -31.00  33.58
 -67.00 -30.00  36.89
 -67.00 -29.00  41.25
 -67.00 -28.00  46.40
 -67.00 -27.00  51.97
 -67.00 -26.00  57.50
 -67.00 -25.00  62.47
 -67.00 -24.00  66.43
 -67.00 -23.00  69.04
 -67.00 -22.00  70.11
 -67.00 -21.00  69.64
 -67.00 -20.00  67.79
 -67.00 -19.00  64.88
 -67.00 -18.00  61.28
 -67.00 -17.00  57.41
 -67.00 -16.00  53.63
 -67.00 -15.00  50.21
 -67.00 -14.00  47.33
 -67.00 -13.00  45.05
 -67.00 -12.00  43.37
 -67.00 -11.00  42.24
 -67.00 -10.00  41.63
 -67.00  -9.00  41.52
 -67.00  -8.00  41.95
 -67.00  -7.00  42.97
 -67.00  -6.00  44.62
 -67.00  -5.00  46.88
 -67.00  -4.00  49.66
 -67.00  -3.00  52.74
 -67.00  -2.00  55.80
 -67.00  -1.00  58.43
 -67.00   0.00  60.21
 -67.00   1.00  60.78
 -67.00   2.00  59.89
 -67.00   3.00  57.49
 -67.00   4.00  53.74
 -67.00   5.00  48.98
 -67.00   6.00  43.70
 -67.00   7.00  38.45
 -67.00   8.00  33.76
 -67.00   9.00  30.03
 -67.00  10.00  27.50
 -67.00  11.00  26.20
 -67.00  12.00  25.96
 -67.00  13.00  26.51
 -67.00  14.00  27.48
 -67.00  15.00  28.54
 -67.00  16.00  29.44
 -67.00  17.00  30.04
 -67.00  18.00  30.31
 -67.00  19.00  30.35
 -67.00  20.00  30.27
 -67.00  21.00  30.20
 -67.00  22.00  30.20
 -67.00  23.00  30.26
 -67.00  24.00  30.29
 -67.00  25.00  30.17
 -67.00  26.00  29.79
 -67.00  27.00  29.10
 -66.00 -37.00  31.00
 -66.00 -36.00  30.38
 -66.00 -35.00  29.74
 -66.00 -34.00  29.31
 -66.00 -33.00  29.34
 -66.00 -32.00  30.09
 -66.00 -31.00  31.78
 -66.00 -30.00  34.52
 -66.00 -29.00  38.27
 -66.00 -28.00  42.86
 -66.00 -27.00  47.98
 -66.00 -26.00  53.22
 -66.00 -25.00  58.12
 -66.00 -24.00  62.23
 -66.00 -23.00  65.19
 -66.00 -22.00  66.76
 -66.00 -21.00  66.89
 -66.00 -20.00  65.66
 -66.00 -19.00  63.32
 -66.00 -18.00  60.21
 -66.00 -17.00  56.68
 -66.00 -16.00  53.11
 -66.00 -15.00  49.77
 -66.00 -14.00  46.88
 -66.00 -13.00  44.52
 -66.00 -12.00  42.73
 -66.00 -11.00  41.48
 -66.00 -10.00  40.75
 -66.00  -9.00  40.52
 -66.00  -8.00  40.81
 -66.00  -7.00  41.67
 -66.00  -6.00  43.14
 -66.00  -5.00  45.22
 -66.00  -4.00  47.83
 -66.00  -3.00  50.80
 -66.00  -2.00  53.82
 -66.00  -1.00  56.54
 -66.00   0.00  58.53
 -66.00   1.00  59.43
 -66.00   2.00  58.95
 -66.00   3.00  57.00
 -66.00   4.00  53.68
 -66.00   5.00  49.26
 -66.00   6.00  44.19
 -66.00   7.00  39.01
 -66.00   8.00  34.24
 -66.00   9.00  30.31
 -66.00  10.00  27.50
 -66.00  11.00  25.91
 -66.00  12.00  25.42
 -66.00  13.00  25.79
 -66.00  14.00  26.69
 -66.00  15.00  27.77
 -66.00  16.00  28.76
 -66.00  17.00  29.48
 -66.00  18.00  29.89
 -66.00  19.00  30.03
 -66.00  20.00  30.02
 -66.00  21.00  29.96
 -66.00  22.00  29.95
 -66.00  23.00  29.98
 -66.00  24.00  29.99
 -66.00  25.00  29.88
 -66.00  26.00  29.53
 -66.00  27.00  27.78
 -65.00 -37.00  30.57
 -65.00 -36.00  29.95
 -65.00 -35.00  29.27
 -65.00 -34.00  28.72
 -65.00 -33.00  28.53
 -65.00 -32.00  28.94
 -65.00 -31.00  30.17
 -65.00 -30.00  32.36
 -65.00 -29.00  35.51
 -65.00 -28.00  39.53
 -65.00 -27.00  44.16
 -65.00 -26.00  49.06
 -65.00 -25.00  53.81
 -65.00 -24.00  57.98
 -65.00 -23.00  61.21
 -65.00 -22.00  63.24
 -65.00 -21.00  63.92
 -65.00 -20.00  63.31
 -65.00 -19.00  61.56
 -65.00 -18.00  58.95
 -65.00 -17.00  55.82
 -65.00 -16.00  52.50
 -65.00 -15.00  49.30
 -65.00 -14.00  46.43
 -65.00 -13.00  44.02
 -65.00 -12.00  42.13
 -65.00 -11.00  40.77
 -65.00 -10.00  39.91
 -65.00  -9.00  39.55
 -65.00  -8.00  39.70
 -65.00  -7.00  40.40
 -65.00  -6.00  41.69
 -65.00  -5.00  43.59
 -65.00  -4.00  46.04
 -65.00  -3.00  48.89
 -65.00  -2.00  51.89
 -65.00  -1.00  54.68
 -65.00   0.00  56.88
 -65.00   1.00  58.10
 -65.00   2.00  58.04
 -65.00   3.00  56.55
 -65.00   4.00  53.67
 -65.00   5.00  49.63
 -65.00   6.00  44.81
 -65.00   7.00  39.72
 -65.00   8.00  34.89
 -65.00   9.00  30.76
 -65.00  10.00  27.68
 -65.00  11.00  25.77
 -65.00  12.00  24.99
 -65.00  13.00  25.15
 -65.00  14.00  25.93
 -65.00  15.00  27.00
 -65.00  16.00  28.06
 -65.00  17.00  28.91
 -65.00  18.00  29.46
 -65.00  19.00  28.65
 -65.00  20.00  28.75
 -65.00  21.00  28.75
 -65.00  22.00  28.73
 -65.00  23.00  28.73
 -65.00  24.00  28.70
 -65.00  25.00  28.56
 -65.00  26.00  28.23
 -65.00  27.00  27.62
 -64.00 -37.00  30.15
 -64.00 -36.00  29.53
 -64.00 -35.00  28.83
 -64.00 -34.00  28.19
 -64.00 -33.00  27.81
 -64.00 -32.00  27.93
 -64.00 -31.00  28.75
 -64.00 -30.00  30.42
 -64.00 -29.00  33.00
 -64.00 -28.00  36.44
 -64.00 -27.00  40.56
 -64.00 -26.00  45.07
 -64.00 -25.00  49.59
 -64.00 -24.00  53.75
 -64.00 -23.00  57.17
 -64.00 -22.00  59.56
 -64.00 -21.00  60.76
 -64.00 -20.00  60.73
 -64.00 -19.00  59.57
 -64.00 -18.00  57.50
 -64.00 -17.00  54.80
 -64.00 -16.00  51.80
 -64.00 -15.00  48.78
 -64.00 -14.00  45.97
 -64.00 -13.00  43.55
 -64.00 -12.00  41.58
 -64.00 -11.00  40.11
 -64.00 -10.00  39.13
 -64.00  -9.00  38.63
 -64.00  -8.00  38.63
 -64.00  -7.00  39.18
 -64.00  -6.00  40.30
 -64.00  -5.00  42.02
 -64.00  -4.00  44.31
 -64.00  -3.00  47.04
 -64.00  -2.00  50.00
 -64.00  -1.00  52.86
 -64.00   0.00  55.25
 -64.00   1.00  56.78
 -64.00   2.00  57.14
 -64.00   3.00  56.13
 -64.00   4.00  53.72
 -64.00   5.00  50.08
 -64.00   6.00  45.54
 -64.00   7.00  40.59
 -64.00   8.00  35.71
 -64.00   9.00  31.41
 -64.00  10.00  28.03
 -64.00  11.00  24.61
 -64.00  12.00  23.71
 -64.00  13.00  23.68
 -64.00  14.00  24.30
 -64.00  15.00  25.28
 -64.00  16.00  26.33
 -64.00  17.00  27.25
 -64.00  18.00  27.92
 -64.00  19.00  28.31
 -64.00  20.00  28.48
 -64.00  21.00  28.53
 -64.00  22.00  28.52
 -64.00  23.00  28.51
 -64.00  24.00  28.47
 -64.00  25.00  28.34
 -64.00  26.00  28.03
 -64.00  27.00  27.47
 -63.00 -37.00  29.74
 -63.00 -36.00  29.14
 -63.00 -35.00  28.42
 -63.00 -34.00  27.71
 -63.00 -33.00  27.19
 -63.00 -32.00  27.05
 -63.00 -31.00  27.50
 -63.00 -30.00  28.70
 -63.00 -29.00  30.75
 -63.00 -28.00  33.62
 -63.00 -27.00  37.20
 -63.00 -26.00  41.27
 -63.00 -25.00  45.50
 -63.00 -24.00  49.56
 -63.00 -23.00  53.09
 -63.00 -22.00  55.78
 -63.00 -21.00  57.43
 -63.00 -20.00  57.94
 -63.00 -19.00  57.37
 -63.00 -18.00  55.85
 -63.00 -17.00  53.63
 -63.00 -16.00  50.99
 -63.00 -15.00  48.20
 -63.00 -14.00  45.51
 -63.00 -13.00  43.10
 -63.00 -12.00  41.09
 -63.00 -11.00  39.51
 -63.00 -10.00  38.41
 -63.00  -9.00  37.77
 -63.00  -8.00  37.63
 -63.00  -7.00  38.01
 -63.00  -6.00  38.96
 -63.00  -5.00  40.50
 -63.00  -4.00  42.63
 -63.00  -3.00  45.24
 -63.00  -2.00  48.15
 -63.00  -1.00  51.06
 -63.00   0.00  53.63
 -63.00   1.00  55.48
 -63.00   2.00  56.26
 -63.00   3.00  55.73
 -63.00   4.00  53.81
 -63.00   5.00  46.37
 -63.00   6.00  42.72
 -63.00   7.00  38.52
 -63.00   8.00  34.23
 -63.00   9.00  30.29
 -63.00  10.00  27.05
 -63.00  11.00  24.77
 -63.00  12.00  23.52
 -63.00  13.00  23.22
 -63.00  14.00  23.65
 -63.00  15.00  24.54
 -63.00  16.00  25.61
 -63.00  17.00  26.61
 -63.00  18.00  27.40
 -63.00  19.00  27.91
 -63.00  20.00  28.18
 -63.00  21.00  28.29
 -63.00  22.00  28.30
 -63.00  23.00  28.29
 -63.00  24.00  28.25
 -63.00  25.00  28.12
 -63.00  26.00  27.84
 -63.00  27.00  27.32
 -62.00 -37.00  29.35
 -62.00 -36.00  28.76
 -62.00 -35.00  28.04
 -62.00 -34.00  27.28
 -62.00 -33.00  26.64
 -62.00 -32.00  26.30
 -62.00 -31.00  26.43
 -62.00 -30.00  27.21
 -62.00 -29.00  28.74
 -62.00 -28.00  31.06
 -62.00 -27.00  34.10
 -62.00 -26.00  37.69
 -62.00 -25.00  41.59
 -62.00 -24.00  45.47
 -62.00 -23.00  49.01
 -62.00 -22.00  51.91
 -62.00 -21.00  53.94
 -62.00 -20.00  54.96
 -62.00 -19.00  54.95
 -62.00 -18.00  54.00
 -62.00 -17.00  52.29
 -62.00 -16.00  50.05
 -62.00 -15.00  47.55
 -62.00 -14.00  45.03
 -62.00 -13.00  42.68
 -62.00 -12.00  40.64
 -62.00 -11.00  38.99
 -62.00 -10.00  37.77
 -62.00  -9.00  36.99
 -62.00  -8.00  36.70
 -62.00  -7.00  36.91
 -62.00  -6.00  37.68
 -62.00  -5.00  39.04
 -62.00  -4.00  41.00
 -62.00  -3.00  43.48
 -62.00  -2.00  46.32
 -62.00  -1.00  49.28
 -62.00   0.00  47.88
 -62.00   1.00  49.83
 -62.00   2.00  50.94
 -62.00   3.00  50.95
 -62.00   4.00  49.73
 -62.00   5.00  47.31
 -62.00   6.00  43.88
 -62.00   7.00  39.78
 -62.00   8.00  35.43
 -62.00   9.00  31.29
 -62.00  10.00  27.76
 -62.00  11.00  25.11
 -62.00  12.00  23.49
 -62.00  13.00  22.86
 -62.00  14.00  23.06
 -62.00  15.00  23.82
 -62.00  16.00  24.86
 -62.00  17.00  25.92
 -62.00  18.00  26.81
 -62.00  19.00  27.45
 -62.00  20.00  27.84
 -62.00  21.00  28.02
 -62.00  22.00  28.08
 -62.00  23.00  28.08
 -62.00  24.00  28.04
 -62.00  25.00  27.92
 -62.00  26.00  27.66
 -62.00  27.00  27.18
 -61.00 -37.00  28.99
 -61.00 -36.00  28.41
 -61.00 -35.00  27.69
 -61.00 -34.00  26.91
 -61.00 -33.00  26.18
 -61.00 -32.00  25.66
 -61.00 -31.00  25.53
 -61.00 -30.00  25.93
 -61.00 -29.00  27.00
 -61.00 -28.00  28.79
 -61.00 -27.00  31.29
 -61.00 -26.00  34.38
 -61.00 -25.00  37.87
 -61.00 -24.00  41.50
 -61.00 -23.00  44.98
 -61.00 -22.00  48.01
 -61.00 -21.00  50.34
 -61.00 -20.00  51.81
 -61.00 -19.00  52.33
 -61.00 -18.00  51.94
 -61.00 -17.00  50.76
 -61.00 -16.00  48.98
 -61.00 -15.00  46.82
 -61.00 -14.00  44.52
 -61.00 -13.00  42.28
 -61.00 -12.00  40.26
 -61.00 -11.00  38.55
 -61.00 -10.00  37.22
 -61.00  -9.00  36.31
 -61.00  -8.00  35.85
 -61.00  -7.00  35.89
 -61.00  -6.00  36.47
 -61.00  -5.00  35.24
 -61.00  -4.00  36.83
 -61.00  -3.00  38.94
 -61.00  -2.00  41.45
 -61.00  -1.00  44.15
 -61.00   0.00  46.78
 -61.00   1.00  48.99
 -61.00   2.00  50.45
 -61.00   3.00  50.88
 -61.00   4.00  50.09
 -61.00   5.00  48.07
 -61.00   6.00  44.96
 -61.00   7.00  41.04
 -61.00   8.00  36.73
 -61.00   9.00  32.46
 -61.00  10.00  28.66
 -61.00  11.00  25.66
 -61.00  12.00  23.65
 -61.00  13.00  22.66
 -61.00  14.00  22.56
 -61.00  15.00  23.13
 -61.00  16.00  24.08
 -61.00  17.00  25.16
 -61.00  18.00  26.15
 -61.00  19.00  26.92
 -61.00  20.00  27.43
 -61.00  21.00  27.72
 -61.00  22.00  27.85
 -61.00  23.00  27.88
 -61.00  24.00  27.85
 -61.00  25.00  27.74
 -61.00  26.00  27.50
 -61.00  27.00  27.07
 -60.00 -37.00  28.66
 -60.00 -36.00  28.09
 -60.00 -35.00  27.37
 -60.00 -34.00  26.58
 -60.00 -33.00  25.79
 -60.00 -32.00  25.14
 -60.00 -31.00  24.78
 -60.00 -30.00  24.86
 -60.00 -29.00  25.50
 -60.00 -28.00  26.80
 -60.00 -27.00  28.77
 -60.00 -26.00  31.35
 -60.00 -25.00  34.41
 -60.00 -24.00  37.72
 -60.00 -23.00  41.05
 -60.00 -22.00  44.11
 -60.00 -21.00  46.66
 -60.00 -20.00  48.51
 -60.00 -19.00  49.52
 -60.00 -18.00  49.67
 -60.00 -17.00  49.03
 -60.00 -16.00  47.74
 -60.00 -15.00  45.98
 -60.00 -14.00  43.96
 -60.00 -13.00  41.89
 -60.00 -12.00  39.92
 -60.00 -11.00  38.19
 -60.00 -10.00  34.73
 -60.00  -9.00  33.73
 -60.00  -8.00  33.10
 -60.00  -7.00  32.92
 -60.00  -6.00  33.23
 -60.00  -5.00  34.08
 -60.00  -4.00  35.51
 -60.00  -3.00  37.49
 -60.00  -2.00  39.92
 -60.00  -1.00  42.64
 -60.00   0.00  45.37
 -60.00   1.00  47.81
 -60.00   2.00  49.61
 -60.00   3.00  50.46
 -60.00   4.00  50.16
 -60.00   5.00  48.61
 -60.00   6.00  45.89
 -60.00   7.00  42.26
 -60.00   8.00  38.07
 -60.00   9.00  33.76
 -60.00  10.00  29.76
 -60.00  11.00  26.44
 -60.00  12.00  24.04
 -60.00  13.00  22.64
 -60.00  14.00  22.20
 -60.00  15.00  22.51
 -60.00  16.00  23.33
 -60.00  17.00  24.38
 -60.00  18.00  25.43
 -60.00  19.00  26.31
 -60.00  20.00  26.96
 -60.00  21.00  27.37
 -60.00  22.00  27.59
 -60.00  23.00  27.67
 -60.00  24.00  27.67
 -60.00  25.00  27.58
 -60.00  26.00  27.37
 -60.00  27.00  26.98
 -59.00 -37.00  28.37
 -59.00 -36.00  27.80
 -59.00 -35.00  27.10
 -59.00 -34.00  26.30
 -59.00 -33.00  25.47
 -59.00 -32.00  24.72
 -59.00 -31.00  24.18
 -59.00 -30.00  23.99
 -59.00 -29.00  24.27
 -59.00 -28.00  25.12
 -59.00 -27.00  26.59
 -59.00 -26.00  28.66
 -59.00 -25.00  31.24
 -59.00 -24.00  34.18
 -59.00 -23.00  37.28
 -59.00 -22.00  40.28
 -59.00 -21.00  42.96
 -59.00 -20.00  45.09
 -59.00 -19.00  46.53
 -59.00 -18.00  47.20
 -59.00 -17.00  47.10
 -59.00 -16.00  46.32
 -59.00 -15.00  45.00
 -59.00 -14.00  43.33
 -59.00 -13.00  38.94
 -59.00 -12.00  37.32
 -59.00 -11.00  35.76
 -59.00 -10.00  34.38
 -59.00  -9.00  33.27
 -59.00  -8.00  32.50
 -59.00  -7.00  32.14
 -59.00  -6.00  32.25
 -59.00  -5.00  32.90
 -59.00  -4.00  34.12
 -59.00  -3.00  35.92
 -59.00  -2.00  38.22
 -59.00  -1.00  40.88
 -59.00   0.00  43.68
 -59.00   1.00  46.29
 -59.00   2.00  48.40
 -59.00   3.00  49.68
 -59.00   4.00  49.87
 -59.00   5.00  48.85
 -59.00   6.00  46.62
 -59.00   7.00  43.37
 -59.00   8.00  39.41
 -59.00   9.00  35.15
 -59.00  10.00  31.03
 -59.00  11.00  27.44
 -59.00  12.00  24.66
 -59.00  13.00  22.86
 -59.00  14.00  22.02
 -59.00  15.00  22.02
 -59.00  16.00  22.63
 -59.00  17.00  23.59
 -59.00  18.00  24.65
 -59.00  19.00  25.63
 -59.00  20.00  26.41
 -59.00  21.00  26.95
 -59.00  22.00  27.28
 -59.00  23.00  27.45
 -59.00  24.00  27.50
 -59.00  25.00  27.44
 -59.00  26.00  27.26
 -59.00  27.00  26.91
 -58.00 -37.00  28.10
 -58.00 -36.00  27.56
 -58.00 -35.00  26.87
 -58.00 -34.00  26.07
 -58.00 -33.00  25.21
 -58.00 -32.00  24.40
 -58.00 -31.00  23.72
 -58.00 -30.00  23.31
 -58.00 -29.00  23.28
 -58.00 -28.00  23.73
 -58.00 -27.00  24.74
 -58.00 -26.00  26.32
 -58.00 -25.00  28.42
 -58.00 -24.00  30.95
 -58.00 -23.00  33.75
 -58.00 -22.00  36.60
 -58.00 -21.00  39.30
 -58.00 -20.00  41.63
 -58.00 -19.00  43.42
 -58.00 -18.00  44.54
 -58.00 -17.00  41.09
 -58.00 -16.00  41.21
 -58.00 -15.00  40.72
 -58.00 -14.00  39.74
 -58.00 -13.00  38.44
 -58.00 -12.00  36.96
 -58.00 -11.00  35.45
 -58.00 -10.00  34.05
 -58.00  -9.00  32.85
 -58.00  -8.00  31.94
 -58.00  -7.00  31.40
 -58.00  -6.00  31.31
 -58.00  -5.00  31.73
 -58.00  -4.00  32.71
 -58.00  -3.00  34.28
 -58.00  -2.00  36.40
 -58.00  -1.00  38.95
 -58.00   0.00  41.73
 -58.00   1.00  44.47
 -58.00   2.00  46.84
 -58.00   3.00  48.51
 -58.00   4.00  49.21
 -58.00   5.00  48.73
 -58.00   6.00  47.05
 -58.00   7.00  44.28
 -58.00   8.00  40.66
 -58.00   9.00  36.57
 -58.00  10.00  32.43
 -58.00  11.00  28.64
 -58.00  12.00  25.53
 -58.00  13.00  23.32
 -58.00  14.00  22.06
 -58.00  15.00  21.69
 -58.00  16.00  22.03
 -58.00  17.00  22.83
 -58.00  18.00  23.85
 -58.00  19.00  24.88
 -58.00  20.00  25.77
 -58.00  21.00  26.46
 -58.00  22.00  26.92
 -58.00  23.00  27.19
 -58.00  24.00  27.31
 -58.00  25.00  27.31
 -58.00  26.00  27.17
 -58.00  27.00  26.87
 -57.00 -37.00  27.87
 -57.00 -36.00  27.35
 -57.00 -35.00  26.68
 -57.00 -34.00  25.89
 -57.00 -33.00  25.02
 -57.00 -32.00  24.16
 -57.00 -31.00  23.38
 -57.00 -30.00  22.80
 -57.00 -29.00  22.52
 -57.00 -28.00  22.64
 -57.00 -27.00  23.24
 -57.00 -26.00  24.36
 -57.00 -25.00  26.00
 -57.00 -24.00  28.09
 -57.00 -23.00  30.53
 -57.00 -22.00  33.16
 -57.00 -21.00  35.79
 -57.00 -20.00  34.25
 -57.00 -19.00  36.39
 -57.00 -18.00  38.06
 -57.00 -17.00  39.15
 -57.00 -16.00  39.62
 -57.00 -15.00  39.49
 -57.00 -14.00  38.85
 -57.00 -13.00  37.81
 -57.00 -12.00  36.51
 -57.00 -11.00  35.11
 -57.00 -10.00  33.72
 -57.00  -9.00  32.47
 -57.00  -8.00  31.44
 -57.00  -7.00  30.73
 -57.00  -6.00  30.43
 -57.00  -5.00  30.60
 -57.00  -4.00  31.32
 -57.00  -3.00  32.63
 -57.00  -2.00  34.51
 -57.00  -1.00  36.89
 -57.00   0.00  39.59
 -57.00   1.00  42.38
 -57.00   2.00  44.95
 -57.00   3.00  46.97
 -57.00   4.00  48.13
 -57.00   5.00  48.22
 -57.00   6.00  47.13
 -57.00   7.00  44.90
 -57.00   8.00  41.72
 -57.00   9.00  37.91
 -57.00  10.00  33.86
 -57.00  11.00  29.98
 -57.00  12.00  26.61
 -57.00  13.00  24.03
 -57.00  14.00  22.35
 -57.00  15.00  21.58
 -57.00  16.00  21.58
 -57.00  17.00  22.16
 -57.00  18.00  23.07
 -57.00  19.00  24.10
 -57.00  20.00  25.07
 -57.00  21.00  25.88
 -57.00  22.00  26.48
 -57.00  23.00  26.88
 -57.00  24.00  27.10
 -57.00  25.00  27.17
 -57.00  26.00  27.09
 -57.00  27.00  26.84
 -56.00 -37.00  27.67
 -56.00 -36.00  27.18
 -56.00 -35.00  26.53
 -56.00 -34.00  25.76
 -56.00 -33.00  24.89
 -56.00 -32.00  24.00
 -56.00 -31.00  23.15
 -56.00 -30.00  22.44
 -56.00 -29.00  21.96
 -56.00 -28.00  21.81
 -56.00 -27.00  22.06
 -56.00 -26.00  22.78
 -56.00 -25.00  23.98
 -56.00 -24.00  25.64
 -56.00 -23.00  24.70
 -56.00 -22.00  26.90
 -56.00 -21.00  29.28
 -56.00 -20.00  31.65
 -56.00 -19.00  33.84
 -56.00 -18.00  35.68
 -56.00 -17.00  37.03
 -56.00 -16.00  37.83
 -56.00 -15.00  38.06
 -56.00 -14.00  37.76
 -56.00 -13.00  37.02
 -56.00 -12.00  35.95
 -56.00 -11.00  34.69
 -56.00 -10.00  33.37
 -56.00  -9.00  32.10
 -56.00  -8.00  30.99
 -56.00  -7.00  30.14
 -56.00  -6.00  29.63
 -56.00  -5.00  29.56
 -56.00  -4.00  30.01
 -56.00  -3.00  31.03
 -56.00  -2.00  32.63
 -56.00  -1.00  34.78
 -56.00   0.00  37.34
 -56.00   1.00  40.10
 -56.00   2.00  42.79
 -56.00   3.00  45.08
 -56.00   4.00  46.67
 -56.00   5.00  47.29
 -56.00   6.00  46.80
 -56.00   7.00  45.16
 -56.00   8.00  42.51
 -56.00   9.00  39.08
 -56.00  10.00  35.24
 -56.00  11.00  31.37
 -56.00  12.00  27.84
 -56.00  13.00  24.95
 -56.00  14.00  22.89
 -56.00  15.00  21.70
 -56.00  16.00  21.33
 -56.00  17.00  21.62
 -56.00  18.00  22.35
 -56.00  19.00  23.31
 -56.00  20.00  24.32
 -56.00  21.00  25.22
 -56.00  22.00  25.95
 -56.00  23.00  26.49
 -56.00  24.00  26.83
 -56.00  25.00  27.00
 -56.00  26.00  27.00
 -56.00  27.00  26.82
 -55.00 -37.00  27.48
 -55.00 -36.00  27.03
 -55.00 -35.00  26.43
 -55.00 -34.00  25.68
 -55.00 -33.00  24.82
 -55.00 -32.00  23.91
 -55.00 -31.00  23.01
 -55.00 -30.00  22.21
 -55.00 -29.00  21.58
 -55.00 -28.00  21.21
 -55.00 -27.00  21.18
 -55.00 -26.00  19.42
 -55.00 -25.00  20.14
 -55.00 -24.00  21.29
 -55.00 -23.00  22.85
 -55.00 -22.00  24.75
 -55.00 -21.00  26.90
 -55.00 -20.00  29.14
 -55.00 -19.00  31.31
 -55.00 -18.00  33.24
 -55.00 -17.00  34.80
 -55.00 -16.00  35.88
 -55.00 -15.00  36.43
 -55.00 -14.00  36.47
 -55.00 -13.00  36.04
 -55.00 -12.00  35.24
 -55.00 -11.00  34.17
 -55.00 -10.00  32.97
 -55.00  -9.00  31.74
 -55.00  -8.00  30.59
 -55.00  -7.00  29.62
 -55.00  -6.00  28.93
 -55.00  -5.00  28.63
 -55.00  -4.00  28.80
 -55.00  -3.00  29.52
 -55.00  -2.00  30.82
 -55.00  -1.00  32.70
 -55.00   0.00  35.05
 -55.00   1.00  37.71
 -55.00   2.00  40.43
 -55.00   3.00  42.91
 -55.00   4.00  44.85
 -55.00   5.00  45.96
 -55.00   6.00  46.04
 -55.00   7.00  45.02
 -55.00   8.00  42.93
 -55.00   9.00  39.98
 -55.00  10.00  36.46
 -55.00  11.00  32.73
 -55.00  12.00  29.15
 -55.00  13.00  26.04
 -55.00  14.00  23.64
 -55.00  15.00  22.07
 -55.00  16.00  21.31
 -55.00  17.00  21.26
 -55.00  18.00  21.75
 -55.00  19.00  22.58
 -55.00  20.00  23.55
 -55.00  21.00  24.51
 -55.00  22.00  25.35
 -55.00  23.00  26.02
 -55.00  24.00  26.49
 -55.00  25.00  26.78
 -55.00  26.00  26.88
 -55.00  27.00  26.79
 -54.00 -37.00  27.25
 -54.00 -36.00  26.88
 -54.00 -35.00  26.32
 -54.00 -34.00  25.59
 -54.00 -33.00  24.73
 -54.00 -32.00  23.80
 -54.00 -31.00  22.84
 -54.00 -30.00  21.95
 -54.00 -29.00  21.18
 -54.00 -28.00  18.72
 -54.00 -27.00  18.45
 -54.00 -26.00  18.48
 -54.00 -25.00  18.88
 -54.00 -24.00  19.66
 -54.00 -23.00  20.84
 -54.00 -22.00  22.37
 -54.00 -21.00  24.19
 -54.00 -20.00  26.18
 -54.00 -19.00  28.20
 -54.00 -18.00  30.11
 -54.00 -17.00  31.76
 -54.00 -16.00  33.05
 -54.00 -15.00  33.91
 -54.00 -14.00  34.30
 -54.00 -13.00  34.24
 -54.00 -12.00  33.80
 -54.00 -11.00  33.05
 -54.00 -10.00  32.07
 -54.00  -9.00  30.99
 -54.00  -8.00  29.88
 -54.00  -7.00  28.88
 -54.00  -6.00  28.07
 -54.00  -5.00  27.57
 -54.00  -4.00  27.50
 -54.00  -3.00  27.95
 -54.00  -2.00  28.98
 -54.00  -1.00  30.61
 -54.00   0.00  32.78
 -54.00   1.00  35.36
 -54.00   2.00  38.12
 -54.00   3.00  40.78
 -54.00   4.00  43.04
 -54.00   5.00  44.61
 -54.00   6.00  45.25
 -54.00   7.00  44.82
 -54.00   8.00  43.31
 -54.00   9.00  40.86
 -54.00  10.00  37.71
 -54.00  11.00  34.17
 -54.00  12.00  30.60
 -54.00  13.00  27.34
 -54.00  14.00  24.65
 -54.00  15.00  22.70
 -54.00  16.00  21.54
 -54.00  17.00  21.12
 -54.00  18.00  21.31
 -54.00  19.00  21.94
 -54.00  20.00  22.81
 -54.00  21.00  23.77
 -54.00  22.00  24.69
 -54.00  23.00  25.47
 -54.00  24.00  26.09
 -54.00  25.00  26.51
 -54.00  26.00  26.74
 -54.00  27.00  26.76
 -53.00 -37.00  27.01
 -53.00 -36.00  26.72
 -53.00 -35.00  26.23
 -53.00 -34.00  25.55
 -53.00 -33.00  24.72
 -53.00 -32.00  23.78
 -53.00 -31.00  22.79
 -53.00 -30.00  19.96
 -53.00 -29.00  19.13
 -53.00 -28.00  18.45
 -53.00 -27.00  17.98
 -53.00 -26.00  17.78
 -53.00 -25.00  17.89
 -53.00 -24.00  18.37
 -53.00 -23.00  19.21
 -53.00 -22.00  20.40
 -53.00 -21.00  21.90
 -53.00 -20.00  23.61
 -53.00 -19.00  25.43
 -53.00 -18.00  27.24
 -53.00 -17.00  28.90
 -53.00 -16.00  30.30
 -53.00 -15.00  31.37
 -53.00 -14.00  32.06
 -53.00 -13.00  32.34
 -53.00 -12.00  32.24
 -53.00 -11.00  31.81
 -53.00 -10.00  31.11
 -53.00  -9.00  30.22
 -53.00  -8.00  29.23
 -53.00  -7.00  28.24
 -53.00  -6.00  27.35
 -53.00  -5.00  26.70
 -53.00  -4.00  26.40
 -53.00  -3.00  26.57
 -53.00  -2.00  27.31
 -53.00  -1.00  28.66
 -53.00   0.00  30.59
 -53.00   1.00  33.01
 -53.00   2.00  35.73
 -53.00   3.00  38.50
 -53.00   4.00  41.02
 -53.00   5.00  42.98
 -53.00   6.00  44.12
 -53.00   7.00  44.27
 -53.00   8.00  43.36
 -53.00   9.00  41.46
 -53.00  10.00  38.74
 -53.00  11.00  35.50
 -53.00  12.00  32.06
 -53.00  13.00  28.75
 -53.00  14.00  25.86
 -53.00  15.00  23.60
 -53.00  16.00  22.07
 -53.00  17.00  21.27
 -53.00  18.00  21.12
 -53.00  19.00  21.48
 -53.00  20.00  22.19
 -53.00  21.00  23.08
 -53.00  22.00  24.01
 -53.00  23.00  24.88
 -53.00  24.00  25.61
 -53.00  25.00  26.18
 -53.00  26.00  26.54
 -53.00  27.00  26.69
 -52.00 -37.00  26.71
 -52.00 -36.00  26.54
 -52.00 -35.00  26.15
 -52.00 -34.00  25.55
 -52.00 -33.00  24.77
 -52.00 -32.00  22.03
 -52.00 -31.00  21.07
 -52.00 -30.00  20.10
 -52.00 -29.00  19.17
 -52.00 -28.00  18.36
 -52.00 -27.00  17.72
 -52.00 -26.00  17.32
 -52.00 -25.00  17.21
 -52.00 -24.00  17.42
 -52.00 -23.00  17.98
 -52.00 -22.00  18.88
 -52.00 -21.00  20.09
 -52.00 -20.00  21.55
 -52.00 -19.00  23.16
 -52.00 -18.00  24.82
 -52.00 -17.00  26.43
 -52.00 -16.00  27.87
 -52.00 -15.00  29.08
 -52.00 -14.00  29.97
 -52.00 -13.00  30.52
 -52.00 -12.00  30.73
 -52.00 -11.00  30.60
 -52.00 -10.00  30.18
 -52.00  -9.00  29.52
 -52.00  -8.00  28.68
 -52.00  -7.00  27.75
 -52.00  -6.00  26.84
 -52.00  -5.00  26.07
 -52.00  -4.00  25.56
 -52.00  -3.00  25.46
 -52.00  -2.00  25.89
 -52.00  -1.00  26.91
 -52.00   0.00  28.55
 -52.00   1.00  30.74
 -52.00   2.00  33.34
 -52.00   3.00  36.12
 -52.00   4.00  38.79
 -52.00   5.00  41.06
 -52.00   6.00  42.64
 -52.00   7.00  43.33
 -52.00   8.00  43.00
 -52.00   9.00  41.67
 -52.00  10.00  39.46
 -52.00  11.00  36.61
 -52.00  12.00  33.40
 -52.00  13.00  30.16
 -52.00  14.00  27.17
 -52.00  15.00  24.68
 -52.00  16.00  22.83
 -52.00  17.00  21.68
 -52.00  18.00  21.18
 -52.00  19.00  21.24
 -52.00  20.00  21.72
 -52.00  21.00  22.48
 -52.00  22.00  23.36
 -52.00  23.00  24.25
 -52.00  24.00  25.07
 -52.00  25.00  25.75
 -52.00  26.00  26.25
 -52.00  27.00  26.54
 -51.00 -37.00  26.34
 -51.00 -36.00  26.30
 -51.00 -35.00  26.03
 -51.00 -34.00  23.78
 -51.00 -33.00  23.12
 -51.00 -32.00  22.29
 -51.00 -31.00  21.35
 -51.00 -30.00  20.34
 -51.00 -29.00  19.35
 -51.00 -28.00  18.43
 -51.00 -27.00  17.65
 -51.00 -26.00  17.08
 -51.00 -25.00  16.76
 -51.00 -24.00  16.76
 -51.00 -23.00  17.08
 -51.00 -22.00  17.73
 -51.00 -21.00  18.70
 -51.00 -20.00  19.92
 -51.00 -19.00  21.33
 -51.00 -18.00  22.84
 -51.00 -17.00  24.36
 -51.00 -16.00  25.79
 -51.00 -15.00  27.05
 -51.00 -14.00  28.09
 -51.00 -13.00  28.84
 -51.00 -12.00  29.29
 -51.00 -11.00  29.44
 -51.00 -10.00  29.28
 -51.00  -9.00  28.86
 -51.00  -8.00  28.21
 -51.00  -7.00  27.39
 -51.00  -6.00  26.50
 -51.00  -5.00  25.66
 -51.00  -4.00  24.99
 -51.00  -3.00  24.64
 -51.00  -2.00  24.76
 -51.00  -1.00  25.44
 -51.00   0.00  26.74
 -51.00   1.00  28.64
 -51.00   2.00  31.03
 -51.00   3.00  33.71
 -51.00   4.00  36.45
 -51.00   5.00  38.93
 -51.00   6.00  40.87
 -51.00   7.00  42.03
 -51.00   8.00  42.26
 -51.00   9.00  41.51
 -51.00  10.00  39.84
 -51.00  11.00  37.44
 -51.00  12.00  34.55
 -51.00  13.00  31.47
 -51.00  14.00  28.50
 -51.00  15.00  25.88
 -51.00  16.00  23.78
 -51.00  17.00  22.31
 -51.00  18.00  21.48
 -51.00  19.00  21.22
 -51.00  20.00  21.43
 -51.00  21.00  21.99
 -51.00  22.00  22.76
 -51.00  23.00  23.62
 -51.00  24.00  24.47
 -51.00  25.00  25.24
 -51.00  26.00  25.87
 -51.00  27.00  26.30
 -50.00 -37.00  25.89
 -50.00 -36.00  24.25
 -50.00 -35.00  24.17
 -50.00 -34.00  23.84
 -50.00 -33.00  23.29
 -50.00 -32.00  22.55
 -50.00 -31.00  21.65
 -50.00 -30.00  20.66
 -50.00 -29.00  19.63
 -50.00 -28.00  18.63
 -50.00 -27.00  17.73
 -50.00 -26.00  17.01
 -50.00 -25.00  16.52
 -50.00 -24.00  16.32
 -50.00 -23.00  16.43
 -50.00 -22.00  16.87
 -50.00 -21.00  17.62
 -50.00 -20.00  18.64
 -50.00 -19.00  19.87
 -50.00 -18.00  21.24
 -50.00 -17.00  22.66
 -50.00 -16.00  24.04
 -50.00 -15.00  25.32
 -50.00 -14.00  26.43
 -50.00 -13.00  27.33
 -50.00 -12.00  27.97
 -50.00 -11.00  28.34
 -50.00 -10.00  28.43
 -50.00  -9.00  28.24
 -50.00  -8.00  27.80
 -50.00  -7.00  27.13
 -50.00  -6.00  26.32
 -50.00  -5.00  25.45
 -50.00  -4.00  24.67
 -50.00  -3.00  24.11
 -50.00  -2.00  23.93
 -50.00  -1.00  24.27
 -50.00   0.00  25.20
 -50.00   1.00  26.76
 -50.00   2.00  28.87
 -50.00   3.00  31.38
 -50.00   4.00  34.08
 -50.00   5.00  36.68
 -50.00   6.00  38.89
 -50.00   7.00  40.46
 -50.00   8.00  41.19
 -50.00   9.00  40.99
 -50.00  10.00  39.87
 -50.00  11.00  37.96
 -50.00  12.00  35.46
 -50.00  13.00  32.64
 -50.00  14.00  29.77
 -50.00  15.00  27.10
 -50.00  16.00  24.84
 -50.00  17.00  23.12
 -50.00  18.00  21.98
 -50.00  19.00  21.40
 -50.00  20.00  21.33
 -50.00  21.00  21.64
 -50.00  22.00  22.25
 -50.00  23.00  23.01
 -50.00  24.00  23.85
 -50.00  25.00  24.67
 -50.00  26.00  25.38
 -50.00  27.00  25.94
 -49.00 -37.00  23.64
 -49.00 -36.00  23.93
 -49.00 -35.00  23.99
 -49.00 -34.00  23.80
 -49.00 -33.00  23.39
 -49.00 -32.00  22.76
 -49.00 -31.00  21.95
 -49.00 -30.00  21.00
 -49.00 -29.00  19.97
 -49.00 -28.00  18.93
 -49.00 -27.00  17.95
 -49.00 -26.00  17.10
 -49.00 -25.00  16.46
 -49.00 -24.00  16.07
 -49.00 -23.00  16.00
 -49.00 -22.00  16.24
 -49.00 -21.00  16.80
 -49.00 -20.00  17.64
 -49.00 -19.00  18.71
 -49.00 -18.00  19.95
 -49.00 -17.00  21.26
 -49.00 -16.00  22.59
 -49.00 -15.00  23.86
 -49.00 -14.00  25.00
 -49.00 -13.00  25.99
 -49.00 -12.00  26.77
 -49.00 -11.00  27.32
 -49.00 -10.00  27.62
 -49.00  -9.00  27.66
 -49.00  -8.00  27.42
 -49.00  -7.00  26.93
 -49.00  -6.00  26.23
 -49.00  -5.00  25.41
 -49.00  -4.00  24.56
 -49.00  -3.00  23.85
 -49.00  -2.00  23.42
 -49.00  -1.00  23.42
 -49.00   0.00  23.98
 -49.00   1.00  25.16
 -49.00   2.00  26.94
 -49.00   3.00  29.20
 -49.00   4.00  31.77
 -49.00   5.00  34.39
 -49.00   6.00  36.78
 -49.00   7.00  38.67
 -49.00   8.00  39.84
 -49.00   9.00  40.15
 -49.00  10.00  39.57
 -49.00  11.00  38.17
 -49.00  12.00  36.10
 -49.00  13.00  33.60
 -49.00  14.00  30.91
 -49.00  15.00  28.29
 -49.00  16.00  25.95
 -49.00  17.00  24.04
 -49.00  18.00  22.64
 -49.00  19.00  21.77
 -49.00  20.00  21.40
 -49.00  21.00  21.46
 -49.00  22.00  21.84
 -49.00  23.00  22.47
 -49.00  24.00  23.23
 -49.00  25.00  24.04
 -49.00  26.00  24.81
 -49.00  27.00  25.48
 -48.00 -37.00  23.10
 -48.00 -36.00  23.51
 -48.00 -35.00  23.70
 -48.00 -34.00  23.66
 -48.00 -33.00  23.38
 -48.00 -32.00  22.89
 -48.00 -31.00  22.20
 -48.00 -30.00  21.33
 -48.00 -29.00  20.35
 -48.00 -28.00  19.30
 -48.00 -27.00  18.26
 -48.00 -26.00  17.32
 -48.00 -25.00  16.54
 -48.00 -24.00  15.99
 -48.00 -23.00  15.73
 -48.00 -22.00  15.79
 -48.00 -21.00  16.17
 -48.00 -20.00  16.85
 -48.00 -19.00  17.78
 -48.00 -18.00  18.89
 -48.00 -17.00  20.11
 -48.00 -16.00  21.38
 -48.00 -15.00  22.62
 -48.00 -14.00  23.78
 -48.00 -13.00  24.82
 -48.00 -12.00  25.70
 -48.00 -11.00  26.39
 -48.00 -10.00  26.87
 -48.00  -9.00  27.10
 -48.00  -8.00  27.06
 -48.00  -7.00  26.76
 -48.00  -6.00  26.22
 -48.00  -5.00  25.47
 -48.00  -4.00  24.63
 -48.00  -3.00  23.81
 -48.00  -2.00  23.18
 -48.00  -1.00  22.89
 -48.00   0.00  23.10
 -48.00   1.00  23.88
 -48.00   2.00  25.29
 -48.00   3.00  27.24
 -48.00   4.00  29.60
 -48.00   5.00  32.14
 -48.00   6.00  34.62
 -48.00   7.00  36.74
 -48.00   8.00  38.27
 -48.00   9.00  39.04
 -48.00  10.00  38.97
 -48.00  11.00  38.07
 -48.00  12.00  36.46
 -48.00  13.00  34.32
 -48.00  14.00  31.88
 -48.00  15.00  29.38
 -48.00  16.00  27.04
 -48.00  17.00  25.01
 -48.00  18.00  23.41
 -48.00  19.00  22.29
 -48.00  20.00  21.64
 -48.00  21.00  21.42
 -48.00  22.00  21.58
 -48.00  23.00  22.01
 -48.00  24.00  22.65
 -48.00  25.00  23.40
 -48.00  26.00  24.18
 -48.00  27.00  24.91
 -47.00 -37.00  22.47
 -47.00 -36.00  22.98
 -47.00 -35.00  23.29
 -47.00 -34.00  23.39
 -47.00 -33.00  23.26
 -47.00 -32.00  22.91
 -47.00 -31.00  22.35
 -47.00 -30.00  21.60
 -47.00 -29.00  20.69
 -47.00 -28.00  19.68
 -47.00 -27.00  18.64
 -47.00 -26.00  17.63
 -47.00 -25.00  16.74
 -47.00 -24.00  16.04
 -47.00 -23.00  15.62
 -47.00 -22.00  15.50
 -47.00 -21.00  15.70
 -47.00 -20.00  16.21
 -47.00 -19.00  17.00
 -47.00 -18.00  18.00
 -47.00 -17.00  19.14
 -47.00 -16.00  20.35
 -47.00 -15.00  21.57
 -47.00 -14.00  22.73
 -47.00 -13.00  23.80
 -47.00 -12.00  24.75
 -47.00 -11.00  25.54
 -47.00 -10.00  26.15
 -47.00  -9.00  26.55
 -47.00  -8.00  26.70
 -47.00  -7.00  26.59
 -47.00  -6.00  26.22
 -47.00  -5.00  25.60
 -47.00  -4.00  24.81
 -47.00  -3.00  23.96
 -47.00  -2.00  23.18
 -47.00  -1.00  22.65
 -47.00   0.00  22.53
 -47.00   1.00  22.94
 -47.00   2.00  23.95
 -47.00   3.00  25.54
 -47.00   4.00  27.63
 -47.00   5.00  30.02
 -47.00   6.00  32.48
 -47.00   7.00  34.74
 -47.00   8.00  36.56
 -47.00   9.00  37.72
 -47.00  10.00  38.11
 -47.00  11.00  37.70
 -47.00  12.00  36.54
 -47.00  13.00  34.79
 -47.00  14.00  32.65
 -47.00  15.00  30.33
 -47.00  16.00  28.04
 -47.00  17.00  25.97
 -47.00  18.00  24.23
 -47.00  19.00  22.90
 -47.00  20.00  22.01
 -47.00  21.00  21.54
 -47.00  22.00  21.44
 -47.00  23.00  21.66
 -47.00  24.00  22.13
 -47.00  25.00  22.78
 -47.00  26.00  23.52
 -47.00  27.00  24.27
 -46.00 -37.00  21.78
 -46.00 -36.00  22.38
 -46.00 -35.00  22.79
 -46.00 -34.00  23.01
 -46.00 -33.00  23.01
 -46.00 -32.00  22.81
 -46.00 -31.00  22.39
 -46.00 -30.00  21.77
 -46.00 -29.00  20.97
 -46.00 -28.00  20.04
 -46.00 -27.00  19.02
 -46.00 -26.00  17.99
 -46.00 -25.00  17.02
 -46.00 -24.00  16.21
 -46.00 -23.00  15.63
 -46.00 -22.00  15.33
 -46.00 -21.00  15.36
 -46.00 -20.00  15.71
 -46.00 -19.00  16.35
 -46.00 -18.00  17.23
 -46.00 -17.00  18.29
 -46.00 -16.00  19.45
 -46.00 -15.00  20.64
 -46.00 -14.00  21.80
 -46.00 -13.00  22.89
 -46.00 -12.00  23.89
 -46.00 -11.00  24.75
 -46.00 -10.00  25.47
 -46.00  -9.00  26.01
 -46.00  -8.00  26.33
 -46.00  -7.00  26.40
 -46.00  -6.00  26.20
 -46.00  -5.00  25.73
 -46.00  -4.00  25.04
 -46.00  -3.00  24.21
 -46.00  -2.00  23.36
 -46.00  -1.00  22.65
 -46.00   0.00  22.25
 -46.00   1.00  22.32
 -46.00   2.00  22.94
 -46.00   3.00  24.16
 -46.00   4.00  25.92
 -46.00   5.00  28.09
 -46.00   6.00  30.45
 -46.00   7.00  32.77
 -46.00   8.00  34.77
 -46.00   9.00  36.25
 -46.00  10.00  37.04
 -46.00  11.00  37.07
 -46.00  12.00  36.36
 -46.00  13.00  35.01
 -46.00  14.00  33.19
 -46.00  15.00  31.09
 -46.00  16.00  28.92
 -46.00  17.00  26.86
 -46.00  18.00  25.04
 -46.00  19.00  23.57
 -46.00  20.00  22.47
 -46.00  21.00  21.77
 -46.00  22.00  21.44
 -46.00  23.00  21.44
 -46.00  24.00  21.72
 -46.00  25.00  22.21
 -46.00  26.00  22.87
 -46.00  27.00  23.60
 -45.00 -37.00  21.04
 -45.00 -36.00  21.71
 -45.00 -35.00  22.21
 -45.00 -34.00  22.53
 -45.00 -33.00  22.66
 -45.00 -32.00  22.58
 -45.00 -31.00  22.30
 -45.00 -30.00  21.82
 -45.00 -29.00  21.15
 -45.00 -28.00  20.32
 -45.00 -27.00  19.37
 -45.00 -26.00  18.35
 -45.00 -25.00  17.35
 -45.00 -24.00  16.45
 -45.00 -23.00  15.74
 -45.00 -22.00  15.28
 -45.00 -21.00  15.13
 -45.00 -20.00  15.31
 -45.00 -19.00  15.80
 -45.00 -18.00  16.56
 -45.00 -17.00  17.52
 -45.00 -16.00  18.62
 -45.00 -15.00  19.78
 -45.00 -14.00  20.94
 -45.00 -13.00  22.05
 -45.00 -12.00  23.09
 -45.00 -11.00  24.01
 -45.00 -10.00  24.81
 -45.00  -9.00  25.46
 -45.00  -8.00  25.92
 -45.00  -7.00  26.15
 -45.00  -6.00  26.13
 -45.00  -5.00  25.83
 -45.00  -4.00  25.27
 -45.00  -3.00  24.51
 -45.00  -2.00  23.65
 -45.00  -1.00  22.83
 -45.00   0.00  22.22
 -45.00   1.00  21.98
 -45.00   2.00  22.24
 -45.00   3.00  23.09
 -45.00   4.00  24.50
 -45.00   5.00  26.39
 -45.00   6.00  28.59
 -45.00   7.00  30.87
 -45.00   8.00  32.99
 -45.00   9.00  34.70
 -45.00  10.00  35.82
 -45.00  11.00  36.24
 -45.00  12.00  35.94
 -45.00  13.00  34.98
 -45.00  14.00  33.48
 -45.00  15.00  31.64
 -45.00  16.00  29.63
 -45.00  17.00  27.63
 -45.00  18.00  25.80
 -45.00  19.00  24.22
 -45.00  20.00  22.98
 -45.00  21.00  22.09
 -45.00  22.00  21.55
 -45.00  23.00  21.33
 -45.00  24.00  21.41
 -45.00  25.00  21.73
 -45.00  26.00  22.26
 -45.00  27.00  22.92
 -44.00 -37.00  20.27
 -44.00 -36.00  21.00
 -44.00 -35.00  21.57
 -44.00 -34.00  21.98
 -44.00 -33.00  22.21
 -44.00 -32.00  22.25
 -44.00 -31.00  22.10
 -44.00 -30.00  21.75
 -44.00 -29.00  21.21
 -44.00 -28.00  20.50
 -44.00 -27.00  19.64
 -44.00 -26.00  18.67
 -44.00 -25.00  17.68
 -44.00 -24.00  16.73
 -44.00 -23.00  15.92
 -44.00 -22.00  15.32
 -44.00 -21.00  15.01
 -44.00 -20.00  15.02
 -44.00 -19.00  15.35
 -44.00 -18.00  15.97
 -44.00 -17.00  16.83
 -44.00 -16.00  17.86
 -44.00 -15.00  18.98
 -44.00 -14.00  20.13
 -44.00 -13.00  21.25
 -44.00 -12.00  22.31
 -44.00 -11.00  23.29
 -44.00 -10.00  24.15
 -44.00  -9.00  24.89
 -44.00  -8.00  25.47
 -44.00  -7.00  25.85
 -44.00  -6.00  25.99
 -44.00  -5.00  25.86
 -44.00  -4.00  25.45
 -44.00  -3.00  24.80
 -44.00  -2.00  23.97
 -44.00  -1.00  23.10
 -44.00   0.00  22.35
 -44.00   1.00  21.87
 -44.00   2.00  21.82
 -44.00   3.00  22.31
 -44.00   4.00  23.37
 -44.00   5.00  24.96
 -44.00   6.00  26.94
 -44.00   7.00  29.12
 -44.00   8.00  31.26
 -44.00   9.00  33.13
 -44.00  10.00  34.51
 -44.00  11.00  35.26
 -44.00  12.00  35.32
 -44.00  13.00  34.73
 -44.00  14.00  33.56
 -44.00  15.00  31.98
 -44.00  16.00  30.15
 -44.00  17.00  28.26
 -44.00  18.00  26.45
 -44.00  19.00  24.83
 -44.00  20.00  23.48
 -44.00  21.00  22.45
 -44.00  22.00  21.73
 -44.00  23.00  21.32
 -44.00  24.00  21.20
 -44.00  25.00  21.34
 -44.00  26.00  21.72
 -44.00  27.00  22.27
 -43.00 -37.00  19.52
 -43.00 -36.00  20.30
 -43.00 -35.00  20.94
 -43.00 -34.00  21.43
 -43.00 -33.00  21.75
 -43.00 -32.00  21.89
 -43.00 -31.00  21.85
 -43.00 -30.00  21.62
 -43.00 -29.00  21.20
 -43.00 -28.00  20.61
 -43.00 -27.00  19.84
 -43.00 -26.00  18.95
 -43.00 -25.00  17.99
 -43.00 -24.00  17.02
 -43.00 -23.00  16.14
 -43.00 -22.00  15.43
 -43.00 -21.00  14.97
 -43.00 -20.00  14.81
 -43.00 -19.00  14.97
 -43.00 -18.00  15.43
 -43.00 -17.00  16.16
 -43.00 -16.00  17.08
 -43.00 -15.00  18.14
 -43.00 -14.00  19.25
 -43.00 -13.00  20.36
 -43.00 -12.00  21.43
 -43.00 -11.00  22.43
 -43.00 -10.00  23.35
 -43.00  -9.00  24.15
 -43.00  -8.00  24.82
 -43.00  -7.00  25.33
 -43.00  -6.00  25.61
 -43.00  -5.00  25.65
 -43.00  -4.00  25.41
 -43.00  -3.00  24.89
 -43.00  -2.00  24.16
 -43.00  -1.00  23.30
 -43.00   0.00  22.47
 -43.00   1.00  21.81
 -43.00   2.00  21.51
 -43.00   3.00  21.68
 -43.00   4.00  22.39
 -43.00   5.00  23.66
 -43.00   6.00  25.38
 -43.00   7.00  27.39
 -43.00   8.00  29.48
 -43.00   9.00  31.42
 -43.00  10.00  32.99
 -43.00  11.00  34.02
 -43.00  12.00  34.41
 -43.00  13.00  34.16
 -43.00  14.00  33.32
 -43.00  15.00  32.02
 -43.00  16.00  30.41
 -43.00  17.00  28.66
 -43.00  18.00  26.93
 -43.00  19.00  25.32
 -43.00  20.00  23.93
 -43.00  21.00  22.79
 -43.00  22.00  21.94
 -43.00  23.00  21.37
 -43.00  24.00  21.08
 -43.00  25.00  21.06
 -43.00  26.00  21.28
 -43.00  27.00  21.71
 -42.00 -37.00  18.78
 -42.00 -36.00  19.59
 -42.00 -35.00  20.28
 -42.00 -34.00  20.84
 -42.00 -33.00  21.24
 -42.00 -32.00  21.47
 -42.00 -31.00  21.53
 -42.00 -30.00  21.40
 -42.00 -29.00  21.10
 -42.00 -28.00  20.62
 -42.00 -27.00  19.96
 -42.00 -26.00  19.15
 -42.00 -25.00  18.24
 -42.00 -24.00  17.29
 -42.00 -23.00  16.37
 -42.00 -22.00  15.58
 -42.00 -21.00  15.00
 -42.00 -20.00  14.69
 -42.00 -19.00  14.68
 -42.00 -18.00  14.98
 -42.00 -17.00  15.57
 -42.00 -16.00  16.38
 -42.00 -15.00  17.35
 -42.00 -14.00  18.41
 -42.00 -13.00  19.50
 -42.00 -12.00  20.57
 -42.00 -11.00  21.58
 -42.00 -10.00  22.52
 -42.00  -9.00  23.38
 -42.00  -8.00  24.13
 -42.00  -7.00  24.73
 -42.00  -6.00  25.15
 -42.00  -5.00  25.34
 -42.00  -4.00  25.26
 -42.00  -3.00  24.90
 -42.00  -2.00  24.28
 -42.00  -1.00  23.48
 -42.00   0.00  22.62
 -42.00   1.00  21.86
 -42.00   2.00  21.35
 -42.00   3.00  21.25
 -42.00   4.00  21.66
 -42.00   5.00  22.61
 -42.00   6.00  24.05
 -42.00   7.00  25.86
 -42.00   8.00  27.85
 -42.00   9.00  29.80
 -42.00  10.00  31.49
 -42.00  11.00  32.72
 -42.00  12.00  33.39
 -42.00  13.00  33.44
 -42.00  14.00  32.90
 -42.00  15.00  31.87
 -42.00  16.00  30.49
 -42.00  17.00  28.91
 -42.00  18.00  27.27
 -42.00  19.00  25.71
 -42.00  20.00  24.30
 -42.00  21.00  23.11
 -42.00  22.00  22.17
 -42.00  23.00  21.48
 -42.00  24.00  21.04
 -42.00  25.00  20.86
 -42.00  26.00  20.92
 -42.00  27.00  21.22
 -41.00 -37.00  18.07
 -41.00 -36.00  18.88
 -41.00 -35.00  19.61
 -41.00 -34.00  20.22
 -41.00 -33.00  20.69
 -41.00 -32.00  21.00
 -41.00 -31.00  21.15
 -41.00 -30.00  21.12
 -41.00 -29.00  20.92
 -41.00 -28.00  20.54
 -41.00 -27.00  19.98
 -41.00 -26.00  19.27
 -41.00 -25.00  18.43
 -41.00 -24.00  17.51
 -41.00 -23.00  16.59
 -41.00 -22.00  15.75
 -41.00 -21.00  15.07
 -41.00 -20.00  14.63
 -41.00 -19.00  14.47
 -41.00 -18.00  14.62
 -41.00 -17.00  15.06
 -41.00 -16.00  15.75
 -41.00 -15.00  16.62
 -41.00 -14.00  17.61
 -41.00 -13.00  18.66
 -41.00 -12.00  19.71
 -41.00 -11.00  20.72
 -41.00 -10.00  21.69
 -41.00  -9.00  22.58
 -41.00  -8.00  23.38
 -41.00  -7.00  24.07
 -41.00  -6.00  24.60
 -41.00  -5.00  24.93
 -41.00  -4.00  25.00
 -41.00  -3.00  24.80
 -41.00  -2.00  24.32
 -41.00  -1.00  23.61
 -41.00   0.00  22.78
 -41.00   1.00  21.96
 -41.00   2.00  21.31
 -41.00   3.00  20.98
 -41.00   4.00  21.12
 -41.00   5.00  21.77
 -41.00   6.00  22.94
 -41.00   7.00  24.53
 -41.00   8.00  26.37
 -41.00   9.00  28.28
 -41.00  10.00  30.03
 -41.00  11.00  31.42
 -41.00  12.00  32.30
 -41.00  13.00  32.61
 -41.00  14.00  32.35
 -41.00  15.00  31.57
 -41.00  16.00  30.41
 -41.00  17.00  29.00
 -41.00  18.00  27.48
 -41.00  19.00  25.98
 -41.00  20.00  24.60
 -41.00  21.00  23.39
 -41.00  22.00  22.38
 -41.00  23.00  21.60
 -41.00  24.00  21.05
 -41.00  25.00  20.73
 -41.00  26.00  20.65
 -41.00  27.00  20.80
 -40.00 -37.00  17.38
 -40.00 -36.00  18.17
 -40.00 -35.00  18.93
 -40.00 -34.00  19.59
 -40.00 -33.00  20.12
 -40.00 -32.00  20.50
 -40.00 -31.00  20.72
 -40.00 -30.00  20.78
 -40.00 -29.00  20.67
 -40.00 -28.00  20.39
 -40.00 -27.00  19.94
 -40.00 -26.00  19.32
 -40.00 -25.00  18.56
 -40.00 -24.00  17.69
 -40.00 -23.00  16.79
 -40.00 -22.00  15.92
 -40.00 -21.00  15.18
 -40.00 -20.00  14.63
 -40.00 -19.00  14.33
 -40.00 -18.00  14.33
 -40.00 -17.00  14.62
 -40.00 -16.00  15.18
 -40.00 -15.00  15.94
 -40.00 -14.00  16.85
 -40.00 -13.00  17.84
 -40.00 -12.00  18.86
 -40.00 -11.00  19.86
 -40.00 -10.00  20.83
 -40.00  -9.00  21.74
 -40.00  -8.00  22.59
 -40.00  -7.00  23.34
 -40.00  -6.00  23.97
 -40.00  -5.00  24.42
 -40.00  -4.00  24.64
 -40.00  -3.00  24.59
 -40.00  -2.00  24.26
 -40.00  -1.00  23.67
 -40.00   0.00  22.90
 -40.00   1.00  22.07
 -40.00   2.00  21.33
 -40.00   3.00  20.83
 -40.00   4.00  20.73
 -40.00   5.00  21.12
 -40.00   6.00  22.01
 -40.00   7.00  23.37
 -40.00   8.00  25.04
 -40.00   9.00  26.87
 -40.00  10.00  28.63
 -40.00  11.00  30.12
 -40.00  12.00  31.18
 -40.00  13.00  31.72
 -40.00  14.00  31.69
 -40.00  15.00  31.16
 -40.00  16.00  30.20
 -40.00  17.00  28.96
 -40.00  18.00  27.57
 -40.00  19.00  26.16
 -40.00  20.00  24.81
 -40.00  21.00  23.60
 -40.00  22.00  22.57
 -40.00  23.00  21.73
 -40.00  24.00  21.09
 -40.00  25.00  20.66
 -40.00  26.00  20.45
 -40.00  27.00  20.46
 -39.00 -37.00  16.72
 -39.00 -36.00  17.48
 -39.00 -35.00  18.24
 -39.00 -34.00  18.93
 -39.00 -33.00  19.51
 -39.00 -32.00  19.96
 -39.00 -31.00  20.26
 -39.00 -30.00  20.39
 -39.00 -29.00  20.37
 -39.00 -28.00  20.18
 -39.00 -27.00  19.82
 -39.00 -26.00  19.30
 -39.00 -25.00  18.62
 -39.00 -24.00  17.82
 -39.00 -23.00  16.96
 -39.00 -22.00  16.09
 -39.00 -21.00  15.29
 -39.00 -20.00  14.66
 -39.00 -19.00  14.25
 -39.00 -18.00  14.11
 -39.00 -17.00  14.26
 -39.00 -16.00  14.67
 -39.00 -15.00  15.31
 -39.00 -14.00  16.12
 -39.00 -13.00  17.04
 -39.00 -12.00  18.01
 -39.00 -11.00  18.98
 -39.00 -10.00  19.94
 -39.00  -9.00  20.86
 -39.00  -8.00  21.74
 -39.00  -7.00  22.54
 -39.00  -6.00  23.25
 -39.00  -5.00  23.81
 -39.00  -4.00  24.17
 -39.00  -3.00  24.28
 -39.00  -2.00  24.10
 -39.00  -1.00  23.65
 -39.00   0.00  22.98
 -39.00   1.00  22.17
 -39.00   2.00  21.38
 -39.00   3.00  20.76
 -39.00   4.00  20.47
 -39.00   5.00  20.61
 -39.00   6.00  21.24
 -39.00   7.00  22.35
 -39.00   8.00  23.84
 -39.00   9.00  25.55
 -39.00  10.00  27.29
 -39.00  11.00  28.84
 -39.00  12.00  30.04
 -39.00  13.00  30.77
 -39.00  14.00  30.96
 -39.00  15.00  30.65
 -39.00  16.00  29.90
 -39.00  17.00  28.83
 -39.00  18.00  27.57
 -39.00  19.00  26.25
 -39.00  20.00  24.96
 -39.00  21.00  23.77
 -39.00  22.00  22.73
 -39.00  23.00  21.85
 -39.00  24.00  21.15
 -39.00  25.00  20.63
 -39.00  26.00  20.30
 -39.00  27.00  20.19
 -38.00 -37.00  16.10
 -38.00 -36.00  16.80
 -38.00 -35.00  17.55
 -38.00 -34.00  18.26
 -38.00 -33.00  18.89
 -38.00 -32.00  19.39
 -38.00 -31.00  19.76
 -38.00 -30.00  19.97
 -38.00 -29.00  20.03
 -38.00 -28.00  19.93
 -38.00 -27.00  19.66
 -38.00 -26.00  19.23
 -38.00 -25.00  18.64
 -38.00 -24.00  17.91
 -38.00 -23.00  17.09
 -38.00 -22.00  16.24
 -38.00 -21.00  15.42
 -38.00 -20.00  14.72
 -38.00 -19.00  14.21
 -38.00 -18.00  13.95
 -38.00 -17.00  13.95
 -38.00 -16.00  14.23
 -38.00 -15.00  14.74
 -38.00 -14.00  15.43
 -38.00 -13.00  16.26
 -38.00 -12.00  17.17
 -38.00 -11.00  18.10
 -38.00 -10.00  19.03
 -38.00  -9.00  19.95
 -38.00  -8.00  20.83
 -38.00  -7.00  21.68
 -38.00  -6.00  22.45
 -38.00  -5.00  23.10
 -38.00  -4.00  23.59
 -38.00  -3.00  23.85
 -38.00  -2.00  23.84
 -38.00  -1.00  23.54
 -38.00   0.00  22.98
 -38.00   1.00  22.25
 -38.00   2.00  21.45
 -38.00   3.00  20.75
 -38.00   4.00  20.29
 -38.00   5.00  20.22
 -38.00   6.00  20.60
 -38.00   7.00  21.47
 -38.00   8.00  22.75
 -38.00   9.00  24.32
 -38.00  10.00  25.99
 -38.00  11.00  27.58
 -38.00  12.00  28.88
 -38.00  13.00  29.77
 -38.00  14.00  30.17
 -38.00  15.00  30.07
 -38.00  16.00  29.52
 -38.00  17.00  28.63
 -38.00  18.00  27.50
 -38.00  19.00  26.28
 -38.00  20.00  25.05
 -38.00  21.00  23.90
 -38.00  22.00  22.86
 -38.00  23.00  21.97
 -38.00  24.00  21.22
 -38.00  25.00  20.63
 -38.00  26.00  20.21
 -38.00  27.00  19.99
 -37.00 -37.00  15.52
 -37.00 -36.00  16.15
 -37.00 -35.00  16.86
 -37.00 -34.00  17.58
 -37.00 -33.00  18.23
 -37.00 -32.00  18.79
 -37.00 -31.00  19.23
 -37.00 -30.00  19.52
 -37.00 -29.00  19.66
 -37.00 -28.00  19.64
 -37.00 -27.00  19.46
 -37.00 -26.00  19.12
 -37.00 -25.00  18.61
 -37.00 -24.00  17.96
 -37.00 -23.00  17.20
 -37.00 -22.00  16.38
 -37.00 -21.00  15.55
 -37.00 -20.00  14.81
 -37.00 -19.00  14.22
 -37.00 -18.00  13.84
 -37.00 -17.00  13.71
 -37.00 -16.00  13.84
 -37.00 -15.00  14.22
 -37.00 -14.00  14.79
 -37.00 -13.00  15.52
 -37.00 -12.00  16.34
 -37.00 -11.00  17.22
 -37.00 -10.00  18.11
 -37.00  -9.00  19.00
 -37.00  -8.00  19.88
 -37.00  -7.00  20.74
 -37.00  -6.00  21.56
 -37.00  -5.00  22.29
 -37.00  -4.00  22.89
 -37.00  -3.00  23.29
 -37.00  -2.00  23.45
 -37.00  -1.00  23.31
 -37.00   0.00  22.90
 -37.00   1.00  22.27
 -37.00   2.00  21.51
 -37.00   3.00  20.76
 -37.00   4.00  20.18
 -37.00   5.00  19.92
 -37.00   6.00  20.08
 -37.00   7.00  20.71
 -37.00   8.00  21.77
 -37.00   9.00  23.17
 -37.00  10.00  24.75
 -37.00  11.00  26.33
 -37.00  12.00  27.71
 -37.00  13.00  28.74
 -37.00  14.00  29.33
 -37.00  15.00  29.43
 -37.00  16.00  29.07
 -37.00  17.00  28.35
 -37.00  18.00  27.37
 -37.00  19.00  26.25
 -37.00  20.00  25.10
 -37.00  21.00  23.99
 -37.00  22.00  22.97
 -37.00  23.00  22.07
 -37.00  24.00  21.30
 -37.00  25.00  20.66
 -37.00  26.00  20.17
 -37.00  27.00  19.84
 -36.00 -37.00  15.00
 -36.00 -36.00  15.53
 -36.00 -35.00  16.18
 -36.00 -34.00  16.89
 -36.00 -33.00  17.56
 -36.00 -32.00  18.17
 -36.00 -31.00  18.66
 -36.00 -30.00  19.03
 -36.00 -29.00  19.25
 -36.00 -28.00  19.31
 -36.00 -27.00  19.22
 -36.00 -26.00  18.97
 -36.00 -25.00  18.55
 -36.00 -24.00  17.98
 -36.00 -23.00  17.28
 -36.00 -22.00  16.50
 -36.00 -21.00  15.69
 -36.00 -20.00  14.92
 -36.00 -19.00  14.26
 -36.00 -18.00  13.79
 -36.00 -17.00  13.54
 -36.00 -16.00  13.53
 -36.00 -15.00  13.77
 -36.00 -14.00  14.21
 -36.00 -13.00  14.83
 -36.00 -12.00  15.56
 -36.00 -11.00  16.36
 -36.00 -10.00  17.19
 -36.00  -9.00  18.05
 -36.00  -8.00  18.91
 -36.00  -7.00  19.76
 -36.00  -6.00  20.60
 -36.00  -5.00  21.40
 -36.00  -4.00  22.09
 -36.00  -3.00  22.62
 -36.00  -2.00  22.93
 -36.00  -1.00  22.97
 -36.00   0.00  22.73
 -36.00   1.00  22.22
 -36.00   2.00  21.53
 -36.00   3.00  20.79
 -36.00   4.00  20.13
 -36.00   5.00  19.72
 -36.00   6.00  19.67
 -36.00   7.00  20.05
 -36.00   8.00  20.89
 -36.00   9.00  22.10
 -36.00  10.00  23.56
 -36.00  11.00  25.10
 -36.00  12.00  26.52
 -36.00  13.00  27.67
 -36.00  14.00  28.42
 -36.00  15.00  28.72
 -36.00  16.00  28.56
 -36.00  17.00  28.02
 -36.00  18.00  27.18
 -36.00  19.00  26.18
 -36.00  20.00  25.10
 -36.00  21.00  24.04
 -36.00  22.00  23.05
 -36.00  23.00  22.16
 -36.00  24.00  21.38
 -36.00  25.00  20.71
 -36.00  26.00  20.16
 -36.00  27.00  19.76
 -35.00 -37.00  14.55
 -35.00 -36.00  14.96
 -35.00 -35.00  15.54
 -35.00 -34.00  16.21
 -35.00 -33.00  16.89
 -35.00 -32.00  17.53
 -35.00 -31.00  18.08
 -35.00 -30.00  18.51
 -35.00 -29.00  18.81
 -35.00 -28.00  18.96
 -35.00 -27.00  18.95
 -35.00 -26.00  18.78
 -35.00 -25.00  18.45
 -35.00 -24.00  17.96
 -35.00 -23.00  17.33
 -35.00 -22.00  16.60
 -35.00 -21.00  15.81
 -35.00 -20.00  15.03
 -35.00 -19.00  14.33
 -35.00 -18.00  13.78
 -35.00 -17.00  13.42
 -35.00 -16.00  13.29
 -35.00 -15.00  13.39
 -35.00 -14.00  13.71
 -35.00 -13.00  14.20
 -35.00 -12.00  14.83
 -35.00 -11.00  15.54
 -35.00 -10.00  16.31
 -35.00  -9.00  17.11
 -35.00  -8.00  17.93
 -35.00  -7.00  18.77
 -35.00  -6.00  19.61
 -35.00  -5.00  20.44
 -35.00  -4.00  21.20
 -35.00  -3.00  21.85
 -35.00  -2.00  22.30
 -35.00  -1.00  22.51
 -35.00   0.00  22.44
 -35.00   1.00  22.09
 -35.00   2.00  21.51
 -35.00   3.00  20.80
 -35.00   4.00  20.11
 -35.00   5.00  19.58
 -35.00   6.00  19.35
 -35.00   7.00  19.52
 -35.00   8.00  20.12
 -35.00   9.00  21.14
 -35.00  10.00  22.45
 -35.00  11.00  23.91
 -35.00  12.00  25.34
 -35.00  13.00  26.58
 -35.00  14.00  27.47
 -35.00  15.00  27.94
 -35.00  16.00  27.98
 -35.00  17.00  27.61
 -35.00  18.00  26.93
 -35.00  19.00  26.04
 -35.00  20.00  25.05
 -35.00  21.00  24.05
 -35.00  22.00  23.10
 -35.00  23.00  22.23
 -35.00  24.00  21.45
 -35.00  25.00  20.77
 -35.00  26.00  20.18
 -35.00  27.00  19.72
 -34.00 -37.00  14.17
 -34.00 -36.00  14.46
 -34.00 -35.00  14.95
 -34.00 -34.00  15.57
 -34.00 -33.00  16.23
 -34.00 -32.00  16.89
 -34.00 -31.00  17.48
 -34.00 -30.00  17.98
 -34.00 -29.00  18.35
 -34.00 -28.00  18.58
 -34.00 -27.00  18.65
 -34.00 -26.00  18.57
 -34.00 -25.00  18.32
 -34.00 -24.00  17.91
 -34.00 -23.00  17.35
 -34.00 -22.00  16.67
 -34.00 -21.00  15.92
 -34.00 -20.00  15.14
 -34.00 -19.00  14.41
 -34.00 -18.00  13.80
 -34.00 -17.00  13.35
 -34.00 -16.00  13.11
 -34.00 -15.00  13.09
 -34.00 -14.00  13.29
 -34.00 -13.00  13.66
 -34.00 -12.00  14.18
 -34.00 -11.00  14.80
 -34.00 -10.00  15.49
 -34.00  -9.00  16.22
 -34.00  -8.00  16.99
 -34.00  -7.00  17.79
 -34.00  -6.00  18.62
 -34.00  -5.00  19.46
 -34.00  -4.00  20.27
 -34.00  -3.00  21.00
 -34.00  -2.00  21.58
 -34.00  -1.00  21.94
 -34.00   0.00  22.04
 -34.00   1.00  21.85
 -34.00   2.00  21.40
 -34.00   3.00  20.77
 -34.00   4.00  20.08
 -34.00   5.00  19.48
 -34.00   6.00  19.11
 -34.00   7.00  19.09
 -34.00   8.00  19.48
 -34.00   9.00  20.29
 -34.00  10.00  21.44
 -34.00  11.00  22.80
 -34.00  12.00  24.20
 -34.00  13.00  25.49
 -34.00  14.00  26.49
 -34.00  15.00  27.12
 -34.00  16.00  27.33
 -34.00  17.00  27.13
 -34.00  18.00  26.60
 -34.00  19.00  25.83
 -34.00  20.00  24.94
 -34.00  21.00  24.00
 -34.00  22.00  23.10
 -34.00  23.00  22.26
 -34.00  24.00  21.50
 -34.00  25.00  20.82
 -34.00  26.00  20.22
 -34.00  27.00  19.71
 -33.00 -37.00  13.88
 -33.00 -36.00  14.05
 -33.00 -35.00  14.44
 -33.00 -34.00  14.99
 -33.00 -33.00  15.62
 -33.00 -32.00  16.28
 -33.00 -31.00  16.91
 -33.00 -30.00  17.45
 -33.00 -29.00  17.89
 -33.00 -28.00  18.19
 -33.00 -27.00  18.34
 -33.00 -26.00  18.33
 -33.00 -25.00  18.16
 -33.00 -24.00  17.82
 -33.00 -23.00  17.33
 -33.00 -22.00  16.71
 -33.00 -21.00  15.99
 -33.00 -20.00  15.23
 -33.00 -19.00  14.49
 -33.00 -18.00  13.83
 -33.00 -17.00  13.32
 -33.00 -16.00  12.99
 -33.00 -15.00  12.86
 -33.00 -14.00  12.95
 -33.00 -13.00  13.22
 -33.00 -12.00  13.63
 -33.00 -11.00  14.16
 -33.00 -10.00  14.77
 -33.00  -9.00  15.43
 -33.00  -8.00  16.13
 -33.00  -7.00  16.88
 -33.00  -6.00  17.68
 -33.00  -5.00  18.50
 -33.00  -4.00  19.33
 -33.00  -3.00  20.12
 -33.00  -2.00  20.80
 -33.00  -1.00  21.30
 -33.00   0.00  21.55
 -33.00   1.00  21.51
 -33.00   2.00  21.20
 -33.00   3.00  20.67
 -33.00   4.00  20.02
 -33.00   5.00  19.39
 -33.00   6.00  18.92
 -33.00   7.00  18.75
 -33.00   8.00  18.96
 -33.00   9.00  19.57
 -33.00  10.00  20.55
 -33.00  11.00  21.79
 -33.00  12.00  23.15
 -33.00  13.00  24.44
 -33.00  14.00  25.52
 -33.00  15.00  26.27
 -33.00  16.00  26.62
 -33.00  17.00  26.58
 -33.00  18.00  26.19
 -33.00  19.00  25.54
 -33.00  20.00  24.74
 -33.00  21.00  23.88
 -33.00  22.00  23.02
 -33.00  23.00  22.22
 -33.00  24.00  21.49
 -33.00  25.00  20.83
 -33.00  26.00  20.23
 -33.00  27.00  19.70
 -32.00 -37.00  13.64
 -32.00 -36.00  13.71
 -32.00 -35.00  14.01
 -32.00 -34.00  14.49
 -32.00 -33.00  15.09
 -32.00 -32.00  15.74
 -32.00 -31.00  16.38
 -32.00 -30.00  16.96
 -32.00 -29.00  17.45
 -32.00 -28.00  17.81
 -32.00 -27.00  18.03
 -32.00 -26.00  18.09
 -32.00 -25.00  17.98
 -32.00 -24.00  17.71
 -32.00 -23.00  17.28
 -32.00 -22.00  16.70
 -32.00 -21.00  16.02
 -32.00 -20.00  15.28
 -32.00 -19.00  14.54
 -32.00 -18.00  13.86
 -32.00 -17.00  13.29
 -32.00 -16.00  12.90
 -32.00 -15.00  12.69
 -32.00 -14.00  12.69
 -32.00 -13.00  12.86
 -32.00 -12.00  13.19
 -32.00 -11.00  13.63
 -32.00 -10.00  14.16
 -32.00  -9.00  14.75
 -32.00  -8.00  15.39
 -32.00  -7.00  16.08
 -32.00  -6.00  16.83
 -32.00  -5.00  17.63
 -32.00  -4.00  18.46
 -32.00  -3.00  19.28
 -32.00  -2.00  20.02
 -32.00  -1.00  20.62
 -32.00   0.00  20.99
 -32.00   1.00  21.10
 -32.00   2.00  20.92
 -32.00   3.00  20.50
 -32.00   4.00  19.91
 -32.00   5.00  19.28
 -32.00   6.00  18.76
 -32.00   7.00  18.48
 -32.00   8.00  18.54
 -32.00   9.00  18.99
 -32.00  10.00  19.81
 -32.00  11.00  20.93
 -32.00  12.00  22.21
 -32.00  13.00  23.49
 -32.00  14.00  24.60
 -32.00  15.00  25.43
 -32.00  16.00  25.89
 -32.00  17.00  25.97
 -32.00  18.00  25.71
 -32.00  19.00  25.17
 -32.00  20.00  24.45
 -32.00  21.00  23.66
 -32.00  22.00  22.86
 -32.00  23.00  22.11
 -32.00  24.00  21.42
 -32.00  25.00  20.79
 -32.00  26.00  20.21
 -32.00  27.00  19.68
 -31.00 -37.00  13.45
 -31.00 -36.00  13.44
 -31.00 -35.00  13.67
 -31.00 -34.00  14.10
 -31.00 -33.00  14.65
 -31.00 -32.00  15.28
 -31.00 -31.00  15.93
 -31.00 -30.00  16.53
 -31.00 -29.00  17.06
 -31.00 -28.00  17.47
 -31.00 -27.00  17.74
 -31.00 -26.00  17.85
 -31.00 -25.00  17.80
 -31.00 -24.00  17.58
 -31.00 -23.00  17.19
 -31.00 -22.00  16.66
 -31.00 -21.00  16.01
 -31.00 -20.00  15.29
 -31.00 -19.00  14.55
 -31.00 -18.00  13.85
 -31.00 -17.00  13.26
 -31.00 -16.00  12.82
 -31.00 -15.00  12.55
 -31.00 -14.00  12.48
 -31.00 -13.00  12.58
 -31.00 -12.00  12.84
 -31.00 -11.00  13.21
 -31.00 -10.00  13.67
 -31.00  -9.00  14.19
 -31.00  -8.00  14.77
 -31.00  -7.00  15.41
 -31.00  -6.00  16.11
 -31.00  -5.00  16.87
 -31.00  -4.00  17.69
 -31.00  -3.00  18.52
 -31.00  -2.00  19.30
 -31.00  -1.00  19.97
 -31.00   0.00  20.44
 -31.00   1.00  20.65
 -31.00   2.00  20.58
 -31.00   3.00  20.25
 -31.00   4.00  19.73
 -31.00   5.00  19.13
 -31.00   6.00  18.58
 -31.00   7.00  18.23
 -31.00   8.00  18.19
 -31.00   9.00  18.52
 -31.00  10.00  19.22
 -31.00  11.00  20.23
 -31.00  12.00  21.43
 -31.00  13.00  22.66
 -31.00  14.00  23.78
 -31.00  15.00  24.65
 -31.00  16.00  25.18
 -31.00  17.00  25.34
 -31.00  18.00  25.16
 -31.00  19.00  24.70
 -31.00  20.00  24.07
 -31.00  21.00  23.34
 -31.00  22.00  22.61
 -31.00  23.00  21.91
 -31.00  24.00  21.26
 -31.00  25.00  20.67
 -31.00  26.00  20.13
 -31.00  27.00  19.62
 -30.00 -37.00  13.43
 -30.00 -36.00  13.40
 -30.00 -35.00  13.60
 -30.00 -34.00  14.00
 -30.00 -33.00  14.56
 -30.00 -32.00  15.21
 -30.00 -31.00  15.90
 -30.00 -30.00  16.56
 -30.00 -29.00  17.15
 -30.00 -28.00  17.63
 -30.00 -27.00  17.97
 -30.00 -26.00  18.13
 -30.00 -25.00  18.12
 -30.00 -24.00  17.91
 -30.00 -23.00  17.53
 -30.00 -22.00  16.98
 -30.00 -21.00  16.31
 -30.00 -20.00  15.55
 -30.00 -19.00  14.78
 -30.00 -18.00  14.04
 -30.00 -17.00  13.41
 -30.00 -16.00  12.92
 -30.00 -15.00  12.61
 -30.00 -14.00  12.49
 -30.00 -13.00  12.54
 -30.00 -12.00  12.74
 -30.00 -11.00  13.06
 -30.00 -10.00  13.46
 -30.00  -9.00  13.92
 -30.00  -8.00  14.43
 -30.00  -7.00  14.99
 -30.00  -6.00  15.62
 -30.00  -5.00  16.31
 -30.00  -4.00  17.06
 -30.00  -3.00  17.83
 -30.00  -2.00  18.58
 -30.00  -1.00  19.24
 -30.00   0.00  19.73
 -30.00   1.00  19.98
 -30.00   2.00  19.97
 -30.00   3.00  19.71
 -30.00   4.00  19.24
 -30.00   5.00  18.68
 -30.00   6.00  18.14
 -30.00   7.00  17.75
 -30.00   8.00  17.63
 -30.00   9.00  17.85
 -30.00  10.00  18.43
 -30.00  11.00  19.30
 -30.00  12.00  20.38
 -30.00  13.00  21.52
 -30.00  14.00  22.58
 -30.00  15.00  23.44
 -30.00  16.00  24.02
 -30.00  17.00  24.27
 -30.00  18.00  24.21
 -30.00  19.00  23.90
 -30.00  20.00  23.42
 -30.00  21.00  22.86
 -30.00  22.00  22.28
 -30.00  23.00  21.72
 -30.00  24.00  21.20
 -30.00  25.00  20.72
 -30.00  26.00  20.25
 -30.00  27.00  19.80
