 -83.00 -37.00  37.69
 -83.00 -36.00  37.88
 -83.00 -35.00  38.16
 -83.00 -34.00  38.54
 -83.00 -33.00  39.00
 -83.00 -32.00  39.55
 -83.00 -31.00  40.14
 -83.00 -30.00  40.76
 -83.00 -29.00  41.38
 -83.00 -28.00  42.00
 -83.00 -27.00  42.63
 -83.00 -26.00  43.26
 -83.00 -25.00  43.93
 -83.00 -24.00  44.65
 -83.00 -23.00  45.44
 -83.00 -22.00  46.29
 -83.00 -21.00  47.17
 -83.00 -20.00  48.04
 -83.00 -19.00  48.83
 -83.00 -18.00  49.48
 -83.00 -17.00  49.95
 -83.00 -16.00  50.20
 -83.00 -15.00  50.24
 -83.00 -14.00  50.08
 -83.00 -13.00  49.79
 -83.00 -12.00  49.42
 -83.00 -11.00  49.04
 -83.00 -10.00  48.69
 -83.00  -9.00  48.38
 -83.00  -8.00  48.10
 -83.00  -7.00  47.83
 -83.00  -6.00  47.52
 -83.00  -5.00  47.11
 -83.00  -4.00  46.59
 -83.00  -3.00  45.96
 -83.00  -2.00  45.22
 -83.00  -1.00  44.44
 -83.00   0.00  43.66
 -83.00   1.00  42.95
 -83.00   2.00  42.34
 -83.00   3.00  41.84
 -83.00   4.00  41.42
 -83.00   5.00  41.04
 -83.00   6.00  40.64
 -83.00   7.00  40.17
 -83.00   8.00  39.60
 -83.00   9.00  38.95
 -83.00  10.00  38.25
 -83.00  11.00  37.58
 -83.00  12.00  37.04
 -83.00  13.00  36.69
 -83.00  14.00  36.60
 -83.00  15.00  36.77
 -83.00  16.00  37.16
 -83.00  17.00  37.69
 -83.00  18.00  38.23
 -83.00  19.00  38.67
 -83.00  20.00  38.91
 -83.00  21.00  38.89
 -83.00  22.00  38.62
 -83.00  23.00  38.15
 -83.00  24.00  37.57
 -83.00  25.00  36.99
 -83.00  26.00  36.55
 -83.00  27.00  36.31
 -82.00 -37.00  38.01
 -82.00 -36.00  38.23
 -82.00 -35.00  38.53
 -82.00 -34.00  38.93
 -82.00 -33.00  39.42
 -82.00 -32.00  39.98
 -82.00 -31.00  40.59
 -82.00 -30.00  41.22
 -82.00 -29.00  41.86
 -82.00 -28.00  42.50
 -82.00 -27.00  43.13
 -82.00 -26.00  43.79
 -82.00 -25.00  44.48
 -82.00 -24.00  45.23
 -82.00 -23.00  46.04
 -82.00 -22.00  46.91
 -82.00 -21.00  47.81
 -82.00 -20.00  48.68
 -82.00 -19.00  49.47
 -82.00 -18.00  50.12
 -82.00 -17.00  50.58
 -82.00 -16.00  50.81
 -82.00 -15.00  50.84
 -82.00 -14.00  50.68
 -82.00 -13.00  50.39
 -82.00 -12.00  50.03
 -82.00 -11.00  49.67
 -82.00 -10.00  49.34
 -82.00  -9.00  49.05
 -82.00  -8.00  48.80
 -82.00  -7.00  48.53
 -82.00  -6.00  48.21
 -82.00  -5.00  47.79
 -82.00  -4.00  47.25
 -82.00  -3.00  46.58
 -82.00  -2.00  45.81
 -82.00  -1.00  45.01
 -82.00   0.00  44.21
 -82.00   1.00  43.50
 -82.00   2.00  42.89
 -82.00   3.00  42.39
 -82.00   4.00  41.98
 -82.00   5.00  41.60
 -82.00   6.00  41.19
 -82.00   7.00  40.71
 -82.00   8.00  40.13
 -82.00   9.00  39.47
 -82.00  10.00  38.76
 -82.00  11.00  38.09
 -82.00  12.00  37.55
 -82.00  13.00  37.23
 -82.00  14.00  37.16
 -82.00  15.00  37.37
 -82.00  16.00  37.79
 -82.00  17.00  38.33
 -82.00  18.00  38.88
 -82.00  19.00  39.32
 -82.00  20.00  39.54
 -82.00  21.00  39.50
 -82.00  22.00  39.20
 -82.00  23.00  38.71
 -82.00  24.00  38.11
 -82.00  25.00  37.55
 -82.00  26.00  37.12
 -82.00  27.00  36.92
 -81.00 -37.00  38.34
 -81.00 -36.00  38.57
 -81.00 -35.00  38.90
 -81.00 -34.00  39.32
 -81.00 -33.00  39.83
 -81.00 -32.00  40.40
 -81.00 -31.00  41.03
 -81.00 -30.00  41.67
 -81.00 -29.00  42.33
 -81.00 -28.00  42.98
 -81.00 -27.00  43.64
 -81.00 -26.00  44.31
 -81.00 -25.00  45.02
 -81.00 -24.00  45.79
 -81.00 -23.00  46.63
 -81.00 -22.00  47.52
 -81.00 -21.00  48.43
 -81.00 -20.00  49.31
 -81.00 -19.00  50.10
 -81.00 -18.00  50.74
 -81.00 -17.00  51.19
 -81.00 -16.00  51.42
 -81.00 -15.00  51.44
 -81.00 -14.00  51.28
 -81.00 -13.00  51.00
 -81.00 -12.00  50.66
 -81.00 -11.00  50.32
 -81.00 -10.00  50.01
 -81.00  -9.00  49.74
 -81.00  -8.00  49.50
 -81.00  -7.00  49.25
 -81.00  -6.00  48.92
 -81.00  -5.00  48.49
 -81.00  -4.00  47.92
 -81.00  -3.00  47.23
 -81.00  -2.00  46.43
 -81.00  -1.00  45.60
 -81.00   0.00  44.79
 -81.00   1.00  44.06
 -81.00   2.00  43.45
 -81.00   3.00  42.95
 -81.00   4.00  42.54
 -81.00   5.00  42.16
 -81.00   6.00  41.76
 -81.00   7.00  41.27
 -81.00   8.00  40.68
 -81.00   9.00  40.00
 -81.00  10.00  39.28
 -81.00  11.00  38.61
 -81.00  12.00  38.07
 -81.00  13.00  37.76
 -81.00  14.00  37.72
 -81.00  15.00  37.95
 -81.00  16.00  38.39
 -81.00  17.00  38.95
 -81.00  18.00  39.51
 -81.00  19.00  39.94
 -81.00  20.00  40.15
 -81.00  21.00  40.09
 -81.00  22.00  39.77
 -81.00  23.00  39.26
 -81.00  24.00  38.66
 -81.00  25.00  38.10
 -81.00  26.00  37.70
 -81.00  27.00  37.53
 -80.00 -37.00  38.66
 -80.00 -36.00  38.92
 -80.00 -35.00  39.27
 -80.00 -34.00  39.70
 -80.00 -33.00  40.23
 -80.00 -32.00  40.82
 -80.00 -31.00  41.46
 -80.00 -30.00  42.12
 -80.00 -29.00  42.79
 -80.00 -28.00  43.46
 -80.00 -27.00  44.13
 -80.00 -26.00  44.82
 -80.00 -25.00  45.56
 -80.00 -24.00  46.35
 -80.00 -23.00  47.20
 -80.00 -22.00  48.10
 -80.00 -21.00  49.02
 -80.00 -20.00  49.91
 -80.00 -19.00  50.70
 -80.00 -18.00  51.34
 -80.00 -17.00  51.79
 -80.00 -16.00  52.02
 -80.00 -15.00  52.04
 -80.00 -14.00  51.88
 -80.00 -13.00  51.62
 -80.00 -12.00  51.29
 -80.00 -11.00  50.97
 -80.00 -10.00  50.69
 -80.00  -9.00  50.45
 -80.00  -8.00  50.22
 -80.00  -7.00  49.98
 -80.00  -6.00  49.65
 -80.00  -5.00  49.21
 -80.00  -4.00  48.62
 -80.00  -3.00  47.90
 -80.00  -2.00  47.08
 -80.00  -1.00  46.22
 -80.00   0.00  45.39
 -80.00   1.00  44.65
 -80.00   2.00  44.03
 -80.00   3.00  43.53
 -80.00   4.00  43.12
 -80.00   5.00  42.74
 -80.00   6.00  42.33
 -80.00   7.00  41.84
 -80.00   8.00  41.24
 -80.00   9.00  40.55
 -80.00  10.00  39.82
 -80.00  11.00  39.14
 -80.00  12.00  38.61
 -80.00  13.00  38.30
 -80.00  14.00  38.27
 -80.00  15.00  38.51
 -80.00  16.00  38.97
 -80.00  17.00  39.55
 -80.00  18.00  40.11
 -80.00  19.00  40.54
 -80.00  20.00  40.75
 -80.00  21.00  40.68
 -80.00  22.00  40.35
 -80.00  23.00  39.82
 -80.00  24.00  39.22
 -80.00  25.00  38.67
 -80.00  26.00  38.27
 -80.00  27.00  38.13
 -79.00 -37.00  38.99
 -79.00 -36.00  39.27
 -79.00 -35.00  39.63
 -79.00 -34.00  40.08
 -79.00 -33.00  40.62
 -79.00 -32.00  41.23
 -79.00 -31.00  41.88
 -79.00 -30.00  42.56
 -79.00 -29.00  43.24
 -79.00 -28.00  43.93
 -79.00 -27.00  44.62
 -79.00 -26.00  45.33
 -79.00 -25.00  46.08
 -79.00 -24.00  46.89
 -79.00 -23.00  47.76
 -79.00 -22.00  48.67
 -79.00 -21.00  49.60
 -79.00 -20.00  50.50
 -79.00 -19.00  51.29
 -79.00 -18.00  51.94
 -79.00 -17.00  52.38
 -79.00 -16.00  52.61
 -79.00 -15.00  52.64
 -79.00 -14.00  52.50
 -79.00 -13.00  52.24
 -79.00 -12.00  51.94
 -79.00 -11.00  51.64
 -79.00 -10.00  51.38
 -79.00  -9.00  51.16
 -79.00  -8.00  50.96
 -79.00  -7.00  50.72
 -79.00  -6.00  50.40
 -79.00  -5.00  49.95
 -79.00  -4.00  49.34
 -79.00  -3.00  48.60
 -79.00  -2.00  47.76
 -79.00  -1.00  46.88
 -79.00   0.00  46.03
 -79.00   1.00  45.27
 -79.00   2.00  44.64
 -79.00   3.00  44.13
 -79.00   4.00  43.72
 -79.00   5.00  43.34
 -79.00   6.00  42.92
 -79.00   7.00  42.42
 -79.00   8.00  41.81
 -79.00   9.00  41.11
 -79.00  10.00  40.37
 -79.00  11.00  39.69
 -79.00  12.00  39.15
 -79.00  13.00  38.84
 -79.00  14.00  38.82
 -79.00  15.00  39.07
 -79.00  16.00  39.54
 -79.00  17.00  40.12
 -79.00  18.00  40.70
 -79.00  19.00  41.13
 -79.00  20.00  41.33
 -79.00  21.00  41.26
 -79.00  22.00  40.92
 -79.00  23.00  40.39
 -79.00  24.00  39.79
 -79.00  25.00  39.24
 -79.00  26.00  38.86
 -79.00  27.00  38.74
 -78.00 -37.00  39.31
 -78.00 -36.00  39.61
 -78.00 -35.00  39.99
 -78.00 -34.00  40.46
 -78.00 -33.00  41.01
 -78.00 -32.00  41.63
 -78.00 -31.00  42.30
 -78.00 -30.00  42.99
 -78.00 -29.00  43.69
 -78.00 -28.00  44.40
 -78.00 -27.00  45.11
 -78.00 -26.00  45.84
 -78.00 -25.00  46.60
 -78.00 -24.00  47.43
 -78.00 -23.00  48.31
 -78.00 -22.00  49.23
 -78.00 -21.00  50.17
 -78.00 -20.00  51.07
 -78.00 -19.00  51.87
 -78.00 -18.00  52.52
 -78.00 -17.00  52.97
 -78.00 -16.00  53.21
 -78.00 -15.00  53.24
 -78.00 -14.00  53.12
 -78.00 -13.00  52.88
 -78.00 -12.00  52.60
 -78.00 -11.00  52.32
 -78.00 -10.00  52.09
 -78.00  -9.00  51.89
 -78.00  -8.00  51.70
 -78.00  -7.00  51.48
 -78.00  -6.00  51.16
 -78.00  -5.00  50.70
 -78.00  -4.00  50.09
 -78.00  -3.00  49.33
 -78.00  -2.00  48.47
 -78.00  -1.00  47.56
 -78.00   0.00  46.69
 -78.00   1.00  45.92
 -78.00   2.00  45.27
 -78.00   3.00  44.75
 -78.00   4.00  44.33
 -78.00   5.00  43.95
 -78.00   6.00  43.53
 -78.00   7.00  43.02
 -78.00   8.00  42.41
 -78.00   9.00  41.69
 -78.00  10.00  40.94
 -78.00  11.00  40.25
 -78.00  12.00  39.70
 -78.00  13.00  39.39
 -78.00  14.00  39.37
 -78.00  15.00  39.62
 -78.00  16.00  40.10
 -78.00  17.00  40.69
 -78.00  18.00  41.27
 -78.00  19.00  41.71
 -78.00  20.00  41.91
 -78.00  21.00  41.83
 -78.00  22.00  41.49
 -78.00  23.00  40.96
 -78.00  24.00  40.36
 -78.00  25.00  39.82
 -78.00  26.00  39.45
 -78.00  27.00  39.35
 -77.00 -37.00  39.64
 -77.00 -36.00  39.95
 -77.00 -35.00  40.35
 -77.00 -34.00  40.83
 -77.00 -33.00  41.40
 -77.00 -32.00  42.03
 -77.00 -31.00  42.72
 -77.00 -30.00  43.42
 -77.00 -29.00  44.14
 -77.00 -28.00  44.86
 -77.00 -27.00  45.59
 -77.00 -26.00  46.34
 -77.00 -25.00  47.12
 -77.00 -24.00  47.96
 -77.00 -23.00  48.85
 -77.00 -22.00  49.79
 -77.00 -21.00  50.73
 -77.00 -20.00  51.64
 -77.00 -19.00  52.45
 -77.00 -18.00  53.10
 -77.00 -17.00  53.56
 -77.00 -16.00  53.81
 -77.00 -15.00  53.85
 -77.00 -14.00  53.74
 -77.00 -13.00  53.52
 -77.00 -12.00  53.26
 -77.00 -11.00  53.02
 -77.00 -10.00  52.81
 -77.00  -9.00  52.63
 -77.00  -8.00  52.46
 -77.00  -7.00  52.25
 -77.00  -6.00  51.94
 -77.00  -5.00  51.48
 -77.00  -4.00  50.86
 -77.00  -3.00  50.09
 -77.00  -2.00  49.20
 -77.00  -1.00  48.28
 -77.00   0.00  47.39
 -77.00   1.00  46.59
 -77.00   2.00  45.93
 -77.00   3.00  45.40
 -77.00   4.00  44.97
 -77.00   5.00  44.58
 -77.00   6.00  44.16
 -77.00   7.00  43.65
 -77.00   8.00  43.02
 -77.00   9.00  42.30
 -77.00  10.00  41.53
 -77.00  11.00  40.83
 -77.00  12.00  40.27
 -77.00  13.00  39.95
 -77.00  14.00  39.92
 -77.00  15.00  40.18
 -77.00  16.00  40.66
 -77.00  17.00  41.25
 -77.00  18.00  41.84
 -77.00  19.00  42.28
 -77.00  20.00  42.49
 -77.00  21.00  42.41
 -77.00  22.00  42.07
 -77.00  23.00  41.54
 -77.00  24.00  40.95
 -77.00  25.00  40.41
 -77.00  26.00  40.06
 -77.00  27.00  39.98
 -76.00 -37.00  40.11
 -76.00 -36.00  40.43
 -76.00 -35.00  40.84
 -76.00 -34.00  41.33
 -76.00 -33.00  41.89
 -76.00 -32.00  42.52
 -76.00 -31.00  43.20
 -76.00 -30.00  43.90
 -76.00 -29.00  44.62
 -76.00 -28.00  45.34
 -76.00 -27.00  46.08
 -76.00 -26.00  46.84
 -76.00 -25.00  47.64
 -76.00 -24.00  48.48
 -76.00 -23.00  49.39
 -76.00 -22.00  50.32
 -76.00 -21.00  51.26
 -76.00 -20.00  52.15
 -76.00 -19.00  52.93
 -76.00 -18.00  53.56
 -76.00 -17.00  53.99
 -76.00 -16.00  54.23
 -76.00 -15.00  54.28
 -76.00 -14.00  54.18
 -76.00 -13.00  54.01
 -76.00 -12.00  53.80
 -76.00 -11.00  53.61
 -76.00 -10.00  53.45
 -76.00  -9.00  53.33
 -76.00  -8.00  53.20
 -76.00  -7.00  53.00
 -76.00  -6.00  52.68
 -76.00  -5.00  52.20
 -76.00  -4.00  51.54
 -76.00  -3.00  50.72
 -76.00  -2.00  49.78
 -76.00  -1.00  48.82
 -76.00   0.00  47.89
 -76.00   1.00  47.07
 -76.00   2.00  46.40
 -76.00   3.00  45.87
 -76.00   4.00  45.45
 -76.00   5.00  45.05
 -76.00   6.00  44.63
 -76.00   7.00  44.10
 -76.00   8.00  43.46
 -76.00   9.00  42.71
 -76.00  10.00  41.92
 -76.00  11.00  41.18
 -76.00  12.00  40.61
 -76.00  13.00  40.27
 -76.00  14.00  40.24
 -76.00  15.00  40.50
 -76.00  16.00  40.99
 -76.00  17.00  41.61
 -76.00  18.00  42.21
 -76.00  19.00  42.68
 -76.00  20.00  42.89
 -76.00  21.00  42.82
 -76.00  22.00  42.48
 -76.00  23.00  41.94
 -76.00  24.00  41.33
 -76.00  25.00  40.79
 -76.00  26.00  40.44
 -76.00  27.00  40.37
 -75.00 -37.00  40.60
 -75.00 -36.00  40.92
 -75.00 -35.00  41.33
 -75.00 -34.00  41.83
 -75.00 -33.00  42.39
 -75.00 -32.00  43.02
 -75.00 -31.00  43.69
 -75.00 -30.00  44.39
 -75.00 -29.00  45.10
 -75.00 -28.00  45.82
 -75.00 -27.00  46.56
 -75.00 -26.00  47.33
 -75.00 -25.00  48.15
 -75.00 -24.00  49.01
 -75.00 -23.00  49.92
 -75.00 -22.00  50.85
 -75.00 -21.00  51.78
 -75.00 -20.00  52.65
 -75.00 -19.00  53.40
 -75.00 -18.00  54.00
 -75.00 -17.00  54.42
 -75.00 -16.00  54.64
 -75.00 -15.00  54.69
 -75.00 -14.00  54.62
 -75.00 -13.00  54.48
 -75.00 -12.00  54.33
 -75.00 -11.00  54.20
 -75.00 -10.00  54.11
 -75.00  -9.00  54.03
 -75.00  -8.00  53.94
 -75.00  -7.00  53.76
 -75.00  -6.00  53.44
 -75.00  -5.00  52.94
 -75.00  -4.00  52.24
 -75.00  -3.00  51.37
 -75.00  -2.00  50.39
 -75.00  -1.00  49.38
 -75.00   0.00  48.42
 -75.00   1.00  47.58
 -75.00   2.00  46.89
 -75.00   3.00  46.36
 -75.00   4.00  45.93
 -75.00   5.00  45.54
 -75.00   6.00  45.10
 -75.00   7.00  44.57
 -75.00   8.00  43.91
 -75.00   9.00  43.13
 -75.00  10.00  42.32
 -75.00  11.00  41.55
 -75.00  12.00  40.94
 -75.00  13.00  40.59
 -75.00  14.00  40.55
 -75.00  15.00  40.82
 -75.00  16.00  41.32
 -75.00  17.00  41.96
 -75.00  18.00  42.58
 -75.00  19.00  43.07
 -75.00  20.00  43.30
 -75.00  21.00  43.23
 -75.00  22.00  42.89
 -75.00  23.00  42.35
 -75.00  24.00  41.73
 -75.00  25.00  41.18
 -75.00  26.00  40.82
 -75.00  27.00  40.76
 -74.00 -37.00  41.09
 -74.00 -36.00  41.42
 -74.00 -35.00  41.84
 -74.00 -34.00  42.33
 -74.00 -33.00  42.89
 -74.00 -32.00  43.51
 -74.00 -31.00  44.18
 -74.00 -30.00  44.87
 -74.00 -29.00  45.58
 -74.00 -28.00  46.30
 -74.00 -27.00  47.05
 -74.00 -26.00  47.82
 -74.00 -25.00  48.65
 -74.00 -24.00  49.52
 -74.00 -23.00  50.43
 -74.00 -22.00  51.37
 -74.00 -21.00  52.28
 -74.00 -20.00  53.13
 -74.00 -19.00  53.87
 -74.00 -18.00  54.44
 -74.00 -17.00  54.83
 -74.00 -16.00  55.05
 -74.00 -15.00  55.10
 -74.00 -14.00  55.06
 -74.00 -13.00  54.96
 -74.00 -12.00  54.86
 -74.00 -11.00  54.79
 -74.00 -10.00  54.76
 -74.00  -9.00  54.74
 -74.00  -8.00  54.69
 -74.00  -7.00  54.54
 -74.00  -6.00  54.23
 -74.00  -5.00  53.71
 -74.00  -4.00  52.98
 -74.00  -3.00  52.07
 -74.00  -2.00  51.04
 -74.00  -1.00  49.98
 -74.00   0.00  48.98
 -74.00   1.00  48.11
 -74.00   2.00  47.40
 -74.00   3.00  46.85
 -74.00   4.00  46.42
 -74.00   5.00  46.03
 -74.00   6.00  45.59
 -74.00   7.00  45.05
 -74.00   8.00  44.37
 -74.00   9.00  43.57
 -74.00  10.00  42.72
 -74.00  11.00  41.92
 -74.00  12.00  41.29
 -74.00  13.00  40.92
 -74.00  14.00  40.86
 -74.00  15.00  41.12
 -74.00  16.00  41.63
 -74.00  17.00  42.29
 -74.00  18.00  42.94
 -74.00  19.00  43.45
 -74.00  20.00  43.70
 -74.00  21.00  43.65
 -74.00  22.00  43.31
 -74.00  23.00  42.77
 -74.00  24.00  42.14
 -74.00  25.00  41.58
 -74.00  26.00  41.21
 -74.00  27.00  41.14
 -73.00 -37.00  41.60
 -73.00 -36.00  41.93
 -73.00 -35.00  42.35
 -73.00 -34.00  42.84
 -73.00 -33.00  43.40
 -73.00 -32.00  44.01
 -73.00 -31.00  44.67
 -73.00 -30.00  45.35
 -73.00 -29.00  46.05
 -73.00 -28.00  46.77
 -73.00 -27.00  47.52
 -73.00 -26.00  48.31
 -73.00 -25.00  49.14
 -73.00 -24.00  50.02
 -73.00 -23.00  50.94
 -73.00 -22.00  51.87
 -73.00 -21.00  52.78
 -73.00 -20.00  53.61
 -73.00 -19.00  54.32
 -73.00 -18.00  54.87
 -73.00 -17.00  55.24
 -73.00 -16.00  55.44
 -73.00 -15.00  55.51
 -73.00 -14.00  55.48
 -73.00 -13.00  55.42
 -73.00 -12.00  55.38
 -73.00 -11.00  55.37
 -73.00 -10.00  55.41
 -73.00  -9.00  55.46
 -73.00  -8.00  55.46
 -73.00  -7.00  55.34
 -73.00  -6.00  55.04
 -73.00  -5.00  54.51
 -73.00  -4.00  53.76
 -73.00  -3.00  52.81
 -73.00  -2.00  51.73
 -73.00  -1.00  50.62
 -73.00   0.00  49.58
 -73.00   1.00  48.67
 -73.00   2.00  47.94
 -73.00   3.00  47.37
 -73.00   4.00  46.93
 -73.00   5.00  46.54
 -73.00   6.00  46.10
 -73.00   7.00  45.55
 -73.00   8.00  44.85
 -73.00   9.00  44.03
 -73.00  10.00  43.15
 -73.00  11.00  42.32
 -73.00  12.00  41.65
 -73.00  13.00  41.24
 -73.00  14.00  41.16
 -73.00  15.00  41.41
 -73.00  16.00  41.93
 -73.00  17.00  42.60
 -73.00  18.00  43.28
 -73.00  19.00  43.82
 -73.00  20.00  44.10
 -73.00  21.00  44.08
 -73.00  22.00  43.75
 -73.00  23.00  43.20
 -73.00  24.00  42.56
 -73.00  25.00  41.98
 -73.00  26.00  41.60
 -73.00  27.00  41.52
 -72.00 -37.00  42.12
 -72.00 -36.00  42.45
 -72.00 -35.00  42.86
 -72.00 -34.00  43.35
 -72.00 -33.00  43.90
 -72.00 -32.00  44.51
 -72.00 -31.00  45.15
 -72.00 -30.00  45.82
 -72.00 -29.00  46.52
 -72.00 -28.00  47.24
 -72.00 -27.00  47.99
 -72.00 -26.00  48.78
 -72.00 -25.00  49.62
 -72.00 -24.00  50.51
 -72.00 -23.00  51.43
 -72.00 -22.00  52.36
 -72.00 -21.00  53.25
 -72.00 -20.00  54.07
 -72.00 -19.00  54.76
 -72.00 -18.00  55.29
 -72.00 -17.00  55.64
 -72.00 -16.00  55.84
 -72.00 -15.00  55.91
 -72.00 -14.00  55.90
 -72.00 -13.00  55.88
 -72.00 -12.00  55.89
 -72.00 -11.00  55.95
 -72.00 -10.00  56.05
 -72.00  -9.00  56.17
 -72.00  -8.00  56.23
 -72.00  -7.00  56.15
 -72.00  -6.00  55.87
 -72.00  -5.00  55.36
 -72.00  -4.00  54.59
 -72.00  -3.00  53.60
 -72.00  -2.00  52.49
 -72.00  -1.00  51.33
 -72.00   0.00  50.23
 -72.00   1.00  49.27
 -72.00   2.00  48.50
 -72.00   3.00  47.91
 -72.00   4.00  47.46
 -72.00   5.00  47.06
 -72.00   6.00  46.62
 -72.00   7.00  46.06
 -72.00   8.00  45.36
 -72.00   9.00  44.52
 -72.00  10.00  43.61
 -72.00  11.00  42.74
 -72.00  12.00  42.02
 -72.00  13.00  41.57
 -72.00  14.00  41.45
 -72.00  15.00  41.68
 -72.00  16.00  42.19
 -72.00  17.00  42.88
 -72.00  18.00  43.59
 -72.00  19.00  44.17
 -72.00  20.00  44.50
 -72.00  21.00  44.51
 -72.00  22.00  44.20
 -72.00  23.00  43.66
 -72.00  24.00  43.01
 -72.00  25.00  42.41
 -72.00  26.00  42.00
 -72.00  27.00  41.90
 -71.00 -37.00  42.65
 -71.00 -36.00  42.98
 -71.00 -35.00  43.39
 -71.00 -34.00  43.87
 -71.00 -33.00  44.41
 -71.00 -32.00  45.01
 -71.00 -31.00  45.64
 -71.00 -30.00  46.30
 -71.00 -29.00  46.98
 -71.00 -28.00  47.69
 -71.00 -27.00  48.44
 -71.00 -26.00  49.24
 -71.00 -25.00  50.08
 -71.00 -24.00  50.97
 -71.00 -23.00  51.90
 -71.00 -22.00  52.83
 -71.00 -21.00  53.72
 -71.00 -20.00  54.52
 -71.00 -19.00  55.19
 -71.00 -18.00  55.70
 -71.00 -17.00  56.05
 -71.00 -16.00  56.23
 -71.00 -15.00  56.31
 -71.00 -14.00  56.32
 -71.00 -13.00  56.33
 -71.00 -12.00  56.39
 -71.00 -11.00  56.51
 -71.00 -10.00  56.68
 -71.00  -9.00  56.87
 -71.00  -8.00  56.99
 -71.00  -7.00  56.97
 -71.00  -6.00  56.74
 -71.00  -5.00  56.24
 -71.00  -4.00  55.47
 -71.00  -3.00  54.47
 -71.00  -2.00  53.31
 -71.00  -1.00  52.10
 -71.00   0.00  50.94
 -71.00   1.00  49.93
 -71.00   2.00  49.11
 -71.00   3.00  48.48
 -71.00   4.00  48.01
 -71.00   5.00  47.60
 -71.00   6.00  47.16
 -71.00   7.00  46.61
 -71.00   8.00  45.90
 -71.00   9.00  45.04
 -71.00  10.00  44.10
 -71.00  11.00  43.19
 -71.00  12.00  42.41
 -71.00  13.00  41.91
 -71.00  14.00  41.74
 -71.00  15.00  41.93
 -71.00  16.00  42.43
 -71.00  17.00  43.13
 -71.00  18.00  43.87
 -71.00  19.00  44.50
 -71.00  20.00  44.88
 -71.00  21.00  44.94
 -71.00  22.00  44.66
 -71.00  23.00  44.14
 -71.00  24.00  43.48
 -71.00  25.00  42.85
 -71.00  26.00  42.40
 -71.00  27.00  42.26
 -70.00 -37.00  43.19
 -70.00 -36.00  43.52
 -70.00 -35.00  43.92
 -70.00 -34.00  44.39
 -70.00 -33.00  44.93
 -70.00 -32.00  45.51
 -70.00 -31.00  46.13
 -70.00 -30.00  46.78
 -70.00 -29.00  47.45
 -70.00 -28.00  48.15
 -70.00 -27.00  48.89
 -70.00 -26.00  49.68
 -70.00 -25.00  50.53
 -70.00 -24.00  51.42
 -70.00 -23.00  52.35
 -70.00 -22.00  53.28
 -70.00 -21.00  54.16
 -70.00 -20.00  54.96
 -70.00 -19.00  55.62
 -70.00 -18.00  56.12
 -70.00 -17.00  56.45
 -70.00 -16.00  56.63
 -70.00 -15.00  56.71
 -70.00 -14.00  56.73
 -70.00 -13.00  56.77
 -70.00 -12.00  56.86
 -70.00 -11.00  57.04
 -70.00 -10.00  57.28
 -70.00  -9.00  57.54
 -70.00  -8.00  57.75
 -70.00  -7.00  57.80
 -70.00  -6.00  57.63
 -70.00  -5.00  57.17
 -70.00  -4.00  56.42
 -70.00  -3.00  55.41
 -70.00  -2.00  54.21
 -70.00  -1.00  52.94
 -70.00   0.00  51.72
 -70.00   1.00  50.64
 -70.00   2.00  49.76
 -70.00   3.00  49.08
 -70.00   4.00  48.58
 -70.00   5.00  48.15
 -70.00   6.00  47.72
 -70.00   7.00  47.17
 -70.00   8.00  46.47
 -70.00   9.00  45.61
 -70.00  10.00  44.64
 -70.00  11.00  43.68
 -70.00  12.00  42.84
 -70.00  13.00  42.26
 -70.00  14.00  42.03
 -70.00  15.00  42.17
 -70.00  16.00  42.65
 -70.00  17.00  43.35
 -70.00  18.00  44.12
 -70.00  19.00  44.80
 -70.00  20.00  45.25
 -70.00  21.00  45.37
 -70.00  22.00  45.14
 -70.00  23.00  44.64
 -70.00  24.00  43.97
 -70.00  25.00  43.31
 -70.00  26.00  42.82
 -70.00  27.00  42.63
 -69.00 -37.00  43.75
 -69.00 -36.00  44.07
 -69.00 -35.00  44.46
 -69.00 -34.00  44.92
 -69.00 -33.00  45.45
 -69.00 -32.00  46.02
 -69.00 -31.00  46.62
 -69.00 -30.00  47.26
 -69.00 -29.00  47.92
 -69.00 -28.00  48.61
 -69.00 -27.00  49.34
 -69.00 -26.00  50.12
 -69.00 -25.00  50.97
 -69.00 -24.00  51.86
 -69.00 -23.00  52.79
 -69.00 -22.00  53.72
 -69.00 -21.00  54.60
 -69.00 -20.00  55.39
 -69.00 -19.00  56.05
 -69.00 -18.00  56.54
 -69.00 -17.00  56.86
 -69.00 -16.00  57.03
 -69.00 -15.00  57.11
 -69.00 -14.00  57.14
 -69.00 -13.00  57.19
 -69.00 -12.00  57.32
 -69.00 -11.00  57.54
 -69.00 -10.00  57.85
 -69.00  -9.00  58.19
 -69.00  -8.00  58.48
 -69.00  -7.00  58.63
 -69.00  -6.00  58.53
 -69.00  -5.00  58.14
 -69.00  -4.00  57.42
 -69.00  -3.00  56.42
 -69.00  -2.00  55.20
 -69.00  -1.00  53.88
 -69.00   0.00  52.58
 -69.00   1.00  51.42
 -69.00   2.00  50.46
 -69.00   3.00  49.72
 -69.00   4.00  49.17
 -69.00   5.00  48.73
 -69.00   6.00  48.29
 -69.00   7.00  47.76
 -69.00   8.00  47.07
 -69.00   9.00  46.21
 -69.00  10.00  45.22
 -69.00  11.00  44.21
 -69.00  12.00  43.31
 -69.00  13.00  42.65
 -69.00  14.00  42.33
 -69.00  15.00  42.40
 -69.00  16.00  42.83
 -69.00  17.00  43.53
 -69.00  18.00  44.33
 -69.00  19.00  45.07
 -69.00  20.00  45.59
 -69.00  21.00  45.79
 -69.00  22.00  45.63
 -69.00  23.00  45.16
 -69.00  24.00  44.50
 -69.00  25.00  43.80
 -69.00  26.00  43.26
 -69.00  27.00  43.00
 -68.00 -37.00  44.33
 -68.00 -36.00  44.63
 -68.00 -35.00  45.01
 -68.00 -34.00  45.47
 -68.00 -33.00  45.98
 -68.00 -32.00  46.54
 -68.00 -31.00  47.13
 -68.00 -30.00  47.75
 -68.00 -29.00  48.39
 -68.00 -28.00  49.07
 -68.00 -27.00  49.79
 -68.00 -26.00  50.56
 -68.00 -25.00  51.40
 -68.00 -24.00  52.29
 -68.00 -23.00  53.22
 -68.00 -22.00  54.15
 -68.00 -21.00  55.03
 -68.00 -20.00  55.82
 -68.00 -19.00  56.48
 -68.00 -18.00  56.97
 -68.00 -17.00  57.28
 -68.00 -16.00  57.45
 -68.00 -15.00  57.51
 -68.00 -14.00  57.54
 -68.00 -13.00  57.60
 -68.00 -12.00  57.75
 -68.00 -11.00  58.01
 -68.00 -10.00  58.38
 -68.00  -9.00  58.80
 -68.00  -8.00  59.18
 -68.00  -7.00  59.43
 -68.00  -6.00  59.44
 -68.00  -5.00  59.13
 -68.00  -4.00  58.48
 -68.00  -3.00  57.50
 -68.00  -2.00  56.27
 -68.00  -1.00  54.90
 -68.00   0.00  53.53
 -68.00   1.00  52.27
 -68.00   2.00  51.22
 -68.00   3.00  50.40
 -68.00   4.00  49.80
 -68.00   5.00  49.33
 -68.00   6.00  48.89
 -68.00   7.00  48.37
 -68.00   8.00  47.70
 -68.00   9.00  46.85
 -68.00  10.00  45.85
 -68.00  11.00  44.80
 -68.00  12.00  43.83
 -68.00  13.00  43.07
 -68.00  14.00  42.66
 -68.00  15.00  42.64
 -68.00  16.00  43.01
 -68.00  17.00  43.67
 -68.00  18.00  44.50
 -68.00  19.00  45.30
 -68.00  20.00  45.91
 -68.00  21.00  46.20
 -68.00  22.00  46.12
 -68.00  23.00  45.70
 -68.00  24.00  45.05
 -68.00  25.00  44.33
 -68.00  26.00  43.72
 -68.00  27.00  43.38
 -67.00 -37.00  44.93
 -67.00 -36.00  45.22
 -67.00 -35.00  45.58
 -67.00 -34.00  46.02
 -67.00 -33.00  46.52
 -67.00 -32.00  47.07
 -67.00 -31.00  47.64
 -67.00 -30.00  48.25
 -67.00 -29.00  48.88
 -67.00 -28.00  49.54
 -67.00 -27.00  50.24
 -67.00 -26.00  51.00
 -67.00 -25.00  51.83
 -67.00 -24.00  52.71
 -67.00 -23.00  53.64
 -67.00 -22.00  54.57
 -67.00 -21.00  55.46
 -67.00 -20.00  56.26
 -67.00 -19.00  56.92
 -67.00 -18.00  57.40
 -67.00 -17.00  57.72
 -67.00 -16.00  57.88
 -67.00 -15.00  57.93
 -67.00 -14.00  57.95
 -67.00 -13.00  58.00
 -67.00 -12.00  58.16
 -67.00 -11.00  58.45
 -67.00 -10.00  58.86
 -67.00  -9.00  59.36
 -67.00  -8.00  59.84
 -67.00  -7.00  60.20
 -67.00  -6.00  60.33
 -67.00  -5.00  60.13
 -67.00  -4.00  59.56
 -67.00  -3.00  58.63
 -67.00  -2.00  57.41
 -67.00  -1.00  56.01
 -67.00   0.00  54.57
 -67.00   1.00  53.21
 -67.00   2.00  52.05
 -67.00   3.00  51.14
 -67.00   4.00  50.46
 -67.00   5.00  49.95
 -67.00   6.00  49.50
 -67.00   7.00  49.00
 -67.00   8.00  48.35
 -67.00   9.00  47.52
 -67.00  10.00  46.52
 -67.00  11.00  45.44
 -67.00  12.00  44.40
 -67.00  13.00  43.54
 -67.00  14.00  43.01
 -67.00  15.00  42.89
 -67.00  16.00  43.17
 -67.00  17.00  43.80
 -67.00  18.00  44.63
 -67.00  19.00  45.49
 -67.00  20.00  46.19
 -67.00  21.00  46.58
 -67.00  22.00  46.60
 -67.00  23.00  46.25
 -67.00  24.00  45.63
 -67.00  25.00  44.89
 -67.00  26.00  44.21
 -67.00  27.00  43.78
 -66.00 -37.00  45.55
 -66.00 -36.00  45.81
 -66.00 -35.00  46.16
 -66.00 -34.00  46.59
 -66.00 -33.00  47.07
 -66.00 -32.00  47.61
 -66.00 -31.00  48.17
 -66.00 -30.00  48.76
 -66.00 -29.00  49.38
 -66.00 -28.00  50.02
 -66.00 -27.00  50.71
 -66.00 -26.00  51.45
 -66.00 -25.00  52.26
 -66.00 -24.00  53.14
 -66.00 -23.00  54.06
 -66.00 -22.00  54.99
 -66.00 -21.00  55.88
 -66.00 -20.00  56.69
 -66.00 -19.00  57.36
 -66.00 -18.00  57.85
 -66.00 -17.00  58.17
 -66.00 -16.00  58.32
 -66.00 -15.00  58.36
 -66.00 -14.00  58.36
 -66.00 -13.00  58.40
 -66.00 -12.00  58.55
 -66.00 -11.00  58.85
 -66.00 -10.00  59.30
 -66.00  -9.00  59.86
 -66.00  -8.00  60.44
 -66.00  -7.00  60.92
 -66.00  -6.00  61.18
 -66.00  -5.00  61.12
 -66.00  -4.00  60.67
 -66.00  -3.00  59.82
 -66.00  -2.00  58.63
 -66.00  -1.00  57.21
 -66.00   0.00  55.70
 -66.00   1.00  54.24
 -66.00   2.00  52.97
 -66.00   3.00  51.94
 -66.00   4.00  51.16
 -66.00   5.00  50.59
 -66.00   6.00  50.12
 -66.00   7.00  49.64
 -66.00   8.00  49.02
 -66.00   9.00  48.23
 -66.00  10.00  47.24
 -66.00  11.00  46.13
 -66.00  12.00  45.02
 -66.00  13.00  44.07
 -66.00  14.00  43.42
 -66.00  15.00  43.16
 -66.00  16.00  43.34
 -66.00  17.00  43.91
 -66.00  18.00  44.73
 -66.00  19.00  45.64
 -66.00  20.00  46.43
 -66.00  21.00  46.94
 -66.00  22.00  47.08
 -66.00  23.00  46.81
 -66.00  24.00  46.23
 -66.00  25.00  45.48
 -66.00  26.00  44.74
 -66.00  27.00  44.22
 -65.00 -37.00  46.18
 -65.00 -36.00  46.43
 -65.00 -35.00  46.76
 -65.00 -34.00  47.17
 -65.00 -33.00  47.64
 -65.00 -32.00  48.16
 -65.00 -31.00  48.71
 -65.00 -30.00  49.29
 -65.00 -29.00  49.89
 -65.00 -28.00  50.52
 -65.00 -27.00  51.19
 -65.00 -26.00  51.92
 -65.00 -25.00  52.71
 -65.00 -24.00  53.57
 -65.00 -23.00  54.48
 -65.00 -22.00  55.40
 -65.00 -21.00  56.30
 -65.00 -20.00  57.12
 -65.00 -19.00  57.81
 -65.00 -18.00  58.31
 -65.00 -17.00  58.64
 -65.00 -16.00  58.79
 -65.00 -15.00  58.81
 -65.00 -14.00  58.79
 -65.00 -13.00  58.80
 -65.00 -12.00  58.93
 -65.00 -11.00  59.22
 -65.00 -10.00  59.69
 -65.00  -9.00  60.30
 -65.00  -8.00  60.97
 -65.00  -7.00  61.58
 -65.00  -6.00  61.99
 -65.00  -5.00  62.08
 -65.00  -4.00  61.77
 -65.00  -3.00  61.03
 -65.00  -2.00  59.91
 -65.00  -1.00  58.49
 -65.00   0.00  56.93
 -65.00   1.00  55.38
 -65.00   2.00  53.97
 -65.00   3.00  52.81
 -65.00   4.00  51.92
 -65.00   5.00  51.27
 -65.00   6.00  50.77
 -65.00   7.00  50.29
 -65.00   8.00  49.71
 -65.00   9.00  48.95
 -65.00  10.00  47.99
 -65.00  11.00  46.87
 -65.00  12.00  45.71
 -65.00  13.00  44.66
 -65.00  14.00  43.88
 -65.00  15.00  43.48
 -65.00  16.00  43.54
 -65.00  17.00  44.02
 -65.00  18.00  44.81
 -65.00  19.00  45.75
 -65.00  20.00  46.62
 -65.00  21.00  47.26
 -65.00  22.00  47.52
 -65.00  23.00  47.37
 -65.00  24.00  46.85
 -65.00  25.00  46.10
 -65.00  26.00  45.32
 -65.00  27.00  44.70
 -64.00 -37.00  46.84
 -64.00 -36.00  47.06
 -64.00 -35.00  47.37
 -64.00 -34.00  47.76
 -64.00 -33.00  48.22
 -64.00 -32.00  48.72
 -64.00 -31.00  49.27
 -64.00 -30.00  49.83
 -64.00 -29.00  50.42
 -64.00 -28.00  51.04
 -64.00 -27.00  51.69
 -64.00 -26.00  52.39
 -64.00 -25.00  53.16
 -64.00 -24.00  54.00
 -64.00 -23.00  54.90
 -64.00 -22.00  55.82
 -64.00 -21.00  56.73
 -64.00 -20.00  57.56
 -64.00 -19.00  58.26
 -64.00 -18.00  58.78
 -64.00 -17.00  59.12
 -64.00 -16.00  59.27
 -64.00 -15.00  59.29
 -64.00 -14.00  59.24
 -64.00 -13.00  59.22
 -64.00 -12.00  59.31
 -64.00 -11.00  59.57
 -64.00 -10.00  60.04
 -64.00  -9.00  60.69
 -64.00  -8.00  61.43
 -64.00  -7.00  62.16
 -64.00  -6.00  62.73
 -64.00  -5.00  62.99
 -64.00  -4.00  62.86
 -64.00  -3.00  62.26
 -64.00  -2.00  61.23
 -64.00  -1.00  59.85
 -64.00   0.00  58.26
 -64.00   1.00  56.62
 -64.00   2.00  55.08
 -64.00   3.00  53.77
 -64.00   4.00  52.75
 -64.00   5.00  52.00
 -64.00   6.00  51.44
 -64.00   7.00  50.95
 -64.00   8.00  50.40
 -64.00   9.00  49.69
 -64.00  10.00  48.77
 -64.00  11.00  47.66
 -64.00  12.00  46.46
 -64.00  13.00  45.32
 -64.00  14.00  44.40
 -64.00  15.00  43.86
 -64.00  16.00  43.76
 -64.00  17.00  44.13
 -64.00  18.00  44.87
 -64.00  19.00  45.82
 -64.00  20.00  46.77
 -64.00  21.00  47.53
 -64.00  22.00  47.94
 -64.00  23.00  47.91
 -64.00  24.00  47.48
 -64.00  25.00  46.76
 -64.00  26.00  45.94
 -64.00  27.00  45.23
 -63.00 -37.00  47.52
 -63.00 -36.00  47.72
 -63.00 -35.00  48.00
 -63.00 -34.00  48.37
 -63.00 -33.00  48.81
 -63.00 -32.00  49.30
 -63.00 -31.00  49.83
 -63.00 -30.00  50.39
 -63.00 -29.00  50.97
 -63.00 -28.00  51.57
 -63.00 -27.00  52.20
 -63.00 -26.00  52.88
 -63.00 -25.00  53.63
 -63.00 -24.00  54.45
 -63.00 -23.00  55.33
 -63.00 -22.00  56.24
 -63.00 -21.00  57.15
 -63.00 -20.00  57.99
 -63.00 -19.00  58.71
 -63.00 -18.00  59.26
 -63.00 -17.00  59.62
 -63.00 -16.00  59.78
 -63.00 -15.00  59.79
 -63.00 -14.00  59.72
 -63.00 -13.00  59.65
 -63.00 -12.00  59.69
 -63.00 -11.00  59.91
 -63.00 -10.00  60.36
 -63.00  -9.00  61.01
 -63.00  -8.00  61.82
 -63.00  -7.00  62.65
 -63.00  -6.00  63.38
 -63.00  -5.00  63.83
 -63.00  -4.00  63.89
 -63.00  -3.00  63.48
 -63.00  -2.00  62.59
 -63.00  -1.00  61.29
 -63.00   0.00  59.69
 -63.00   1.00  57.98
 -63.00   2.00  56.32
 -63.00   3.00  54.85
 -63.00   4.00  53.67
 -63.00   5.00  52.79
 -63.00   6.00  52.14
 -63.00   7.00  51.63
 -63.00   8.00  51.10
 -63.00   9.00  50.44
 -63.00  10.00  49.57
 -63.00  11.00  48.49
 -63.00  12.00  47.28
 -63.00  13.00  46.06
 -63.00  14.00  45.01
 -63.00  15.00  44.30
 -63.00  16.00  44.04
 -63.00  17.00  44.26
 -63.00  18.00  44.91
 -63.00  19.00  45.84
 -63.00  20.00  46.86
 -63.00  21.00  47.74
 -63.00  22.00  48.30
 -63.00  23.00  48.42
 -63.00  24.00  48.11
 -63.00  25.00  47.44
 -63.00  26.00  46.60
 -63.00  27.00  45.80
 -62.00 -37.00  48.21
 -62.00 -36.00  48.39
 -62.00 -35.00  48.65
 -62.00 -34.00  49.00
 -62.00 -33.00  49.41
 -62.00 -32.00  49.89
 -62.00 -31.00  50.41
 -62.00 -30.00  50.96
 -62.00 -29.00  51.52
 -62.00 -28.00  52.11
 -62.00 -27.00  52.73
 -62.00 -26.00  53.39
 -62.00 -25.00  54.12
 -62.00 -24.00  54.91
 -62.00 -23.00  55.77
 -62.00 -22.00  56.67
 -62.00 -21.00  57.57
 -62.00 -20.00  58.42
 -62.00 -19.00  59.16
 -62.00 -18.00  59.74
 -62.00 -17.00  60.13
 -62.00 -16.00  60.31
 -62.00 -15.00  60.32
 -62.00 -14.00  60.23
 -62.00 -13.00  60.12
 -62.00 -12.00  60.10
 -62.00 -11.00  60.26
 -62.00 -10.00  60.65
 -62.00  -9.00  61.29
 -62.00  -8.00  62.12
 -62.00  -7.00  63.05
 -62.00  -6.00  63.92
 -62.00  -5.00  64.57
 -62.00  -4.00  64.86
 -62.00  -3.00  64.67
 -62.00  -2.00  63.96
 -62.00  -1.00  62.78
 -62.00   0.00  61.23
 -62.00   1.00  59.47
 -62.00   2.00  57.70
 -62.00   3.00  56.07
 -62.00   4.00  54.71
 -62.00   5.00  53.66
 -62.00   6.00  52.90
 -62.00   7.00  52.33
 -62.00   8.00  51.81
 -62.00   9.00  51.20
 -62.00  10.00  50.40
 -62.00  11.00  49.37
 -62.00  12.00  48.16
 -62.00  13.00  46.89
 -62.00  14.00  45.72
 -62.00  15.00  44.84
 -62.00  16.00  44.38
 -62.00  17.00  44.43
 -62.00  18.00  44.95
 -62.00  19.00  45.84
 -62.00  20.00  46.89
 -62.00  21.00  47.87
 -62.00  22.00  48.59
 -62.00  23.00  48.89
 -62.00  24.00  48.72
 -62.00  25.00  48.14
 -62.00  26.00  47.31
 -62.00  27.00  46.44
 -61.00 -37.00  48.93
 -61.00 -36.00  49.09
 -61.00 -35.00  49.32
 -61.00 -34.00  49.64
 -61.00 -33.00  50.03
 -61.00 -32.00  50.49
 -61.00 -31.00  50.99
 -61.00 -30.00  51.53
 -61.00 -29.00  52.09
 -61.00 -28.00  52.67
 -61.00 -27.00  53.27
 -61.00 -26.00  53.92
 -61.00 -25.00  54.62
 -61.00 -24.00  55.38
 -61.00 -23.00  56.22
 -61.00 -22.00  57.10
 -61.00 -21.00  57.99
 -61.00 -20.00  58.85
 -61.00 -19.00  59.61
 -61.00 -18.00  60.22
 -61.00 -17.00  60.64
 -61.00 -16.00  60.86
 -61.00 -15.00  60.88
 -61.00 -14.00  60.77
 -61.00 -13.00  60.63
 -61.00 -12.00  60.54
 -61.00 -11.00  60.61
 -61.00 -10.00  60.93
 -61.00  -9.00  61.52
 -61.00  -8.00  62.35
 -61.00  -7.00  63.34
 -61.00  -6.00  64.34
 -61.00  -5.00  65.19
 -61.00  -4.00  65.72
 -61.00  -3.00  65.78
 -61.00  -2.00  65.31
 -61.00  -1.00  64.31
 -61.00   0.00  62.85
 -61.00   1.00  61.10
 -61.00   2.00  59.23
 -61.00   3.00  57.45
 -61.00   4.00  55.89
 -61.00   5.00  54.66
 -61.00   6.00  53.74
 -61.00   7.00  53.08
 -61.00   8.00  52.54
 -61.00   9.00  51.97
 -61.00  10.00  51.24
 -61.00  11.00  50.28
 -61.00  12.00  49.10
 -61.00  13.00  47.80
 -61.00  14.00  46.53
 -61.00  15.00  45.48
 -61.00  16.00  44.82
 -61.00  17.00  44.66
 -61.00  18.00  45.01
 -61.00  19.00  45.80
 -61.00  20.00  46.84
 -61.00  21.00  47.92
 -61.00  22.00  48.80
 -61.00  23.00  49.29
 -61.00  24.00  49.29
 -61.00  25.00  48.84
 -61.00  26.00  48.05
 -61.00  27.00  47.15
 -60.00 -37.00  49.67
 -60.00 -36.00  49.81
 -60.00 -35.00  50.02
 -60.00 -34.00  50.31
 -60.00 -33.00  50.67
 -60.00 -32.00  51.11
 -60.00 -31.00  51.59
 -60.00 -30.00  52.12
 -60.00 -29.00  52.67
 -60.00 -28.00  53.24
 -60.00 -27.00  53.83
 -60.00 -26.00  54.46
 -60.00 -25.00  55.14
 -60.00 -24.00  55.87
 -60.00 -23.00  56.68
 -60.00 -22.00  57.53
 -60.00 -21.00  58.41
 -60.00 -20.00  59.27
 -60.00 -19.00  60.05
 -60.00 -18.00  60.70
 -60.00 -17.00  61.16
 -60.00 -16.00  61.41
 -60.00 -15.00  61.47
 -60.00 -14.00  61.36
 -60.00 -13.00  61.18
 -60.00 -12.00  61.02
 -60.00 -11.00  61.01
 -60.00 -10.00  61.22
 -60.00  -9.00  61.72
 -60.00  -8.00  62.51
 -60.00  -7.00  63.52
 -60.00  -6.00  64.62
 -60.00  -5.00  65.66
 -60.00  -4.00  66.43
 -60.00  -3.00  66.78
 -60.00  -2.00  66.60
 -60.00  -1.00  65.84
 -60.00   0.00  64.55
 -60.00   1.00  62.85
 -60.00   2.00  60.94
 -60.00   3.00  59.02
 -60.00   4.00  57.26
 -60.00   5.00  55.81
 -60.00   6.00  54.70
 -60.00   7.00  53.90
 -60.00   8.00  53.29
 -60.00   9.00  52.74
 -60.00  10.00  52.08
 -60.00  11.00  51.20
 -60.00  12.00  50.09
 -60.00  13.00  48.80
 -60.00  14.00  47.45
 -60.00  15.00  46.25
 -60.00  16.00  45.37
 -60.00  17.00  44.98
 -60.00  18.00  45.12
 -60.00  19.00  45.75
 -60.00  20.00  46.75
 -60.00  21.00  47.88
 -60.00  22.00  48.89
 -60.00  23.00  49.58
 -60.00  24.00  49.80
 -60.00  25.00  49.52
 -60.00  26.00  48.83
 -60.00  27.00  47.91
 -59.00 -37.00  50.42
 -59.00 -36.00  50.55
 -59.00 -35.00  50.74
 -59.00 -34.00  51.00
 -59.00 -33.00  51.33
 -59.00 -32.00  51.74
 -59.00 -31.00  52.21
 -59.00 -30.00  52.71
 -59.00 -29.00  53.25
 -59.00 -28.00  53.81
 -59.00 -27.00  54.40
 -59.00 -26.00  55.01
 -59.00 -25.00  55.67
 -59.00 -24.00  56.38
 -59.00 -23.00  57.16
 -59.00 -22.00  57.98
 -59.00 -21.00  58.84
 -59.00 -20.00  59.69
 -59.00 -19.00  60.49
 -59.00 -18.00  61.17
 -59.00 -17.00  61.68
 -59.00 -16.00  61.98
 -59.00 -15.00  62.07
 -59.00 -14.00  61.99
 -59.00 -13.00  61.79
 -59.00 -12.00  61.57
 -59.00 -11.00  61.45
 -59.00 -10.00  61.55
 -59.00  -9.00  61.93
 -59.00  -8.00  62.63
 -59.00  -7.00  63.61
 -59.00  -6.00  64.77
 -59.00  -5.00  65.95
 -59.00  -4.00  66.96
 -59.00  -3.00  67.62
 -59.00  -2.00  67.76
 -59.00  -1.00  67.31
 -59.00   0.00  66.26
 -59.00   1.00  64.70
 -59.00   2.00  62.81
 -59.00   3.00  60.79
 -59.00   4.00  58.84
 -59.00   5.00  57.15
 -59.00   6.00  55.81
 -59.00   7.00  54.82
 -59.00   8.00  54.10
 -59.00   9.00  53.52
 -59.00  10.00  52.91
 -59.00  11.00  52.13
 -59.00  12.00  51.12
 -59.00  13.00  49.87
 -59.00  14.00  48.49
 -59.00  15.00  47.16
 -59.00  16.00  46.08
 -59.00  17.00  45.42
 -59.00  18.00  45.30
 -59.00  19.00  45.73
 -59.00  20.00  46.61
 -59.00  21.00  47.74
 -59.00  22.00  48.87
 -59.00  23.00  49.76
 -59.00  24.00  50.21
 -59.00  25.00  50.14
 -59.00  26.00  49.59
 -59.00  27.00  48.72
 -58.00 -37.00  51.19
 -58.00 -36.00  51.31
 -58.00 -35.00  51.48
 -58.00 -34.00  51.71
 -58.00 -33.00  52.02
 -58.00 -32.00  52.39
 -58.00 -31.00  52.83
 -58.00 -30.00  53.32
 -58.00 -29.00  53.85
 -58.00 -28.00  54.40
 -58.00 -27.00  54.97
 -58.00 -26.00  55.58
 -58.00 -25.00  56.22
 -58.00 -24.00  56.91
 -58.00 -23.00  57.66
 -58.00 -22.00  58.45
 -58.00 -21.00  59.28
 -58.00 -20.00  60.12
 -58.00 -19.00  60.92
 -58.00 -18.00  61.63
 -58.00 -17.00  62.18
 -58.00 -16.00  62.54
 -58.00 -15.00  62.69
 -58.00 -14.00  62.64
 -58.00 -13.00  62.44
 -58.00 -12.00  62.18
 -58.00 -11.00  61.97
 -58.00 -10.00  61.93
 -58.00  -9.00  62.17
 -58.00  -8.00  62.73
 -58.00  -7.00  63.63
 -58.00  -6.00  64.79
 -58.00  -5.00  66.07
 -58.00  -4.00  67.29
 -58.00  -3.00  68.24
 -58.00  -2.00  68.74
 -58.00  -1.00  68.66
 -58.00   0.00  67.93
 -58.00   1.00  66.60
 -58.00   2.00  64.81
 -58.00   3.00  62.75
 -58.00   4.00  60.66
 -58.00   5.00  58.73
 -58.00   6.00  57.12
 -58.00   7.00  55.89
 -58.00   8.00  55.00
 -58.00   9.00  54.34
 -58.00  10.00  53.75
 -58.00  11.00  53.05
 -58.00  12.00  52.14
 -58.00  13.00  50.98
 -58.00  14.00  49.62
 -58.00  15.00  48.20
 -58.00  16.00  46.94
 -58.00  17.00  46.02
 -58.00  18.00  45.62
 -58.00  19.00  45.79
 -58.00  20.00  46.48
 -58.00  21.00  47.54
 -58.00  22.00  48.73
 -58.00  23.00  49.79
 -58.00  24.00  50.48
 -58.00  25.00  50.67
 -58.00  26.00  50.33
 -58.00  27.00  49.56
 -57.00 -37.00  51.96
 -57.00 -36.00  52.08
 -57.00 -35.00  52.23
 -57.00 -34.00  52.44
 -57.00 -33.00  52.72
 -57.00 -32.00  53.07
 -57.00 -31.00  53.48
 -57.00 -30.00  53.94
 -57.00 -29.00  54.45
 -57.00 -28.00  54.99
 -57.00 -27.00  55.56
 -57.00 -26.00  56.15
 -57.00 -25.00  56.78
 -57.00 -24.00  57.46
 -57.00 -23.00  58.18
 -57.00 -22.00  58.94
 -57.00 -21.00  59.75
 -57.00 -20.00  60.57
 -57.00 -19.00  61.36
 -57.00 -18.00  62.08
 -57.00 -17.00  62.68
 -57.00 -16.00  63.10
 -57.00 -15.00  63.31
 -57.00 -14.00  63.31
 -57.00 -13.00  63.13
 -57.00 -12.00  62.85
 -57.00 -11.00  62.57
 -57.00 -10.00  62.40
 -57.00  -9.00  62.48
 -57.00  -8.00  62.87
 -57.00  -7.00  63.63
 -57.00  -6.00  64.72
 -57.00  -5.00  66.04
 -57.00  -4.00  67.41
 -57.00  -3.00  68.63
 -57.00  -2.00  69.49
 -57.00  -1.00  69.80
 -57.00   0.00  69.47
 -57.00   1.00  68.46
 -57.00   2.00  66.88
 -57.00   3.00  64.88
 -57.00   4.00  62.70
 -57.00   5.00  60.57
 -57.00   6.00  58.68
 -57.00   7.00  57.17
 -57.00   8.00  56.04
 -57.00   9.00  55.23
 -57.00  10.00  54.59
 -57.00  11.00  53.95
 -57.00  12.00  53.15
 -57.00  13.00  52.10
 -57.00  14.00  50.80
 -57.00  15.00  49.36
 -57.00  16.00  47.96
 -57.00  17.00  46.81
 -57.00  18.00  46.10
 -57.00  19.00  45.96
 -57.00  20.00  46.40
 -57.00  21.00  47.32
 -57.00  22.00  48.50
 -57.00  23.00  49.68
 -57.00  24.00  50.60
 -57.00  25.00  51.06
 -57.00  26.00  50.97
 -57.00  27.00  50.38
 -56.00 -37.00  52.72
 -56.00 -36.00  52.84
 -56.00 -35.00  52.99
 -56.00 -34.00  53.19
 -56.00 -33.00  53.45
 -56.00 -32.00  53.76
 -56.00 -31.00  54.14
 -56.00 -30.00  54.58
 -56.00 -29.00  55.06
 -56.00 -28.00  55.58
 -56.00 -27.00  56.14
 -56.00 -26.00  56.73
 -56.00 -25.00  57.35
 -56.00 -24.00  58.01
 -56.00 -23.00  58.71
 -56.00 -22.00  59.46
 -56.00 -21.00  60.24
 -56.00 -20.00  61.03
 -56.00 -19.00  61.82
 -56.00 -18.00  62.55
 -56.00 -17.00  63.17
 -56.00 -16.00  63.64
 -56.00 -15.00  63.92
 -56.00 -14.00  63.98
 -56.00 -13.00  63.85
 -56.00 -12.00  63.58
 -56.00 -11.00  63.24
 -56.00 -10.00  62.97
 -56.00  -9.00  62.88
 -56.00  -8.00  63.08
 -56.00  -7.00  63.66
 -56.00  -6.00  64.61
 -56.00  -5.00  65.89
 -56.00  -4.00  67.34
 -56.00  -3.00  68.77
 -56.00  -2.00  69.96
 -56.00  -1.00  70.69
 -56.00   0.00  70.80
 -56.00   1.00  70.20
 -56.00   2.00  68.93
 -56.00   3.00  67.10
 -56.00   4.00  64.93
 -56.00   5.00  62.65
 -56.00   6.00  60.51
 -56.00   7.00  58.69
 -56.00   8.00  57.27
 -56.00   9.00  56.24
 -56.00  10.00  55.49
 -56.00  11.00  54.84
 -56.00  12.00  54.12
 -56.00  13.00  53.20
 -56.00  14.00  52.01
 -56.00  15.00  50.60
 -56.00  16.00  49.12
 -56.00  17.00  47.77
 -56.00  18.00  46.78
 -56.00  19.00  46.30
 -56.00  20.00  46.43
 -56.00  21.00  47.12
 -56.00  22.00  48.21
 -56.00  23.00  49.45
 -56.00  24.00  50.56
 -56.00  25.00  51.29
 -56.00  26.00  51.49
 -56.00  27.00  51.14
 -55.00 -37.00  53.47
 -55.00 -36.00  53.60
 -55.00 -35.00  53.75
 -55.00 -34.00  53.94
 -55.00 -33.00  54.18
 -55.00 -32.00  54.47
 -55.00 -31.00  54.82
 -55.00 -30.00  55.23
 -55.00 -29.00  55.68
 -55.00 -28.00  56.18
 -55.00 -27.00  56.72
 -55.00 -26.00  57.30
 -55.00 -25.00  57.92
 -55.00 -24.00  58.57
 -55.00 -23.00  59.26
 -55.00 -22.00  59.99
 -55.00 -21.00  60.75
 -55.00 -20.00  61.52
 -55.00 -19.00  62.29
 -55.00 -18.00  63.02
 -55.00 -17.00  63.66
 -55.00 -16.00  64.17
 -55.00 -15.00  64.51
 -55.00 -14.00  64.64
 -55.00 -13.00  64.57
 -55.00 -12.00  64.33
 -55.00 -11.00  63.98
 -55.00 -10.00  63.63
 -55.00  -9.00  63.39
 -55.00  -8.00  63.40
 -55.00  -7.00  63.76
 -55.00  -6.00  64.52
 -55.00  -5.00  65.67
 -55.00  -4.00  67.12
 -55.00  -3.00  68.68
 -55.00  -2.00  70.14
 -55.00  -1.00  71.27
 -55.00   0.00  71.84
 -55.00   1.00  71.72
 -55.00   2.00  70.86
 -55.00   3.00  69.32
 -55.00   4.00  67.27
 -55.00   5.00  64.95
 -55.00   6.00  62.61
 -55.00   7.00  60.49
 -55.00   8.00  58.75
 -55.00   9.00  57.43
 -55.00  10.00  56.47
 -55.00  11.00  55.75
 -55.00  12.00  55.07
 -55.00  13.00  54.25
 -55.00  14.00  53.19
 -55.00  15.00  51.87
 -55.00  16.00  50.38
 -55.00  17.00  48.90
 -55.00  18.00  47.65
 -55.00  19.00  46.85
 -55.00  20.00  46.63
 -55.00  21.00  47.02
 -55.00  22.00  47.93
 -55.00  23.00  49.13
 -55.00  24.00  50.36
 -55.00  25.00  51.34
 -55.00  26.00  51.84
 -55.00  27.00  51.77
 -54.00 -37.00  54.45
 -54.00 -36.00  54.58
 -54.00 -35.00  54.73
 -54.00 -34.00  54.91
 -54.00 -33.00  55.12
 -54.00 -32.00  55.38
 -54.00 -31.00  55.69
 -54.00 -30.00  56.05
 -54.00 -29.00  56.46
 -54.00 -28.00  56.91
 -54.00 -27.00  57.42
 -54.00 -26.00  57.97
 -54.00 -25.00  58.57
 -54.00 -24.00  59.21
 -54.00 -23.00  59.89
 -54.00 -22.00  60.61
 -54.00 -21.00  61.35
 -54.00 -20.00  62.09
 -54.00 -19.00  62.83
 -54.00 -18.00  63.54
 -54.00 -17.00  64.18
 -54.00 -16.00  64.70
 -54.00 -15.00  65.09
 -54.00 -14.00  65.29
 -54.00 -13.00  65.28
 -54.00 -12.00  65.09
 -54.00 -11.00  64.75
 -54.00 -10.00  64.33
 -54.00  -9.00  63.97
 -54.00  -8.00  63.78
 -54.00  -7.00  63.89
 -54.00  -6.00  64.40
 -54.00  -5.00  65.34
 -54.00  -4.00  66.67
 -54.00  -3.00  68.27
 -54.00  -2.00  69.93
 -54.00  -1.00  71.40
 -54.00   0.00  72.44
 -54.00   1.00  72.84
 -54.00   2.00  72.48
 -54.00   3.00  71.35
 -54.00   4.00  69.55
 -54.00   5.00  67.28
 -54.00   6.00  64.81
 -54.00   7.00  62.42
 -54.00   8.00  60.32
 -54.00   9.00  58.64
 -54.00  10.00  57.41
 -54.00  11.00  56.51
 -54.00  12.00  55.79
 -54.00  13.00  55.05
 -54.00  14.00  54.13
 -54.00  15.00  52.93
 -54.00  16.00  51.50
 -54.00  17.00  49.95
 -54.00  18.00  48.51
 -54.00  19.00  47.40
 -54.00  20.00  46.82
 -54.00  21.00  46.87
 -54.00  22.00  47.52
 -54.00  23.00  48.60
 -54.00  24.00  49.87
 -54.00  25.00  51.04
 -54.00  26.00  51.83
 -54.00  27.00  52.08
 -53.00 -37.00  55.40
 -53.00 -36.00  55.54
 -53.00 -35.00  55.69
 -53.00 -34.00  55.86
 -53.00 -33.00  56.07
 -53.00 -32.00  56.30
 -53.00 -31.00  56.58
 -53.00 -30.00  56.90
 -53.00 -29.00  57.25
 -53.00 -28.00  57.66
 -53.00 -27.00  58.12
 -53.00 -26.00  58.64
 -53.00 -25.00  59.22
 -53.00 -24.00  59.85
 -53.00 -23.00  60.53
 -53.00 -22.00  61.24
 -53.00 -21.00  61.97
 -53.00 -20.00  62.71
 -53.00 -19.00  63.42
 -53.00 -18.00  64.11
 -53.00 -17.00  64.73
 -53.00 -16.00  65.26
 -53.00 -15.00  65.67
 -53.00 -14.00  65.92
 -53.00 -13.00  65.99
 -53.00 -12.00  65.87
 -53.00 -11.00  65.57
 -53.00 -10.00  65.16
 -53.00  -9.00  64.71
 -53.00  -8.00  64.35
 -53.00  -7.00  64.22
 -53.00  -6.00  64.45
 -53.00  -5.00  65.12
 -53.00  -4.00  66.24
 -53.00  -3.00  67.74
 -53.00  -2.00  69.47
 -53.00  -1.00  71.19
 -53.00   0.00  72.65
 -53.00   1.00  73.58
 -53.00   2.00  73.78
 -53.00   3.00  73.17
 -53.00   4.00  71.76
 -53.00   5.00  69.71
 -53.00   6.00  67.24
 -53.00   7.00  64.66
 -53.00   8.00  62.24
 -53.00   9.00  60.18
 -53.00  10.00  58.58
 -53.00  11.00  57.42
 -53.00  12.00  56.56
 -53.00  13.00  55.82
 -53.00  14.00  55.00
 -53.00  15.00  53.95
 -53.00  16.00  52.63
 -53.00  17.00  51.10
 -53.00  18.00  49.55
 -53.00  19.00  48.19
 -53.00  20.00  47.26
 -53.00  21.00  46.93
 -53.00  22.00  47.23
 -53.00  23.00  48.10
 -53.00  24.00  49.31
 -53.00  25.00  50.58
 -53.00  26.00  51.62
 -53.00  27.00  52.18
 -52.00 -37.00  56.25
 -52.00 -36.00  56.40
 -52.00 -35.00  56.56
 -52.00 -34.00  56.74
 -52.00 -33.00  56.94
 -52.00 -32.00  57.17
 -52.00 -31.00  57.43
 -52.00 -30.00  57.72
 -52.00 -29.00  58.04
 -52.00 -28.00  58.40
 -52.00 -27.00  58.81
 -52.00 -26.00  59.29
 -52.00 -25.00  59.84
 -52.00 -24.00  60.45
 -52.00 -23.00  61.13
 -52.00 -22.00  61.85
 -52.00 -21.00  62.59
 -52.00 -20.00  63.33
 -52.00 -19.00  64.04
 -52.00 -18.00  64.71
 -52.00 -17.00  65.32
 -52.00 -16.00  65.84
 -52.00 -15.00  66.27
 -52.00 -14.00  66.56
 -52.00 -13.00  66.70
 -52.00 -12.00  66.65
 -52.00 -11.00  66.43
 -52.00 -10.00  66.05
 -52.00  -9.00  65.58
 -52.00  -8.00  65.12
 -52.00  -7.00  64.79
 -52.00  -6.00  64.75
 -52.00  -5.00  65.10
 -52.00  -4.00  65.93
 -52.00  -3.00  67.23
 -52.00  -2.00  68.89
 -52.00  -1.00  70.74
 -52.00   0.00  72.51
 -52.00   1.00  73.91
 -52.00   2.00  74.70
 -52.00   3.00  74.69
 -52.00   4.00  73.81
 -52.00   5.00  72.13
 -52.00   6.00  69.84
 -52.00   7.00  67.21
 -52.00   8.00  64.55
 -52.00   9.00  62.12
 -52.00  10.00  60.12
 -52.00  11.00  58.60
 -52.00  12.00  57.51
 -52.00  13.00  56.67
 -52.00  14.00  55.88
 -52.00  15.00  54.95
 -52.00  16.00  53.78
 -52.00  17.00  52.34
 -52.00  18.00  50.75
 -52.00  19.00  49.23
 -52.00  20.00  48.00
 -52.00  21.00  47.28
 -52.00  22.00  47.20
 -52.00  23.00  47.74
 -52.00  24.00  48.78
 -52.00  25.00  50.05
 -52.00  26.00  51.25
 -52.00  27.00  52.10
 -51.00 -37.00  57.00
 -51.00 -36.00  57.15
 -51.00 -35.00  57.31
 -51.00 -34.00  57.50
 -51.00 -33.00  57.72
 -51.00 -32.00  57.96
 -51.00 -31.00  58.22
 -51.00 -30.00  58.50
 -51.00 -29.00  58.80
 -51.00 -28.00  59.12
 -51.00 -27.00  59.49
 -51.00 -26.00  59.92
 -51.00 -25.00  60.42
 -51.00 -24.00  61.01
 -51.00 -23.00  61.68
 -51.00 -22.00  62.41
 -51.00 -21.00  63.17
 -51.00 -20.00  63.93
 -51.00 -19.00  64.66
 -51.00 -18.00  65.34
 -51.00 -17.00  65.94
 -51.00 -16.00  66.46
 -51.00 -15.00  66.88
 -51.00 -14.00  67.20
 -51.00 -13.00  67.38
 -51.00 -12.00  67.42
 -51.00 -11.00  67.28
 -51.00 -10.00  66.98
 -51.00  -9.00  66.54
 -51.00  -8.00  66.04
 -51.00  -7.00  65.58
 -51.00  -6.00  65.30
 -51.00  -5.00  65.35
 -51.00  -4.00  65.84
 -51.00  -3.00  66.84
 -51.00  -2.00  68.32
 -51.00  -1.00  70.13
 -51.00   0.00  72.07
 -51.00   1.00  73.86
 -51.00   2.00  75.18
 -51.00   3.00  75.80
 -51.00   4.00  75.55
 -51.00   5.00  74.39
 -51.00   6.00  72.45
 -51.00   7.00  69.94
 -51.00   8.00  67.18
 -51.00   9.00  64.47
 -51.00  10.00  62.07
 -51.00  11.00  60.14
 -51.00  12.00  58.70
 -51.00  13.00  57.65
 -51.00  14.00  56.80
 -51.00  15.00  55.95
 -51.00  16.00  54.90
 -51.00  17.00  53.60
 -51.00  18.00  52.07
 -51.00  19.00  50.46
 -51.00  20.00  49.00
 -51.00  21.00  47.94
 -51.00  22.00  47.45
 -51.00  23.00  47.61
 -51.00  24.00  48.36
 -51.00  25.00  49.51
 -51.00  26.00  50.77
 -51.00  27.00  51.84
 -50.00 -37.00  57.66
 -50.00 -36.00  57.80
 -50.00 -35.00  57.96
 -50.00 -34.00  58.15
 -50.00 -33.00  58.38
 -50.00 -32.00  58.65
 -50.00 -31.00  58.93
 -50.00 -30.00  59.21
 -50.00 -29.00  59.51
 -50.00 -28.00  59.81
 -50.00 -27.00  60.14
 -50.00 -26.00  60.52
 -50.00 -25.00  60.98
 -50.00 -24.00  61.53
 -50.00 -23.00  62.18
 -50.00 -22.00  62.91
 -50.00 -21.00  63.69
 -50.00 -20.00  64.49
 -50.00 -19.00  65.26
 -50.00 -18.00  65.96
 -50.00 -17.00  66.58
 -50.00 -16.00  67.10
 -50.00 -15.00  67.52
 -50.00 -14.00  67.85
 -50.00 -13.00  68.06
 -50.00 -12.00  68.15
 -50.00 -11.00  68.10
 -50.00 -10.00  67.89
 -50.00  -9.00  67.53
 -50.00  -8.00  67.05
 -50.00  -7.00  66.52
 -50.00  -6.00  66.07
 -50.00  -5.00  65.86
 -50.00  -4.00  66.02
 -50.00  -3.00  66.66
 -50.00  -2.00  67.84
 -50.00  -1.00  69.49
 -50.00   0.00  71.45
 -50.00   1.00  73.46
 -50.00   2.00  75.23
 -50.00   3.00  76.45
 -50.00   4.00  76.87
 -50.00   5.00  76.36
 -50.00   6.00  74.93
 -50.00   7.00  72.73
 -50.00   8.00  70.04
 -50.00   9.00  67.17
 -50.00  10.00  64.44
 -50.00  11.00  62.09
 -50.00  12.00  60.24
 -50.00  13.00  58.87
 -50.00  14.00  57.84
 -50.00  15.00  56.96
 -50.00  16.00  56.01
 -50.00  17.00  54.84
 -50.00  18.00  53.42
 -50.00  19.00  51.82
 -50.00  20.00  50.23
 -50.00  21.00  48.88
 -50.00  22.00  48.01
 -50.00  23.00  47.75
 -50.00  24.00  48.14
 -50.00  25.00  49.05
 -50.00  26.00  50.25
 -50.00  27.00  51.44
 -49.00 -37.00  58.25
 -49.00 -36.00  58.37
 -49.00 -35.00  58.51
 -49.00 -34.00  58.69
 -49.00 -33.00  58.92
 -49.00 -32.00  59.20
 -49.00 -31.00  59.51
 -49.00 -30.00  59.83
 -49.00 -29.00  60.14
 -49.00 -28.00  60.45
 -49.00 -27.00  60.76
 -49.00 -26.00  61.10
 -49.00 -25.00  61.50
 -49.00 -24.00  62.00
 -49.00 -23.00  62.61
 -49.00 -22.00  63.33
 -49.00 -21.00  64.13
 -49.00 -20.00  64.96
 -49.00 -19.00  65.78
 -49.00 -18.00  66.54
 -49.00 -17.00  67.20
 -49.00 -16.00  67.75
 -49.00 -15.00  68.18
 -49.00 -14.00  68.51
 -49.00 -13.00  68.74
 -49.00 -12.00  68.87
 -49.00 -11.00  68.88
 -49.00 -10.00  68.77
 -49.00  -9.00  68.50
 -49.00  -8.00  68.08
 -49.00  -7.00  67.56
 -49.00  -6.00  67.02
 -49.00  -5.00  66.61
 -49.00  -4.00  66.47
 -49.00  -3.00  66.75
 -49.00  -2.00  67.56
 -49.00  -1.00  68.92
 -49.00   0.00  70.74
 -49.00   1.00  72.83
 -49.00   2.00  74.90
 -49.00   3.00  76.62
 -49.00   4.00  77.69
 -49.00   5.00  77.89
 -49.00   6.00  77.10
 -49.00   7.00  75.40
 -49.00   8.00  72.97
 -49.00   9.00  70.11
 -49.00  10.00  67.17
 -49.00  11.00  64.45
 -49.00  12.00  62.16
 -49.00  13.00  60.39
 -49.00  14.00  59.07
 -49.00  15.00  58.05
 -49.00  16.00  57.11
 -49.00  17.00  56.06
 -49.00  18.00  54.77
 -49.00  19.00  53.25
 -49.00  20.00  51.61
 -49.00  21.00  50.07
 -49.00  22.00  48.86
 -49.00  23.00  48.19
 -49.00  24.00  48.16
 -49.00  25.00  48.74
 -49.00  26.00  49.75
 -49.00  27.00  50.95
 -48.00 -37.00  58.78
 -48.00 -36.00  58.86
 -48.00 -35.00  58.97
 -48.00 -34.00  59.12
 -48.00 -33.00  59.34
 -48.00 -32.00  59.63
 -48.00 -31.00  59.96
 -48.00 -30.00  60.32
 -48.00 -29.00  60.67
 -48.00 -28.00  61.00
 -48.00 -27.00  61.32
 -48.00 -26.00  61.64
 -48.00 -25.00  62.00
 -48.00 -24.00  62.45
 -48.00 -23.00  63.00
 -48.00 -22.00  63.69
 -48.00 -21.00  64.48
 -48.00 -20.00  65.34
 -48.00 -19.00  66.21
 -48.00 -18.00  67.04
 -48.00 -17.00  67.77
 -48.00 -16.00  68.38
 -48.00 -15.00  68.84
 -48.00 -14.00  69.18
 -48.00 -13.00  69.42
 -48.00 -12.00  69.57
 -48.00 -11.00  69.63
 -48.00 -10.00  69.58
 -48.00  -9.00  69.41
 -48.00  -8.00  69.09
 -48.00  -7.00  68.63
 -48.00  -6.00  68.08
 -48.00  -5.00  67.54
 -48.00  -4.00  67.17
 -48.00  -3.00  67.12
 -48.00  -2.00  67.55
 -48.00  -1.00  68.54
 -48.00   0.00  70.08
 -48.00   1.00  72.07
 -48.00   2.00  74.27
 -48.00   3.00  76.36
 -48.00   4.00  78.00
 -48.00   5.00  78.90
 -48.00   6.00  78.84
 -48.00   7.00  77.78
 -48.00   8.00  75.80
 -48.00   9.00  73.16
 -48.00  10.00  70.17
 -48.00  11.00  67.18
 -48.00  12.00  64.49
 -48.00  13.00  62.27
 -48.00  14.00  60.57
 -48.00  15.00  59.30
 -48.00  16.00  58.26
 -48.00  17.00  57.24
 -48.00  18.00  56.08
 -48.00  19.00  54.67
 -48.00  20.00  53.08
 -48.00  21.00  51.44
 -48.00  22.00  49.98
 -48.00  23.00  48.93
 -48.00  24.00  48.47
 -48.00  25.00  48.64
 -48.00  26.00  49.37
 -48.00  27.00  50.44
 -47.00 -37.00  59.28
 -47.00 -36.00  59.31
 -47.00 -35.00  59.36
 -47.00 -34.00  59.47
 -47.00 -33.00  59.66
 -47.00 -32.00  59.93
 -47.00 -31.00  60.28
 -47.00 -30.00  60.67
 -47.00 -29.00  61.07
 -47.00 -28.00  61.45
 -47.00 -27.00  61.80
 -47.00 -26.00  62.13
 -47.00 -25.00  62.47
 -47.00 -24.00  62.87
 -47.00 -23.00  63.36
 -47.00 -22.00  63.99
 -47.00 -21.00  64.75
 -47.00 -20.00  65.62
 -47.00 -19.00  66.54
 -47.00 -18.00  67.44
 -47.00 -17.00  68.26
 -47.00 -16.00  68.94
 -47.00 -15.00  69.47
 -47.00 -14.00  69.86
 -47.00 -13.00  70.11
 -47.00 -12.00  70.27
 -47.00 -11.00  70.35
 -47.00 -10.00  70.35
 -47.00  -9.00  70.26
 -47.00  -8.00  70.03
 -47.00  -7.00  69.66
 -47.00  -6.00  69.16
 -47.00  -5.00  68.59
 -47.00  -4.00  68.07
 -47.00  -3.00  67.76
 -47.00  -2.00  67.82
 -47.00  -1.00  68.41
 -47.00   0.00  69.59
 -47.00   1.00  71.34
 -47.00   2.00  73.49
 -47.00   3.00  75.77
 -47.00   4.00  77.84
 -47.00   5.00  79.36
 -47.00   6.00  80.05
 -47.00   7.00  79.72
 -47.00   8.00  78.36
 -47.00   9.00  76.12
 -47.00  10.00  73.29
 -47.00  11.00  70.19
 -47.00  12.00  67.19
 -47.00  13.00  64.55
 -47.00  14.00  62.41
 -47.00  15.00  60.78
 -47.00  16.00  59.52
 -47.00  17.00  58.44
 -47.00  18.00  57.34
 -47.00  19.00  56.05
 -47.00  20.00  54.55
 -47.00  21.00  52.90
 -47.00  22.00  51.28
 -47.00  23.00  49.94
 -47.00  24.00  49.07
 -47.00  25.00  48.80
 -47.00  26.00  49.16
 -47.00  27.00  50.00
 -46.00 -37.00  59.74
 -46.00 -36.00  59.73
 -46.00 -35.00  59.72
 -46.00 -34.00  59.77
 -46.00 -33.00  59.89
 -46.00 -32.00  60.13
 -46.00 -31.00  60.47
 -46.00 -30.00  60.88
 -46.00 -29.00  61.33
 -46.00 -28.00  61.77
 -46.00 -27.00  62.18
 -46.00 -26.00  62.55
 -46.00 -25.00  62.89
 -46.00 -24.00  63.25
 -46.00 -23.00  63.70
 -46.00 -22.00  64.26
 -46.00 -21.00  64.97
 -46.00 -20.00  65.82
 -46.00 -19.00  66.75
 -46.00 -18.00  67.72
 -46.00 -17.00  68.63
 -46.00 -16.00  69.42
 -46.00 -15.00  70.04
 -46.00 -14.00  70.50
 -46.00 -13.00  70.79
 -46.00 -12.00  70.97
 -46.00 -11.00  71.06
 -46.00 -10.00  71.09
 -46.00  -9.00  71.04
 -46.00  -8.00  70.90
 -46.00  -7.00  70.63
 -46.00  -6.00  70.21
 -46.00  -5.00  69.67
 -46.00  -4.00  69.09
 -46.00  -3.00  68.60
 -46.00  -2.00  68.37
 -46.00  -1.00  68.57
 -46.00   0.00  69.36
 -46.00   1.00  70.75
 -46.00   2.00  72.70
 -46.00   3.00  74.99
 -46.00   4.00  77.32
 -46.00   5.00  79.33
 -46.00   6.00  80.69
 -46.00   7.00  81.11
 -46.00   8.00  80.48
 -46.00   9.00  78.82
 -46.00  10.00  76.33
 -46.00  11.00  73.33
 -46.00  12.00  70.16
 -46.00  13.00  67.18
 -46.00  14.00  64.60
 -46.00  15.00  62.55
 -46.00  16.00  60.97
 -46.00  17.00  59.72
 -46.00  18.00  58.58
 -46.00  19.00  57.37
 -46.00  20.00  55.97
 -46.00  21.00  54.37
 -46.00  22.00  52.70
 -46.00  23.00  51.14
 -46.00  24.00  49.93
 -46.00  25.00  49.25
 -46.00  26.00  49.19
 -46.00  27.00  49.70
 -45.00 -37.00  60.17
 -45.00 -36.00  60.13
 -45.00 -35.00  60.07
 -45.00 -34.00  60.04
 -45.00 -33.00  60.09
 -45.00 -32.00  60.25
 -45.00 -31.00  60.55
 -45.00 -30.00  60.96
 -45.00 -29.00  61.45
 -45.00 -28.00  61.95
 -45.00 -27.00  62.43
 -45.00 -26.00  62.86
 -45.00 -25.00  63.24
 -45.00 -24.00  63.60
 -45.00 -23.00  64.01
 -45.00 -22.00  64.51
 -45.00 -21.00  65.16
 -45.00 -20.00  65.95
 -45.00 -19.00  66.88
 -45.00 -18.00  67.88
 -45.00 -17.00  68.87
 -45.00 -16.00  69.77
 -45.00 -15.00  70.51
 -45.00 -14.00  71.07
 -45.00 -13.00  71.44
 -45.00 -12.00  71.66
 -45.00 -11.00  71.76
 -45.00 -10.00  71.80
 -45.00  -9.00  71.78
 -45.00  -8.00  71.70
 -45.00  -7.00  71.51
 -45.00  -6.00  71.18
 -45.00  -5.00  70.72
 -45.00  -4.00  70.14
 -45.00  -3.00  69.56
 -45.00  -2.00  69.12
 -45.00  -1.00  69.01
 -45.00   0.00  69.40
 -45.00   1.00  70.40
 -45.00   2.00  72.03
 -45.00   3.00  74.17
 -45.00   4.00  76.58
 -45.00   5.00  78.92
 -45.00   6.00  80.82
 -45.00   7.00  81.95
 -45.00   8.00  82.07
 -45.00   9.00  81.10
 -45.00  10.00  79.13
 -45.00  11.00  76.40
 -45.00  12.00  73.26
 -45.00  13.00  70.05
 -45.00  14.00  67.11
 -45.00  15.00  64.62
 -45.00  16.00  62.65
 -45.00  17.00  61.12
 -45.00  18.00  59.85
 -45.00  19.00  58.64
 -45.00  20.00  57.32
 -45.00  21.00  55.80
 -45.00  22.00  54.14
 -45.00  23.00  52.46
 -45.00  24.00  51.00
 -45.00  25.00  49.95
 -45.00  26.00  49.47
 -45.00  27.00  49.59
 -44.00 -37.00  60.59
 -44.00 -36.00  60.52
 -44.00 -35.00  60.40
 -44.00 -34.00  60.30
 -44.00 -33.00  60.26
 -44.00 -32.00  60.34
 -44.00 -31.00  60.57
 -44.00 -30.00  60.95
 -44.00 -29.00  61.44
 -44.00 -28.00  61.99
 -44.00 -27.00  62.54
 -44.00 -26.00  63.04
 -44.00 -25.00  63.49
 -44.00 -24.00  63.89
 -44.00 -23.00  64.29
 -44.00 -22.00  64.75
 -44.00 -21.00  65.32
 -44.00 -20.00  66.06
 -44.00 -19.00  66.95
 -44.00 -18.00  67.95
 -44.00 -17.00  69.00
 -44.00 -16.00  69.99
 -44.00 -15.00  70.86
 -44.00 -14.00  71.54
 -44.00 -13.00  72.01
 -44.00 -12.00  72.30
 -44.00 -11.00  72.45
 -44.00 -10.00  72.50
 -44.00  -9.00  72.49
 -44.00  -8.00  72.44
 -44.00  -7.00  72.31
 -44.00  -6.00  72.06
 -44.00  -5.00  71.68
 -44.00  -4.00  71.16
 -44.00  -3.00  70.56
 -44.00  -2.00  70.00
 -44.00  -1.00  69.65
 -44.00   0.00  69.70
 -44.00   1.00  70.31
 -44.00   2.00  71.57
 -44.00   3.00  73.45
 -44.00   4.00  75.77
 -44.00   5.00  78.26
 -44.00   6.00  80.56
 -44.00   7.00  82.28
 -44.00   8.00  83.11
 -44.00   9.00  82.87
 -44.00  10.00  81.54
 -44.00  11.00  79.25
 -44.00  12.00  76.30
 -44.00  13.00  73.04
 -44.00  14.00  69.84
 -44.00  15.00  66.97
 -44.00  16.00  64.59
 -44.00  17.00  62.71
 -44.00  18.00  61.21
 -44.00  19.00  59.91
 -44.00  20.00  58.60
 -44.00  21.00  57.16
 -44.00  22.00  55.54
 -44.00  23.00  53.82
 -44.00  24.00  52.19
 -44.00  25.00  50.84
 -44.00  26.00  49.98
 -44.00  27.00  49.71
 -43.00 -37.00  61.06
 -43.00 -36.00  60.97
 -43.00 -35.00  60.82
 -43.00 -34.00  60.65
 -43.00 -33.00  60.53
 -43.00 -32.00  60.51
 -43.00 -31.00  60.65
 -43.00 -30.00  60.95
 -43.00 -29.00  61.42
 -43.00 -28.00  61.98
 -43.00 -27.00  62.59
 -43.00 -26.00  63.18
 -43.00 -25.00  63.70
 -43.00 -24.00  64.16
 -43.00 -23.00  64.57
 -43.00 -22.00  65.01
 -43.00 -21.00  65.53
 -43.00 -20.00  66.20
 -43.00 -19.00  67.03
 -43.00 -18.00  68.00
 -43.00 -17.00  69.07
 -43.00 -16.00  70.14
 -43.00 -15.00  71.11
 -43.00 -14.00  71.92
 -43.00 -13.00  72.51
 -43.00 -12.00  72.90
 -43.00 -11.00  73.10
 -43.00 -10.00  73.18
 -43.00  -9.00  73.17
 -43.00  -8.00  73.12
 -43.00  -7.00  73.02
 -43.00  -6.00  72.84
 -43.00  -5.00  72.54
 -43.00  -4.00  72.09
 -43.00  -3.00  71.51
 -43.00  -2.00  70.90
 -43.00  -1.00  70.39
 -43.00   0.00  70.17
 -43.00   1.00  70.43
 -43.00   2.00  71.31
 -43.00   3.00  72.86
 -43.00   4.00  74.99
 -43.00   5.00  77.48
 -43.00   6.00  80.01
 -43.00   7.00  82.19
 -43.00   8.00  83.66
 -43.00   9.00  84.14
 -43.00  10.00  83.50
 -43.00  11.00  81.78
 -43.00  12.00  79.18
 -43.00  13.00  76.04
 -43.00  14.00  72.71
 -43.00  15.00  69.54
 -43.00  16.00  66.77
 -43.00  17.00  64.50
 -43.00  18.00  62.70
 -43.00  19.00  61.22
 -43.00  20.00  59.86
 -43.00  21.00  58.44
 -43.00  22.00  56.88
 -43.00  23.00  55.17
 -43.00  24.00  53.45
 -43.00  25.00  51.89
 -43.00  26.00  50.71
 -43.00  27.00  50.07
 -42.00 -37.00  61.54
 -42.00 -36.00  61.43
 -42.00 -35.00  61.25
 -42.00 -34.00  61.03
 -42.00 -33.00  60.83
 -42.00 -32.00  60.71
 -42.00 -31.00  60.74
 -42.00 -30.00  60.96
 -42.00 -29.00  61.36
 -42.00 -28.00  61.92
 -42.00 -27.00  62.56
 -42.00 -26.00  63.21
 -42.00 -25.00  63.82
 -42.00 -24.00  64.36
 -42.00 -23.00  64.82
 -42.00 -22.00  65.26
 -42.00 -21.00  65.75
 -42.00 -20.00  66.36
 -42.00 -19.00  67.12
 -42.00 -18.00  68.04
 -42.00 -17.00  69.10
 -42.00 -16.00  70.21
 -42.00 -15.00  71.27
 -42.00 -14.00  72.20
 -42.00 -13.00  72.92
 -42.00 -12.00  73.42
 -42.00 -11.00  73.71
 -42.00 -10.00  73.83
 -42.00  -9.00  73.85
 -42.00  -8.00  73.80
 -42.00  -7.00  73.71
 -42.00  -6.00  73.56
 -42.00  -5.00  73.32
 -42.00  -4.00  72.94
 -42.00  -3.00  72.42
 -42.00  -2.00  71.81
 -42.00  -1.00  71.21
 -42.00   0.00  70.79
 -42.00   1.00  70.76
 -42.00   2.00  71.28
 -42.00   3.00  72.47
 -42.00   4.00  74.32
 -42.00   5.00  76.69
 -42.00   6.00  79.31
 -42.00   7.00  81.80
 -42.00   8.00  83.79
 -42.00   9.00  84.93
 -42.00  10.00  84.99
 -42.00  11.00  83.90
 -42.00  12.00  81.78
 -42.00  13.00  78.90
 -42.00  14.00  75.59
 -42.00  15.00  72.24
 -42.00  16.00  69.15
 -42.00  17.00  66.50
 -42.00  18.00  64.35
 -42.00  19.00  62.61
 -42.00  20.00  61.12
 -42.00  21.00  59.68
 -42.00  22.00  58.15
 -42.00  23.00  56.47
 -42.00  24.00  54.71
 -42.00  25.00  53.01
 -42.00  26.00  51.58
 -42.00  27.00  50.61
 -41.00 -37.00  62.02
 -41.00 -36.00  61.90
 -41.00 -35.00  61.70
 -41.00 -34.00  61.44
 -41.00 -33.00  61.17
 -41.00 -32.00  60.95
 -41.00 -31.00  60.87
 -41.00 -30.00  60.98
 -41.00 -29.00  61.30
 -41.00 -28.00  61.81
 -41.00 -27.00  62.46
 -41.00 -26.00  63.17
 -41.00 -25.00  63.86
 -41.00 -24.00  64.48
 -41.00 -23.00  65.01
 -41.00 -22.00  65.49
 -41.00 -21.00  65.97
 -41.00 -20.00  66.53
 -41.00 -19.00  67.22
 -41.00 -18.00  68.09
 -41.00 -17.00  69.11
 -41.00 -16.00  70.23
 -41.00 -15.00  71.35
 -41.00 -14.00  72.39
 -41.00 -13.00  73.24
 -41.00 -12.00  73.87
 -41.00 -11.00  74.26
 -41.00 -10.00  74.46
 -41.00  -9.00  74.50
 -41.00  -8.00  74.47
 -41.00  -7.00  74.38
 -41.00  -6.00  74.25
 -41.00  -5.00  74.05
 -41.00  -4.00  73.73
 -41.00  -3.00  73.28
 -41.00  -2.00  72.69
 -41.00  -1.00  72.06
 -41.00   0.00  71.51
 -41.00   1.00  71.24
 -41.00   2.00  71.45
 -41.00   3.00  72.28
 -41.00   4.00  73.82
 -41.00   5.00  75.97
 -41.00   6.00  78.55
 -41.00   7.00  81.22
 -41.00   8.00  83.60
 -41.00   9.00  85.31
 -41.00  10.00  86.03
 -41.00  11.00  85.60
 -41.00  12.00  84.05
 -41.00  13.00  81.54
 -41.00  14.00  78.40
 -41.00  15.00  74.99
 -41.00  16.00  71.66
 -41.00  17.00  68.67
 -41.00  18.00  66.17
 -41.00  19.00  64.13
 -41.00  20.00  62.43
 -41.00  21.00  60.90
 -41.00  22.00  59.37
 -41.00  23.00  57.71
 -41.00  24.00  55.95
 -41.00  25.00  54.16
 -41.00  26.00  52.55
 -41.00  27.00  51.29
 -40.00 -37.00  62.51
 -40.00 -36.00  62.39
 -40.00 -35.00  62.18
 -40.00 -34.00  61.88
 -40.00 -33.00  61.55
 -40.00 -32.00  61.24
 -40.00 -31.00  61.05
 -40.00 -30.00  61.04
 -40.00 -29.00  61.25
 -40.00 -28.00  61.69
 -40.00 -27.00  62.32
 -40.00 -26.00  63.05
 -40.00 -25.00  63.81
 -40.00 -24.00  64.52
 -40.00 -23.00  65.14
 -40.00 -22.00  65.68
 -40.00 -21.00  66.18
 -40.00 -20.00  66.71
 -40.00 -19.00  67.35
 -40.00 -18.00  68.15
 -40.00 -17.00  69.12
 -40.00 -16.00  70.22
 -40.00 -15.00  71.38
 -40.00 -14.00  72.50
 -40.00 -13.00  73.47
 -40.00 -12.00  74.23
 -40.00 -11.00  74.75
 -40.00 -10.00  75.03
 -40.00  -9.00  75.14
 -40.00  -8.00  75.12
 -40.00  -7.00  75.04
 -40.00  -6.00  74.92
 -40.00  -5.00  74.74
 -40.00  -4.00  74.47
 -40.00  -3.00  74.08
 -40.00  -2.00  73.54
 -40.00  -1.00  72.90
 -40.00   0.00  72.28
 -40.00   1.00  71.84
 -40.00   2.00  71.78
 -40.00   3.00  72.28
 -40.00   4.00  73.48
 -40.00   5.00  75.36
 -40.00   6.00  77.80
 -40.00   7.00  80.53
 -40.00   8.00  83.17
 -40.00   9.00  85.34
 -40.00  10.00  86.66
 -40.00  11.00  86.89
 -40.00  12.00  85.95
 -40.00  13.00  83.92
 -40.00  14.00  81.06
 -40.00  15.00  77.72
 -40.00  16.00  74.26
 -40.00  17.00  71.00
 -40.00  18.00  68.15
 -40.00  19.00  65.79
 -40.00  20.00  63.84
 -40.00  21.00  62.16
 -40.00  22.00  60.56
 -40.00  23.00  58.91
 -40.00  24.00  57.15
 -40.00  25.00  55.32
 -40.00  26.00  53.57
 -40.00  27.00  52.09
 -39.00 -37.00  63.03
 -39.00 -36.00  62.89
 -39.00 -35.00  62.67
 -39.00 -34.00  62.36
 -39.00 -33.00  61.98
 -39.00 -32.00  61.60
 -39.00 -31.00  61.30
 -39.00 -30.00  61.16
 -39.00 -29.00  61.25
 -39.00 -28.00  61.59
 -39.00 -27.00  62.16
 -39.00 -26.00  62.88
 -39.00 -25.00  63.69
 -39.00 -24.00  64.48
 -39.00 -23.00  65.19
 -39.00 -22.00  65.81
 -39.00 -21.00  66.36
 -39.00 -20.00  66.89
 -39.00 -19.00  67.49
 -39.00 -18.00  68.23
 -39.00 -17.00  69.13
 -39.00 -16.00  70.20
 -39.00 -15.00  71.37
 -39.00 -14.00  72.54
 -39.00 -13.00  73.62
 -39.00 -12.00  74.51
 -39.00 -11.00  75.16
 -39.00 -10.00  75.56
 -39.00  -9.00  75.74
 -39.00  -8.00  75.77
 -39.00  -7.00  75.70
 -39.00  -6.00  75.58
 -39.00  -5.00  75.41
 -39.00  -4.00  75.18
 -39.00  -3.00  74.83
 -39.00  -2.00  74.35
 -39.00  -1.00  73.74
 -39.00   0.00  73.08
 -39.00   1.00  72.51
 -39.00   2.00  72.23
 -39.00   3.00  72.44
 -39.00   4.00  73.30
 -39.00   5.00  74.87
 -39.00   6.00  77.09
 -39.00   7.00  79.77
 -39.00   8.00  82.56
 -39.00   9.00  85.08
 -39.00  10.00  86.92
 -39.00  11.00  87.78
 -39.00  12.00  87.48
 -39.00  13.00  86.01
 -39.00  14.00  83.55
 -39.00  15.00  80.39
 -39.00  16.00  76.90
 -39.00  17.00  73.45
 -39.00  18.00  70.31
 -39.00  19.00  67.61
 -39.00  20.00  65.37
 -39.00  21.00  63.48
 -39.00  22.00  61.78
 -39.00  23.00  60.09
 -39.00  24.00  58.33
 -39.00  25.00  56.48
 -39.00  26.00  54.64
 -39.00  27.00  52.97
 -38.00 -37.00  63.59
 -38.00 -36.00  63.43
 -38.00 -35.00  63.21
 -38.00 -34.00  62.89
 -38.00 -33.00  62.48
 -38.00 -32.00  62.03
 -38.00 -31.00  61.63
 -38.00 -30.00  61.36
 -38.00 -29.00  61.31
 -38.00 -28.00  61.52
 -38.00 -27.00  62.00
 -38.00 -26.00  62.69
 -38.00 -25.00  63.52
 -38.00 -24.00  64.37
 -38.00 -23.00  65.18
 -38.00 -22.00  65.89
 -38.00 -21.00  66.50
 -38.00 -20.00  67.07
 -38.00 -19.00  67.65
 -38.00 -18.00  68.33
 -38.00 -17.00  69.17
 -38.00 -16.00  70.18
 -38.00 -15.00  71.33
 -38.00 -14.00  72.53
 -38.00 -13.00  73.69
 -38.00 -12.00  74.70
 -38.00 -11.00  75.49
 -38.00 -10.00  76.01
 -38.00  -9.00  76.30
 -38.00  -8.00  76.39
 -38.00  -7.00  76.35
 -38.00  -6.00  76.24
 -38.00  -5.00  76.08
 -38.00  -4.00  75.86
 -38.00  -3.00  75.56
 -38.00  -2.00  75.13
 -38.00  -1.00  74.56
 -38.00   0.00  73.89
 -38.00   1.00  73.25
 -38.00   2.00  72.80
 -38.00   3.00  72.74
 -38.00   4.00  73.27
 -38.00   5.00  74.50
 -38.00   6.00  76.45
 -38.00   7.00  78.97
 -38.00   8.00  81.80
 -38.00   9.00  84.57
 -38.00  10.00  86.86
 -38.00  11.00  88.30
 -38.00  12.00  88.65
 -38.00  13.00  87.79
 -38.00  14.00  85.82
 -38.00  15.00  82.96
 -38.00  16.00  79.57
 -38.00  17.00  76.02
 -38.00  18.00  72.63
 -38.00  19.00  69.62
 -38.00  20.00  67.06
 -38.00  21.00  64.92
 -38.00  22.00  63.05
 -38.00  23.00  61.30
 -38.00  24.00  59.51
 -38.00  25.00  57.64
 -38.00  26.00  55.74
 -38.00  27.00  53.94
 -37.00 -37.00  64.20
 -37.00 -36.00  64.02
 -37.00 -35.00  63.79
 -37.00 -34.00  63.46
 -37.00 -33.00  63.04
 -37.00 -32.00  62.54
 -37.00 -31.00  62.05
 -37.00 -30.00  61.65
 -37.00 -29.00  61.46
 -37.00 -28.00  61.53
 -37.00 -27.00  61.88
 -37.00 -26.00  62.50
 -37.00 -25.00  63.31
 -37.00 -24.00  64.21
 -37.00 -23.00  65.10
 -37.00 -22.00  65.91
 -37.00 -21.00  66.61
 -37.00 -20.00  67.22
 -37.00 -19.00  67.81
 -37.00 -18.00  68.46
 -37.00 -17.00  69.23
 -37.00 -16.00  70.17
 -37.00 -15.00  71.28
 -37.00 -14.00  72.49
 -37.00 -13.00  73.70
 -37.00 -12.00  74.81
 -37.00 -11.00  75.73
 -37.00 -10.00  76.40
 -37.00  -9.00  76.80
 -37.00  -8.00  76.98
 -37.00  -7.00  76.99
 -37.00  -6.00  76.90
 -37.00  -5.00  76.74
 -37.00  -4.00  76.54
 -37.00  -3.00  76.26
 -37.00  -2.00  75.88
 -37.00  -1.00  75.36
 -37.00   0.00  74.71
 -37.00   1.00  74.03
 -37.00   2.00  73.44
 -37.00   3.00  73.16
 -37.00   4.00  73.38
 -37.00   5.00  74.26
 -37.00   6.00  75.88
 -37.00   7.00  78.18
 -37.00   8.00  80.94
 -37.00   9.00  83.85
 -37.00  10.00  86.49
 -37.00  11.00  88.46
 -37.00  12.00  89.44
 -37.00  13.00  89.23
 -37.00  14.00  87.83
 -37.00  15.00  85.40
 -37.00  16.00  82.22
 -37.00  17.00  78.68
 -37.00  18.00  75.11
 -37.00  19.00  71.82
 -37.00  20.00  68.94
 -37.00  21.00  66.51
 -37.00  22.00  64.43
 -37.00  23.00  62.55
 -37.00  24.00  60.72
 -37.00  25.00  58.83
 -37.00  26.00  56.89
 -37.00  27.00  54.98
 -36.00 -37.00  64.88
 -36.00 -36.00  64.66
 -36.00 -35.00  64.42
 -36.00 -34.00  64.09
 -36.00 -33.00  63.66
 -36.00 -32.00  63.13
 -36.00 -31.00  62.57
 -36.00 -30.00  62.06
 -36.00 -29.00  61.71
 -36.00 -28.00  61.62
 -36.00 -27.00  61.83
 -36.00 -26.00  62.34
 -36.00 -25.00  63.09
 -36.00 -24.00  64.00
 -36.00 -23.00  64.96
 -36.00 -22.00  65.86
 -36.00 -21.00  66.66
 -36.00 -20.00  67.35
 -36.00 -19.00  67.97
 -36.00 -18.00  68.60
 -36.00 -17.00  69.32
 -36.00 -16.00  70.20
 -36.00 -15.00  71.24
 -36.00 -14.00  72.42
 -36.00 -13.00  73.66
 -36.00 -12.00  74.86
 -36.00 -11.00  75.90
 -36.00 -10.00  76.71
 -36.00  -9.00  77.25
 -36.00  -8.00  77.53
 -36.00  -7.00  77.61
 -36.00  -6.00  77.55
 -36.00  -5.00  77.41
 -36.00  -4.00  77.22
 -36.00  -3.00  76.96
 -36.00  -2.00  76.61
 -36.00  -1.00  76.14
 -36.00   0.00  75.53
 -36.00   1.00  74.84
 -36.00   2.00  74.17
 -36.00   3.00  73.69
 -36.00   4.00  73.63
 -36.00   5.00  74.17
 -36.00   6.00  75.43
 -36.00   7.00  77.43
 -36.00   8.00  80.03
 -36.00   9.00  82.96
 -36.00  10.00  85.85
 -36.00  11.00  88.27
 -36.00  12.00  89.84
 -36.00  13.00  90.30
 -36.00  14.00  89.54
 -36.00  15.00  87.63
 -36.00  16.00  84.79
 -36.00  17.00  81.37
 -36.00  18.00  77.73
 -36.00  19.00  74.20
 -36.00  20.00  71.02
 -36.00  21.00  68.28
 -36.00  22.00  65.95
 -36.00  23.00  63.89
 -36.00  24.00  61.97
 -36.00  25.00  60.05
 -36.00  26.00  58.07
 -36.00  27.00  56.09
 -35.00 -37.00  65.62
 -35.00 -36.00  65.35
 -35.00 -35.00  65.09
 -35.00 -34.00  64.77
 -35.00 -33.00  64.34
 -35.00 -32.00  63.79
 -35.00 -31.00  63.17
 -35.00 -30.00  62.57
 -35.00 -29.00  62.08
 -35.00 -28.00  61.82
 -35.00 -27.00  61.86
 -35.00 -26.00  62.23
 -35.00 -25.00  62.90
 -35.00 -24.00  63.78
 -35.00 -23.00  64.77
 -35.00 -22.00  65.76
 -35.00 -21.00  66.66
 -35.00 -20.00  67.44
 -35.00 -19.00  68.12
 -35.00 -18.00  68.76
 -35.00 -17.00  69.45
 -35.00 -16.00  70.25
 -35.00 -15.00  71.23
 -35.00 -14.00  72.36
 -35.00 -13.00  73.60
 -35.00 -12.00  74.85
 -35.00 -11.00  76.00
 -35.00 -10.00  76.94
 -35.00  -9.00  77.63
 -35.00  -8.00  78.04
 -35.00  -7.00  78.21
 -35.00  -6.00  78.20
 -35.00  -5.00  78.08
 -35.00  -4.00  77.89
 -35.00  -3.00  77.65
 -35.00  -2.00  77.33
 -35.00  -1.00  76.91
 -35.00   0.00  76.34
 -35.00   1.00  75.66
 -35.00   2.00  74.94
 -35.00   3.00  74.33
 -35.00   4.00  74.02
 -35.00   5.00  74.24
 -35.00   6.00  75.13
 -35.00   7.00  76.79
 -35.00   8.00  79.14
 -35.00   9.00  81.99
 -35.00  10.00  85.00
 -35.00  11.00  87.77
 -35.00  12.00  89.87
 -35.00  13.00  90.98
 -35.00  14.00  90.89
 -35.00  15.00  89.58
 -35.00  16.00  87.19
 -35.00  17.00  84.01
 -35.00  18.00  80.40
 -35.00  19.00  76.73
 -35.00  20.00  73.28
 -35.00  21.00  70.23
 -35.00  22.00  67.61
 -35.00  23.00  65.34
 -35.00  24.00  63.28
 -35.00  25.00  61.29
 -35.00  26.00  59.28
 -35.00  27.00  57.24
 -34.00 -37.00  66.41
 -34.00 -36.00  66.09
 -34.00 -35.00  65.80
 -34.00 -34.00  65.47
 -34.00 -33.00  65.05
 -34.00 -32.00  64.50
 -34.00 -31.00  63.85
 -34.00 -30.00  63.17
 -34.00 -29.00  62.56
 -34.00 -28.00  62.14
 -34.00 -27.00  62.00
 -34.00 -26.00  62.21
 -34.00 -25.00  62.75
 -34.00 -24.00  63.57
 -34.00 -23.00  64.56
 -34.00 -22.00  65.61
 -34.00 -21.00  66.61
 -34.00 -20.00  67.49
 -34.00 -19.00  68.25
 -34.00 -18.00  68.93
 -34.00 -17.00  69.60
 -34.00 -16.00  70.36
 -34.00 -15.00  71.27
 -34.00 -14.00  72.34
 -34.00 -13.00  73.56
 -34.00 -12.00  74.83
 -34.00 -11.00  76.05
 -34.00 -10.00  77.12
 -34.00  -9.00  77.94
 -34.00  -8.00  78.49
 -34.00  -7.00  78.77
 -34.00  -6.00  78.83
 -34.00  -5.00  78.75
 -34.00  -4.00  78.57
 -34.00  -3.00  78.33
 -34.00  -2.00  78.04
 -34.00  -1.00  77.64
 -34.00   0.00  77.13
 -34.00   1.00  76.47
 -34.00   2.00  75.74
 -34.00   3.00  75.03
 -34.00   4.00  74.54
 -34.00   5.00  74.46
 -34.00   6.00  75.01
 -34.00   7.00  76.30
 -34.00   8.00  78.36
 -34.00   9.00  81.03
 -34.00  10.00  84.06
 -34.00  11.00  87.05
 -34.00  12.00  89.59
 -34.00  13.00  91.29
 -34.00  14.00  91.86
 -34.00  15.00  91.18
 -34.00  16.00  89.32
 -34.00  17.00  86.49
 -34.00  18.00  83.03
 -34.00  19.00  79.31
 -34.00  20.00  75.66
 -34.00  21.00  72.32
 -34.00  22.00  69.40
 -34.00  23.00  66.88
 -34.00  24.00  64.65
 -34.00  25.00  62.56
 -34.00  26.00  60.50
 -34.00  27.00  58.41
 -33.00 -37.00  67.24
 -33.00 -36.00  66.85
 -33.00 -35.00  66.52
 -33.00 -34.00  66.19
 -33.00 -33.00  65.77
 -33.00 -32.00  65.23
 -33.00 -31.00  64.56
 -33.00 -30.00  63.83
 -33.00 -29.00  63.11
 -33.00 -28.00  62.55
 -33.00 -27.00  62.24
 -33.00 -26.00  62.28
 -33.00 -25.00  62.68
 -33.00 -24.00  63.41
 -33.00 -23.00  64.38
 -33.00 -22.00  65.46
 -33.00 -21.00  66.54
 -33.00 -20.00  67.52
 -33.00 -19.00  68.37
 -33.00 -18.00  69.10
 -33.00 -17.00  69.79
 -33.00 -16.00  70.52
 -33.00 -15.00  71.36
 -33.00 -14.00  72.38
 -33.00 -13.00  73.55
 -33.00 -12.00  74.83
 -33.00 -11.00  76.10
 -33.00 -10.00  77.26
 -33.00  -9.00  78.21
 -33.00  -8.00  78.89
 -33.00  -7.00  79.29
 -33.00  -6.00  79.43
 -33.00  -5.00  79.39
 -33.00  -4.00  79.23
 -33.00  -3.00  79.00
 -33.00  -2.00  78.72
 -33.00  -1.00  78.35
 -33.00   0.00  77.87
 -33.00   1.00  77.26
 -33.00   2.00  76.53
 -33.00   3.00  75.77
 -33.00   4.00  75.13
 -33.00   5.00  74.83
 -33.00   6.00  75.06
 -33.00   7.00  76.01
 -33.00   8.00  77.74
 -33.00   9.00  80.19
 -33.00  10.00  83.14
 -33.00  11.00  86.25
 -33.00  12.00  89.11
 -33.00  13.00  91.30
 -33.00  14.00  92.47
 -33.00  15.00  92.42
 -33.00  16.00  91.12
 -33.00  17.00  88.71
 -33.00  18.00  85.48
 -33.00  19.00  81.81
 -33.00  20.00  78.04
 -33.00  21.00  74.46
 -33.00  22.00  71.26
 -33.00  23.00  68.48
 -33.00  24.00  66.04
 -33.00  25.00  63.82
 -33.00  26.00  61.68
 -33.00  27.00  59.54
 -32.00 -37.00  68.06
 -32.00 -36.00  67.60
 -32.00 -35.00  67.23
 -32.00 -34.00  66.88
 -32.00 -33.00  66.47
 -32.00 -32.00  65.93
 -32.00 -31.00  65.26
 -32.00 -30.00  64.49
 -32.00 -29.00  63.70
 -32.00 -28.00  63.01
 -32.00 -27.00  62.56
 -32.00 -26.00  62.44
 -32.00 -25.00  62.70
 -32.00 -24.00  63.33
 -32.00 -23.00  64.25
 -32.00 -22.00  65.34
 -32.00 -21.00  66.48
 -32.00 -20.00  67.55
 -32.00 -19.00  68.49
 -32.00 -18.00  69.29
 -32.00 -17.00  70.00
 -32.00 -16.00  70.72
 -32.00 -15.00  71.53
 -32.00 -14.00  72.49
 -32.00 -13.00  73.62
 -32.00 -12.00  74.88
 -32.00 -11.00  76.19
 -32.00 -10.00  77.42
 -32.00  -9.00  78.48
 -32.00  -8.00  79.27
 -32.00  -7.00  79.77
 -32.00  -6.00  80.00
 -32.00  -5.00  80.01
 -32.00  -4.00  79.88
 -32.00  -3.00  79.65
 -32.00  -2.00  79.37
 -32.00  -1.00  79.02
 -32.00   0.00  78.57
 -32.00   1.00  77.99
 -32.00   2.00  77.28
 -32.00   3.00  76.49
 -32.00   4.00  75.76
 -32.00   5.00  75.28
 -32.00   6.00  75.27
 -32.00   7.00  75.91
 -32.00   8.00  77.34
 -32.00   9.00  79.54
 -32.00  10.00  82.37
 -32.00  11.00  85.51
 -32.00  12.00  88.58
 -32.00  13.00  91.15
 -32.00  14.00  92.82
 -32.00  15.00  93.32
 -32.00  16.00  92.55
 -32.00  17.00  90.58
 -32.00  18.00  87.65
 -32.00  19.00  84.09
 -32.00  20.00  80.27
 -32.00  21.00  76.53
 -32.00  22.00  73.09
 -32.00  23.00  70.05
 -32.00  24.00  67.40
 -32.00  25.00  65.02
 -32.00  26.00  62.78
 -32.00  27.00  60.58
 -31.00 -37.00  68.82
 -31.00 -36.00  68.31
 -31.00 -35.00  67.90
 -31.00 -34.00  67.52
 -31.00 -33.00  67.11
 -31.00 -32.00  66.58
 -31.00 -31.00  65.90
 -31.00 -30.00  65.11
 -31.00 -29.00  64.26
 -31.00 -28.00  63.48
 -31.00 -27.00  62.91
 -31.00 -26.00  62.66
 -31.00 -25.00  62.80
 -31.00 -24.00  63.34
 -31.00 -23.00  64.21
 -31.00 -22.00  65.30
 -31.00 -21.00  66.48
 -31.00 -20.00  67.62
 -31.00 -19.00  68.63
 -31.00 -18.00  69.50
 -31.00 -17.00  70.26
 -31.00 -16.00  70.98
 -31.00 -15.00  71.76
 -31.00 -14.00  72.69
 -31.00 -13.00  73.78
 -31.00 -12.00  75.03
 -31.00 -11.00  76.35
 -31.00 -10.00  77.64
 -31.00  -9.00  78.77
 -31.00  -8.00  79.66
 -31.00  -7.00  80.25
 -31.00  -6.00  80.54
 -31.00  -5.00  80.60
 -31.00  -4.00  80.49
 -31.00  -3.00  80.27
 -31.00  -2.00  79.98
 -31.00  -1.00  79.64
 -31.00   0.00  79.20
 -31.00   1.00  78.65
 -31.00   2.00  77.95
 -31.00   3.00  77.16
 -31.00   4.00  76.37
 -31.00   5.00  75.77
 -31.00   6.00  75.57
 -31.00   7.00  75.99
 -31.00   8.00  77.17
 -31.00   9.00  79.15
 -31.00  10.00  81.84
 -31.00  11.00  84.97
 -31.00  12.00  88.16
 -31.00  13.00  91.00
 -31.00  14.00  93.05
 -31.00  15.00  94.00
 -31.00  16.00  93.67
 -31.00  17.00  92.09
 -31.00  18.00  89.44
 -31.00  19.00  86.03
 -31.00  20.00  82.22
 -31.00  21.00  78.37
 -31.00  22.00  74.74
 -31.00  23.00  71.49
 -31.00  24.00  68.63
 -31.00  25.00  66.09
 -31.00  26.00  63.74
 -31.00  27.00  61.47
 -30.00 -37.00  69.84
 -30.00 -36.00  69.32
 -30.00 -35.00  68.93
 -30.00 -34.00  68.59
 -30.00 -33.00  68.23
 -30.00 -32.00  67.75
 -30.00 -31.00  67.11
 -30.00 -30.00  66.32
 -30.00 -29.00  65.45
 -30.00 -28.00  64.62
 -30.00 -27.00  63.96
 -30.00 -26.00  63.62
 -30.00 -25.00  63.68
 -30.00 -24.00  64.16
 -30.00 -23.00  65.00
 -30.00 -22.00  66.09
 -30.00 -21.00  67.29
 -30.00 -20.00  68.45
 -30.00 -19.00  69.49
 -30.00 -18.00  70.36
 -30.00 -17.00  71.09
 -30.00 -16.00  71.76
 -30.00 -15.00  72.49
 -30.00 -14.00  73.35
 -30.00 -13.00  74.40
 -30.00 -12.00  75.62
 -30.00 -11.00  76.95
 -30.00 -10.00  78.26
 -30.00  -9.00  79.42
 -30.00  -8.00  80.34
 -30.00  -7.00  80.94
 -30.00  -6.00  81.23
 -30.00  -5.00  81.25
 -30.00  -4.00  81.08
 -30.00  -3.00  80.79
 -30.00  -2.00  80.46
 -30.00  -1.00  80.08
 -30.00   0.00  79.64
 -30.00   1.00  79.10
 -30.00   2.00  78.42
 -30.00   3.00  77.62
 -30.00   4.00  76.78
 -30.00   5.00  76.07
 -30.00   6.00  75.70
 -30.00   7.00  75.90
 -30.00   8.00  76.85
 -30.00   9.00  78.63
 -30.00  10.00  81.18
 -30.00  11.00  84.28
 -30.00  12.00  87.59
 -30.00  13.00  90.67
 -30.00  14.00  93.08
 -30.00  15.00  94.47
 -30.00  16.00  94.60
 -30.00  17.00  93.43
 -30.00  18.00  91.10
 -30.00  19.00  87.87
 -30.00  20.00  84.12
 -30.00  21.00  80.21
 -30.00  22.00  76.43
 -30.00  23.00  72.97
 -30.00  24.00  69.91
 -30.00  25.00  67.21
 -30.00  26.00  64.75
 -30.00  27.00  62.42
