 -83.00 -37.00  63.79
 -83.00 -36.00  64.97
 -83.00 -35.00  65.94
 -83.00 -34.00  66.76
 -83.00 -33.00  67.50
 -83.00 -32.00  68.24
 -83.00 -31.00  69.01
 -83.00 -30.00  69.84
 -83.00 -29.00  70.72
 -83.00 -28.00  71.60
 -83.00 -27.00  72.47
 -83.00 -26.00  73.29
 -83.00 -25.00  74.05
 -83.00 -24.00  74.76
 -83.00 -23.00  75.43
 -83.00 -22.00  76.09
 -83.00 -21.00  76.73
 -83.00 -20.00  77.34
 -83.00 -19.00  77.90
 -83.00 -18.00  78.35
 -83.00 -17.00  78.67
 -83.00 -16.00  78.86
 -83.00 -15.00  78.95
 -83.00 -14.00  79.00
 -83.00 -13.00  79.11
 -83.00 -12.00  79.39
 -83.00 -11.00  79.92
 -83.00 -10.00  80.73
 -83.00  -9.00  81.80
 -83.00  -8.00  83.03
 -83.00  -7.00  84.24
 -83.00  -6.00  85.25
 -83.00  -5.00  85.87
 -83.00  -4.00  85.94
 -83.00  -3.00  85.41
 -83.00  -2.00  84.28
 -83.00  -1.00  82.66
 -83.00   0.00  80.72
 -83.00   1.00  78.66
 -83.00   2.00  76.66
 -83.00   3.00  74.84
 -83.00   4.00  73.29
 -83.00   5.00  71.96
 -83.00   6.00  70.79
 -83.00   7.00  69.67
 -83.00   8.00  68.48
 -83.00   9.00  67.17
 -83.00  10.00  65.73
 -83.00  11.00  64.21
 -83.00  12.00  62.70
 -83.00  13.00  61.35
 -83.00  14.00  60.26
 -83.00  15.00  59.50
 -83.00  16.00  59.08
 -83.00  17.00  58.95
 -83.00  18.00  59.01
 -83.00  19.00  59.13
 -83.00  20.00  59.21
 -83.00  21.00  59.19
 -83.00  22.00  59.06
 -83.00  23.00  58.89
 -83.00  24.00  58.76
 -83.00  25.00  58.81
 -83.00  26.00  59.13
 -83.00  27.00  59.78
 -82.00 -37.00  64.38
 -82.00 -36.00  65.55
 -82.00 -35.00  66.51
 -82.00 -34.00  67.32
 -82.00 -33.00  68.06
 -82.00 -32.00  68.80
 -82.00 -31.00  69.58
 -82.00 -30.00  70.42
 -82.00 -29.00  71.31
 -82.00 -28.00  72.21
 -82.00 -27.00  73.08
 -82.00 -26.00  73.90
 -82.00 -25.00  74.67
 -82.00 -24.00  75.38
 -82.00 -23.00  76.06
 -82.00 -22.00  76.73
 -82.00 -21.00  77.37
 -82.00 -20.00  77.98
 -82.00 -19.00  78.52
 -82.00 -18.00  78.95
 -82.00 -17.00  79.25
 -82.00 -16.00  79.41
 -82.00 -15.00  79.47
 -82.00 -14.00  79.51
 -82.00 -13.00  79.63
 -82.00 -12.00  79.94
 -82.00 -11.00  80.52
 -82.00 -10.00  81.41
 -82.00  -9.00  82.57
 -82.00  -8.00  83.87
 -82.00  -7.00  85.16
 -82.00  -6.00  86.22
 -82.00  -5.00  86.86
 -82.00  -4.00  86.93
 -82.00  -3.00  86.37
 -82.00  -2.00  85.20
 -82.00  -1.00  83.54
 -82.00   0.00  81.56
 -82.00   1.00  79.46
 -82.00   2.00  77.45
 -82.00   3.00  75.63
 -82.00   4.00  74.08
 -82.00   5.00  72.76
 -82.00   6.00  71.59
 -82.00   7.00  70.47
 -82.00   8.00  69.27
 -82.00   9.00  67.95
 -82.00  10.00  66.48
 -82.00  11.00  64.93
 -82.00  12.00  63.42
 -82.00  13.00  62.06
 -82.00  14.00  60.96
 -82.00  15.00  60.20
 -82.00  16.00  59.78
 -82.00  17.00  59.65
 -82.00  18.00  59.69
 -82.00  19.00  59.80
 -82.00  20.00  59.87
 -82.00  21.00  59.84
 -82.00  22.00  59.72
 -82.00  23.00  59.57
 -82.00  24.00  59.49
 -82.00  25.00  59.61
 -82.00  26.00  60.02
 -82.00  27.00  60.77
 -81.00 -37.00  64.92
 -81.00 -36.00  66.09
 -81.00 -35.00  67.05
 -81.00 -34.00  67.85
 -81.00 -33.00  68.59
 -81.00 -32.00  69.34
 -81.00 -31.00  70.13
 -81.00 -30.00  70.98
 -81.00 -29.00  71.87
 -81.00 -28.00  72.78
 -81.00 -27.00  73.66
 -81.00 -26.00  74.49
 -81.00 -25.00  75.27
 -81.00 -24.00  75.99
 -81.00 -23.00  76.68
 -81.00 -22.00  77.35
 -81.00 -21.00  77.99
 -81.00 -20.00  78.60
 -81.00 -19.00  79.12
 -81.00 -18.00  79.53
 -81.00 -17.00  79.80
 -81.00 -16.00  79.93
 -81.00 -15.00  79.97
 -81.00 -14.00  80.00
 -81.00 -13.00  80.13
 -81.00 -12.00  80.47
 -81.00 -11.00  81.10
 -81.00 -10.00  82.06
 -81.00  -9.00  83.29
 -81.00  -8.00  84.68
 -81.00  -7.00  86.04
 -81.00  -6.00  87.16
 -81.00  -5.00  87.84
 -81.00  -4.00  87.92
 -81.00  -3.00  87.36
 -81.00  -2.00  86.16
 -81.00  -1.00  84.47
 -81.00   0.00  82.46
 -81.00   1.00  80.34
 -81.00   2.00  78.30
 -81.00   3.00  76.47
 -81.00   4.00  74.91
 -81.00   5.00  73.60
 -81.00   6.00  72.43
 -81.00   7.00  71.30
 -81.00   8.00  70.10
 -81.00   9.00  68.76
 -81.00  10.00  67.27
 -81.00  11.00  65.71
 -81.00  12.00  64.17
 -81.00  13.00  62.79
 -81.00  14.00  61.69
 -81.00  15.00  60.92
 -81.00  16.00  60.48
 -81.00  17.00  60.33
 -81.00  18.00  60.36
 -81.00  19.00  60.46
 -81.00  20.00  60.51
 -81.00  21.00  60.48
 -81.00  22.00  60.37
 -81.00  23.00  60.26
 -81.00  24.00  60.24
 -81.00  25.00  60.43
 -81.00  26.00  60.92
 -81.00  27.00  61.75
 -80.00 -37.00  65.42
 -80.00 -36.00  66.59
 -80.00 -35.00  67.55
 -80.00 -34.00  68.36
 -80.00 -33.00  69.10
 -80.00 -32.00  69.84
 -80.00 -31.00  70.64
 -80.00 -30.00  71.50
 -80.00 -29.00  72.41
 -80.00 -28.00  73.33
 -80.00 -27.00  74.22
 -80.00 -26.00  75.07
 -80.00 -25.00  75.85
 -80.00 -24.00  76.58
 -80.00 -23.00  77.28
 -80.00 -22.00  77.95
 -80.00 -21.00  78.60
 -80.00 -20.00  79.19
 -80.00 -19.00  79.71
 -80.00 -18.00  80.10
 -80.00 -17.00  80.35
 -80.00 -16.00  80.45
 -80.00 -15.00  80.47
 -80.00 -14.00  80.49
 -80.00 -13.00  80.62
 -80.00 -12.00  80.98
 -80.00 -11.00  81.66
 -80.00 -10.00  82.67
 -80.00  -9.00  83.98
 -80.00  -8.00  85.45
 -80.00  -7.00  86.89
 -80.00  -6.00  88.07
 -80.00  -5.00  88.81
 -80.00  -4.00  88.93
 -80.00  -3.00  88.37
 -80.00  -2.00  87.17
 -80.00  -1.00  85.46
 -80.00   0.00  83.42
 -80.00   1.00  81.28
 -80.00   2.00  79.21
 -80.00   3.00  77.37
 -80.00   4.00  75.80
 -80.00   5.00  74.48
 -80.00   6.00  73.31
 -80.00   7.00  72.17
 -80.00   8.00  70.96
 -80.00   9.00  69.60
 -80.00  10.00  68.10
 -80.00  11.00  66.52
 -80.00  12.00  64.96
 -80.00  13.00  63.57
 -80.00  14.00  62.44
 -80.00  15.00  61.64
 -80.00  16.00  61.19
 -80.00  17.00  61.02
 -80.00  18.00  61.03
 -80.00  19.00  61.11
 -80.00  20.00  61.16
 -80.00  21.00  61.13
 -80.00  22.00  61.04
 -80.00  23.00  60.95
 -80.00  24.00  60.98
 -80.00  25.00  61.24
 -80.00  26.00  61.80
 -80.00  27.00  62.71
 -79.00 -37.00  65.88
 -79.00 -36.00  67.06
 -79.00 -35.00  68.02
 -79.00 -34.00  68.83
 -79.00 -33.00  69.57
 -79.00 -32.00  70.32
 -79.00 -31.00  71.13
 -79.00 -30.00  72.00
 -79.00 -29.00  72.92
 -79.00 -28.00  73.86
 -79.00 -27.00  74.77
 -79.00 -26.00  75.62
 -79.00 -25.00  76.42
 -79.00 -24.00  77.16
 -79.00 -23.00  77.86
 -79.00 -22.00  78.54
 -79.00 -21.00  79.19
 -79.00 -20.00  79.78
 -79.00 -19.00  80.28
 -79.00 -18.00  80.66
 -79.00 -17.00  80.88
 -79.00 -16.00  80.96
 -79.00 -15.00  80.96
 -79.00 -14.00  80.97
 -79.00 -13.00  81.10
 -79.00 -12.00  81.48
 -79.00 -11.00  82.19
 -79.00 -10.00  83.26
 -79.00  -9.00  84.63
 -79.00  -8.00  86.18
 -79.00  -7.00  87.70
 -79.00  -6.00  88.97
 -79.00  -5.00  89.77
 -79.00  -4.00  89.94
 -79.00  -3.00  89.41
 -79.00  -2.00  88.22
 -79.00  -1.00  86.50
 -79.00   0.00  84.44
 -79.00   1.00  82.27
 -79.00   2.00  80.18
 -79.00   3.00  78.32
 -79.00   4.00  76.73
 -79.00   5.00  75.39
 -79.00   6.00  74.21
 -79.00   7.00  73.07
 -79.00   8.00  71.85
 -79.00   9.00  70.48
 -79.00  10.00  68.97
 -79.00  11.00  67.37
 -79.00  12.00  65.79
 -79.00  13.00  64.37
 -79.00  14.00  63.21
 -79.00  15.00  62.39
 -79.00  16.00  61.91
 -79.00  17.00  61.71
 -79.00  18.00  61.70
 -79.00  19.00  61.76
 -79.00  20.00  61.80
 -79.00  21.00  61.78
 -79.00  22.00  61.71
 -79.00  23.00  61.66
 -79.00  24.00  61.74
 -79.00  25.00  62.06
 -79.00  26.00  62.69
 -79.00  27.00  63.67
 -78.00 -37.00  66.31
 -78.00 -36.00  67.50
 -78.00 -35.00  68.47
 -78.00 -34.00  69.28
 -78.00 -33.00  70.03
 -78.00 -32.00  70.78
 -78.00 -31.00  71.60
 -78.00 -30.00  72.48
 -78.00 -29.00  73.42
 -78.00 -28.00  74.37
 -78.00 -27.00  75.29
 -78.00 -26.00  76.17
 -78.00 -25.00  76.97
 -78.00 -24.00  77.73
 -78.00 -23.00  78.44
 -78.00 -22.00  79.12
 -78.00 -21.00  79.76
 -78.00 -20.00  80.35
 -78.00 -19.00  80.84
 -78.00 -18.00  81.20
 -78.00 -17.00  81.40
 -78.00 -16.00  81.47
 -78.00 -15.00  81.44
 -78.00 -14.00  81.43
 -78.00 -13.00  81.56
 -78.00 -12.00  81.95
 -78.00 -11.00  82.69
 -78.00 -10.00  83.81
 -78.00  -9.00  85.26
 -78.00  -8.00  86.89
 -78.00  -7.00  88.49
 -78.00  -6.00  89.85
 -78.00  -5.00  90.72
 -78.00  -4.00  90.95
 -78.00  -3.00  90.47
 -78.00  -2.00  89.30
 -78.00  -1.00  87.59
 -78.00   0.00  85.52
 -78.00   1.00  83.32
 -78.00   2.00  81.20
 -78.00   3.00  79.31
 -78.00   4.00  77.69
 -78.00   5.00  76.34
 -78.00   6.00  75.14
 -78.00   7.00  73.99
 -78.00   8.00  72.76
 -78.00   9.00  71.39
 -78.00  10.00  69.86
 -78.00  11.00  68.24
 -78.00  12.00  66.64
 -78.00  13.00  65.19
 -78.00  14.00  64.00
 -78.00  15.00  63.15
 -78.00  16.00  62.63
 -78.00  17.00  62.40
 -78.00  18.00  62.37
 -78.00  19.00  62.41
 -78.00  20.00  62.45
 -78.00  21.00  62.43
 -78.00  22.00  62.38
 -78.00  23.00  62.37
 -78.00  24.00  62.50
 -78.00  25.00  62.88
 -78.00  26.00  63.58
 -78.00  27.00  64.63
 -77.00 -37.00  66.71
 -77.00 -36.00  67.91
 -77.00 -35.00  68.89
 -77.00 -34.00  69.71
 -77.00 -33.00  70.46
 -77.00 -32.00  71.22
 -77.00 -31.00  72.04
 -77.00 -30.00  72.94
 -77.00 -29.00  73.89
 -77.00 -28.00  74.86
 -77.00 -27.00  75.81
 -77.00 -26.00  76.70
 -77.00 -25.00  77.52
 -77.00 -24.00  78.29
 -77.00 -23.00  79.01
 -77.00 -22.00  79.69
 -77.00 -21.00  80.34
 -77.00 -20.00  80.92
 -77.00 -19.00  81.40
 -77.00 -18.00  81.74
 -77.00 -17.00  81.92
 -77.00 -16.00  81.96
 -77.00 -15.00  81.92
 -77.00 -14.00  81.90
 -77.00 -13.00  82.02
 -77.00 -12.00  82.42
 -77.00 -11.00  83.18
 -77.00 -10.00  84.35
 -77.00  -9.00  85.86
 -77.00  -8.00  87.56
 -77.00  -7.00  89.26
 -77.00  -6.00  90.71
 -77.00  -5.00  91.67
 -77.00  -4.00  91.98
 -77.00  -3.00  91.55
 -77.00  -2.00  90.42
 -77.00  -1.00  88.71
 -77.00   0.00  86.64
 -77.00   1.00  84.42
 -77.00   2.00  82.27
 -77.00   3.00  80.34
 -77.00   4.00  78.70
 -77.00   5.00  77.32
 -77.00   6.00  76.11
 -77.00   7.00  74.94
 -77.00   8.00  73.70
 -77.00   9.00  72.32
 -77.00  10.00  70.78
 -77.00  11.00  69.15
 -77.00  12.00  67.52
 -77.00  13.00  66.04
 -77.00  14.00  64.82
 -77.00  15.00  63.92
 -77.00  16.00  63.37
 -77.00  17.00  63.11
 -77.00  18.00  63.04
 -77.00  19.00  63.07
 -77.00  20.00  63.10
 -77.00  21.00  63.09
 -77.00  22.00  63.07
 -77.00  23.00  63.09
 -77.00  24.00  63.27
 -77.00  25.00  63.71
 -77.00  26.00  64.48
 -77.00  27.00  65.58
 -76.00 -37.00  67.18
 -76.00 -36.00  68.37
 -76.00 -35.00  69.33
 -76.00 -34.00  70.14
 -76.00 -33.00  70.88
 -76.00 -32.00  71.64
 -76.00 -31.00  72.47
 -76.00 -30.00  73.38
 -76.00 -29.00  74.35
 -76.00 -28.00  75.33
 -76.00 -27.00  76.29
 -76.00 -26.00  77.19
 -76.00 -25.00  78.01
 -76.00 -24.00  78.77
 -76.00 -23.00  79.47
 -76.00 -22.00  80.11
 -76.00 -21.00  80.71
 -76.00 -20.00  81.23
 -76.00 -19.00  81.64
 -76.00 -18.00  81.91
 -76.00 -17.00  82.02
 -76.00 -16.00  82.00
 -76.00 -15.00  81.91
 -76.00 -14.00  81.86
 -76.00 -13.00  81.99
 -76.00 -12.00  82.42
 -76.00 -11.00  83.26
 -76.00 -10.00  84.52
 -76.00  -9.00  86.15
 -76.00  -8.00  87.99
 -76.00  -7.00  89.82
 -76.00  -6.00  91.39
 -76.00  -5.00  92.45
 -76.00  -4.00  92.82
 -76.00  -3.00  92.43
 -76.00  -2.00  91.30
 -76.00  -1.00  89.56
 -76.00   0.00  87.43
 -76.00   1.00  85.15
 -76.00   2.00  82.93
 -76.00   3.00  80.94
 -76.00   4.00  79.24
 -76.00   5.00  77.80
 -76.00   6.00  76.55
 -76.00   7.00  75.35
 -76.00   8.00  74.08
 -76.00   9.00  72.67
 -76.00  10.00  71.10
 -76.00  11.00  69.44
 -76.00  12.00  67.79
 -76.00  13.00  66.29
 -76.00  14.00  65.06
 -76.00  15.00  64.17
 -76.00  16.00  63.64
 -76.00  17.00  63.39
 -76.00  18.00  63.35
 -76.00  19.00  63.39
 -76.00  20.00  63.43
 -76.00  21.00  63.43
 -76.00  22.00  63.40
 -76.00  23.00  63.42
 -76.00  24.00  63.60
 -76.00  25.00  64.03
 -76.00  26.00  64.80
 -76.00  27.00  65.93
 -75.00 -37.00  67.61
 -75.00 -36.00  68.80
 -75.00 -35.00  69.75
 -75.00 -34.00  70.55
 -75.00 -33.00  71.28
 -75.00 -32.00  72.05
 -75.00 -31.00  72.88
 -75.00 -30.00  73.80
 -75.00 -29.00  74.78
 -75.00 -28.00  75.78
 -75.00 -27.00  76.75
 -75.00 -26.00  77.66
 -75.00 -25.00  78.49
 -75.00 -24.00  79.23
 -75.00 -23.00  79.90
 -75.00 -22.00  80.51
 -75.00 -21.00  81.06
 -75.00 -20.00  81.51
 -75.00 -19.00  81.86
 -75.00 -18.00  82.05
 -75.00 -17.00  82.09
 -75.00 -16.00  82.01
 -75.00 -15.00  81.87
 -75.00 -14.00  81.79
 -75.00 -13.00  81.91
 -75.00 -12.00  82.38
 -75.00 -11.00  83.27
 -75.00 -10.00  84.63
 -75.00  -9.00  86.37
 -75.00  -8.00  88.35
 -75.00  -7.00  90.32
 -75.00  -6.00  92.01
 -75.00  -5.00  93.19
 -75.00  -4.00  93.65
 -75.00  -3.00  93.31
 -75.00  -2.00  92.20
 -75.00  -1.00  90.44
 -75.00   0.00  88.27
 -75.00   1.00  85.92
 -75.00   2.00  83.63
 -75.00   3.00  81.55
 -75.00   4.00  79.78
 -75.00   5.00  78.28
 -75.00   6.00  76.97
 -75.00   7.00  75.72
 -75.00   8.00  74.41
 -75.00   9.00  72.97
 -75.00  10.00  71.37
 -75.00  11.00  69.68
 -75.00  12.00  68.01
 -75.00  13.00  66.50
 -75.00  14.00  65.27
 -75.00  15.00  64.39
 -75.00  16.00  63.86
 -75.00  17.00  63.64
 -75.00  18.00  63.61
 -75.00  19.00  63.67
 -75.00  20.00  63.73
 -75.00  21.00  63.73
 -75.00  22.00  63.70
 -75.00  23.00  63.71
 -75.00  24.00  63.87
 -75.00  25.00  64.29
 -75.00  26.00  65.06
 -75.00  27.00  66.20
 -74.00 -37.00  68.02
 -74.00 -36.00  69.20
 -74.00 -35.00  70.14
 -74.00 -34.00  70.93
 -74.00 -33.00  71.66
 -74.00 -32.00  72.42
 -74.00 -31.00  73.26
 -74.00 -30.00  74.19
 -74.00 -29.00  75.19
 -74.00 -28.00  76.21
 -74.00 -27.00  77.20
 -74.00 -26.00  78.12
 -74.00 -25.00  78.95
 -74.00 -24.00  79.68
 -74.00 -23.00  80.32
 -74.00 -22.00  80.89
 -74.00 -21.00  81.38
 -74.00 -20.00  81.77
 -74.00 -19.00  82.04
 -74.00 -18.00  82.17
 -74.00 -17.00  82.14
 -74.00 -16.00  81.99
 -74.00 -15.00  81.79
 -74.00 -14.00  81.68
 -74.00 -13.00  81.80
 -74.00 -12.00  82.28
 -74.00 -11.00  83.22
 -74.00 -10.00  84.66
 -74.00  -9.00  86.51
 -74.00  -8.00  88.61
 -74.00  -7.00  90.73
 -74.00  -6.00  92.57
 -74.00  -5.00  93.88
 -74.00  -4.00  94.45
 -74.00  -3.00  94.19
 -74.00  -2.00  93.12
 -74.00  -1.00  91.36
 -74.00   0.00  89.15
 -74.00   1.00  86.74
 -74.00   2.00  84.36
 -74.00   3.00  82.20
 -74.00   4.00  80.33
 -74.00   5.00  78.75
 -74.00   6.00  77.37
 -74.00   7.00  76.07
 -74.00   8.00  74.71
 -74.00   9.00  73.23
 -74.00  10.00  71.61
 -74.00  11.00  69.89
 -74.00  12.00  68.21
 -74.00  13.00  66.69
 -74.00  14.00  65.45
 -74.00  15.00  64.56
 -74.00  16.00  64.05
 -74.00  17.00  63.84
 -74.00  18.00  63.83
 -74.00  19.00  63.91
 -74.00  20.00  63.98
 -74.00  21.00  63.98
 -74.00  22.00  63.95
 -74.00  23.00  63.95
 -74.00  24.00  64.09
 -74.00  25.00  64.50
 -74.00  26.00  65.25
 -74.00  27.00  66.38
 -73.00 -37.00  68.39
 -73.00 -36.00  69.56
 -73.00 -35.00  70.50
 -73.00 -34.00  71.28
 -73.00 -33.00  72.01
 -73.00 -32.00  72.77
 -73.00 -31.00  73.61
 -73.00 -30.00  74.55
 -73.00 -29.00  75.57
 -73.00 -28.00  76.61
 -73.00 -27.00  77.62
 -73.00 -26.00  78.56
 -73.00 -25.00  79.39
 -73.00 -24.00  80.11
 -73.00 -23.00  80.72
 -73.00 -22.00  81.25
 -73.00 -21.00  81.68
 -73.00 -20.00  82.01
 -73.00 -19.00  82.21
 -73.00 -18.00  82.26
 -73.00 -17.00  82.16
 -73.00 -16.00  81.95
 -73.00 -15.00  81.70
 -73.00 -14.00  81.55
 -73.00 -13.00  81.64
 -73.00 -12.00  82.12
 -73.00 -11.00  83.09
 -73.00 -10.00  84.59
 -73.00  -9.00  86.53
 -73.00  -8.00  88.76
 -73.00  -7.00  91.03
 -73.00  -6.00  93.03
 -73.00  -5.00  94.50
 -73.00  -4.00  95.22
 -73.00  -3.00  95.07
 -73.00  -2.00  94.07
 -73.00  -1.00  92.34
 -73.00   0.00  90.11
 -73.00   1.00  87.64
 -73.00   2.00  85.17
 -73.00   3.00  82.90
 -73.00   4.00  80.92
 -73.00   5.00  79.24
 -73.00   6.00  77.77
 -73.00   7.00  76.40
 -73.00   8.00  74.99
 -73.00   9.00  73.47
 -73.00  10.00  71.82
 -73.00  11.00  70.08
 -73.00  12.00  68.38
 -73.00  13.00  66.84
 -73.00  14.00  65.59
 -73.00  15.00  64.70
 -73.00  16.00  64.19
 -73.00  17.00  63.99
 -73.00  18.00  64.00
 -73.00  19.00  64.10
 -73.00  20.00  64.18
 -73.00  21.00  64.19
 -73.00  22.00  64.16
 -73.00  23.00  64.14
 -73.00  24.00  64.26
 -73.00  25.00  64.64
 -73.00  26.00  65.36
 -73.00  27.00  66.47
 -72.00 -37.00  68.73
 -72.00 -36.00  69.90
 -72.00 -35.00  70.83
 -72.00 -34.00  71.61
 -72.00 -33.00  72.33
 -72.00 -32.00  73.09
 -72.00 -31.00  73.93
 -72.00 -30.00  74.88
 -72.00 -29.00  75.92
 -72.00 -28.00  76.98
 -72.00 -27.00  78.02
 -72.00 -26.00  78.97
 -72.00 -25.00  79.81
 -72.00 -24.00  80.52
 -72.00 -23.00  81.11
 -72.00 -22.00  81.60
 -72.00 -21.00  81.97
 -72.00 -20.00  82.24
 -72.00 -19.00  82.37
 -72.00 -18.00  82.35
 -72.00 -17.00  82.19
 -72.00 -16.00  81.91
 -72.00 -15.00  81.61
 -72.00 -14.00  81.40
 -72.00 -13.00  81.45
 -72.00 -12.00  81.91
 -72.00 -11.00  82.89
 -72.00 -10.00  84.42
 -72.00  -9.00  86.43
 -72.00  -8.00  88.78
 -72.00  -7.00  91.19
 -72.00  -6.00  93.37
 -72.00  -5.00  95.03
 -72.00  -4.00  95.93
 -72.00  -3.00  95.94
 -72.00  -2.00  95.05
 -72.00  -1.00  93.38
 -72.00   0.00  91.16
 -72.00   1.00  88.63
 -72.00   2.00  86.07
 -72.00   3.00  83.68
 -72.00   4.00  81.58
 -72.00   5.00  79.77
 -72.00   6.00  78.20
 -72.00   7.00  76.74
 -72.00   8.00  75.27
 -72.00   9.00  73.70
 -72.00  10.00  72.02
 -72.00  11.00  70.26
 -72.00  12.00  68.54
 -72.00  13.00  66.98
 -72.00  14.00  65.72
 -72.00  15.00  64.82
 -72.00  16.00  64.30
 -72.00  17.00  64.10
 -72.00  18.00  64.12
 -72.00  19.00  64.23
 -72.00  20.00  64.33
 -72.00  21.00  64.36
 -72.00  22.00  64.32
 -72.00  23.00  64.28
 -72.00  24.00  64.37
 -72.00  25.00  64.71
 -72.00  26.00  65.39
 -72.00  27.00  66.46
 -71.00 -37.00  69.02
 -71.00 -36.00  70.20
 -71.00 -35.00  71.14
 -71.00 -34.00  71.92
 -71.00 -33.00  72.63
 -71.00 -32.00  73.38
 -71.00 -31.00  74.22
 -71.00 -30.00  75.18
 -71.00 -29.00  76.24
 -71.00 -28.00  77.33
 -71.00 -27.00  78.39
 -71.00 -26.00  79.36
 -71.00 -25.00  80.21
 -71.00 -24.00  80.92
 -71.00 -23.00  81.49
 -71.00 -22.00  81.94
 -71.00 -21.00  82.26
 -71.00 -20.00  82.46
 -71.00 -19.00  82.53
 -71.00 -18.00  82.45
 -71.00 -17.00  82.22
 -71.00 -16.00  81.88
 -71.00 -15.00  81.52
 -71.00 -14.00  81.25
 -71.00 -13.00  81.24
 -71.00 -12.00  81.65
 -71.00 -11.00  82.60
 -71.00 -10.00  84.13
 -71.00  -9.00  86.20
 -71.00  -8.00  88.63
 -71.00  -7.00  91.19
 -71.00  -6.00  93.57
 -71.00  -5.00  95.44
 -71.00  -4.00  96.56
 -71.00  -3.00  96.78
 -71.00  -2.00  96.05
 -71.00  -1.00  94.49
 -71.00   0.00  92.30
 -71.00   1.00  89.74
 -71.00   2.00  87.09
 -71.00   3.00  84.57
 -71.00   4.00  82.32
 -71.00   5.00  80.36
 -71.00   6.00  78.65
 -71.00   7.00  77.09
 -71.00   8.00  75.55
 -71.00   9.00  73.94
 -71.00  10.00  72.22
 -71.00  11.00  70.44
 -71.00  12.00  68.70
 -71.00  13.00  67.12
 -71.00  14.00  65.83
 -71.00  15.00  64.90
 -71.00  16.00  64.36
 -71.00  17.00  64.16
 -71.00  18.00  64.19
 -71.00  19.00  64.31
 -71.00  20.00  64.43
 -71.00  21.00  64.47
 -71.00  22.00  64.43
 -71.00  23.00  64.39
 -71.00  24.00  64.44
 -71.00  25.00  64.72
 -71.00  26.00  65.34
 -71.00  27.00  66.35
 -70.00 -37.00  69.28
 -70.00 -36.00  70.48
 -70.00 -35.00  71.43
 -70.00 -34.00  72.20
 -70.00 -33.00  72.91
 -70.00 -32.00  73.64
 -70.00 -31.00  74.48
 -70.00 -30.00  75.45
 -70.00 -29.00  76.52
 -70.00 -28.00  77.63
 -70.00 -27.00  78.73
 -70.00 -26.00  79.73
 -70.00 -25.00  80.60
 -70.00 -24.00  81.31
 -70.00 -23.00  81.87
 -70.00 -22.00  82.28
 -70.00 -21.00  82.55
 -70.00 -20.00  82.70
 -70.00 -19.00  82.71
 -70.00 -18.00  82.56
 -70.00 -17.00  82.27
 -70.00 -16.00  81.87
 -70.00 -15.00  81.44
 -70.00 -14.00  81.10
 -70.00 -13.00  81.02
 -70.00 -12.00  81.35
 -70.00 -11.00  82.24
 -70.00 -10.00  83.74
 -70.00  -9.00  85.81
 -70.00  -8.00  88.32
 -70.00  -7.00  91.02
 -70.00  -6.00  93.58
 -70.00  -5.00  95.70
 -70.00  -4.00  97.09
 -70.00  -3.00  97.56
 -70.00  -2.00  97.05
 -70.00  -1.00  95.64
 -70.00   0.00  93.53
 -70.00   1.00  90.97
 -70.00   2.00  88.24
 -70.00   3.00  85.59
 -70.00   4.00  83.16
 -70.00   5.00  81.04
 -70.00   6.00  79.17
 -70.00   7.00  77.49
 -70.00   8.00  75.85
 -70.00   9.00  74.18
 -70.00  10.00  72.43
 -70.00  11.00  70.63
 -70.00  12.00  68.86
 -70.00  13.00  67.25
 -70.00  14.00  65.93
 -70.00  15.00  64.97
 -70.00  16.00  64.40
 -70.00  17.00  64.18
 -70.00  18.00  64.20
 -70.00  19.00  64.34
 -70.00  20.00  64.48
 -70.00  21.00  64.54
 -70.00  22.00  64.51
 -70.00  23.00  64.45
 -70.00  24.00  64.46
 -70.00  25.00  64.68
 -70.00  26.00  65.23
 -70.00  27.00  66.15
 -69.00 -37.00  69.50
 -69.00 -36.00  70.72
 -69.00 -35.00  71.69
 -69.00 -34.00  72.47
 -69.00 -33.00  73.17
 -69.00 -32.00  73.89
 -69.00 -31.00  74.72
 -69.00 -30.00  75.68
 -69.00 -29.00  76.76
 -69.00 -28.00  77.91
 -69.00 -27.00  79.04
 -69.00 -26.00  80.08
 -69.00 -25.00  80.98
 -69.00 -24.00  81.70
 -69.00 -23.00  82.25
 -69.00 -22.00  82.63
 -69.00 -21.00  82.86
 -69.00 -20.00  82.95
 -69.00 -19.00  82.90
 -69.00 -18.00  82.70
 -69.00 -17.00  82.36
 -69.00 -16.00  81.90
 -69.00 -15.00  81.40
 -69.00 -14.00  80.98
 -69.00 -13.00  80.80
 -69.00 -12.00  81.03
 -69.00 -11.00  81.82
 -69.00 -10.00  83.25
 -69.00  -9.00  85.30
 -69.00  -8.00  87.84
 -69.00  -7.00  90.65
 -69.00  -6.00  93.41
 -69.00  -5.00  95.78
 -69.00  -4.00  97.46
 -69.00  -3.00  98.24
 -69.00  -2.00  98.01
 -69.00  -1.00  96.82
 -69.00   0.00  94.84
 -69.00   1.00  92.31
 -69.00   2.00  89.53
 -69.00   3.00  86.74
 -69.00   4.00  84.14
 -69.00   5.00  81.82
 -69.00   6.00  79.78
 -69.00   7.00  77.94
 -69.00   8.00  76.19
 -69.00   9.00  74.45
 -69.00  10.00  72.65
 -69.00  11.00  70.82
 -69.00  12.00  69.03
 -69.00  13.00  67.39
 -69.00  14.00  66.02
 -69.00  15.00  65.02
 -69.00  16.00  64.41
 -69.00  17.00  64.15
 -69.00  18.00  64.17
 -69.00  19.00  64.31
 -69.00  20.00  64.47
 -69.00  21.00  64.55
 -69.00  22.00  64.54
 -69.00  23.00  64.47
 -69.00  24.00  64.45
 -69.00  25.00  64.60
 -69.00  26.00  65.05
 -69.00  27.00  65.88
 -68.00 -37.00  69.68
 -68.00 -36.00  70.94
 -68.00 -35.00  71.93
 -68.00 -34.00  72.72
 -68.00 -33.00  73.41
 -68.00 -32.00  74.12
 -68.00 -31.00  74.93
 -68.00 -30.00  75.88
 -68.00 -29.00  76.97
 -68.00 -28.00  78.14
 -68.00 -27.00  79.32
 -68.00 -26.00  80.40
 -68.00 -25.00  81.34
 -68.00 -24.00  82.09
 -68.00 -23.00  82.64
 -68.00 -22.00  83.00
 -68.00 -21.00  83.19
 -68.00 -20.00  83.24
 -68.00 -19.00  83.13
 -68.00 -18.00  82.88
 -68.00 -17.00  82.48
 -68.00 -16.00  81.96
 -68.00 -15.00  81.39
 -68.00 -14.00  80.89
 -68.00 -13.00  80.60
 -68.00 -12.00  80.71
 -68.00 -11.00  81.37
 -68.00 -10.00  82.69
 -68.00  -9.00  84.67
 -68.00  -8.00  87.21
 -68.00  -7.00  90.10
 -68.00  -6.00  93.03
 -68.00  -5.00  95.66
 -68.00  -4.00  97.67
 -68.00  -3.00  98.79
 -68.00  -2.00  98.89
 -68.00  -1.00  97.98
 -68.00   0.00  96.19
 -68.00   1.00  93.75
 -68.00   2.00  90.94
 -68.00   3.00  88.05
 -68.00   4.00  85.27
 -68.00   5.00  82.74
 -68.00   6.00  80.49
 -68.00   7.00  78.47
 -68.00   8.00  76.59
 -68.00   9.00  74.75
 -68.00  10.00  72.90
 -68.00  11.00  71.03
 -68.00  12.00  69.20
 -68.00  13.00  67.52
 -68.00  14.00  66.11
 -68.00  15.00  65.05
 -68.00  16.00  64.39
 -68.00  17.00  64.10
 -68.00  18.00  64.09
 -68.00  19.00  64.23
 -68.00  20.00  64.41
 -68.00  21.00  64.52
 -68.00  22.00  64.53
 -68.00  23.00  64.46
 -68.00  24.00  64.41
 -68.00  25.00  64.50
 -68.00  26.00  64.85
 -68.00  27.00  65.56
 -67.00 -37.00  69.84
 -67.00 -36.00  71.14
 -67.00 -35.00  72.16
 -67.00 -34.00  72.96
 -67.00 -33.00  73.65
 -67.00 -32.00  74.34
 -67.00 -31.00  75.13
 -67.00 -30.00  76.07
 -67.00 -29.00  77.16
 -67.00 -28.00  78.35
 -67.00 -27.00  79.57
 -67.00 -26.00  80.71
 -67.00 -25.00  81.69
 -67.00 -24.00  82.48
 -67.00 -23.00  83.04
 -67.00 -22.00  83.39
 -67.00 -21.00  83.56
 -67.00 -20.00  83.55
 -67.00 -19.00  83.40
 -67.00 -18.00  83.09
 -67.00 -17.00  82.64
 -67.00 -16.00  82.07
 -67.00 -15.00  81.44
 -67.00 -14.00  80.85
 -67.00 -13.00  80.45
 -67.00 -12.00  80.42
 -67.00 -11.00  80.92
 -67.00 -10.00  82.09
 -67.00  -9.00  83.95
 -67.00  -8.00  86.44
 -67.00  -7.00  89.37
 -67.00  -6.00  92.45
 -67.00  -5.00  95.33
 -67.00  -4.00  97.66
 -67.00  -3.00  99.17
 -67.00  -2.00  99.65
 -67.00  -1.00  99.08
 -67.00   0.00  97.55
 -67.00   1.00  95.25
 -67.00   2.00  92.47
 -67.00   3.00  89.49
 -67.00   4.00  86.55
 -67.00   5.00  83.81
 -67.00   6.00  81.33
 -67.00   7.00  79.11
 -67.00   8.00  77.06
 -67.00   9.00  75.10
 -67.00  10.00  73.17
 -67.00  11.00  71.24
 -67.00  12.00  69.38
 -67.00  13.00  67.66
 -67.00  14.00  66.20
 -67.00  15.00  65.08
 -67.00  16.00  64.36
 -67.00  17.00  64.01
 -67.00  18.00  63.97
 -67.00  19.00  64.11
 -67.00  20.00  64.31
 -67.00  21.00  64.45
 -67.00  22.00  64.48
 -67.00  23.00  64.42
 -67.00  24.00  64.35
 -67.00  25.00  64.37
 -67.00  26.00  64.62
 -67.00  27.00  65.21
 -66.00 -37.00  69.97
 -66.00 -36.00  71.31
 -66.00 -35.00  72.37
 -66.00 -34.00  73.20
 -66.00 -33.00  73.89
 -66.00 -32.00  74.56
 -66.00 -31.00  75.32
 -66.00 -30.00  76.23
 -66.00 -29.00  77.32
 -66.00 -28.00  78.53
 -66.00 -27.00  79.79
 -66.00 -26.00  80.98
 -66.00 -25.00  82.03
 -66.00 -24.00  82.86
 -66.00 -23.00  83.46
 -66.00 -22.00  83.81
 -66.00 -21.00  83.95
 -66.00 -20.00  83.91
 -66.00 -19.00  83.70
 -66.00 -18.00  83.35
 -66.00 -17.00  82.85
 -66.00 -16.00  82.23
 -66.00 -15.00  81.53
 -66.00 -14.00  80.86
 -66.00 -13.00  80.34
 -66.00 -12.00  80.16
 -66.00 -11.00  80.49
 -66.00 -10.00  81.48
 -66.00  -9.00  83.19
 -66.00  -8.00  85.58
 -66.00  -7.00  88.50
 -66.00  -6.00  91.68
 -66.00  -5.00  94.78
 -66.00  -4.00  97.44
 -66.00  -3.00  99.34
 -66.00  -2.00 100.25
 -66.00  -1.00 100.07
 -66.00   0.00  98.85
 -66.00   1.00  96.77
 -66.00   2.00  94.08
 -66.00   3.00  91.06
 -66.00   4.00  87.98
 -66.00   5.00  85.03
 -66.00   6.00  82.32
 -66.00   7.00  79.87
 -66.00   8.00  77.62
 -66.00   9.00  75.51
 -66.00  10.00  73.47
 -66.00  11.00  71.48
 -66.00  12.00  69.56
 -66.00  13.00  67.80
 -66.00  14.00  66.28
 -66.00  15.00  65.10
 -66.00  16.00  64.31
 -66.00  17.00  63.91
 -66.00  18.00  63.83
 -66.00  19.00  63.95
 -66.00  20.00  64.16
 -66.00  21.00  64.33
 -66.00  22.00  64.39
 -66.00  23.00  64.35
 -66.00  24.00  64.27
 -66.00  25.00  64.24
 -66.00  26.00  64.40
 -66.00  27.00  64.85
 -65.00 -37.00  70.08
 -65.00 -36.00  71.47
 -65.00 -35.00  72.58
 -65.00 -34.00  73.43
 -65.00 -33.00  74.12
 -65.00 -32.00  74.77
 -65.00 -31.00  75.50
 -65.00 -30.00  76.39
 -65.00 -29.00  77.46
 -65.00 -28.00  78.68
 -65.00 -27.00  79.98
 -65.00 -26.00  81.23
 -65.00 -25.00  82.35
 -65.00 -24.00  83.25
 -65.00 -23.00  83.88
 -65.00 -22.00  84.26
 -65.00 -21.00  84.39
 -65.00 -20.00  84.31
 -65.00 -19.00  84.06
 -65.00 -18.00  83.66
 -65.00 -17.00  83.11
 -65.00 -16.00  82.44
 -65.00 -15.00  81.69
 -65.00 -14.00  80.93
 -65.00 -13.00  80.30
 -65.00 -12.00  79.97
 -65.00 -11.00  80.11
 -65.00 -10.00  80.89
 -65.00  -9.00  82.40
 -65.00  -8.00  84.65
 -65.00  -7.00  87.51
 -65.00  -6.00  90.74
 -65.00  -5.00  94.02
 -65.00  -4.00  96.98
 -65.00  -3.00  99.27
 -65.00  -2.00 100.63
 -65.00  -1.00 100.90
 -65.00   0.00 100.07
 -65.00   1.00  98.27
 -65.00   2.00  95.73
 -65.00   3.00  92.73
 -65.00   4.00  89.55
 -65.00   5.00  86.42
 -65.00   6.00  83.47
 -65.00   7.00  80.77
 -65.00   8.00  78.30
 -65.00   9.00  76.00
 -65.00  10.00  73.83
 -65.00  11.00  71.75
 -65.00  12.00  69.76
 -65.00  13.00  67.94
 -65.00  14.00  66.36
 -65.00  15.00  65.12
 -65.00  16.00  64.26
 -65.00  17.00  63.79
 -65.00  18.00  63.66
 -65.00  19.00  63.76
 -65.00  20.00  63.97
 -65.00  21.00  64.16
 -65.00  22.00  64.27
 -65.00  23.00  64.25
 -65.00  24.00  64.17
 -65.00  25.00  64.10
 -65.00  26.00  64.17
 -65.00  27.00  64.50
 -64.00 -37.00  70.16
 -64.00 -36.00  71.60
 -64.00 -35.00  72.77
 -64.00 -34.00  73.66
 -64.00 -33.00  74.36
 -64.00 -32.00  75.00
 -64.00 -31.00  75.69
 -64.00 -30.00  76.54
 -64.00 -29.00  77.59
 -64.00 -28.00  78.81
 -64.00 -27.00  80.14
 -64.00 -26.00  81.45
 -64.00 -25.00  82.65
 -64.00 -24.00  83.62
 -64.00 -23.00  84.32
 -64.00 -22.00  84.73
 -64.00 -21.00  84.86
 -64.00 -20.00  84.76
 -64.00 -19.00  84.47
 -64.00 -18.00  84.02
 -64.00 -17.00  83.43
 -64.00 -16.00  82.71
 -64.00 -15.00  81.90
 -64.00 -14.00  81.07
 -64.00 -13.00  80.34
 -64.00 -12.00  79.85
 -64.00 -11.00  79.80
 -64.00 -10.00  80.35
 -64.00  -9.00  81.63
 -64.00  -8.00  83.68
 -64.00  -7.00  86.42
 -64.00  -6.00  89.64
 -64.00  -5.00  93.05
 -64.00  -4.00  96.27
 -64.00  -3.00  98.95
 -64.00  -2.00 100.77
 -64.00  -1.00 101.52
 -64.00   0.00 101.14
 -64.00   1.00  99.70
 -64.00   2.00  97.40
 -64.00   3.00  94.49
 -64.00   4.00  91.26
 -64.00   5.00  87.97
 -64.00   6.00  84.79
 -64.00   7.00  81.83
 -64.00   8.00  79.12
 -64.00   9.00  76.61
 -64.00  10.00  74.27
 -64.00  11.00  72.06
 -64.00  12.00  69.99
 -64.00  13.00  68.10
 -64.00  14.00  66.45
 -64.00  15.00  65.13
 -64.00  16.00  64.20
 -64.00  17.00  63.66
 -64.00  18.00  63.47
 -64.00  19.00  63.54
 -64.00  20.00  63.75
 -64.00  21.00  63.96
 -64.00  22.00  64.10
 -64.00  23.00  64.12
 -64.00  24.00  64.05
 -64.00  25.00  63.96
 -64.00  26.00  63.96
 -64.00  27.00  64.17
 -63.00 -37.00  70.22
 -63.00 -36.00  71.71
 -63.00 -35.00  72.93
 -63.00 -34.00  73.88
 -63.00 -33.00  74.61
 -63.00 -32.00  75.23
 -63.00 -31.00  75.89
 -63.00 -30.00  76.69
 -63.00 -29.00  77.70
 -63.00 -28.00  78.91
 -63.00 -27.00  80.26
 -63.00 -26.00  81.63
 -63.00 -25.00  82.91
 -63.00 -24.00  83.97
 -63.00 -23.00  84.75
 -63.00 -22.00  85.22
 -63.00 -21.00  85.37
 -63.00 -20.00  85.27
 -63.00 -19.00  84.95
 -63.00 -18.00  84.45
 -63.00 -17.00  83.81
 -63.00 -16.00  83.04
 -63.00 -15.00  82.18
 -63.00 -14.00  81.29
 -63.00 -13.00  80.45
 -63.00 -12.00  79.82
 -63.00 -11.00  79.57
 -63.00 -10.00  79.88
 -63.00  -9.00  80.90
 -63.00  -8.00  82.71
 -63.00  -7.00  85.26
 -63.00  -6.00  88.41
 -63.00  -5.00  91.87
 -63.00  -4.00  95.31
 -63.00  -3.00  98.34
 -63.00  -2.00 100.62
 -63.00  -1.00 101.88
 -63.00   0.00 102.01
 -63.00   1.00 101.01
 -63.00   2.00  99.03
 -63.00   3.00  96.30
 -63.00   4.00  93.09
 -63.00   5.00  89.69
 -63.00   6.00  86.31
 -63.00   7.00  83.10
 -63.00   8.00  80.11
 -63.00   9.00  77.36
 -63.00  10.00  74.82
 -63.00  11.00  72.46
 -63.00  12.00  70.27
 -63.00  13.00  68.28
 -63.00  14.00  66.56
 -63.00  15.00  65.16
 -63.00  16.00  64.15
 -63.00  17.00  63.53
 -63.00  18.00  63.28
 -63.00  19.00  63.30
 -63.00  20.00  63.49
 -63.00  21.00  63.73
 -63.00  22.00  63.90
 -63.00  23.00  63.96
 -63.00  24.00  63.91
 -63.00  25.00  63.81
 -63.00  26.00  63.75
 -63.00  27.00  63.85
 -62.00 -37.00  70.23
 -62.00 -36.00  71.78
 -62.00 -35.00  73.08
 -62.00 -34.00  74.08
 -62.00 -33.00  74.85
 -62.00 -32.00  75.47
 -62.00 -31.00  76.09
 -62.00 -30.00  76.84
 -62.00 -29.00  77.80
 -62.00 -28.00  78.98
 -62.00 -27.00  80.34
 -62.00 -26.00  81.77
 -62.00 -25.00  83.13
 -62.00 -24.00  84.30
 -62.00 -23.00  85.18
 -62.00 -22.00  85.72
 -62.00 -21.00  85.92
 -62.00 -20.00  85.83
 -62.00 -19.00  85.49
 -62.00 -18.00  84.95
 -62.00 -17.00  84.26
 -62.00 -16.00  83.45
 -62.00 -15.00  82.54
 -62.00 -14.00  81.59
 -62.00 -13.00  80.66
 -62.00 -12.00  79.89
 -62.00 -11.00  79.45
 -62.00 -10.00  79.51
 -62.00  -9.00  80.24
 -62.00  -8.00  81.76
 -62.00  -7.00  84.07
 -62.00  -6.00  87.06
 -62.00  -5.00  90.51
 -62.00  -4.00  94.10
 -62.00  -3.00  97.43
 -62.00  -2.00 100.15
 -62.00  -1.00 101.95
 -62.00   0.00 102.63
 -62.00   1.00 102.14
 -62.00   2.00 100.57
 -62.00   3.00  98.11
 -62.00   4.00  95.02
 -62.00   5.00  91.58
 -62.00   6.00  88.04
 -62.00   7.00  84.59
 -62.00   8.00  81.33
 -62.00   9.00  78.31
 -62.00  10.00  75.52
 -62.00  11.00  72.97
 -62.00  12.00  70.63
 -62.00  13.00  68.52
 -62.00  14.00  66.70
 -62.00  15.00  65.21
 -62.00  16.00  64.11
 -62.00  17.00  63.40
 -62.00  18.00  63.07
 -62.00  19.00  63.05
 -62.00  20.00  63.21
 -62.00  21.00  63.46
 -62.00  22.00  63.66
 -62.00  23.00  63.77
 -62.00  24.00  63.75
 -62.00  25.00  63.65
 -62.00  26.00  63.55
 -62.00  27.00  63.56
 -61.00 -37.00  70.21
 -61.00 -36.00  71.80
 -61.00 -35.00  73.18
 -61.00 -34.00  74.26
 -61.00 -33.00  75.08
 -61.00 -32.00  75.71
 -61.00 -31.00  76.31
 -61.00 -30.00  77.00
 -61.00 -29.00  77.89
 -61.00 -28.00  79.03
 -61.00 -27.00  80.38
 -61.00 -26.00  81.85
 -61.00 -25.00  83.29
 -61.00 -24.00  84.57
 -61.00 -23.00  85.57
 -61.00 -22.00  86.22
 -61.00 -21.00  86.50
 -61.00 -20.00  86.44
 -61.00 -19.00  86.10
 -61.00 -18.00  85.54
 -61.00 -17.00  84.80
 -61.00 -16.00  83.95
 -61.00 -15.00  82.99
 -61.00 -14.00  81.98
 -61.00 -13.00  80.97
 -61.00 -12.00  80.07
 -61.00 -11.00  79.44
 -61.00 -10.00  79.25
 -61.00  -9.00  79.68
 -61.00  -8.00  80.87
 -61.00  -7.00  82.88
 -61.00  -6.00  85.64
 -61.00  -5.00  88.99
 -61.00  -4.00  92.63
 -61.00  -3.00  96.21
 -61.00  -2.00  99.33
 -61.00  -1.00 101.65
 -61.00   0.00 102.93
 -61.00   1.00 103.03
 -61.00   2.00 101.96
 -61.00   3.00  99.88
 -61.00   4.00  97.01
 -61.00   5.00  93.63
 -61.00   6.00  89.99
 -61.00   7.00  86.33
 -61.00   8.00  82.80
 -61.00   9.00  79.49
 -61.00  10.00  76.43
 -61.00  11.00  73.64
 -61.00  12.00  71.11
 -61.00  13.00  68.85
 -61.00  14.00  66.90
 -61.00  15.00  65.30
 -61.00  16.00  64.09
 -61.00  17.00  63.29
 -61.00  18.00  62.87
 -61.00  19.00  62.78
 -61.00  20.00  62.91
 -61.00  21.00  63.15
 -61.00  22.00  63.39
 -61.00  23.00  63.54
 -61.00  24.00  63.56
 -61.00  25.00  63.49
 -61.00  26.00  63.37
 -61.00  27.00  63.30
 -60.00 -37.00  70.15
 -60.00 -36.00  71.77
 -60.00 -35.00  73.23
 -60.00 -34.00  74.41
 -60.00 -33.00  75.30
 -60.00 -32.00  75.96
 -60.00 -31.00  76.54
 -60.00 -30.00  77.17
 -60.00 -29.00  77.98
 -60.00 -28.00  79.05
 -60.00 -27.00  80.37
 -60.00 -26.00  81.86
 -60.00 -25.00  83.38
 -60.00 -24.00  84.78
 -60.00 -23.00  85.92
 -60.00 -22.00  86.71
 -60.00 -21.00  87.10
 -60.00 -20.00  87.11
 -60.00 -19.00  86.79
 -60.00 -18.00  86.21
 -60.00 -17.00  85.44
 -60.00 -16.00  84.54
 -60.00 -15.00  83.53
 -60.00 -14.00  82.47
 -60.00 -13.00  81.39
 -60.00 -12.00  80.38
 -60.00 -11.00  79.58
 -60.00 -10.00  79.14
 -60.00  -9.00  79.26
 -60.00  -8.00  80.10
 -60.00  -7.00  81.74
 -60.00  -6.00  84.20
 -60.00  -5.00  87.35
 -60.00  -4.00  90.95
 -60.00  -3.00  94.67
 -60.00  -2.00  98.13
 -60.00  -1.00 100.96
 -60.00   0.00 102.84
 -60.00   1.00 103.58
 -60.00   2.00 103.12
 -60.00   3.00 101.53
 -60.00   4.00  99.00
 -60.00   5.00  95.78
 -60.00   6.00  92.13
 -60.00   7.00  88.33
 -60.00   8.00  84.55
 -60.00   9.00  80.95
 -60.00  10.00  77.59
 -60.00  11.00  74.53
 -60.00  12.00  71.76
 -60.00  13.00  69.30
 -60.00  14.00  67.19
 -60.00  15.00  65.45
 -60.00  16.00  64.12
 -60.00  17.00  63.20
 -60.00  18.00  62.68
 -60.00  19.00  62.51
 -60.00  20.00  62.59
 -60.00  21.00  62.82
 -60.00  22.00  63.08
 -60.00  23.00  63.27
 -60.00  24.00  63.35
 -60.00  25.00  63.30
 -60.00  26.00  63.19
 -60.00  27.00  63.07
 -59.00 -37.00  70.05
 -59.00 -36.00  71.68
 -59.00 -35.00  73.21
 -59.00 -34.00  74.50
 -59.00 -33.00  75.48
 -59.00 -32.00  76.21
 -59.00 -31.00  76.78
 -59.00 -30.00  77.36
 -59.00 -29.00  78.09
 -59.00 -28.00  79.07
 -59.00 -27.00  80.33
 -59.00 -26.00  81.81
 -59.00 -25.00  83.39
 -59.00 -24.00  84.90
 -59.00 -23.00  86.20
 -59.00 -22.00  87.15
 -59.00 -21.00  87.69
 -59.00 -20.00  87.81
 -59.00 -19.00  87.55
 -59.00 -18.00  86.98
 -59.00 -17.00  86.19
 -59.00 -16.00  85.24
 -59.00 -15.00  84.18
 -59.00 -14.00  83.06
 -59.00 -13.00  81.92
 -59.00 -12.00  80.81
 -59.00 -11.00  79.86
 -59.00 -10.00  79.20
 -59.00  -9.00  79.01
 -59.00  -8.00  79.47
 -59.00  -7.00  80.71
 -59.00  -6.00  82.79
 -59.00  -5.00  85.65
 -59.00  -4.00  89.10
 -59.00  -3.00  92.86
 -59.00  -2.00  96.57
 -59.00  -1.00  99.83
 -59.00   0.00 102.31
 -59.00   1.00 103.72
 -59.00   2.00 103.94
 -59.00   3.00 102.96
 -59.00   4.00 100.90
 -59.00   5.00  97.97
 -59.00   6.00  94.43
 -59.00   7.00  90.57
 -59.00   8.00  86.60
 -59.00   9.00  82.72
 -59.00  10.00  79.06
 -59.00  11.00  75.68
 -59.00  12.00  72.62
 -59.00  13.00  69.93
 -59.00  14.00  67.61
 -59.00  15.00  65.69
 -59.00  16.00  64.20
 -59.00  17.00  63.14
 -59.00  18.00  62.51
 -59.00  19.00  62.24
 -59.00  20.00  62.26
 -59.00  21.00  62.47
 -59.00  22.00  62.73
 -59.00  23.00  62.97
 -59.00  24.00  63.10
 -59.00  25.00  63.10
 -59.00  26.00  63.00
 -59.00  27.00  62.86
 -58.00 -37.00  69.93
 -58.00 -36.00  71.54
 -58.00 -35.00  73.13
 -58.00 -34.00  74.52
 -58.00 -33.00  75.62
 -58.00 -32.00  76.43
 -58.00 -31.00  77.04
 -58.00 -30.00  77.58
 -58.00 -29.00  78.23
 -58.00 -28.00  79.10
 -58.00 -27.00  80.27
 -58.00 -26.00  81.71
 -58.00 -25.00  83.31
 -58.00 -24.00  84.93
 -58.00 -23.00  86.38
 -58.00 -22.00  87.52
 -58.00 -21.00  88.25
 -58.00 -20.00  88.52
 -58.00 -19.00  88.36
 -58.00 -18.00  87.83
 -58.00 -17.00  87.04
 -58.00 -16.00  86.05
 -58.00 -15.00  84.95
 -58.00 -14.00  83.77
 -58.00 -13.00  82.56
 -58.00 -12.00  81.37
 -58.00 -11.00  80.29
 -58.00 -10.00  79.43
 -58.00  -9.00  78.95
 -58.00  -8.00  79.05
 -58.00  -7.00  79.86
 -58.00  -6.00  81.51
 -58.00  -5.00  83.98
 -58.00  -4.00  87.17
 -58.00  -3.00  90.84
 -58.00  -2.00  94.68
 -58.00  -1.00  98.29
 -58.00   0.00 101.30
 -58.00   1.00 103.39
 -58.00   2.00 104.34
 -58.00   3.00 104.05
 -58.00   4.00 102.59
 -58.00   5.00 100.09
 -58.00   6.00  96.81
 -58.00   7.00  93.00
 -58.00   8.00  88.92
 -58.00   9.00  84.81
 -58.00  10.00  80.84
 -58.00  11.00  77.13
 -58.00  12.00  73.76
 -58.00  13.00  70.77
 -58.00  14.00  68.19
 -58.00  15.00  66.05
 -58.00  16.00  64.37
 -58.00  17.00  63.15
 -58.00  18.00  62.37
 -58.00  19.00  61.99
 -58.00  20.00  61.93
 -58.00  21.00  62.09
 -58.00  22.00  62.36
 -58.00  23.00  62.62
 -58.00  24.00  62.81
 -58.00  25.00  62.87
 -58.00  26.00  62.81
 -58.00  27.00  62.67
 -57.00 -37.00  69.82
 -57.00 -36.00  71.36
 -57.00 -35.00  72.97
 -57.00 -34.00  74.47
 -57.00 -33.00  75.70
 -57.00 -32.00  76.62
 -57.00 -31.00  77.29
 -57.00 -30.00  77.82
 -57.00 -29.00  78.39
 -57.00 -28.00  79.16
 -57.00 -27.00  80.21
 -57.00 -26.00  81.57
 -57.00 -25.00  83.16
 -57.00 -24.00  84.85
 -57.00 -23.00  86.45
 -57.00 -22.00  87.79
 -57.00 -21.00  88.73
 -57.00 -20.00  89.20
 -57.00 -19.00  89.19
 -57.00 -18.00  88.75
 -57.00 -17.00  87.99
 -57.00 -16.00  86.98
 -57.00 -15.00  85.83
 -57.00 -14.00  84.60
 -57.00 -13.00  83.32
 -57.00 -12.00  82.06
 -57.00 -11.00  80.86
 -57.00 -10.00  79.83
 -57.00  -9.00  79.10
 -57.00  -8.00  78.85
 -57.00  -7.00  79.24
 -57.00  -6.00  80.42
 -57.00  -5.00  82.44
 -57.00  -4.00  85.26
 -57.00  -3.00  88.71
 -57.00  -2.00  92.54
 -57.00  -1.00  96.37
 -57.00   0.00  99.82
 -57.00   1.00 102.53
 -57.00   2.00 104.22
 -57.00   3.00 104.70
 -57.00   4.00 103.94
 -57.00   5.00 102.03
 -57.00   6.00  99.14
 -57.00   7.00  95.52
 -57.00   8.00  91.46
 -57.00   9.00  87.20
 -57.00  10.00  82.96
 -57.00  11.00  78.92
 -57.00  12.00  75.20
 -57.00  13.00  71.87
 -57.00  14.00  68.98
 -57.00  15.00  66.57
 -57.00  16.00  64.65
 -57.00  17.00  63.23
 -57.00  18.00  62.28
 -57.00  19.00  61.77
 -57.00  20.00  61.61
 -57.00  21.00  61.71
 -57.00  22.00  61.96
 -57.00  23.00  62.25
 -57.00  24.00  62.49
 -57.00  25.00  62.61
 -57.00  26.00  62.61
 -57.00  27.00  62.49
 -56.00 -37.00  69.75
 -56.00 -36.00  71.16
 -56.00 -35.00  72.76
 -56.00 -34.00  74.34
 -56.00 -33.00  75.70
 -56.00 -32.00  76.76
 -56.00 -31.00  77.52
 -56.00 -30.00  78.08
 -56.00 -29.00  78.60
 -56.00 -28.00  79.25
 -56.00 -27.00  80.17
 -56.00 -26.00  81.42
 -56.00 -25.00  82.96
 -56.00 -24.00  84.68
 -56.00 -23.00  86.40
 -56.00 -22.00  87.94
 -56.00 -21.00  89.11
 -56.00 -20.00  89.82
 -56.00 -19.00  90.01
 -56.00 -18.00  89.71
 -56.00 -17.00  89.01
 -56.00 -16.00  88.02
 -56.00 -15.00  86.83
 -56.00 -14.00  85.54
 -56.00 -13.00  84.20
 -56.00 -12.00  82.86
 -56.00 -11.00  81.56
 -56.00 -10.00  80.39
 -56.00  -9.00  79.45
 -56.00  -8.00  78.89
 -56.00  -7.00  78.88
 -56.00  -6.00  79.59
 -56.00  -5.00  81.11
 -56.00  -4.00  83.48
 -56.00  -3.00  86.59
 -56.00  -2.00  90.26
 -56.00  -1.00  94.16
 -56.00   0.00  97.92
 -56.00   1.00 101.17
 -56.00   2.00 103.55
 -56.00   3.00 104.82
 -56.00   4.00 104.85
 -56.00   5.00 103.63
 -56.00   6.00 101.29
 -56.00   7.00  98.03
 -56.00   8.00  94.11
 -56.00   9.00  89.81
 -56.00  10.00  85.38
 -56.00  11.00  81.04
 -56.00  12.00  76.96
 -56.00  13.00  73.26
 -56.00  14.00  70.02
 -56.00  15.00  67.28
 -56.00  16.00  65.08
 -56.00  17.00  63.41
 -56.00  18.00  62.26
 -56.00  19.00  61.59
 -56.00  20.00  61.30
 -56.00  21.00  61.33
 -56.00  22.00  61.54
 -56.00  23.00  61.84
 -56.00  24.00  62.12
 -56.00  25.00  62.31
 -56.00  26.00  62.37
 -56.00  27.00  62.30
 -55.00 -37.00  69.77
 -55.00 -36.00  70.99
 -55.00 -35.00  72.52
 -55.00 -34.00  74.13
 -55.00 -33.00  75.61
 -55.00 -32.00  76.82
 -55.00 -31.00  77.70
 -55.00 -30.00  78.33
 -55.00 -29.00  78.84
 -55.00 -28.00  79.40
 -55.00 -27.00  80.18
 -55.00 -26.00  81.29
 -55.00 -25.00  82.73
 -55.00 -24.00  84.43
 -55.00 -23.00  86.23
 -55.00 -22.00  87.94
 -55.00 -21.00  89.35
 -55.00 -20.00  90.32
 -55.00 -19.00  90.76
 -55.00 -18.00  90.66
 -55.00 -17.00  90.09
 -55.00 -16.00  89.14
 -55.00 -15.00  87.94
 -55.00 -14.00  86.60
 -55.00 -13.00  85.19
 -55.00 -12.00  83.77
 -55.00 -11.00  82.39
 -55.00 -10.00  81.09
 -55.00  -9.00  79.97
 -55.00  -8.00  79.16
 -55.00  -7.00  78.79
 -55.00  -6.00  79.05
 -55.00  -5.00  80.06
 -55.00  -4.00  81.92
 -55.00  -3.00  84.60
 -55.00  -2.00  87.97
 -55.00  -1.00  91.78
 -55.00   0.00  95.70
 -55.00   1.00  99.34
 -55.00   2.00 102.33
 -55.00   3.00 104.36
 -55.00   4.00 105.20
 -55.00   5.00 104.78
 -55.00   6.00 103.11
 -55.00   7.00 100.36
 -55.00   8.00  96.75
 -55.00   9.00  92.54
 -55.00  10.00  88.03
 -55.00  11.00  83.46
 -55.00  12.00  79.05
 -55.00  13.00  74.97
 -55.00  14.00  71.34
 -55.00  15.00  68.23
 -55.00  16.00  65.69
 -55.00  17.00  63.73
 -55.00  18.00  62.34
 -55.00  19.00  61.46
 -55.00  20.00  61.03
 -55.00  21.00  60.95
 -55.00  22.00  61.11
 -55.00  23.00  61.41
 -55.00  24.00  61.72
 -55.00  25.00  61.97
 -55.00  26.00  62.10
 -55.00  27.00  62.09
 -54.00 -37.00  70.22
 -54.00 -36.00  71.19
 -54.00 -35.00  72.57
 -54.00 -34.00  74.16
 -54.00 -33.00  75.72
 -54.00 -32.00  77.05
 -54.00 -31.00  78.07
 -54.00 -30.00  78.79
 -54.00 -29.00  79.30
 -54.00 -28.00  79.79
 -54.00 -27.00  80.43
 -54.00 -26.00  81.37
 -54.00 -25.00  82.68
 -54.00 -24.00  84.31
 -54.00 -23.00  86.14
 -54.00 -22.00  87.97
 -54.00 -21.00  89.59
 -54.00 -20.00  90.81
 -54.00 -19.00  91.49
 -54.00 -18.00  91.60
 -54.00 -17.00  91.16
 -54.00 -16.00  90.28
 -54.00 -15.00  89.07
 -54.00 -14.00  87.67
 -54.00 -13.00  86.18
 -54.00 -12.00  84.67
 -54.00 -11.00  83.19
 -54.00 -10.00  81.78
 -54.00  -9.00  80.51
 -54.00  -8.00  79.45
 -54.00  -7.00  78.75
 -54.00  -6.00  78.56
 -54.00  -5.00  79.05
 -54.00  -4.00  80.35
 -54.00  -3.00  82.49
 -54.00  -2.00  85.44
 -54.00  -1.00  89.00
 -54.00   0.00  92.92
 -54.00   1.00  96.81
 -54.00   2.00 100.31
 -54.00   3.00 103.03
 -54.00   4.00 104.69
 -54.00   5.00 105.11
 -54.00   6.00 104.23
 -54.00   7.00 102.11
 -54.00   8.00  98.94
 -54.00   9.00  94.96
 -54.00  10.00  90.46
 -54.00  11.00  85.73
 -54.00  12.00  81.02
 -54.00  13.00  76.55
 -54.00  14.00  72.49
 -54.00  15.00  68.97
 -54.00  16.00  66.04
 -54.00  17.00  63.73
 -54.00  18.00  62.05
 -54.00  19.00  60.94
 -54.00  20.00  60.34
 -54.00  21.00  60.16
 -54.00  22.00  60.27
 -54.00  23.00  60.56
 -54.00  24.00  60.91
 -54.00  25.00  61.23
 -54.00  26.00  61.45
 -54.00  27.00  61.51
 -53.00 -37.00  70.84
 -53.00 -36.00  71.50
 -53.00 -35.00  72.69
 -53.00 -34.00  74.20
 -53.00 -33.00  75.79
 -53.00 -32.00  77.24
 -53.00 -31.00  78.41
 -53.00 -30.00  79.25
 -53.00 -29.00  79.83
 -53.00 -28.00  80.28
 -53.00 -27.00  80.81
 -53.00 -26.00  81.58
 -53.00 -25.00  82.71
 -53.00 -24.00  84.22
 -53.00 -23.00  86.02
 -53.00 -22.00  87.93
 -53.00 -21.00  89.73
 -53.00 -20.00  91.20
 -53.00 -19.00  92.17
 -53.00 -18.00  92.53
 -53.00 -17.00  92.29
 -53.00 -16.00  91.52
 -53.00 -15.00  90.34
 -53.00 -14.00  88.91
 -53.00 -13.00  87.35
 -53.00 -12.00  85.75
 -53.00 -11.00  84.18
 -53.00 -10.00  82.68
 -53.00  -9.00  81.27
 -53.00  -8.00  80.03
 -53.00  -7.00  79.05
 -53.00  -6.00  78.48
 -53.00  -5.00  78.47
 -53.00  -4.00  79.19
 -53.00  -3.00  80.75
 -53.00  -2.00  83.16
 -53.00  -1.00  86.33
 -53.00   0.00  90.06
 -53.00   1.00  94.03
 -53.00   2.00  97.86
 -53.00   3.00 101.17
 -53.00   4.00 103.59
 -53.00   5.00 104.86
 -53.00   6.00 104.83
 -53.00   7.00 103.48
 -53.00   8.00 100.91
 -53.00   9.00  97.32
 -53.00  10.00  93.00
 -53.00  11.00  88.23
 -53.00  12.00  83.31
 -53.00  13.00  78.51
 -53.00  14.00  74.04
 -53.00  15.00  70.07
 -53.00  16.00  66.71
 -53.00  17.00  64.01
 -53.00  18.00  61.98
 -53.00  19.00  60.59
 -53.00  20.00  59.77
 -53.00  21.00  59.43
 -53.00  22.00  59.45
 -53.00  23.00  59.70
 -53.00  24.00  60.08
 -53.00  25.00  60.46
 -53.00  26.00  60.75
 -53.00  27.00  60.91
 -52.00 -37.00  71.57
 -52.00 -36.00  71.89
 -52.00 -35.00  72.81
 -52.00 -34.00  74.17
 -52.00 -33.00  75.75
 -52.00 -32.00  77.30
 -52.00 -31.00  78.63
 -52.00 -30.00  79.63
 -52.00 -29.00  80.32
 -52.00 -28.00  80.79
 -52.00 -27.00  81.24
 -52.00 -26.00  81.86
 -52.00 -25.00  82.81
 -52.00 -24.00  84.16
 -52.00 -23.00  85.87
 -52.00 -22.00  87.81
 -52.00 -21.00  89.75
 -52.00 -20.00  91.45
 -52.00 -19.00  92.71
 -52.00 -18.00  93.38
 -52.00 -17.00  93.40
 -52.00 -16.00  92.82
 -52.00 -15.00  91.75
 -52.00 -14.00  90.33
 -52.00 -13.00  88.72
 -52.00 -12.00  87.04
 -52.00 -11.00  85.39
 -52.00 -10.00  83.79
 -52.00  -9.00  82.28
 -52.00  -8.00  80.90
 -52.00  -7.00  79.71
 -52.00  -6.00  78.82
 -52.00  -5.00  78.38
 -52.00  -4.00  78.56
 -52.00  -3.00  79.52
 -52.00  -2.00  81.33
 -52.00  -1.00  83.98
 -52.00   0.00  87.36
 -52.00   1.00  91.21
 -52.00   2.00  95.19
 -52.00   3.00  98.92
 -52.00   4.00 101.99
 -52.00   5.00 104.08
 -52.00   6.00 104.93
 -52.00   7.00 104.43
 -52.00   8.00 102.60
 -52.00   9.00  99.57
 -52.00  10.00  95.59
 -52.00  11.00  90.94
 -52.00  12.00  85.95
 -52.00  13.00  80.90
 -52.00  14.00  76.07
 -52.00  15.00  71.68
 -52.00  16.00  67.86
 -52.00  17.00  64.72
 -52.00  18.00  62.29
 -52.00  19.00  60.56
 -52.00  20.00  59.46
 -52.00  21.00  58.90
 -52.00  22.00  58.78
 -52.00  23.00  58.96
 -52.00  24.00  59.31
 -52.00  25.00  59.73
 -52.00  26.00  60.09
 -52.00  27.00  60.34
 -51.00 -37.00  72.41
 -51.00 -36.00  72.37
 -51.00 -35.00  72.96
 -51.00 -34.00  74.11
 -51.00 -33.00  75.60
 -51.00 -32.00  77.20
 -51.00 -31.00  78.68
 -51.00 -30.00  79.87
 -51.00 -29.00  80.71
 -51.00 -28.00  81.27
 -51.00 -27.00  81.70
 -51.00 -26.00  82.21
 -51.00 -25.00  82.98
 -51.00 -24.00  84.14
 -51.00 -23.00  85.70
 -51.00 -22.00  87.59
 -51.00 -21.00  89.61
 -51.00 -20.00  91.52
 -51.00 -19.00  93.08
 -51.00 -18.00  94.08
 -51.00 -17.00  94.43
 -51.00 -16.00  94.12
 -51.00 -15.00  93.22
 -51.00 -14.00  91.88
 -51.00 -13.00  90.26
 -51.00 -12.00  88.53
 -51.00 -11.00  86.78
 -51.00 -10.00  85.10
 -51.00  -9.00  83.50
 -51.00  -8.00  82.01
 -51.00  -7.00  80.66
 -51.00  -6.00  79.53
 -51.00  -5.00  78.74
 -51.00  -4.00  78.45
 -51.00  -3.00  78.83
 -51.00  -2.00  80.02
 -51.00  -1.00  82.08
 -51.00   0.00  84.97
 -51.00   1.00  88.52
 -51.00   2.00  92.45
 -51.00   3.00  96.40
 -51.00   4.00  99.97
 -51.00   5.00 102.77
 -51.00   6.00 104.47
 -51.00   7.00 104.87
 -51.00   8.00 103.89
 -51.00   9.00 101.58
 -51.00  10.00  98.11
 -51.00  11.00  93.76
 -51.00  12.00  88.83
 -51.00  13.00  83.66
 -51.00  14.00  78.55
 -51.00  15.00  73.76
 -51.00  16.00  69.50
 -51.00  17.00  65.90
 -51.00  18.00  63.02
 -51.00  19.00  60.88
 -51.00  20.00  59.44
 -51.00  21.00  58.61
 -51.00  22.00  58.29
 -51.00  23.00  58.35
 -51.00  24.00  58.64
 -51.00  25.00  59.05
 -51.00  26.00  59.46
 -51.00  27.00  59.79
 -50.00 -37.00  73.37
 -50.00 -36.00  72.95
 -50.00 -35.00  73.18
 -50.00 -34.00  74.03
 -50.00 -33.00  75.36
 -50.00 -32.00  76.95
 -50.00 -31.00  78.53
 -50.00 -30.00  79.90
 -50.00 -29.00  80.94
 -50.00 -28.00  81.65
 -50.00 -27.00  82.14
 -50.00 -26.00  82.58
 -50.00 -25.00  83.19
 -50.00 -24.00  84.15
 -50.00 -23.00  85.53
 -50.00 -22.00  87.31
 -50.00 -21.00  89.33
 -50.00 -20.00  91.39
 -50.00 -19.00  93.21
 -50.00 -18.00  94.57
 -50.00 -17.00  95.30
 -50.00 -16.00  95.32
 -50.00 -15.00  94.68
 -50.00 -14.00  93.50
 -50.00 -13.00  91.94
 -50.00 -12.00  90.18
 -50.00 -11.00  88.36
 -50.00 -10.00  86.58
 -50.00  -9.00  84.90
 -50.00  -8.00  83.31
 -50.00  -7.00  81.85
 -50.00  -6.00  80.54
 -50.00  -5.00  79.48
 -50.00  -4.00  78.81
 -50.00  -3.00  78.68
 -50.00  -2.00  79.27
 -50.00  -1.00  80.69
 -50.00   0.00  82.99
 -50.00   1.00  86.09
 -50.00   2.00  89.78
 -50.00   3.00  93.76
 -50.00   4.00  97.64
 -50.00   5.00 101.01
 -50.00   6.00 103.48
 -50.00   7.00 104.77
 -50.00   8.00 104.69
 -50.00   9.00 103.21
 -50.00  10.00 100.43
 -50.00  11.00  96.54
 -50.00  12.00  91.86
 -50.00  13.00  86.71
 -50.00  14.00  81.42
 -50.00  15.00  76.31
 -50.00  16.00  71.62
 -50.00  17.00  67.55
 -50.00  18.00  64.19
 -50.00  19.00  61.60
 -50.00  20.00  59.76
 -50.00  21.00  58.60
 -50.00  22.00  58.02
 -50.00  23.00  57.89
 -50.00  24.00  58.08
 -50.00  25.00  58.44
 -50.00  26.00  58.87
 -50.00  27.00  59.26
 -49.00 -37.00  74.44
 -49.00 -36.00  73.66
 -49.00 -35.00  73.49
 -49.00 -34.00  73.99
 -49.00 -33.00  75.07
 -49.00 -32.00  76.54
 -49.00 -31.00  78.17
 -49.00 -30.00  79.70
 -49.00 -29.00  80.96
 -49.00 -28.00  81.86
 -49.00 -27.00  82.47
 -49.00 -26.00  82.93
 -49.00 -25.00  83.43
 -49.00 -24.00  84.20
 -49.00 -23.00  85.37
 -49.00 -22.00  86.97
 -49.00 -21.00  88.93
 -49.00 -20.00  91.05
 -49.00 -19.00  93.10
 -49.00 -18.00  94.79
 -49.00 -17.00  95.91
 -49.00 -16.00  96.34
 -49.00 -15.00  96.05
 -49.00 -14.00  95.12
 -49.00 -13.00  93.69
 -49.00 -12.00  91.96
 -49.00 -11.00  90.10
 -49.00 -10.00  88.24
 -49.00  -9.00  86.45
 -49.00  -8.00  84.78
 -49.00  -7.00  83.22
 -49.00  -6.00  81.79
 -49.00  -5.00  80.53
 -49.00  -4.00  79.55
 -49.00  -3.00  79.00
 -49.00  -2.00  79.05
 -49.00  -1.00  79.85
 -49.00   0.00  81.52
 -49.00   1.00  84.05
 -49.00   2.00  87.34
 -49.00   3.00  91.15
 -49.00   4.00  95.13
 -49.00   5.00  98.88
 -49.00   6.00 102.00
 -49.00   7.00 104.11
 -49.00   8.00 104.95
 -49.00   9.00 104.37
 -49.00  10.00 102.40
 -49.00  11.00  99.15
 -49.00  12.00  94.88
 -49.00  13.00  89.92
 -49.00  14.00  84.59
 -49.00  15.00  79.26
 -49.00  16.00  74.21
 -49.00  17.00  69.68
 -49.00  18.00  65.83
 -49.00  19.00  62.75
 -49.00  20.00  60.45
 -49.00  21.00  58.89
 -49.00  22.00  57.99
 -49.00  23.00  57.61
 -49.00  24.00  57.63
 -49.00  25.00  57.91
 -49.00  26.00  58.32
 -49.00  27.00  58.74
 -48.00 -37.00  75.60
 -48.00 -36.00  74.50
 -48.00 -35.00  73.93
 -48.00 -34.00  74.03
 -48.00 -33.00  74.77
 -48.00 -32.00  76.04
 -48.00 -31.00  77.62
 -48.00 -30.00  79.25
 -48.00 -29.00  80.71
 -48.00 -28.00  81.84
 -48.00 -27.00  82.64
 -48.00 -26.00  83.18
 -48.00 -25.00  83.66
 -48.00 -24.00  84.28
 -48.00 -23.00  85.23
 -48.00 -22.00  86.62
 -48.00 -21.00  88.43
 -48.00 -20.00  90.54
 -48.00 -19.00  92.72
 -48.00 -18.00  94.70
 -48.00 -17.00  96.22
 -48.00 -16.00  97.09
 -48.00 -15.00  97.22
 -48.00 -14.00  96.64
 -48.00 -13.00  95.44
 -48.00 -12.00  93.82
 -48.00 -11.00  91.97
 -48.00 -10.00  90.04
 -48.00  -9.00  88.16
 -48.00  -8.00  86.38
 -48.00  -7.00  84.73
 -48.00  -6.00  83.20
 -48.00  -5.00  81.80
 -48.00  -4.00  80.61
 -48.00  -3.00  79.73
 -48.00  -2.00  79.32
 -48.00  -1.00  79.55
 -48.00   0.00  80.59
 -48.00   1.00  82.50
 -48.00   2.00  85.26
 -48.00   3.00  88.71
 -48.00   4.00  92.59
 -48.00   5.00  96.53
 -48.00   6.00 100.10
 -48.00   7.00 102.92
 -48.00   8.00 104.62
 -48.00   9.00 104.98
 -48.00  10.00 103.91
 -48.00  11.00 101.44
 -48.00  12.00  97.76
 -48.00  13.00  93.15
 -48.00  14.00  87.95
 -48.00  15.00  82.52
 -48.00  16.00  77.19
 -48.00  17.00  72.26
 -48.00  18.00  67.92
 -48.00  19.00  64.33
 -48.00  20.00  61.54
 -48.00  21.00  59.52
 -48.00  22.00  58.23
 -48.00  23.00  57.54
 -48.00  24.00  57.34
 -48.00  25.00  57.48
 -48.00  26.00  57.81
 -48.00  27.00  58.23
 -47.00 -37.00  76.79
 -47.00 -36.00  75.45
 -47.00 -35.00  74.52
 -47.00 -34.00  74.19
 -47.00 -33.00  74.54
 -47.00 -32.00  75.52
 -47.00 -31.00  76.94
 -47.00 -30.00  78.59
 -47.00 -29.00  80.19
 -47.00 -28.00  81.55
 -47.00 -27.00  82.57
 -47.00 -26.00  83.28
 -47.00 -25.00  83.80
 -47.00 -24.00  84.34
 -47.00 -23.00  85.11
 -47.00 -22.00  86.27
 -47.00 -21.00  87.88
 -47.00 -20.00  89.88
 -47.00 -19.00  92.11
 -47.00 -18.00  94.29
 -47.00 -17.00  96.17
 -47.00 -16.00  97.49
 -47.00 -15.00  98.10
 -47.00 -14.00  97.94
 -47.00 -13.00  97.08
 -47.00 -12.00  95.67
 -47.00 -11.00  93.89
 -47.00 -10.00  91.95
 -47.00  -9.00  89.98
 -47.00  -8.00  88.10
 -47.00  -7.00  86.35
 -47.00  -6.00  84.72
 -47.00  -5.00  83.22
 -47.00  -4.00  81.87
 -47.00  -3.00  80.75
 -47.00  -2.00  79.99
 -47.00  -1.00  79.74
 -47.00   0.00  80.19
 -47.00   1.00  81.47
 -47.00   2.00  83.63
 -47.00   3.00  86.60
 -47.00   4.00  90.19
 -47.00   5.00  94.10
 -47.00   6.00  97.94
 -47.00   7.00 101.29
 -47.00   8.00 103.75
 -47.00   9.00 105.00
 -47.00  10.00 104.86
 -47.00  11.00 103.28
 -47.00  12.00 100.33
 -47.00  13.00  96.26
 -47.00  14.00  91.35
 -47.00  15.00  85.98
 -47.00  16.00  80.49
 -47.00  17.00  75.23
 -47.00  18.00  70.45
 -47.00  19.00  66.35
 -47.00  20.00  63.03
 -47.00  21.00  60.51
 -47.00  22.00  58.77
 -47.00  23.00  57.71
 -47.00  24.00  57.22
 -47.00  25.00  57.15
 -47.00  26.00  57.37
 -47.00  27.00  57.74
 -46.00 -37.00  77.97
 -46.00 -36.00  76.47
 -46.00 -35.00  75.24
 -46.00 -34.00  74.51
 -46.00 -33.00  74.43
 -46.00 -32.00  75.03
 -46.00 -31.00  76.21
 -46.00 -30.00  77.76
 -46.00 -29.00  79.43
 -46.00 -28.00  80.98
 -46.00 -27.00  82.24
 -46.00 -26.00  83.16
 -46.00 -25.00  83.81
 -46.00 -24.00  84.35
 -46.00 -23.00  84.99
 -46.00 -22.00  85.94
 -46.00 -21.00  87.32
 -46.00 -20.00  89.15
 -46.00 -19.00  91.32
 -46.00 -18.00  93.62
 -46.00 -17.00  95.77
 -46.00 -16.00  97.50
 -46.00 -15.00  98.60
 -46.00 -14.00  98.93
 -46.00 -13.00  98.50
 -46.00 -12.00  97.40
 -46.00 -11.00  95.80
 -46.00 -10.00  93.90
 -46.00  -9.00  91.90
 -46.00  -8.00  89.92
 -46.00  -7.00  88.05
 -46.00  -6.00  86.32
 -46.00  -5.00  84.72
 -46.00  -4.00  83.26
 -46.00  -3.00  81.97
 -46.00  -2.00  80.94
 -46.00  -1.00  80.32
 -46.00   0.00  80.28
 -46.00   1.00  80.97
 -46.00   2.00  82.51
 -46.00   3.00  84.91
 -46.00   4.00  88.08
 -46.00   5.00  91.77
 -46.00   6.00  95.67
 -46.00   7.00  99.35
 -46.00   8.00 102.41
 -46.00   9.00 104.46
 -46.00  10.00 105.23
 -46.00  11.00 104.57
 -46.00  12.00 102.46
 -46.00  13.00  99.06
 -46.00  14.00  94.62
 -46.00  15.00  89.47
 -46.00  16.00  83.97
 -46.00  17.00  78.49
 -46.00  18.00  73.34
 -46.00  19.00  68.76
 -46.00  20.00  64.91
 -46.00  21.00  61.86
 -46.00  22.00  59.62
 -46.00  23.00  58.13
 -46.00  24.00  57.29
 -46.00  25.00  56.96
 -46.00  26.00  57.00
 -46.00  27.00  57.28
 -45.00 -37.00  79.06
 -45.00 -36.00  77.50
 -45.00 -35.00  76.06
 -45.00 -34.00  74.98
 -45.00 -33.00  74.48
 -45.00 -32.00  74.66
 -45.00 -31.00  75.50
 -45.00 -30.00  76.85
 -45.00 -29.00  78.49
 -45.00 -28.00  80.15
 -45.00 -27.00  81.62
 -45.00 -26.00  82.78
 -45.00 -25.00  83.62
 -45.00 -24.00  84.24
 -45.00 -23.00  84.84
 -45.00 -22.00  85.63
 -45.00 -21.00  86.78
 -45.00 -20.00  88.40
 -45.00 -19.00  90.43
 -45.00 -18.00  92.73
 -45.00 -17.00  95.06
 -45.00 -16.00  97.13
 -45.00 -15.00  98.69
 -45.00 -14.00  99.53
 -45.00 -13.00  99.60
 -45.00 -12.00  98.90
 -45.00 -11.00  97.58
 -45.00 -10.00  95.83
 -45.00  -9.00  93.84
 -45.00  -8.00  91.80
 -45.00  -7.00  89.82
 -45.00  -6.00  87.97
 -45.00  -5.00  86.27
 -45.00  -4.00  84.70
 -45.00  -3.00  83.29
 -45.00  -2.00  82.08
 -45.00  -1.00  81.18
 -45.00   0.00  80.74
 -45.00   1.00  80.92
 -45.00   2.00  81.89
 -45.00   3.00  83.71
 -45.00   4.00  86.36
 -45.00   5.00  89.70
 -45.00   6.00  93.46
 -45.00   7.00  97.28
 -45.00   8.00 100.75
 -45.00   9.00 103.45
 -45.00  10.00 105.04
 -45.00  11.00 105.27
 -45.00  12.00 104.06
 -45.00  13.00 101.44
 -45.00  14.00  97.60
 -45.00  15.00  92.83
 -45.00  16.00  87.48
 -45.00  17.00  81.91
 -45.00  18.00  76.49
 -45.00  19.00  71.49
 -45.00  20.00  67.13
 -45.00  21.00  63.55
 -45.00  22.00  60.79
 -45.00  23.00  58.82
 -45.00  24.00  57.57
 -45.00  25.00  56.92
 -45.00  26.00  56.73
 -45.00  27.00  56.87
 -44.00 -37.00  80.01
 -44.00 -36.00  78.47
 -44.00 -35.00  76.91
 -44.00 -34.00  75.56
 -44.00 -33.00  74.69
 -44.00 -32.00  74.45
 -44.00 -31.00  74.90
 -44.00 -30.00  75.96
 -44.00 -29.00  77.46
 -44.00 -28.00  79.14
 -44.00 -27.00  80.76
 -44.00 -26.00  82.14
 -44.00 -25.00  83.20
 -44.00 -24.00  83.97
 -44.00 -23.00  84.60
 -44.00 -22.00  85.30
 -44.00 -21.00  86.27
 -44.00 -20.00  87.66
 -44.00 -19.00  89.50
 -44.00 -18.00  91.72
 -44.00 -17.00  94.11
 -44.00 -16.00  96.43
 -44.00 -15.00  98.38
 -44.00 -14.00  99.72
 -44.00 -13.00 100.30
 -44.00 -12.00 100.08
 -44.00 -11.00  99.13
 -44.00 -10.00  97.62
 -44.00  -9.00  95.73
 -44.00  -8.00  93.68
 -44.00  -7.00  91.62
 -44.00  -6.00  89.65
 -44.00  -5.00  87.83
 -44.00  -4.00  86.16
 -44.00  -3.00  84.64
 -44.00  -2.00  83.29
 -44.00  -1.00  82.19
 -44.00   0.00  81.45
 -44.00   1.00  81.24
 -44.00   2.00  81.70
 -44.00   3.00  82.97
 -44.00   4.00  85.08
 -44.00   5.00  87.98
 -44.00   6.00  91.47
 -44.00   7.00  95.24
 -44.00   8.00  98.93
 -44.00   9.00 102.10
 -44.00  10.00 104.37
 -44.00  11.00 105.42
 -44.00  12.00 105.08
 -44.00  13.00 103.30
 -44.00  14.00 100.16
 -44.00  15.00  95.90
 -44.00  16.00  90.84
 -44.00  17.00  85.34
 -44.00  18.00  79.76
 -44.00  19.00  74.44
 -44.00  20.00  69.64
 -44.00  21.00  65.54
 -44.00  22.00  62.25
 -44.00  23.00  59.77
 -44.00  24.00  58.07
 -44.00  25.00  57.05
 -44.00  26.00  56.58
 -44.00  27.00  56.52
 -43.00 -37.00  80.85
 -43.00 -36.00  79.40
 -43.00 -35.00  77.80
 -43.00 -34.00  76.28
 -43.00 -33.00  75.10
 -43.00 -32.00  74.47
 -43.00 -31.00  74.51
 -43.00 -30.00  75.23
 -43.00 -29.00  76.49
 -43.00 -28.00  78.10
 -43.00 -27.00  79.78
 -43.00 -26.00  81.33
 -43.00 -25.00  82.59
 -43.00 -24.00  83.55
 -43.00 -23.00  84.27
 -43.00 -22.00  84.94
 -43.00 -21.00  85.78
 -43.00 -20.00  86.95
 -43.00 -19.00  88.58
 -43.00 -18.00  90.64
 -43.00 -17.00  93.02
 -43.00 -16.00  95.46
 -43.00 -15.00  97.71
 -43.00 -14.00  99.48
 -43.00 -13.00 100.57
 -43.00 -12.00 100.86
 -43.00 -11.00 100.35
 -43.00 -10.00  99.16
 -43.00  -9.00  97.46
 -43.00  -8.00  95.46
 -43.00  -7.00  93.35
 -43.00  -6.00  91.28
 -43.00  -5.00  89.33
 -43.00  -4.00  87.54
 -43.00  -3.00  85.91
 -43.00  -2.00  84.45
 -43.00  -1.00  83.19
 -43.00   0.00  82.23
 -43.00   1.00  81.70
 -43.00   2.00  81.75
 -43.00   3.00  82.52
 -43.00   4.00  84.11
 -43.00   5.00  86.53
 -43.00   6.00  89.65
 -43.00   7.00  93.24
 -43.00   8.00  96.96
 -43.00   9.00 100.43
 -43.00  10.00 103.23
 -43.00  11.00 105.00
 -43.00  12.00 105.48
 -43.00  13.00 104.53
 -43.00  14.00 102.16
 -43.00  15.00  98.53
 -43.00  16.00  93.89
 -43.00  17.00  88.59
 -43.00  18.00  82.99
 -43.00  19.00  77.45
 -43.00  20.00  72.29
 -43.00  21.00  67.73
 -43.00  22.00  63.92
 -43.00  23.00  60.94
 -43.00  24.00  58.77
 -43.00  25.00  57.34
 -43.00  26.00  56.55
 -43.00  27.00  56.26
 -42.00 -37.00  81.53
 -42.00 -36.00  80.20
 -42.00 -35.00  78.64
 -42.00 -34.00  77.03
 -42.00 -33.00  75.62
 -42.00 -32.00  74.65
 -42.00 -31.00  74.31
 -42.00 -30.00  74.65
 -42.00 -29.00  75.62
 -42.00 -28.00  77.06
 -42.00 -27.00  78.73
 -42.00 -26.00  80.38
 -42.00 -25.00  81.82
 -42.00 -24.00  82.96
 -42.00 -23.00  83.83
 -42.00 -22.00  84.54
 -42.00 -21.00  85.30
 -42.00 -20.00  86.31
 -42.00 -19.00  87.72
 -42.00 -18.00  89.60
 -42.00 -17.00  91.87
 -42.00 -16.00  94.35
 -42.00 -15.00  96.80
 -42.00 -14.00  98.93
 -42.00 -13.00 100.47
 -42.00 -12.00 101.26
 -42.00 -11.00 101.24
 -42.00 -10.00 100.44
 -42.00  -9.00  99.01
 -42.00  -8.00  97.14
 -42.00  -7.00  95.05
 -42.00  -6.00  92.91
 -42.00  -5.00  90.84
 -42.00  -4.00  88.92
 -42.00  -3.00  87.17
 -42.00  -2.00  85.60
 -42.00  -1.00  84.22
 -42.00   0.00  83.09
 -42.00   1.00  82.31
 -42.00   2.00  82.03
 -42.00   3.00  82.39
 -42.00   4.00  83.50
 -42.00   5.00  85.44
 -42.00   6.00  88.14
 -42.00   7.00  91.44
 -42.00   8.00  95.08
 -42.00   9.00  98.68
 -42.00  10.00 101.85
 -42.00  11.00 104.19
 -42.00  12.00 105.39
 -42.00  13.00 105.24
 -42.00  14.00 103.64
 -42.00  15.00 100.69
 -42.00  16.00  96.58
 -42.00  17.00  91.59
 -42.00  18.00  86.10
 -42.00  19.00  80.47
 -42.00  20.00  75.03
 -42.00  21.00  70.08
 -42.00  22.00  65.80
 -42.00  23.00  62.32
 -42.00  24.00  59.67
 -42.00  25.00  57.81
 -42.00  26.00  56.65
 -42.00  27.00  56.09
 -41.00 -37.00  82.07
 -41.00 -36.00  80.87
 -41.00 -35.00  79.39
 -41.00 -34.00  77.76
 -41.00 -33.00  76.20
 -41.00 -32.00  74.97
 -41.00 -31.00  74.27
 -41.00 -30.00  74.23
 -41.00 -29.00  74.88
 -41.00 -28.00  76.08
 -41.00 -27.00  77.65
 -41.00 -26.00  79.33
 -41.00 -25.00  80.91
 -41.00 -24.00  82.23
 -41.00 -23.00  83.26
 -41.00 -22.00  84.06
 -41.00 -21.00  84.81
 -41.00 -20.00  85.70
 -41.00 -19.00  86.93
 -41.00 -18.00  88.60
 -41.00 -17.00  90.72
 -41.00 -16.00  93.16
 -41.00 -15.00  95.72
 -41.00 -14.00  98.10
 -41.00 -13.00 100.04
 -41.00 -12.00 101.31
 -41.00 -11.00 101.77
 -41.00 -10.00 101.42
 -41.00  -9.00 100.33
 -41.00  -8.00  98.69
 -41.00  -7.00  96.68
 -41.00  -6.00  94.52
 -41.00  -5.00  92.36
 -41.00  -4.00  90.32
 -41.00  -3.00  88.44
 -41.00  -2.00  86.74
 -41.00  -1.00  85.24
 -41.00   0.00  83.97
 -41.00   1.00  83.01
 -41.00   2.00  82.46
 -41.00   3.00  82.47
 -41.00   4.00  83.18
 -41.00   5.00  84.66
 -41.00   6.00  86.93
 -41.00   7.00  89.90
 -41.00   8.00  93.34
 -41.00   9.00  96.94
 -41.00  10.00 100.33
 -41.00  11.00 103.11
 -41.00  12.00 104.91
 -41.00  13.00 105.47
 -41.00  14.00 104.63
 -41.00  15.00 102.39
 -41.00  16.00  98.86
 -41.00  17.00  94.30
 -41.00  18.00  89.03
 -41.00  19.00  83.42
 -41.00  20.00  77.82
 -41.00  21.00  72.54
 -41.00  22.00  67.84
 -41.00  23.00  63.89
 -41.00  24.00  60.75
 -41.00  25.00  58.44
 -41.00  26.00  56.90
 -41.00  27.00  56.02
 -40.00 -37.00  82.49
 -40.00 -36.00  81.41
 -40.00 -35.00  80.04
 -40.00 -34.00  78.45
 -40.00 -33.00  76.81
 -40.00 -32.00  75.38
 -40.00 -31.00  74.38
 -40.00 -30.00  73.99
 -40.00 -29.00  74.28
 -40.00 -28.00  75.20
 -40.00 -27.00  76.59
 -40.00 -26.00  78.24
 -40.00 -25.00  79.89
 -40.00 -24.00  81.36
 -40.00 -23.00  82.55
 -40.00 -22.00  83.48
 -40.00 -21.00  84.27
 -40.00 -20.00  85.10
 -40.00 -19.00  86.18
 -40.00 -18.00  87.66
 -40.00 -17.00  89.59
 -40.00 -16.00  91.93
 -40.00 -15.00  94.51
 -40.00 -14.00  97.07
 -40.00 -13.00  99.32
 -40.00 -12.00 101.02
 -40.00 -11.00 101.97
 -40.00 -10.00 102.09
 -40.00  -9.00 101.40
 -40.00  -8.00 100.05
 -40.00  -7.00  98.20
 -40.00  -6.00  96.08
 -40.00  -5.00  93.87
 -40.00  -4.00  91.72
 -40.00  -3.00  89.71
 -40.00  -2.00  87.88
 -40.00  -1.00  86.26
 -40.00   0.00  84.86
 -40.00   1.00  83.74
 -40.00   2.00  82.99
 -40.00   3.00  82.72
 -40.00   4.00  83.06
 -40.00   5.00  84.14
 -40.00   6.00  86.00
 -40.00   7.00  88.59
 -40.00   8.00  91.76
 -40.00   9.00  95.26
 -40.00  10.00  98.74
 -40.00  11.00 101.82
 -40.00  12.00 104.12
 -40.00  13.00 105.31
 -40.00  14.00 105.18
 -40.00  15.00 103.65
 -40.00  16.00 100.76
 -40.00  17.00  96.70
 -40.00  18.00  91.75
 -40.00  19.00  86.26
 -40.00  20.00  80.59
 -40.00  21.00  75.09
 -40.00  22.00  70.03
 -40.00  23.00  65.64
 -40.00  24.00  62.03
 -40.00  25.00  59.26
 -40.00  26.00  57.30
 -40.00  27.00  56.07
 -39.00 -37.00  82.83
 -39.00 -36.00  81.85
 -39.00 -35.00  80.60
 -39.00 -34.00  79.08
 -39.00 -33.00  77.43
 -39.00 -32.00  75.86
 -39.00 -31.00  74.62
 -39.00 -30.00  73.90
 -39.00 -29.00  73.83
 -39.00 -28.00  74.44
 -39.00 -27.00  75.60
 -39.00 -26.00  77.13
 -39.00 -25.00  78.80
 -39.00 -24.00  80.38
 -39.00 -23.00  81.73
 -39.00 -22.00  82.80
 -39.00 -21.00  83.67
 -39.00 -20.00  84.49
 -39.00 -19.00  85.46
 -39.00 -18.00  86.75
 -39.00 -17.00  88.50
 -39.00 -16.00  90.68
 -39.00 -15.00  93.21
 -39.00 -14.00  95.86
 -39.00 -13.00  98.36
 -39.00 -12.00 100.43
 -39.00 -11.00 101.83
 -39.00 -10.00 102.43
 -39.00  -9.00 102.20
 -39.00  -8.00 101.20
 -39.00  -7.00  99.59
 -39.00  -6.00  97.58
 -39.00  -5.00  95.38
 -39.00  -4.00  93.14
 -39.00  -3.00  91.01
 -39.00  -2.00  89.05
 -39.00  -1.00  87.30
 -39.00   0.00  85.77
 -39.00   1.00  84.50
 -39.00   2.00  83.56
 -39.00   3.00  83.06
 -39.00   4.00  83.10
 -39.00   5.00  83.81
 -39.00   6.00  85.27
 -39.00   7.00  87.48
 -39.00   8.00  90.34
 -39.00   9.00  93.66
 -39.00  10.00  97.13
 -39.00  11.00 100.39
 -39.00  12.00 103.07
 -39.00  13.00 104.81
 -39.00  14.00 105.34
 -39.00  15.00 104.50
 -39.00  16.00 102.28
 -39.00  17.00  98.78
 -39.00  18.00  94.25
 -39.00  19.00  88.99
 -39.00  20.00  83.35
 -39.00  21.00  77.70
 -39.00  22.00  72.36
 -39.00  23.00  67.57
 -39.00  24.00  63.51
 -39.00  25.00  60.28
 -39.00  26.00  57.87
 -39.00  27.00  56.26
 -38.00 -37.00  83.12
 -38.00 -36.00  82.22
 -38.00 -35.00  81.07
 -38.00 -34.00  79.66
 -38.00 -33.00  78.04
 -38.00 -32.00  76.40
 -38.00 -31.00  74.97
 -38.00 -30.00  73.96
 -38.00 -29.00  73.55
 -38.00 -28.00  73.82
 -38.00 -27.00  74.70
 -38.00 -26.00  76.06
 -38.00 -25.00  77.67
 -38.00 -24.00  79.30
 -38.00 -23.00  80.78
 -38.00 -22.00  82.00
 -38.00 -21.00  82.98
 -38.00 -20.00  83.83
 -38.00 -19.00  84.73
 -38.00 -18.00  85.88
 -38.00 -17.00  87.43
 -38.00 -16.00  89.44
 -38.00 -15.00  91.85
 -38.00 -14.00  94.51
 -38.00 -13.00  97.17
 -38.00 -12.00  99.55
 -38.00 -11.00 101.38
 -38.00 -10.00 102.46
 -38.00  -9.00 102.70
 -38.00  -8.00 102.12
 -38.00  -7.00 100.83
 -38.00  -6.00  99.00
 -38.00  -5.00  96.86
 -38.00  -4.00  94.59
 -38.00  -3.00  92.36
 -38.00  -2.00  90.26
 -38.00  -1.00  88.37
 -38.00   0.00  86.70
 -38.00   1.00  85.29
 -38.00   2.00  84.19
 -38.00   3.00  83.47
 -38.00   4.00  83.25
 -38.00   5.00  83.63
 -38.00   6.00  84.72
 -38.00   7.00  86.54
 -38.00   8.00  89.07
 -38.00   9.00  92.14
 -38.00  10.00  95.51
 -38.00  11.00  98.86
 -38.00  12.00 101.81
 -38.00  13.00 104.01
 -38.00  14.00 105.13
 -38.00  15.00 104.97
 -38.00  16.00 103.43
 -38.00  17.00 100.56
 -38.00  18.00  96.52
 -38.00  19.00  91.58
 -38.00  20.00  86.09
 -38.00  21.00  80.39
 -38.00  22.00  74.84
 -38.00  23.00  69.70
 -38.00  24.00  65.22
 -38.00  25.00  61.52
 -38.00  26.00  58.66
 -38.00  27.00  56.62
 -37.00 -37.00  83.40
 -37.00 -36.00  82.53
 -37.00 -35.00  81.48
 -37.00 -34.00  80.17
 -37.00 -33.00  78.64
 -37.00 -32.00  76.98
 -37.00 -31.00  75.42
 -37.00 -30.00  74.18
 -37.00 -29.00  73.45
 -37.00 -28.00  73.36
 -37.00 -27.00  73.92
 -37.00 -26.00  75.05
 -37.00 -25.00  76.53
 -37.00 -24.00  78.17
 -37.00 -23.00  79.73
 -37.00 -22.00  81.09
 -37.00 -21.00  82.20
 -37.00 -20.00  83.12
 -37.00 -19.00  84.00
 -37.00 -18.00  85.04
 -37.00 -17.00  86.40
 -37.00 -16.00  88.21
 -37.00 -15.00  90.47
 -37.00 -14.00  93.07
 -37.00 -13.00  95.81
 -37.00 -12.00  98.41
 -37.00 -11.00 100.61
 -37.00 -10.00 102.15
 -37.00  -9.00 102.89
 -37.00  -8.00 102.77
 -37.00  -7.00 101.86
 -37.00  -6.00 100.31
 -37.00  -5.00  98.31
 -37.00  -4.00  96.06
 -37.00  -3.00  93.76
 -37.00  -2.00  91.54
 -37.00  -1.00  89.50
 -37.00   0.00  87.68
 -37.00   1.00  86.12
 -37.00   2.00  84.85
 -37.00   3.00  83.95
 -37.00   4.00  83.48
 -37.00   5.00  83.57
 -37.00   6.00  84.30
 -37.00   7.00  85.75
 -37.00   8.00  87.92
 -37.00   9.00  90.69
 -37.00  10.00  93.89
 -37.00  11.00  97.24
 -37.00  12.00 100.37
 -37.00  13.00 102.94
 -37.00  14.00 104.59
 -37.00  15.00 105.08
 -37.00  16.00 104.23
 -37.00  17.00 102.01
 -37.00  18.00  98.54
 -37.00  19.00  94.03
 -37.00  20.00  88.78
 -37.00  21.00  83.14
 -37.00  22.00  77.45
 -37.00  23.00  72.04
 -37.00  24.00  67.17
 -37.00  25.00  63.02
 -37.00  26.00  59.68
 -37.00  27.00  57.19
 -36.00 -37.00  83.70
 -36.00 -36.00  82.80
 -36.00 -35.00  81.82
 -36.00 -34.00  80.63
 -36.00 -33.00  79.19
 -36.00 -32.00  77.58
 -36.00 -31.00  75.95
 -36.00 -30.00  74.52
 -36.00 -29.00  73.51
 -36.00 -28.00  73.08
 -36.00 -27.00  73.31
 -36.00 -26.00  74.14
 -36.00 -25.00  75.45
 -36.00 -24.00  77.01
 -36.00 -23.00  78.62
 -36.00 -22.00  80.09
 -36.00 -21.00  81.32
 -36.00 -20.00  82.34
 -36.00 -19.00  83.24
 -36.00 -18.00  84.21
 -36.00 -17.00  85.42
 -36.00 -16.00  87.02
 -36.00 -15.00  89.09
 -36.00 -14.00  91.57
 -36.00 -13.00  94.31
 -36.00 -12.00  97.06
 -36.00 -11.00  99.56
 -36.00 -10.00 101.52
 -36.00  -9.00 102.75
 -36.00  -8.00 103.13
 -36.00  -7.00 102.67
 -36.00  -6.00 101.46
 -36.00  -5.00  99.67
 -36.00  -4.00  97.52
 -36.00  -3.00  95.20
 -36.00  -2.00  92.89
 -36.00  -1.00  90.70
 -36.00   0.00  88.73
 -36.00   1.00  87.00
 -36.00   2.00  85.57
 -36.00   3.00  84.48
 -36.00   4.00  83.79
 -36.00   5.00  83.61
 -36.00   6.00  84.02
 -36.00   7.00  85.11
 -36.00   8.00  86.90
 -36.00   9.00  89.35
 -36.00  10.00  92.32
 -36.00  11.00  95.57
 -36.00  12.00  98.79
 -36.00  13.00 101.63
 -36.00  14.00 103.74
 -36.00  15.00 104.82
 -36.00  16.00 104.64
 -36.00  17.00 103.12
 -36.00  18.00 100.28
 -36.00  19.00  96.28
 -36.00  20.00  91.37
 -36.00  21.00  85.89
 -36.00  22.00  80.17
 -36.00  23.00  74.56
 -36.00  24.00  69.35
 -36.00  25.00  64.77
 -36.00  26.00  60.97
 -36.00  27.00  58.01
 -35.00 -37.00  84.03
 -35.00 -36.00  83.07
 -35.00 -35.00  82.12
 -35.00 -34.00  81.02
 -35.00 -33.00  79.69
 -35.00 -32.00  78.15
 -35.00 -31.00  76.52
 -35.00 -30.00  74.97
 -35.00 -29.00  73.73
 -35.00 -28.00  72.99
 -35.00 -27.00  72.87
 -35.00 -26.00  73.39
 -35.00 -25.00  74.46
 -35.00 -24.00  75.89
 -35.00 -23.00  77.48
 -35.00 -22.00  79.02
 -35.00 -21.00  80.38
 -35.00 -20.00  81.50
 -35.00 -19.00  82.46
 -35.00 -18.00  83.39
 -35.00 -17.00  84.48
 -35.00 -16.00  85.90
 -35.00 -15.00  87.76
 -35.00 -14.00  90.08
 -35.00 -13.00  92.74
 -35.00 -12.00  95.57
 -35.00 -11.00  98.28
 -35.00 -10.00 100.60
 -35.00  -9.00 102.29
 -35.00  -8.00 103.17
 -35.00  -7.00 103.19
 -35.00  -6.00 102.39
 -35.00  -5.00 100.90
 -35.00  -4.00  98.91
 -35.00  -3.00  96.64
 -35.00  -2.00  94.27
 -35.00  -1.00  91.97
 -35.00   0.00  89.84
 -35.00   1.00  87.95
 -35.00   2.00  86.35
 -35.00   3.00  85.07
 -35.00   4.00  84.18
 -35.00   5.00  83.74
 -35.00   6.00  83.85
 -35.00   7.00  84.60
 -35.00   8.00  86.03
 -35.00   9.00  88.13
 -35.00  10.00  90.82
 -35.00  11.00  93.91
 -35.00  12.00  97.13
 -35.00  13.00 100.16
 -35.00  14.00 102.63
 -35.00  15.00 104.22
 -35.00  16.00 104.68
 -35.00  17.00 103.84
 -35.00  18.00 101.66
 -35.00  19.00  98.24
 -35.00  20.00  93.77
 -35.00  21.00  88.55
 -35.00  22.00  82.90
 -35.00  23.00  77.18
 -35.00  24.00  71.71
 -35.00  25.00  66.75
 -35.00  26.00  62.50
 -35.00  27.00  59.06
 -34.00 -37.00  84.42
 -34.00 -36.00  83.34
 -34.00 -35.00  82.37
 -34.00 -34.00  81.33
 -34.00 -33.00  80.11
 -34.00 -32.00  78.67
 -34.00 -31.00  77.07
 -34.00 -30.00  75.47
 -34.00 -29.00  74.06
 -34.00 -28.00  73.07
 -34.00 -27.00  72.63
 -34.00 -26.00  72.83
 -34.00 -25.00  73.62
 -34.00 -24.00  74.87
 -34.00 -23.00  76.39
 -34.00 -22.00  77.95
 -34.00 -21.00  79.40
 -34.00 -20.00  80.63
 -34.00 -19.00  81.67
 -34.00 -18.00  82.61
 -34.00 -17.00  83.62
 -34.00 -16.00  84.88
 -34.00 -15.00  86.54
 -34.00 -14.00  88.66
 -34.00 -13.00  91.21
 -34.00 -12.00  94.02
 -34.00 -11.00  96.87
 -34.00 -10.00  99.47
 -34.00  -9.00 101.55
 -34.00  -8.00 102.91
 -34.00  -7.00 103.41
 -34.00  -6.00 103.06
 -34.00  -5.00 101.92
 -34.00  -4.00 100.17
 -34.00  -3.00  98.01
 -34.00  -2.00  95.65
 -34.00  -1.00  93.26
 -34.00   0.00  91.00
 -34.00   1.00  88.95
 -34.00   2.00  87.18
 -34.00   3.00  85.72
 -34.00   4.00  84.62
 -34.00   5.00  83.95
 -34.00   6.00  83.80
 -34.00   7.00  84.23
 -34.00   8.00  85.32
 -34.00   9.00  87.08
 -34.00  10.00  89.47
 -34.00  11.00  92.35
 -34.00  12.00  95.49
 -34.00  13.00  98.59
 -34.00  14.00 101.33
 -34.00  15.00 103.35
 -34.00  16.00 104.37
 -34.00  17.00 104.17
 -34.00  18.00 102.64
 -34.00  19.00  99.83
 -34.00  20.00  95.86
 -34.00  21.00  90.98
 -34.00  22.00  85.50
 -34.00  23.00  79.77
 -34.00  24.00  74.13
 -34.00  25.00  68.86
 -34.00  26.00  64.20
 -34.00  27.00  60.31
 -33.00 -37.00  84.85
 -33.00 -36.00  83.62
 -33.00 -35.00  82.58
 -33.00 -34.00  81.57
 -33.00 -33.00  80.43
 -33.00 -32.00  79.09
 -33.00 -31.00  77.56
 -33.00 -30.00  75.95
 -33.00 -29.00  74.45
 -33.00 -28.00  73.25
 -33.00 -27.00  72.55
 -33.00 -26.00  72.46
 -33.00 -25.00  72.97
 -33.00 -24.00  74.01
 -33.00 -23.00  75.41
 -33.00 -22.00  76.94
 -33.00 -21.00  78.44
 -33.00 -20.00  79.77
 -33.00 -19.00  80.89
 -33.00 -18.00  81.86
 -33.00 -17.00  82.83
 -33.00 -16.00  83.98
 -33.00 -15.00  85.47
 -33.00 -14.00  87.40
 -33.00 -13.00  89.79
 -33.00 -12.00  92.54
 -33.00 -11.00  95.45
 -33.00 -10.00  98.24
 -33.00  -9.00 100.64
 -33.00  -8.00 102.41
 -33.00  -7.00 103.37
 -33.00  -6.00 103.45
 -33.00  -5.00 102.70
 -33.00  -4.00 101.23
 -33.00  -3.00  99.23
 -33.00  -2.00  96.92
 -33.00  -1.00  94.51
 -33.00   0.00  92.14
 -33.00   1.00  89.95
 -33.00   2.00  88.01
 -33.00   3.00  86.38
 -33.00   4.00  85.10
 -33.00   5.00  84.23
 -33.00   6.00  83.83
 -33.00   7.00  83.99
 -33.00   8.00  84.77
 -33.00   9.00  86.22
 -33.00  10.00  88.31
 -33.00  11.00  90.95
 -33.00  12.00  93.95
 -33.00  13.00  97.06
 -33.00  14.00  99.96
 -33.00  15.00 102.30
 -33.00  16.00 103.77
 -33.00  17.00 104.13
 -33.00  18.00 103.21
 -33.00  19.00 100.98
 -33.00  20.00  97.52
 -33.00  21.00  93.04
 -33.00  22.00  87.81
 -33.00  23.00  82.15
 -33.00  24.00  76.42
 -33.00  25.00  70.93
 -33.00  26.00  65.94
 -33.00  27.00  61.65
 -32.00 -37.00  85.28
 -32.00 -36.00  83.89
 -32.00 -35.00  82.76
 -32.00 -34.00  81.73
 -32.00 -33.00  80.65
 -32.00 -32.00  79.39
 -32.00 -31.00  77.94
 -32.00 -30.00  76.36
 -32.00 -29.00  74.81
 -32.00 -28.00  73.49
 -32.00 -27.00  72.59
 -32.00 -26.00  72.24
 -32.00 -25.00  72.51
 -32.00 -24.00  73.35
 -32.00 -23.00  74.60
 -32.00 -22.00  76.08
 -32.00 -21.00  77.58
 -32.00 -20.00  78.97
 -32.00 -19.00  80.16
 -32.00 -18.00  81.18
 -32.00 -17.00  82.14
 -32.00 -16.00  83.21
 -32.00 -15.00  84.57
 -32.00 -14.00  86.34
 -32.00 -13.00  88.59
 -32.00 -12.00  91.24
 -32.00 -11.00  94.15
 -32.00 -10.00  97.06
 -32.00  -9.00  99.70
 -32.00  -8.00 101.79
 -32.00  -7.00 103.14
 -32.00  -6.00 103.62
 -32.00  -5.00 103.22
 -32.00  -4.00 102.04
 -32.00  -3.00 100.24
 -32.00  -2.00  98.03
 -32.00  -1.00  95.61
 -32.00   0.00  93.18
 -32.00   1.00  90.88
 -32.00   2.00  88.80
 -32.00   3.00  87.02
 -32.00   4.00  85.58
 -32.00   5.00  84.53
 -32.00   6.00  83.93
 -32.00   7.00  83.86
 -32.00   8.00  84.39
 -32.00   9.00  85.56
 -32.00  10.00  87.38
 -32.00  11.00  89.78
 -32.00  12.00  92.62
 -32.00  13.00  95.68
 -32.00  14.00  98.65
 -32.00  15.00 101.20
 -32.00  16.00 103.02
 -32.00  17.00 103.81
 -32.00  18.00 103.40
 -32.00  19.00 101.68
 -32.00  20.00  98.70
 -32.00  21.00  94.61
 -32.00  22.00  89.65
 -32.00  23.00  84.13
 -32.00  24.00  78.38
 -32.00  25.00  72.75
 -32.00  26.00  67.52
 -32.00  27.00  62.91
 -31.00 -37.00  85.63
 -31.00 -36.00  84.10
 -31.00 -35.00  82.88
 -31.00 -34.00  81.82
 -31.00 -33.00  80.76
 -31.00 -32.00  79.56
 -31.00 -31.00  78.17
 -31.00 -30.00  76.64
 -31.00 -29.00  75.08
 -31.00 -28.00  73.69
 -31.00 -27.00  72.65
 -31.00 -26.00  72.14
 -31.00 -25.00  72.22
 -31.00 -24.00  72.87
 -31.00 -23.00  73.99
 -31.00 -22.00  75.40
 -31.00 -21.00  76.89
 -31.00 -20.00  78.31
 -31.00 -19.00  79.55
 -31.00 -18.00  80.61
 -31.00 -17.00  81.57
 -31.00 -16.00  82.60
 -31.00 -15.00  83.87
 -31.00 -14.00  85.52
 -31.00 -13.00  87.65
 -31.00 -12.00  90.21
 -31.00 -11.00  93.10
 -31.00 -10.00  96.07
 -31.00  -9.00  98.86
 -31.00  -8.00 101.20
 -31.00  -7.00 102.83
 -31.00  -6.00 103.63
 -31.00  -5.00 103.53
 -31.00  -4.00 102.60
 -31.00  -3.00 100.99
 -31.00  -2.00  98.88
 -31.00  -1.00  96.49
 -31.00   0.00  94.03
 -31.00   1.00  91.65
 -31.00   2.00  89.46
 -31.00   3.00  87.56
 -31.00   4.00  85.99
 -31.00   5.00  84.80
 -31.00   6.00  84.05
 -31.00   7.00  83.80
 -31.00   8.00  84.13
 -31.00   9.00  85.08
 -31.00  10.00  86.68
 -31.00  11.00  88.88
 -31.00  12.00  91.57
 -31.00  13.00  94.54
 -31.00  14.00  97.52
 -31.00  15.00 100.19
 -31.00  16.00 102.23
 -31.00  17.00 103.34
 -31.00  18.00 103.29
 -31.00  19.00 101.97
 -31.00  20.00  99.37
 -31.00  21.00  95.61
 -31.00  22.00  90.90
 -31.00  23.00  85.53
 -31.00  24.00  79.82
 -31.00  25.00  74.12
 -31.00  26.00  68.73
 -31.00  27.00  63.89
 -30.00 -37.00  86.35
 -30.00 -36.00  84.77
 -30.00 -35.00  83.54
 -30.00 -34.00  82.52
 -30.00 -33.00  81.53
 -30.00 -32.00  80.42
 -30.00 -31.00  79.12
 -30.00 -30.00  77.65
 -30.00 -29.00  76.12
 -30.00 -28.00  74.70
 -30.00 -27.00  73.60
 -30.00 -26.00  72.98
 -30.00 -25.00  72.94
 -30.00 -24.00  73.49
 -30.00 -23.00  74.51
 -30.00 -22.00  75.85
 -30.00 -21.00  77.30
 -30.00 -20.00  78.70
 -30.00 -19.00  79.92
 -30.00 -18.00  80.95
 -30.00 -17.00  81.85
 -30.00 -16.00  82.79
 -30.00 -15.00  83.94
 -30.00 -14.00  85.46
 -30.00 -13.00  87.46
 -30.00 -12.00  89.94
 -30.00 -11.00  92.78
 -30.00 -10.00  95.77
 -30.00  -9.00  98.64
 -30.00  -8.00 101.10
 -30.00  -7.00 102.89
 -30.00  -6.00 103.85
 -30.00  -5.00 103.89
 -30.00  -4.00 103.07
 -30.00  -3.00 101.52
 -30.00  -2.00  99.43
 -30.00  -1.00  97.02
 -30.00   0.00  94.50
 -30.00   1.00  92.05
 -30.00   2.00  89.80
 -30.00   3.00  87.81
 -30.00   4.00  86.15
 -30.00   5.00  84.84
 -30.00   6.00  83.95
 -30.00   7.00  83.53
 -30.00   8.00  83.64
 -30.00   9.00  84.36
 -30.00  10.00  85.72
 -30.00  11.00  87.69
 -30.00  12.00  90.20
 -30.00  13.00  93.05
 -30.00  14.00  95.99
 -30.00  15.00  98.72
 -30.00  16.00 100.91
 -30.00  17.00 102.24
 -30.00  18.00 102.47
 -30.00  19.00 101.46
 -30.00  20.00  99.17
 -30.00  21.00  95.69
 -30.00  22.00  91.22
 -30.00  23.00  86.04
 -30.00  24.00  80.46
 -30.00  25.00  74.83
 -30.00  26.00  69.46
 -30.00  27.00  64.60
