 -83.00 -37.00  18.86
 -83.00 -36.00  18.44
 -83.00 -35.00  18.13
 -83.00 -34.00  17.92
 -83.00 -33.00  17.78
 -83.00 -32.00  17.68
 -83.00 -31.00  17.57
 -83.00 -30.00  17.44
 -83.00 -29.00  17.27
 -83.00 -28.00  17.07
 -83.00 -27.00  16.84
 -83.00 -26.00  16.64
 -83.00 -25.00  16.48
 -83.00 -24.00  16.41
 -83.00 -23.00  16.44
 -83.00 -22.00  16.58
 -83.00 -21.00  16.80
 -83.00 -20.00  17.06
 -83.00 -19.00  17.32
 -83.00 -18.00  17.51
 -83.00 -17.00  17.59
 -83.00 -16.00  17.54
 -83.00 -15.00  17.35
 -83.00 -14.00  17.02
 -83.00 -13.00  16.60
 -83.00 -12.00  16.13
 -83.00 -11.00  15.64
 -83.00 -10.00  15.19
 -83.00  -9.00  14.78
 -83.00  -8.00  14.43
 -83.00  -7.00  14.12
 -83.00  -6.00  13.84
 -83.00  -5.00  13.55
 -83.00  -4.00  13.25
 -83.00  -3.00  12.93
 -83.00  -2.00  12.59
 -83.00  -1.00  12.28
 -83.00   0.00  12.00
 -83.00   1.00  11.81
 -83.00   2.00  11.73
 -83.00   3.00  11.76
 -83.00   4.00  11.90
 -83.00   5.00  12.12
 -83.00   6.00  12.40
 -83.00   7.00  12.69
 -83.00   8.00  12.97
 -83.00   9.00  13.23
 -83.00  10.00  13.45
 -83.00  11.00  13.66
 -83.00  12.00  13.88
 -83.00  13.00  14.13
 -83.00  14.00  14.43
 -83.00  15.00  14.79
 -83.00  16.00  15.18
 -83.00  17.00  15.58
 -83.00  18.00  15.94
 -83.00  19.00  16.21
 -83.00  20.00  16.36
 -83.00  21.00  16.36
 -83.00  22.00  16.20
 -83.00  23.00  15.93
 -83.00  24.00  15.56
 -83.00  25.00  15.14
 -83.00  26.00  14.72
 -83.00  27.00  14.34
 -82.00 -37.00  19.12
 -82.00 -36.00  18.72
 -82.00 -35.00  18.43
 -82.00 -34.00  18.23
 -82.00 -33.00  18.10
 -82.00 -32.00  18.00
 -82.00 -31.00  17.90
 -82.00 -30.00  17.77
 -82.00 -29.00  17.60
 -82.00 -28.00  17.39
 -82.00 -27.00  17.17
 -82.00 -26.00  16.96
 -82.00 -25.00  16.82
 -82.00 -24.00  16.76
 -82.00 -23.00  16.81
 -82.00 -22.00  16.96
 -82.00 -21.00  17.19
 -82.00 -20.00  17.45
 -82.00 -19.00  17.70
 -82.00 -18.00  17.88
 -82.00 -17.00  17.95
 -82.00 -16.00  17.89
 -82.00 -15.00  17.68
 -82.00 -14.00  17.36
 -82.00 -13.00  16.94
 -82.00 -12.00  16.47
 -82.00 -11.00  16.01
 -82.00 -10.00  15.57
 -82.00  -9.00  15.18
 -82.00  -8.00  14.84
 -82.00  -7.00  14.54
 -82.00  -6.00  14.26
 -82.00  -5.00  13.96
 -82.00  -4.00  13.65
 -82.00  -3.00  13.31
 -82.00  -2.00  12.97
 -82.00  -1.00  12.64
 -82.00   0.00  12.37
 -82.00   1.00  12.18
 -82.00   2.00  12.10
 -82.00   3.00  12.14
 -82.00   4.00  12.28
 -82.00   5.00  12.51
 -82.00   6.00  12.79
 -82.00   7.00  13.07
 -82.00   8.00  13.34
 -82.00   9.00  13.58
 -82.00  10.00  13.79
 -82.00  11.00  13.99
 -82.00  12.00  14.19
 -82.00  13.00  14.43
 -82.00  14.00  14.73
 -82.00  15.00  15.08
 -82.00  16.00  15.46
 -82.00  17.00  15.85
 -82.00  18.00  16.19
 -82.00  19.00  16.44
 -82.00  20.00  16.57
 -82.00  21.00  16.55
 -82.00  22.00  16.39
 -82.00  23.00  16.10
 -82.00  24.00  15.73
 -82.00  25.00  15.33
 -82.00  26.00  14.93
 -82.00  27.00  14.56
 -81.00 -37.00  19.40
 -81.00 -36.00  19.02
 -81.00 -35.00  18.75
 -81.00 -34.00  18.56
 -81.00 -33.00  18.44
 -81.00 -32.00  18.35
 -81.00 -31.00  18.25
 -81.00 -30.00  18.12
 -81.00 -29.00  17.94
 -81.00 -28.00  17.74
 -81.00 -27.00  17.52
 -81.00 -26.00  17.33
 -81.00 -25.00  17.20
 -81.00 -24.00  17.15
 -81.00 -23.00  17.21
 -81.00 -22.00  17.37
 -81.00 -21.00  17.60
 -81.00 -20.00  17.87
 -81.00 -19.00  18.12
 -81.00 -18.00  18.29
 -81.00 -17.00  18.35
 -81.00 -16.00  18.28
 -81.00 -15.00  18.07
 -81.00 -14.00  17.75
 -81.00 -13.00  17.34
 -81.00 -12.00  16.88
 -81.00 -11.00  16.43
 -81.00 -10.00  16.01
 -81.00  -9.00  15.64
 -81.00  -8.00  15.31
 -81.00  -7.00  15.02
 -81.00  -6.00  14.73
 -81.00  -5.00  14.44
 -81.00  -4.00  14.11
 -81.00  -3.00  13.76
 -81.00  -2.00  13.41
 -81.00  -1.00  13.07
 -81.00   0.00  12.80
 -81.00   1.00  12.61
 -81.00   2.00  12.53
 -81.00   3.00  12.57
 -81.00   4.00  12.72
 -81.00   5.00  12.95
 -81.00   6.00  13.22
 -81.00   7.00  13.49
 -81.00   8.00  13.75
 -81.00   9.00  13.98
 -81.00  10.00  14.17
 -81.00  11.00  14.35
 -81.00  12.00  14.54
 -81.00  13.00  14.77
 -81.00  14.00  15.06
 -81.00  15.00  15.40
 -81.00  16.00  15.77
 -81.00  17.00  16.14
 -81.00  18.00  16.47
 -81.00  19.00  16.71
 -81.00  20.00  16.83
 -81.00  21.00  16.80
 -81.00  22.00  16.63
 -81.00  23.00  16.34
 -81.00  24.00  15.97
 -81.00  25.00  15.58
 -81.00  26.00  15.20
 -81.00  27.00  14.85
 -80.00 -37.00  19.71
 -80.00 -36.00  19.34
 -80.00 -35.00  19.08
 -80.00 -34.00  18.91
 -80.00 -33.00  18.80
 -80.00 -32.00  18.71
 -80.00 -31.00  18.62
 -80.00 -30.00  18.49
 -80.00 -29.00  18.32
 -80.00 -28.00  18.12
 -80.00 -27.00  17.91
 -80.00 -26.00  17.73
 -80.00 -25.00  17.61
 -80.00 -24.00  17.58
 -80.00 -23.00  17.65
 -80.00 -22.00  17.82
 -80.00 -21.00  18.05
 -80.00 -20.00  18.32
 -80.00 -19.00  18.57
 -80.00 -18.00  18.74
 -80.00 -17.00  18.80
 -80.00 -16.00  18.73
 -80.00 -15.00  18.52
 -80.00 -14.00  18.19
 -80.00 -13.00  17.79
 -80.00 -12.00  17.35
 -80.00 -11.00  16.92
 -80.00 -10.00  16.51
 -80.00  -9.00  16.16
 -80.00  -8.00  15.84
 -80.00  -7.00  15.55
 -80.00  -6.00  15.27
 -80.00  -5.00  14.97
 -80.00  -4.00  14.64
 -80.00  -3.00  14.28
 -80.00  -2.00  13.91
 -80.00  -1.00  13.57
 -80.00   0.00  13.29
 -80.00   1.00  13.10
 -80.00   2.00  13.02
 -80.00   3.00  13.06
 -80.00   4.00  13.21
 -80.00   5.00  13.43
 -80.00   6.00  13.69
 -80.00   7.00  13.96
 -80.00   8.00  14.20
 -80.00   9.00  14.41
 -80.00  10.00  14.59
 -80.00  11.00  14.75
 -80.00  12.00  14.93
 -80.00  13.00  15.15
 -80.00  14.00  15.42
 -80.00  15.00  15.75
 -80.00  16.00  16.11
 -80.00  17.00  16.48
 -80.00  18.00  16.80
 -80.00  19.00  17.03
 -80.00  20.00  17.13
 -80.00  21.00  17.10
 -80.00  22.00  16.92
 -80.00  23.00  16.64
 -80.00  24.00  16.28
 -80.00  25.00  15.90
 -80.00  26.00  15.53
 -80.00  27.00  15.21
 -79.00 -37.00  20.03
 -79.00 -36.00  19.68
 -79.00 -35.00  19.43
 -79.00 -34.00  19.27
 -79.00 -33.00  19.17
 -79.00 -32.00  19.09
 -79.00 -31.00  19.00
 -79.00 -30.00  18.88
 -79.00 -29.00  18.72
 -79.00 -28.00  18.53
 -79.00 -27.00  18.33
 -79.00 -26.00  18.16
 -79.00 -25.00  18.05
 -79.00 -24.00  18.03
 -79.00 -23.00  18.11
 -79.00 -22.00  18.29
 -79.00 -21.00  18.53
 -79.00 -20.00  18.80
 -79.00 -19.00  19.05
 -79.00 -18.00  19.22
 -79.00 -17.00  19.28
 -79.00 -16.00  19.21
 -79.00 -15.00  19.01
 -79.00 -14.00  18.69
 -79.00 -13.00  18.30
 -79.00 -12.00  17.88
 -79.00 -11.00  17.45
 -79.00 -10.00  17.07
 -79.00  -9.00  16.72
 -79.00  -8.00  16.42
 -79.00  -7.00  16.14
 -79.00  -6.00  15.86
 -79.00  -5.00  15.55
 -79.00  -4.00  15.22
 -79.00  -3.00  14.86
 -79.00  -2.00  14.49
 -79.00  -1.00  14.14
 -79.00   0.00  13.85
 -79.00   1.00  13.66
 -79.00   2.00  13.58
 -79.00   3.00  13.62
 -79.00   4.00  13.76
 -79.00   5.00  13.97
 -79.00   6.00  14.22
 -79.00   7.00  14.47
 -79.00   8.00  14.70
 -79.00   9.00  14.89
 -79.00  10.00  15.05
 -79.00  11.00  15.19
 -79.00  12.00  15.36
 -79.00  13.00  15.56
 -79.00  14.00  15.82
 -79.00  15.00  16.14
 -79.00  16.00  16.50
 -79.00  17.00  16.86
 -79.00  18.00  17.17
 -79.00  19.00  17.39
 -79.00  20.00  17.49
 -79.00  21.00  17.45
 -79.00  22.00  17.28
 -79.00  23.00  17.00
 -79.00  24.00  16.65
 -79.00  25.00  16.28
 -79.00  26.00  15.94
 -79.00  27.00  15.64
 -78.00 -37.00  20.36
 -78.00 -36.00  20.02
 -78.00 -35.00  19.79
 -78.00 -34.00  19.64
 -78.00 -33.00  19.54
 -78.00 -32.00  19.47
 -78.00 -31.00  19.40
 -78.00 -30.00  19.28
 -78.00 -29.00  19.13
 -78.00 -28.00  18.95
 -78.00 -27.00  18.77
 -78.00 -26.00  18.61
 -78.00 -25.00  18.52
 -78.00 -24.00  18.51
 -78.00 -23.00  18.60
 -78.00 -22.00  18.79
 -78.00 -21.00  19.04
 -78.00 -20.00  19.32
 -78.00 -19.00  19.57
 -78.00 -18.00  19.74
 -78.00 -17.00  19.81
 -78.00 -16.00  19.74
 -78.00 -15.00  19.54
 -78.00 -14.00  19.24
 -78.00 -13.00  18.86
 -78.00 -12.00  18.45
 -78.00 -11.00  18.04
 -78.00 -10.00  17.67
 -78.00  -9.00  17.34
 -78.00  -8.00  17.05
 -78.00  -7.00  16.77
 -78.00  -6.00  16.50
 -78.00  -5.00  16.20
 -78.00  -4.00  15.86
 -78.00  -3.00  15.50
 -78.00  -2.00  15.12
 -78.00  -1.00  14.77
 -78.00   0.00  14.48
 -78.00   1.00  14.28
 -78.00   2.00  14.20
 -78.00   3.00  14.23
 -78.00   4.00  14.36
 -78.00   5.00  14.56
 -78.00   6.00  14.80
 -78.00   7.00  15.03
 -78.00   8.00  15.24
 -78.00   9.00  15.41
 -78.00  10.00  15.55
 -78.00  11.00  15.68
 -78.00  12.00  15.83
 -78.00  13.00  16.02
 -78.00  14.00  16.27
 -78.00  15.00  16.58
 -78.00  16.00  16.93
 -78.00  17.00  17.28
 -78.00  18.00  17.59
 -78.00  19.00  17.81
 -78.00  20.00  17.91
 -78.00  21.00  17.87
 -78.00  22.00  17.70
 -78.00  23.00  17.43
 -78.00  24.00  17.09
 -78.00  25.00  16.73
 -78.00  26.00  16.41
 -78.00  27.00  16.13
 -77.00 -37.00  20.70
 -77.00 -36.00  20.37
 -77.00 -35.00  20.15
 -77.00 -34.00  20.01
 -77.00 -33.00  19.93
 -77.00 -32.00  19.87
 -77.00 -31.00  19.80
 -77.00 -30.00  19.70
 -77.00 -29.00  19.57
 -77.00 -28.00  19.40
 -77.00 -27.00  19.23
 -77.00 -26.00  19.09
 -77.00 -25.00  19.01
 -77.00 -24.00  19.01
 -77.00 -23.00  19.12
 -77.00 -22.00  19.32
 -77.00 -21.00  19.58
 -77.00 -20.00  19.86
 -77.00 -19.00  20.11
 -77.00 -18.00  20.30
 -77.00 -17.00  20.37
 -77.00 -16.00  20.31
 -77.00 -15.00  20.12
 -77.00 -14.00  19.83
 -77.00 -13.00  19.46
 -77.00 -12.00  19.06
 -77.00 -11.00  18.67
 -77.00 -10.00  18.32
 -77.00  -9.00  18.00
 -77.00  -8.00  17.72
 -77.00  -7.00  17.45
 -77.00  -6.00  17.19
 -77.00  -5.00  16.89
 -77.00  -4.00  16.56
 -77.00  -3.00  16.19
 -77.00  -2.00  15.82
 -77.00  -1.00  15.47
 -77.00   0.00  15.17
 -77.00   1.00  14.97
 -77.00   2.00  14.88
 -77.00   3.00  14.90
 -77.00   4.00  15.02
 -77.00   5.00  15.21
 -77.00   6.00  15.43
 -77.00   7.00  15.65
 -77.00   8.00  15.84
 -77.00   9.00  15.99
 -77.00  10.00  16.11
 -77.00  11.00  16.22
 -77.00  12.00  16.35
 -77.00  13.00  16.52
 -77.00  14.00  16.76
 -77.00  15.00  17.06
 -77.00  16.00  17.40
 -77.00  17.00  17.75
 -77.00  18.00  18.06
 -77.00  19.00  18.28
 -77.00  20.00  18.38
 -77.00  21.00  18.34
 -77.00  22.00  18.18
 -77.00  23.00  17.92
 -77.00  24.00  17.59
 -77.00  25.00  17.25
 -77.00  26.00  16.94
 -77.00  27.00  16.68
 -76.00 -37.00  21.12
 -76.00 -36.00  20.80
 -76.00 -35.00  20.57
 -76.00 -34.00  20.43
 -76.00 -33.00  20.35
 -76.00 -32.00  20.29
 -76.00 -31.00  20.21
 -76.00 -30.00  20.11
 -76.00 -29.00  19.97
 -76.00 -28.00  19.81
 -76.00 -27.00  19.64
 -76.00 -26.00  19.50
 -76.00 -25.00  19.43
 -76.00 -24.00  19.44
 -76.00 -23.00  19.55
 -76.00 -22.00  19.75
 -76.00 -21.00  20.00
 -76.00 -20.00  20.28
 -76.00 -19.00  20.52
 -76.00 -18.00  20.69
 -76.00 -17.00  20.75
 -76.00 -16.00  20.69
 -76.00 -15.00  20.51
 -76.00 -14.00  20.23
 -76.00 -13.00  19.89
 -76.00 -12.00  19.52
 -76.00 -11.00  19.17
 -76.00 -10.00  18.84
 -76.00  -9.00  18.55
 -76.00  -8.00  18.29
 -76.00  -7.00  18.04
 -76.00  -6.00  17.78
 -76.00  -5.00  17.48
 -76.00  -4.00  17.14
 -76.00  -3.00  16.78
 -76.00  -2.00  16.40
 -76.00  -1.00  16.04
 -76.00   0.00  15.75
 -76.00   1.00  15.54
 -76.00   2.00  15.44
 -76.00   3.00  15.45
 -76.00   4.00  15.56
 -76.00   5.00  15.73
 -76.00   6.00  15.92
 -76.00   7.00  16.11
 -76.00   8.00  16.27
 -76.00   9.00  16.38
 -76.00  10.00  16.47
 -76.00  11.00  16.56
 -76.00  12.00  16.67
 -76.00  13.00  16.83
 -76.00  14.00  17.07
 -76.00  15.00  17.37
 -76.00  16.00  17.72
 -76.00  17.00  18.07
 -76.00  18.00  18.39
 -76.00  19.00  18.62
 -76.00  20.00  18.73
 -76.00  21.00  18.70
 -76.00  22.00  18.54
 -76.00  23.00  18.27
 -76.00  24.00  17.95
 -76.00  25.00  17.61
 -76.00  26.00  17.31
 -76.00  27.00  17.07
 -75.00 -37.00  21.57
 -75.00 -36.00  21.24
 -75.00 -35.00  21.01
 -75.00 -34.00  20.87
 -75.00 -33.00  20.79
 -75.00 -32.00  20.72
 -75.00 -31.00  20.65
 -75.00 -30.00  20.54
 -75.00 -29.00  20.40
 -75.00 -28.00  20.24
 -75.00 -27.00  20.07
 -75.00 -26.00  19.94
 -75.00 -25.00  19.88
 -75.00 -24.00  19.90
 -75.00 -23.00  20.01
 -75.00 -22.00  20.21
 -75.00 -21.00  20.46
 -75.00 -20.00  20.73
 -75.00 -19.00  20.96
 -75.00 -18.00  21.12
 -75.00 -17.00  21.18
 -75.00 -16.00  21.11
 -75.00 -15.00  20.94
 -75.00 -14.00  20.68
 -75.00 -13.00  20.36
 -75.00 -12.00  20.02
 -75.00 -11.00  19.69
 -75.00 -10.00  19.40
 -75.00  -9.00  19.14
 -75.00  -8.00  18.90
 -75.00  -7.00  18.66
 -75.00  -6.00  18.41
 -75.00  -5.00  18.11
 -75.00  -4.00  17.77
 -75.00  -3.00  17.40
 -75.00  -2.00  17.02
 -75.00  -1.00  16.66
 -75.00   0.00  16.36
 -75.00   1.00  16.15
 -75.00   2.00  16.04
 -75.00   3.00  16.04
 -75.00   4.00  16.13
 -75.00   5.00  16.28
 -75.00   6.00  16.44
 -75.00   7.00  16.60
 -75.00   8.00  16.71
 -75.00   9.00  16.79
 -75.00  10.00  16.85
 -75.00  11.00  16.91
 -75.00  12.00  16.99
 -75.00  13.00  17.15
 -75.00  14.00  17.37
 -75.00  15.00  17.68
 -75.00  16.00  18.04
 -75.00  17.00  18.40
 -75.00  18.00  18.73
 -75.00  19.00  18.97
 -75.00  20.00  19.09
 -75.00  21.00  19.07
 -75.00  22.00  18.91
 -75.00  23.00  18.65
 -75.00  24.00  18.33
 -75.00  25.00  17.99
 -75.00  26.00  17.70
 -75.00  27.00  17.47
 -74.00 -37.00  22.04
 -74.00 -36.00  21.70
 -74.00 -35.00  21.47
 -74.00 -34.00  21.33
 -74.00 -33.00  21.24
 -74.00 -32.00  21.18
 -74.00 -31.00  21.10
 -74.00 -30.00  20.99
 -74.00 -29.00  20.85
 -74.00 -28.00  20.69
 -74.00 -27.00  20.53
 -74.00 -26.00  20.41
 -74.00 -25.00  20.35
 -74.00 -24.00  20.37
 -74.00 -23.00  20.49
 -74.00 -22.00  20.69
 -74.00 -21.00  20.94
 -74.00 -20.00  21.20
 -74.00 -19.00  21.43
 -74.00 -18.00  21.58
 -74.00 -17.00  21.63
 -74.00 -16.00  21.57
 -74.00 -15.00  21.40
 -74.00 -14.00  21.15
 -74.00 -13.00  20.86
 -74.00 -12.00  20.55
 -74.00 -11.00  20.25
 -74.00 -10.00  19.99
 -74.00  -9.00  19.75
 -74.00  -8.00  19.54
 -74.00  -7.00  19.32
 -74.00  -6.00  19.07
 -74.00  -5.00  18.78
 -74.00  -4.00  18.44
 -74.00  -3.00  18.06
 -74.00  -2.00  17.68
 -74.00  -1.00  17.31
 -74.00   0.00  17.01
 -74.00   1.00  16.79
 -74.00   2.00  16.68
 -74.00   3.00  16.66
 -74.00   4.00  16.73
 -74.00   5.00  16.85
 -74.00   6.00  16.99
 -74.00   7.00  17.10
 -74.00   8.00  17.18
 -74.00   9.00  17.22
 -74.00  10.00  17.24
 -74.00  11.00  17.26
 -74.00  12.00  17.32
 -74.00  13.00  17.46
 -74.00  14.00  17.68
 -74.00  15.00  17.99
 -74.00  16.00  18.35
 -74.00  17.00  18.74
 -74.00  18.00  19.09
 -74.00  19.00  19.35
 -74.00  20.00  19.48
 -74.00  21.00  19.47
 -74.00  22.00  19.32
 -74.00  23.00  19.06
 -74.00  24.00  18.73
 -74.00  25.00  18.39
 -74.00  26.00  18.10
 -74.00  27.00  17.88
 -73.00 -37.00  22.54
 -73.00 -36.00  22.20
 -73.00 -35.00  21.96
 -73.00 -34.00  21.81
 -73.00 -33.00  21.72
 -73.00 -32.00  21.65
 -73.00 -31.00  21.57
 -73.00 -30.00  21.47
 -73.00 -29.00  21.33
 -73.00 -28.00  21.17
 -73.00 -27.00  21.02
 -73.00 -26.00  20.90
 -73.00 -25.00  20.85
 -73.00 -24.00  20.88
 -73.00 -23.00  21.00
 -73.00 -22.00  21.20
 -73.00 -21.00  21.45
 -73.00 -20.00  21.71
 -73.00 -19.00  21.93
 -73.00 -18.00  22.07
 -73.00 -17.00  22.12
 -73.00 -16.00  22.06
 -73.00 -15.00  21.90
 -73.00 -14.00  21.67
 -73.00 -13.00  21.39
 -73.00 -12.00  21.11
 -73.00 -11.00  20.84
 -73.00 -10.00  20.61
 -73.00  -9.00  20.40
 -73.00  -8.00  20.21
 -73.00  -7.00  20.01
 -73.00  -6.00  19.77
 -73.00  -5.00  19.48
 -73.00  -4.00  19.15
 -73.00  -3.00  18.77
 -73.00  -2.00  18.38
 -73.00  -1.00  18.01
 -73.00   0.00  17.70
 -73.00   1.00  17.47
 -73.00   2.00  17.34
 -73.00   3.00  17.31
 -73.00   4.00  17.36
 -73.00   5.00  17.45
 -73.00   6.00  17.55
 -73.00   7.00  17.63
 -73.00   8.00  17.66
 -73.00   9.00  17.66
 -73.00  10.00  17.63
 -73.00  11.00  17.62
 -73.00  12.00  17.66
 -73.00  13.00  17.77
 -73.00  14.00  17.99
 -73.00  15.00  18.29
 -73.00  16.00  18.67
 -73.00  17.00  19.07
 -73.00  18.00  19.44
 -73.00  19.00  19.73
 -73.00  20.00  19.88
 -73.00  21.00  19.89
 -73.00  22.00  19.74
 -73.00  23.00  19.48
 -73.00  24.00  19.16
 -73.00  25.00  18.82
 -73.00  26.00  18.52
 -73.00  27.00  18.31
 -72.00 -37.00  23.07
 -72.00 -36.00  22.72
 -72.00 -35.00  22.47
 -72.00 -34.00  22.32
 -72.00 -33.00  22.22
 -72.00 -32.00  22.15
 -72.00 -31.00  22.07
 -72.00 -30.00  21.97
 -72.00 -29.00  21.83
 -72.00 -28.00  21.68
 -72.00 -27.00  21.53
 -72.00 -26.00  21.42
 -72.00 -25.00  21.37
 -72.00 -24.00  21.41
 -72.00 -23.00  21.54
 -72.00 -22.00  21.74
 -72.00 -21.00  21.98
 -72.00 -20.00  22.24
 -72.00 -19.00  22.45
 -72.00 -18.00  22.60
 -72.00 -17.00  22.64
 -72.00 -16.00  22.58
 -72.00 -15.00  22.43
 -72.00 -14.00  22.22
 -72.00 -13.00  21.96
 -72.00 -12.00  21.71
 -72.00 -11.00  21.47
 -72.00 -10.00  21.26
 -72.00  -9.00  21.08
 -72.00  -8.00  20.91
 -72.00  -7.00  20.73
 -72.00  -6.00  20.50
 -72.00  -5.00  20.23
 -72.00  -4.00  19.89
 -72.00  -3.00  19.51
 -72.00  -2.00  19.12
 -72.00  -1.00  18.74
 -72.00   0.00  18.42
 -72.00   1.00  18.18
 -72.00   2.00  18.04
 -72.00   3.00  17.99
 -72.00   4.00  18.01
 -72.00   5.00  18.07
 -72.00   6.00  18.14
 -72.00   7.00  18.17
 -72.00   8.00  18.17
 -72.00   9.00  18.12
 -72.00  10.00  18.05
 -72.00  11.00  17.99
 -72.00  12.00  17.99
 -72.00  13.00  18.08
 -72.00  14.00  18.28
 -72.00  15.00  18.59
 -72.00  16.00  18.98
 -72.00  17.00  19.40
 -72.00  18.00  19.80
 -72.00  19.00  20.11
 -72.00  20.00  20.30
 -72.00  21.00  20.32
 -72.00  22.00  20.19
 -72.00  23.00  19.94
 -72.00  24.00  19.61
 -72.00  25.00  19.26
 -72.00  26.00  18.96
 -72.00  27.00  18.75
 -71.00 -37.00  23.65
 -71.00 -36.00  23.27
 -71.00 -35.00  23.01
 -71.00 -34.00  22.85
 -71.00 -33.00  22.75
 -71.00 -32.00  22.68
 -71.00 -31.00  22.60
 -71.00 -30.00  22.50
 -71.00 -29.00  22.37
 -71.00 -28.00  22.22
 -71.00 -27.00  22.07
 -71.00 -26.00  21.97
 -71.00 -25.00  21.92
 -71.00 -24.00  21.96
 -71.00 -23.00  22.09
 -71.00 -22.00  22.30
 -71.00 -21.00  22.54
 -71.00 -20.00  22.80
 -71.00 -19.00  23.01
 -71.00 -18.00  23.15
 -71.00 -17.00  23.20
 -71.00 -16.00  23.15
 -71.00 -15.00  23.01
 -71.00 -14.00  22.80
 -71.00 -13.00  22.57
 -71.00 -12.00  22.33
 -71.00 -11.00  22.12
 -71.00 -10.00  21.94
 -71.00  -9.00  21.79
 -71.00  -8.00  21.64
 -71.00  -7.00  21.48
 -71.00  -6.00  21.27
 -71.00  -5.00  21.01
 -71.00  -4.00  20.68
 -71.00  -3.00  20.30
 -71.00  -2.00  19.89
 -71.00  -1.00  19.51
 -71.00   0.00  19.17
 -71.00   1.00  18.92
 -71.00   2.00  18.76
 -71.00   3.00  18.68
 -71.00   4.00  18.68
 -71.00   5.00  18.72
 -71.00   6.00  18.75
 -71.00   7.00  18.75
 -71.00   8.00  18.70
 -71.00   9.00  18.60
 -71.00  10.00  18.49
 -71.00  11.00  18.39
 -71.00  12.00  18.34
 -71.00  13.00  18.40
 -71.00  14.00  18.58
 -71.00  15.00  18.88
 -71.00  16.00  19.28
 -71.00  17.00  19.72
 -71.00  18.00  20.15
 -71.00  19.00  20.50
 -71.00  20.00  20.72
 -71.00  21.00  20.78
 -71.00  22.00  20.67
 -71.00  23.00  20.42
 -71.00  24.00  20.08
 -71.00  25.00  19.73
 -71.00  26.00  19.42
 -71.00  27.00  19.21
 -70.00 -37.00  24.26
 -70.00 -36.00  23.87
 -70.00 -35.00  23.59
 -70.00 -34.00  23.41
 -70.00 -33.00  23.30
 -70.00 -32.00  23.23
 -70.00 -31.00  23.15
 -70.00 -30.00  23.06
 -70.00 -29.00  22.93
 -70.00 -28.00  22.79
 -70.00 -27.00  22.65
 -70.00 -26.00  22.54
 -70.00 -25.00  22.50
 -70.00 -24.00  22.54
 -70.00 -23.00  22.67
 -70.00 -22.00  22.88
 -70.00 -21.00  23.13
 -70.00 -20.00  23.38
 -70.00 -19.00  23.60
 -70.00 -18.00  23.75
 -70.00 -17.00  23.80
 -70.00 -16.00  23.75
 -70.00 -15.00  23.62
 -70.00 -14.00  23.43
 -70.00 -13.00  23.21
 -70.00 -12.00  22.99
 -70.00 -11.00  22.80
 -70.00 -10.00  22.65
 -70.00  -9.00  22.52
 -70.00  -8.00  22.40
 -70.00  -7.00  22.26
 -70.00  -6.00  22.07
 -70.00  -5.00  21.82
 -70.00  -4.00  21.50
 -70.00  -3.00  21.12
 -70.00  -2.00  20.71
 -70.00  -1.00  20.31
 -70.00   0.00  19.96
 -70.00   1.00  19.68
 -70.00   2.00  19.50
 -70.00   3.00  19.41
 -70.00   4.00  19.38
 -70.00   5.00  19.39
 -70.00   6.00  19.39
 -70.00   7.00  19.36
 -70.00   8.00  19.27
 -70.00   9.00  19.13
 -70.00  10.00  18.96
 -70.00  11.00  18.81
 -70.00  12.00  18.71
 -70.00  13.00  18.73
 -70.00  14.00  18.88
 -70.00  15.00  19.17
 -70.00  16.00  19.57
 -70.00  17.00  20.03
 -70.00  18.00  20.50
 -70.00  19.00  20.89
 -70.00  20.00  21.15
 -70.00  21.00  21.25
 -70.00  22.00  21.17
 -70.00  23.00  20.93
 -70.00  24.00  20.59
 -70.00  25.00  20.23
 -70.00  26.00  19.90
 -70.00  27.00  19.67
 -69.00 -37.00  24.92
 -69.00 -36.00  24.50
 -69.00 -35.00  24.19
 -69.00 -34.00  24.00
 -69.00 -33.00  23.88
 -69.00 -32.00  23.80
 -69.00 -31.00  23.73
 -69.00 -30.00  23.64
 -69.00 -29.00  23.52
 -69.00 -28.00  23.38
 -69.00 -27.00  23.25
 -69.00 -26.00  23.15
 -69.00 -25.00  23.11
 -69.00 -24.00  23.15
 -69.00 -23.00  23.28
 -69.00 -22.00  23.48
 -69.00 -21.00  23.73
 -69.00 -20.00  23.99
 -69.00 -19.00  24.22
 -69.00 -18.00  24.37
 -69.00 -17.00  24.43
 -69.00 -16.00  24.39
 -69.00 -15.00  24.27
 -69.00 -14.00  24.09
 -69.00 -13.00  23.88
 -69.00 -12.00  23.68
 -69.00 -11.00  23.51
 -69.00 -10.00  23.38
 -69.00  -9.00  23.27
 -69.00  -8.00  23.18
 -69.00  -7.00  23.06
 -69.00  -6.00  22.90
 -69.00  -5.00  22.66
 -69.00  -4.00  22.35
 -69.00  -3.00  21.98
 -69.00  -2.00  21.56
 -69.00  -1.00  21.15
 -69.00   0.00  20.78
 -69.00   1.00  20.48
 -69.00   2.00  20.27
 -69.00   3.00  20.15
 -69.00   4.00  20.10
 -69.00   5.00  20.09
 -69.00   6.00  20.06
 -69.00   7.00  20.00
 -69.00   8.00  19.87
 -69.00   9.00  19.69
 -69.00  10.00  19.47
 -69.00  11.00  19.26
 -69.00  12.00  19.12
 -69.00  13.00  19.08
 -69.00  14.00  19.19
 -69.00  15.00  19.45
 -69.00  16.00  19.85
 -69.00  17.00  20.33
 -69.00  18.00  20.83
 -69.00  19.00  21.28
 -69.00  20.00  21.59
 -69.00  21.00  21.74
 -69.00  22.00  21.69
 -69.00  23.00  21.47
 -69.00  24.00  21.14
 -69.00  25.00  20.76
 -69.00  26.00  20.41
 -69.00  27.00  20.17
 -68.00 -37.00  25.62
 -68.00 -36.00  25.17
 -68.00 -35.00  24.83
 -68.00 -34.00  24.62
 -68.00 -33.00  24.49
 -68.00 -32.00  24.40
 -68.00 -31.00  24.33
 -68.00 -30.00  24.25
 -68.00 -29.00  24.14
 -68.00 -28.00  24.01
 -68.00 -27.00  23.88
 -68.00 -26.00  23.78
 -68.00 -25.00  23.74
 -68.00 -24.00  23.78
 -68.00 -23.00  23.90
 -68.00 -22.00  24.11
 -68.00 -21.00  24.36
 -68.00 -20.00  24.63
 -68.00 -19.00  24.86
 -68.00 -18.00  25.03
 -68.00 -17.00  25.10
 -68.00 -16.00  25.07
 -68.00 -15.00  24.96
 -68.00 -14.00  24.79
 -68.00 -13.00  24.59
 -68.00 -12.00  24.40
 -68.00 -11.00  24.24
 -68.00 -10.00  24.12
 -68.00  -9.00  24.04
 -68.00  -8.00  23.98
 -68.00  -7.00  23.89
 -68.00  -6.00  23.75
 -68.00  -5.00  23.54
 -68.00  -4.00  23.24
 -68.00  -3.00  22.87
 -68.00  -2.00  22.45
 -68.00  -1.00  22.02
 -68.00   0.00  21.63
 -68.00   1.00  21.31
 -68.00   2.00  21.07
 -68.00   3.00  20.93
 -68.00   4.00  20.85
 -68.00   5.00  20.82
 -68.00   6.00  20.77
 -68.00   7.00  20.68
 -68.00   8.00  20.53
 -68.00   9.00  20.30
 -68.00  10.00  20.04
 -68.00  11.00  19.77
 -68.00  12.00  19.56
 -68.00  13.00  19.46
 -68.00  14.00  19.52
 -68.00  15.00  19.74
 -68.00  16.00  20.13
 -68.00  17.00  20.63
 -68.00  18.00  21.16
 -68.00  19.00  21.66
 -68.00  20.00  22.03
 -68.00  21.00  22.24
 -68.00  22.00  22.24
 -68.00  23.00  22.05
 -68.00  24.00  21.73
 -68.00  25.00  21.33
 -68.00  26.00  20.96
 -68.00  27.00  20.69
 -67.00 -37.00  26.36
 -67.00 -36.00  25.87
 -67.00 -35.00  25.51
 -67.00 -34.00  25.26
 -67.00 -33.00  25.11
 -67.00 -32.00  25.02
 -67.00 -31.00  24.96
 -67.00 -30.00  24.88
 -67.00 -29.00  24.78
 -67.00 -28.00  24.66
 -67.00 -27.00  24.53
 -67.00 -26.00  24.43
 -67.00 -25.00  24.39
 -67.00 -24.00  24.42
 -67.00 -23.00  24.55
 -67.00 -22.00  24.75
 -67.00 -21.00  25.01
 -67.00 -20.00  25.28
 -67.00 -19.00  25.53
 -67.00 -18.00  25.71
 -67.00 -17.00  25.80
 -67.00 -16.00  25.79
 -67.00 -15.00  25.69
 -67.00 -14.00  25.52
 -67.00 -13.00  25.33
 -67.00 -12.00  25.14
 -67.00 -11.00  24.99
 -67.00 -10.00  24.89
 -67.00  -9.00  24.83
 -67.00  -8.00  24.79
 -67.00  -7.00  24.73
 -67.00  -6.00  24.62
 -67.00  -5.00  24.43
 -67.00  -4.00  24.15
 -67.00  -3.00  23.79
 -67.00  -2.00  23.37
 -67.00  -1.00  22.93
 -67.00   0.00  22.51
 -67.00   1.00  22.16
 -67.00   2.00  21.89
 -67.00   3.00  21.72
 -67.00   4.00  21.63
 -67.00   5.00  21.57
 -67.00   6.00  21.51
 -67.00   7.00  21.41
 -67.00   8.00  21.23
 -67.00   9.00  20.97
 -67.00  10.00  20.66
 -67.00  11.00  20.34
 -67.00  12.00  20.06
 -67.00  13.00  19.89
 -67.00  14.00  19.88
 -67.00  15.00  20.06
 -67.00  16.00  20.42
 -67.00  17.00  20.92
 -67.00  18.00  21.48
 -67.00  19.00  22.03
 -67.00  20.00  22.48
 -67.00  21.00  22.75
 -67.00  22.00  22.81
 -67.00  23.00  22.67
 -67.00  24.00  22.36
 -67.00  25.00  21.96
 -67.00  26.00  21.55
 -67.00  27.00  21.24
 -66.00 -37.00  27.14
 -66.00 -36.00  26.61
 -66.00 -35.00  26.21
 -66.00 -34.00  25.93
 -66.00 -33.00  25.76
 -66.00 -32.00  25.66
 -66.00 -31.00  25.60
 -66.00 -30.00  25.53
 -66.00 -29.00  25.44
 -66.00 -28.00  25.32
 -66.00 -27.00  25.20
 -66.00 -26.00  25.11
 -66.00 -25.00  25.06
 -66.00 -24.00  25.09
 -66.00 -23.00  25.21
 -66.00 -22.00  25.41
 -66.00 -21.00  25.67
 -66.00 -20.00  25.96
 -66.00 -19.00  26.22
 -66.00 -18.00  26.42
 -66.00 -17.00  26.53
 -66.00 -16.00  26.53
 -66.00 -15.00  26.44
 -66.00 -14.00  26.29
 -66.00 -13.00  26.10
 -66.00 -12.00  25.92
 -66.00 -11.00  25.77
 -66.00 -10.00  25.68
 -66.00  -9.00  25.63
 -66.00  -8.00  25.61
 -66.00  -7.00  25.58
 -66.00  -6.00  25.50
 -66.00  -5.00  25.35
 -66.00  -4.00  25.09
 -66.00  -3.00  24.75
 -66.00  -2.00  24.32
 -66.00  -1.00  23.87
 -66.00   0.00  23.43
 -66.00   1.00  23.04
 -66.00   2.00  22.74
 -66.00   3.00  22.54
 -66.00   4.00  22.42
 -66.00   5.00  22.35
 -66.00   6.00  22.28
 -66.00   7.00  22.17
 -66.00   8.00  21.98
 -66.00   9.00  21.70
 -66.00  10.00  21.35
 -66.00  11.00  20.97
 -66.00  12.00  20.62
 -66.00  13.00  20.37
 -66.00  14.00  20.29
 -66.00  15.00  20.41
 -66.00  16.00  20.73
 -66.00  17.00  21.22
 -66.00  18.00  21.81
 -66.00  19.00  22.40
 -66.00  20.00  22.92
 -66.00  21.00  23.27
 -66.00  22.00  23.40
 -66.00  23.00  23.31
 -66.00  24.00  23.03
 -66.00  25.00  22.63
 -66.00  26.00  22.20
 -66.00  27.00  21.85
 -65.00 -37.00  27.96
 -65.00 -36.00  27.39
 -65.00 -35.00  26.95
 -65.00 -34.00  26.63
 -65.00 -33.00  26.43
 -65.00 -32.00  26.32
 -65.00 -31.00  26.25
 -65.00 -30.00  26.19
 -65.00 -29.00  26.11
 -65.00 -28.00  26.01
 -65.00 -27.00  25.89
 -65.00 -26.00  25.80
 -65.00 -25.00  25.75
 -65.00 -24.00  25.77
 -65.00 -23.00  25.88
 -65.00 -22.00  26.08
 -65.00 -21.00  26.35
 -65.00 -20.00  26.64
 -65.00 -19.00  26.93
 -65.00 -18.00  27.15
 -65.00 -17.00  27.28
 -65.00 -16.00  27.31
 -65.00 -15.00  27.23
 -65.00 -14.00  27.09
 -65.00 -13.00  26.90
 -65.00 -12.00  26.72
 -65.00 -11.00  26.57
 -65.00 -10.00  26.48
 -65.00  -9.00  26.45
 -65.00  -8.00  26.44
 -65.00  -7.00  26.44
 -65.00  -6.00  26.40
 -65.00  -5.00  26.28
 -65.00  -4.00  26.05
 -65.00  -3.00  25.72
 -65.00  -2.00  25.31
 -65.00  -1.00  24.84
 -65.00   0.00  24.38
 -65.00   1.00  23.96
 -65.00   2.00  23.62
 -65.00   3.00  23.38
 -65.00   4.00  23.24
 -65.00   5.00  23.15
 -65.00   6.00  23.08
 -65.00   7.00  22.97
 -65.00   8.00  22.78
 -65.00   9.00  22.49
 -65.00  10.00  22.11
 -65.00  11.00  21.67
 -65.00  12.00  21.26
 -65.00  13.00  20.93
 -65.00  14.00  20.76
 -65.00  15.00  20.80
 -65.00  16.00  21.07
 -65.00  17.00  21.53
 -65.00  18.00  22.13
 -65.00  19.00  22.77
 -65.00  20.00  23.36
 -65.00  21.00  23.79
 -65.00  22.00  24.01
 -65.00  23.00  23.98
 -65.00  24.00  23.74
 -65.00  25.00  23.35
 -65.00  26.00  22.90
 -65.00  27.00  22.51
 -64.00 -37.00  28.81
 -64.00 -36.00  28.21
 -64.00 -35.00  27.72
 -64.00 -34.00  27.36
 -64.00 -33.00  27.13
 -64.00 -32.00  26.99
 -64.00 -31.00  26.91
 -64.00 -30.00  26.86
 -64.00 -29.00  26.79
 -64.00 -28.00  26.70
 -64.00 -27.00  26.60
 -64.00 -26.00  26.51
 -64.00 -25.00  26.45
 -64.00 -24.00  26.47
 -64.00 -23.00  26.57
 -64.00 -22.00  26.77
 -64.00 -21.00  27.04
 -64.00 -20.00  27.34
 -64.00 -19.00  27.64
 -64.00 -18.00  27.89
 -64.00 -17.00  28.05
 -64.00 -16.00  28.11
 -64.00 -15.00  28.06
 -64.00 -14.00  27.92
 -64.00 -13.00  27.74
 -64.00 -12.00  27.55
 -64.00 -11.00  27.40
 -64.00 -10.00  27.31
 -64.00  -9.00  27.27
 -64.00  -8.00  27.29
 -64.00  -7.00  27.31
 -64.00  -6.00  27.30
 -64.00  -5.00  27.22
 -64.00  -4.00  27.03
 -64.00  -3.00  26.72
 -64.00  -2.00  26.32
 -64.00  -1.00  25.85
 -64.00   0.00  25.36
 -64.00   1.00  24.90
 -64.00   2.00  24.52
 -64.00   3.00  24.25
 -64.00   4.00  24.07
 -64.00   5.00  23.97
 -64.00   6.00  23.90
 -64.00   7.00  23.79
 -64.00   8.00  23.61
 -64.00   9.00  23.32
 -64.00  10.00  22.93
 -64.00  11.00  22.46
 -64.00  12.00  21.98
 -64.00  13.00  21.57
 -64.00  14.00  21.30
 -64.00  15.00  21.26
 -64.00  16.00  21.45
 -64.00  17.00  21.87
 -64.00  18.00  22.46
 -64.00  19.00  23.14
 -64.00  20.00  23.79
 -64.00  21.00  24.31
 -64.00  22.00  24.62
 -64.00  23.00  24.68
 -64.00  24.00  24.49
 -64.00  25.00  24.12
 -64.00  26.00  23.66
 -64.00  27.00  23.23
 -63.00 -37.00  29.71
 -63.00 -36.00  29.06
 -63.00 -35.00  28.52
 -63.00 -34.00  28.12
 -63.00 -33.00  27.84
 -63.00 -32.00  27.68
 -63.00 -31.00  27.59
 -63.00 -30.00  27.54
 -63.00 -29.00  27.48
 -63.00 -28.00  27.41
 -63.00 -27.00  27.32
 -63.00 -26.00  27.23
 -63.00 -25.00  27.17
 -63.00 -24.00  27.18
 -63.00 -23.00  27.28
 -63.00 -22.00  27.46
 -63.00 -21.00  27.73
 -63.00 -20.00  28.05
 -63.00 -19.00  28.37
 -63.00 -18.00  28.64
 -63.00 -17.00  28.84
 -63.00 -16.00  28.93
 -63.00 -15.00  28.90
 -63.00 -14.00  28.79
 -63.00 -13.00  28.61
 -63.00 -12.00  28.42
 -63.00 -11.00  28.26
 -63.00 -10.00  28.15
 -63.00  -9.00  28.12
 -63.00  -8.00  28.14
 -63.00  -7.00  28.18
 -63.00  -6.00  28.21
 -63.00  -5.00  28.17
 -63.00  -4.00  28.02
 -63.00  -3.00  27.74
 -63.00  -2.00  27.36
 -63.00  -1.00  26.88
 -63.00   0.00  26.37
 -63.00   1.00  25.88
 -63.00   2.00  25.46
 -63.00   3.00  25.14
 -63.00   4.00  24.93
 -63.00   5.00  24.81
 -63.00   6.00  24.73
 -63.00   7.00  24.64
 -63.00   8.00  24.48
 -63.00   9.00  24.20
 -63.00  10.00  23.81
 -63.00  11.00  23.31
 -63.00  12.00  22.78
 -63.00  13.00  22.29
 -63.00  14.00  21.93
 -63.00  15.00  21.78
 -63.00  16.00  21.88
 -63.00  17.00  22.23
 -63.00  18.00  22.80
 -63.00  19.00  23.50
 -63.00  20.00  24.21
 -63.00  21.00  24.82
 -63.00  22.00  25.23
 -63.00  23.00  25.39
 -63.00  24.00  25.28
 -63.00  25.00  24.94
 -63.00  26.00  24.48
 -63.00  27.00  24.01
 -62.00 -37.00  30.64
 -62.00 -36.00  29.97
 -62.00 -35.00  29.38
 -62.00 -34.00  28.92
 -62.00 -33.00  28.59
 -62.00 -32.00  28.40
 -62.00 -31.00  28.29
 -62.00 -30.00  28.23
 -62.00 -29.00  28.18
 -62.00 -28.00  28.12
 -62.00 -27.00  28.05
 -62.00 -26.00  27.97
 -62.00 -25.00  27.91
 -62.00 -24.00  27.91
 -62.00 -23.00  27.99
 -62.00 -22.00  28.17
 -62.00 -21.00  28.43
 -62.00 -20.00  28.75
 -62.00 -19.00  29.09
 -62.00 -18.00  29.40
 -62.00 -17.00  29.64
 -62.00 -16.00  29.76
 -62.00 -15.00  29.77
 -62.00 -14.00  29.68
 -62.00 -13.00  29.52
 -62.00 -12.00  29.32
 -62.00 -11.00  29.15
 -62.00 -10.00  29.03
 -62.00  -9.00  28.98
 -62.00  -8.00  29.00
 -62.00  -7.00  29.06
 -62.00  -6.00  29.12
 -62.00  -5.00  29.12
 -62.00  -4.00  29.01
 -62.00  -3.00  28.78
 -62.00  -2.00  28.42
 -62.00  -1.00  27.95
 -62.00   0.00  27.42
 -62.00   1.00  26.90
 -62.00   2.00  26.43
 -62.00   3.00  26.06
 -62.00   4.00  25.80
 -62.00   5.00  25.66
 -62.00   6.00  25.57
 -62.00   7.00  25.50
 -62.00   8.00  25.36
 -62.00   9.00  25.12
 -62.00  10.00  24.74
 -62.00  11.00  24.24
 -62.00  12.00  23.67
 -62.00  13.00  23.11
 -62.00  14.00  22.65
 -62.00  15.00  22.38
 -62.00  16.00  22.37
 -62.00  17.00  22.64
 -62.00  18.00  23.16
 -62.00  19.00  23.85
 -62.00  20.00  24.61
 -62.00  21.00  25.31
 -62.00  22.00  25.83
 -62.00  23.00  26.09
 -62.00  24.00  26.08
 -62.00  25.00  25.80
 -62.00  26.00  25.35
 -62.00  27.00  24.85
 -61.00 -37.00  31.62
 -61.00 -36.00  30.92
 -61.00 -35.00  30.28
 -61.00 -34.00  29.76
 -61.00 -33.00  29.38
 -61.00 -32.00  29.14
 -61.00 -31.00  29.01
 -61.00 -30.00  28.94
 -61.00 -29.00  28.90
 -61.00 -28.00  28.85
 -61.00 -27.00  28.79
 -61.00 -26.00  28.72
 -61.00 -25.00  28.67
 -61.00 -24.00  28.66
 -61.00 -23.00  28.73
 -61.00 -22.00  28.89
 -61.00 -21.00  29.14
 -61.00 -20.00  29.46
 -61.00 -19.00  29.82
 -61.00 -18.00  30.16
 -61.00 -17.00  30.44
 -61.00 -16.00  30.61
 -61.00 -15.00  30.66
 -61.00 -14.00  30.60
 -61.00 -13.00  30.46
 -61.00 -12.00  30.26
 -61.00 -11.00  30.08
 -61.00 -10.00  29.94
 -61.00  -9.00  29.87
 -61.00  -8.00  29.88
 -61.00  -7.00  29.95
 -61.00  -6.00  30.03
 -61.00  -5.00  30.06
 -61.00  -4.00  30.01
 -61.00  -3.00  29.83
 -61.00  -2.00  29.50
 -61.00  -1.00  29.05
 -61.00   0.00  28.52
 -61.00   1.00  27.96
 -61.00   2.00  27.44
 -61.00   3.00  27.01
 -61.00   4.00  26.70
 -61.00   5.00  26.52
 -61.00   6.00  26.42
 -61.00   7.00  26.35
 -61.00   8.00  26.25
 -61.00   9.00  26.05
 -61.00  10.00  25.71
 -61.00  11.00  25.23
 -61.00  12.00  24.64
 -61.00  13.00  24.02
 -61.00  14.00  23.46
 -61.00  15.00  23.08
 -61.00  16.00  22.94
 -61.00  17.00  23.10
 -61.00  18.00  23.54
 -61.00  19.00  24.20
 -61.00  20.00  24.98
 -61.00  21.00  25.76
 -61.00  22.00  26.39
 -61.00  23.00  26.78
 -61.00  24.00  26.88
 -61.00  25.00  26.69
 -61.00  26.00  26.28
 -61.00  27.00  25.76
 -60.00 -37.00  32.65
 -60.00 -36.00  31.93
 -60.00 -35.00  31.24
 -60.00 -34.00  30.66
 -60.00 -33.00  30.22
 -60.00 -32.00  29.92
 -60.00 -31.00  29.75
 -60.00 -30.00  29.66
 -60.00 -29.00  29.62
 -60.00 -28.00  29.58
 -60.00 -27.00  29.54
 -60.00 -26.00  29.48
 -60.00 -25.00  29.44
 -60.00 -24.00  29.42
 -60.00 -23.00  29.48
 -60.00 -22.00  29.62
 -60.00 -21.00  29.85
 -60.00 -20.00  30.17
 -60.00 -19.00  30.54
 -60.00 -18.00  30.91
 -60.00 -17.00  31.23
 -60.00 -16.00  31.46
 -60.00 -15.00  31.56
 -60.00 -14.00  31.55
 -60.00 -13.00  31.43
 -60.00 -12.00  31.24
 -60.00 -11.00  31.05
 -60.00 -10.00  30.88
 -60.00  -9.00  30.79
 -60.00  -8.00  30.78
 -60.00  -7.00  30.84
 -60.00  -6.00  30.93
 -60.00  -5.00  31.01
 -60.00  -4.00  31.00
 -60.00  -3.00  30.88
 -60.00  -2.00  30.60
 -60.00  -1.00  30.19
 -60.00   0.00  29.66
 -60.00   1.00  29.07
 -60.00   2.00  28.50
 -60.00   3.00  28.01
 -60.00   4.00  27.63
 -60.00   5.00  27.40
 -60.00   6.00  27.27
 -60.00   7.00  27.21
 -60.00   8.00  27.14
 -60.00   9.00  26.99
 -60.00  10.00  26.71
 -60.00  11.00  26.26
 -60.00  12.00  25.68
 -60.00  13.00  25.02
 -60.00  14.00  24.39
 -60.00  15.00  23.88
 -60.00  16.00  23.60
 -60.00  17.00  23.62
 -60.00  18.00  23.95
 -60.00  19.00  24.55
 -60.00  20.00  25.33
 -60.00  21.00  26.16
 -60.00  22.00  26.89
 -60.00  23.00  27.42
 -60.00  24.00  27.65
 -60.00  25.00  27.57
 -60.00  26.00  27.23
 -60.00  27.00  26.72
 -59.00 -37.00  33.70
 -59.00 -36.00  32.98
 -59.00 -35.00  32.26
 -59.00 -34.00  31.62
 -59.00 -33.00  31.11
 -59.00 -32.00  30.74
 -59.00 -31.00  30.51
 -59.00 -30.00  30.40
 -59.00 -29.00  30.34
 -59.00 -28.00  30.32
 -59.00 -27.00  30.29
 -59.00 -26.00  30.25
 -59.00 -25.00  30.22
 -59.00 -24.00  30.20
 -59.00 -23.00  30.24
 -59.00 -22.00  30.36
 -59.00 -21.00  30.57
 -59.00 -20.00  30.88
 -59.00 -19.00  31.25
 -59.00 -18.00  31.64
 -59.00 -17.00  32.01
 -59.00 -16.00  32.29
 -59.00 -15.00  32.46
 -59.00 -14.00  32.50
 -59.00 -13.00  32.42
 -59.00 -12.00  32.26
 -59.00 -11.00  32.06
 -59.00 -10.00  31.87
 -59.00  -9.00  31.75
 -59.00  -8.00  31.71
 -59.00  -7.00  31.75
 -59.00  -6.00  31.84
 -59.00  -5.00  31.94
 -59.00  -4.00  31.99
 -59.00  -3.00  31.92
 -59.00  -2.00  31.71
 -59.00  -1.00  31.34
 -59.00   0.00  30.83
 -59.00   1.00  30.24
 -59.00   2.00  29.62
 -59.00   3.00  29.06
 -59.00   4.00  28.61
 -59.00   5.00  28.31
 -59.00   6.00  28.14
 -59.00   7.00  28.06
 -59.00   8.00  28.02
 -59.00   9.00  27.92
 -59.00  10.00  27.71
 -59.00  11.00  27.32
 -59.00  12.00  26.78
 -59.00  13.00  26.11
 -59.00  14.00  25.41
 -59.00  15.00  24.80
 -59.00  16.00  24.37
 -59.00  17.00  24.23
 -59.00  18.00  24.42
 -59.00  19.00  24.92
 -59.00  20.00  25.65
 -59.00  21.00  26.51
 -59.00  22.00  27.34
 -59.00  23.00  28.00
 -59.00  24.00  28.38
 -59.00  25.00  28.44
 -59.00  26.00  28.20
 -59.00  27.00  27.73
 -58.00 -37.00  34.77
 -58.00 -36.00  34.08
 -58.00 -35.00  33.34
 -58.00 -34.00  32.64
 -58.00 -33.00  32.05
 -58.00 -32.00  31.61
 -58.00 -31.00  31.32
 -58.00 -30.00  31.15
 -58.00 -29.00  31.08
 -58.00 -28.00  31.05
 -58.00 -27.00  31.04
 -58.00 -26.00  31.02
 -58.00 -25.00  31.00
 -58.00 -24.00  30.99
 -58.00 -23.00  31.01
 -58.00 -22.00  31.11
 -58.00 -21.00  31.30
 -58.00 -20.00  31.59
 -58.00 -19.00  31.96
 -58.00 -18.00  32.36
 -58.00 -17.00  32.76
 -58.00 -16.00  33.10
 -58.00 -15.00  33.34
 -58.00 -14.00  33.45
 -58.00 -13.00  33.43
 -58.00 -12.00  33.30
 -58.00 -11.00  33.11
 -58.00 -10.00  32.91
 -58.00  -9.00  32.75
 -58.00  -8.00  32.67
 -58.00  -7.00  32.67
 -58.00  -6.00  32.76
 -58.00  -5.00  32.87
 -58.00  -4.00  32.96
 -58.00  -3.00  32.96
 -58.00  -2.00  32.81
 -58.00  -1.00  32.51
 -58.00   0.00  32.04
 -58.00   1.00  31.45
 -58.00   2.00  30.80
 -58.00   3.00  30.18
 -58.00   4.00  29.65
 -58.00   5.00  29.25
 -58.00   6.00  29.02
 -58.00   7.00  28.91
 -58.00   8.00  28.88
 -58.00   9.00  28.83
 -58.00  10.00  28.69
 -58.00  11.00  28.39
 -58.00  12.00  27.91
 -58.00  13.00  27.27
 -58.00  14.00  26.54
 -58.00  15.00  25.83
 -58.00  16.00  25.27
 -58.00  17.00  24.95
 -58.00  18.00  24.97
 -58.00  19.00  25.33
 -58.00  20.00  25.98
 -58.00  21.00  26.82
 -58.00  22.00  27.71
 -58.00  23.00  28.49
 -58.00  24.00  29.04
 -58.00  25.00  29.27
 -58.00  26.00  29.15
 -58.00  27.00  28.77
 -57.00 -37.00  35.84
 -57.00 -36.00  35.19
 -57.00 -35.00  34.45
 -57.00 -34.00  33.72
 -57.00 -33.00  33.06
 -57.00 -32.00  32.53
 -57.00 -31.00  32.16
 -57.00 -30.00  31.94
 -57.00 -29.00  31.83
 -57.00 -28.00  31.79
 -57.00 -27.00  31.78
 -57.00 -26.00  31.78
 -57.00 -25.00  31.78
 -57.00 -24.00  31.77
 -57.00 -23.00  31.80
 -57.00 -22.00  31.88
 -57.00 -21.00  32.04
 -57.00 -20.00  32.30
 -57.00 -19.00  32.65
 -57.00 -18.00  33.06
 -57.00 -17.00  33.49
 -57.00 -16.00  33.89
 -57.00 -15.00  34.20
 -57.00 -14.00  34.38
 -57.00 -13.00  34.43
 -57.00 -12.00  34.35
 -57.00 -11.00  34.18
 -57.00 -10.00  33.98
 -57.00  -9.00  33.79
 -57.00  -8.00  33.66
 -57.00  -7.00  33.63
 -57.00  -6.00  33.69
 -57.00  -5.00  33.80
 -57.00  -4.00  33.91
 -57.00  -3.00  33.97
 -57.00  -2.00  33.90
 -57.00  -1.00  33.67
 -57.00   0.00  33.26
 -57.00   1.00  32.70
 -57.00   2.00  32.04
 -57.00   3.00  31.36
 -57.00   4.00  30.75
 -57.00   5.00  30.26
 -57.00   6.00  29.94
 -57.00   7.00  29.77
 -57.00   8.00  29.72
 -57.00   9.00  29.70
 -57.00  10.00  29.63
 -57.00  11.00  29.43
 -57.00  12.00  29.04
 -57.00  13.00  28.46
 -57.00  14.00  27.74
 -57.00  15.00  26.97
 -57.00  16.00  26.28
 -57.00  17.00  25.80
 -57.00  18.00  25.63
 -57.00  19.00  25.81
 -57.00  20.00  26.33
 -57.00  21.00  27.11
 -57.00  22.00  28.02
 -57.00  23.00  28.90
 -57.00  24.00  29.61
 -57.00  25.00  30.01
 -57.00  26.00  30.07
 -57.00  27.00  29.79
 -56.00 -37.00  36.87
 -56.00 -36.00  36.30
 -56.00 -35.00  35.59
 -56.00 -34.00  34.83
 -56.00 -33.00  34.12
 -56.00 -32.00  33.51
 -56.00 -31.00  33.05
 -56.00 -30.00  32.75
 -56.00 -29.00  32.59
 -56.00 -28.00  32.52
 -56.00 -27.00  32.51
 -56.00 -26.00  32.53
 -56.00 -25.00  32.54
 -56.00 -24.00  32.55
 -56.00 -23.00  32.58
 -56.00 -22.00  32.65
 -56.00 -21.00  32.78
 -56.00 -20.00  33.01
 -56.00 -19.00  33.34
 -56.00 -18.00  33.74
 -56.00 -17.00  34.19
 -56.00 -16.00  34.63
 -56.00 -15.00  35.01
 -56.00 -14.00  35.28
 -56.00 -13.00  35.41
 -56.00 -12.00  35.40
 -56.00 -11.00  35.28
 -56.00 -10.00  35.08
 -56.00  -9.00  34.87
 -56.00  -8.00  34.71
 -56.00  -7.00  34.62
 -56.00  -6.00  34.64
 -56.00  -5.00  34.73
 -56.00  -4.00  34.86
 -56.00  -3.00  34.96
 -56.00  -2.00  34.96
 -56.00  -1.00  34.81
 -56.00   0.00  34.48
 -56.00   1.00  33.97
 -56.00   2.00  33.32
 -56.00   3.00  32.61
 -56.00   4.00  31.92
 -56.00   5.00  31.34
 -56.00   6.00  30.91
 -56.00   7.00  30.66
 -56.00   8.00  30.56
 -56.00   9.00  30.55
 -56.00  10.00  30.53
 -56.00  11.00  30.42
 -56.00  12.00  30.14
 -56.00  13.00  29.65
 -56.00  14.00  28.98
 -56.00  15.00  28.19
 -56.00  16.00  27.42
 -56.00  17.00  26.78
 -56.00  18.00  26.41
 -56.00  19.00  26.39
 -56.00  20.00  26.73
 -56.00  21.00  27.41
 -56.00  22.00  28.29
 -56.00  23.00  29.23
 -56.00  24.00  30.07
 -56.00  25.00  30.66
 -56.00  26.00  30.90
 -56.00  27.00  30.79
 -55.00 -37.00  37.85
 -55.00 -36.00  37.38
 -55.00 -35.00  36.73
 -55.00 -34.00  35.97
 -55.00 -33.00  35.21
 -55.00 -32.00  34.53
 -55.00 -31.00  33.99
 -55.00 -30.00  33.60
 -55.00 -29.00  33.36
 -55.00 -28.00  33.25
 -55.00 -27.00  33.23
 -55.00 -26.00  33.25
 -55.00 -25.00  33.28
 -55.00 -24.00  33.31
 -55.00 -23.00  33.34
 -55.00 -22.00  33.41
 -55.00 -21.00  33.53
 -55.00 -20.00  33.73
 -55.00 -19.00  34.02
 -55.00 -18.00  34.41
 -55.00 -17.00  34.86
 -55.00 -16.00  35.33
 -55.00 -15.00  35.77
 -55.00 -14.00  36.12
 -55.00 -13.00  36.34
 -55.00 -12.00  36.41
 -55.00 -11.00  36.36
 -55.00 -10.00  36.19
 -55.00  -9.00  35.99
 -55.00  -8.00  35.79
 -55.00  -7.00  35.65
 -55.00  -6.00  35.61
 -55.00  -5.00  35.67
 -55.00  -4.00  35.79
 -55.00  -3.00  35.91
 -55.00  -2.00  35.98
 -55.00  -1.00  35.92
 -55.00   0.00  35.67
 -55.00   1.00  35.24
 -55.00   2.00  34.63
 -55.00   3.00  33.91
 -55.00   4.00  33.17
 -55.00   5.00  32.48
 -55.00   6.00  31.94
 -55.00   7.00  31.58
 -55.00   8.00  31.41
 -55.00   9.00  31.37
 -55.00  10.00  31.38
 -55.00  11.00  31.35
 -55.00  12.00  31.18
 -55.00  13.00  30.81
 -55.00  14.00  30.22
 -55.00  15.00  29.46
 -55.00  16.00  28.64
 -55.00  17.00  27.88
 -55.00  18.00  27.33
 -55.00  19.00  27.09
 -55.00  20.00  27.23
 -55.00  21.00  27.74
 -55.00  22.00  28.54
 -55.00  23.00  29.50
 -55.00  24.00  30.43
 -55.00  25.00  31.19
 -55.00  26.00  31.63
 -55.00  27.00  31.70
 -54.00 -37.00  39.00
 -54.00 -36.00  38.66
 -54.00 -35.00  38.09
 -54.00 -34.00  37.36
 -54.00 -33.00  36.57
 -54.00 -32.00  35.82
 -54.00 -31.00  35.17
 -54.00 -30.00  34.67
 -54.00 -29.00  34.33
 -54.00 -28.00  34.14
 -54.00 -27.00  34.07
 -54.00 -26.00  34.06
 -54.00 -25.00  34.09
 -54.00 -24.00  34.13
 -54.00 -23.00  34.17
 -54.00 -22.00  34.23
 -54.00 -21.00  34.33
 -54.00 -20.00  34.49
 -54.00 -19.00  34.75
 -54.00 -18.00  35.10
 -54.00 -17.00  35.53
 -54.00 -16.00  36.01
 -54.00 -15.00  36.49
 -54.00 -14.00  36.91
 -54.00 -13.00  37.22
 -54.00 -12.00  37.39
 -54.00 -11.00  37.41
 -54.00 -10.00  37.29
 -54.00  -9.00  37.10
 -54.00  -8.00  36.87
 -54.00  -7.00  36.68
 -54.00  -6.00  36.57
 -54.00  -5.00  36.56
 -54.00  -4.00  36.63
 -54.00  -3.00  36.76
 -54.00  -2.00  36.87
 -54.00  -1.00  36.88
 -54.00   0.00  36.73
 -54.00   1.00  36.39
 -54.00   2.00  35.85
 -54.00   3.00  35.15
 -54.00   4.00  34.37
 -54.00   5.00  33.60
 -54.00   6.00  32.94
 -54.00   7.00  32.45
 -54.00   8.00  32.16
 -54.00   9.00  32.06
 -54.00  10.00  32.07
 -54.00  11.00  32.09
 -54.00  12.00  32.03
 -54.00  13.00  31.78
 -54.00  14.00  31.31
 -54.00  15.00  30.62
 -54.00  16.00  29.79
 -54.00  17.00  28.95
 -54.00  18.00  28.23
 -54.00  19.00  27.77
 -54.00  20.00  27.68
 -54.00  21.00  27.99
 -54.00  22.00  28.65
 -54.00  23.00  29.56
 -54.00  24.00  30.55
 -54.00  25.00  31.44
 -54.00  26.00  32.08
 -54.00  27.00  32.36
 -53.00 -37.00  40.05
 -53.00 -36.00  39.88
 -53.00 -35.00  39.42
 -53.00 -34.00  38.75
 -53.00 -33.00  37.97
 -53.00 -32.00  37.16
 -53.00 -31.00  36.43
 -53.00 -30.00  35.82
 -53.00 -29.00  35.37
 -53.00 -28.00  35.08
 -53.00 -27.00  34.93
 -53.00 -26.00  34.89
 -53.00 -25.00  34.90
 -53.00 -24.00  34.95
 -53.00 -23.00  35.00
 -53.00 -22.00  35.06
 -53.00 -21.00  35.14
 -53.00 -20.00  35.28
 -53.00 -19.00  35.49
 -53.00 -18.00  35.80
 -53.00 -17.00  36.20
 -53.00 -16.00  36.68
 -53.00 -15.00  37.18
 -53.00 -14.00  37.66
 -53.00 -13.00  38.06
 -53.00 -12.00  38.32
 -53.00 -11.00  38.44
 -53.00 -10.00  38.41
 -53.00  -9.00  38.25
 -53.00  -8.00  38.02
 -53.00  -7.00  37.78
 -53.00  -6.00  37.60
 -53.00  -5.00  37.51
 -53.00  -4.00  37.52
 -53.00  -3.00  37.61
 -53.00  -2.00  37.73
 -53.00  -1.00  37.79
 -53.00   0.00  37.74
 -53.00   1.00  37.50
 -53.00   2.00  37.05
 -53.00   3.00  36.42
 -53.00   4.00  35.64
 -53.00   5.00  34.82
 -53.00   6.00  34.05
 -53.00   7.00  33.43
 -53.00   8.00  33.00
 -53.00   9.00  32.79
 -53.00  10.00  32.75
 -53.00  11.00  32.79
 -53.00  12.00  32.80
 -53.00  13.00  32.68
 -53.00  14.00  32.34
 -53.00  15.00  31.77
 -53.00  16.00  30.99
 -53.00  17.00  30.11
 -53.00  18.00  29.27
 -53.00  19.00  28.62
 -53.00  20.00  28.29
 -53.00  21.00  28.36
 -53.00  22.00  28.82
 -53.00  23.00  29.62
 -53.00  24.00  30.60
 -53.00  25.00  31.58
 -53.00  26.00  32.40
 -53.00  27.00  32.89
 -52.00 -37.00  40.94
 -52.00 -36.00  40.94
 -52.00 -35.00  40.62
 -52.00 -34.00  40.06
 -52.00 -33.00  39.32
 -52.00 -32.00  38.50
 -52.00 -31.00  37.70
 -52.00 -30.00  37.00
 -52.00 -29.00  36.44
 -52.00 -28.00  36.04
 -52.00 -27.00  35.80
 -52.00 -26.00  35.70
 -52.00 -25.00  35.69
 -52.00 -24.00  35.72
 -52.00 -23.00  35.79
 -52.00 -22.00  35.86
 -52.00 -21.00  35.94
 -52.00 -20.00  36.07
 -52.00 -19.00  36.25
 -52.00 -18.00  36.52
 -52.00 -17.00  36.88
 -52.00 -16.00  37.33
 -52.00 -15.00  37.84
 -52.00 -14.00  38.36
 -52.00 -13.00  38.84
 -52.00 -12.00  39.21
 -52.00 -11.00  39.44
 -52.00 -10.00  39.50
 -52.00  -9.00  39.42
 -52.00  -8.00  39.22
 -52.00  -7.00  38.97
 -52.00  -6.00  38.73
 -52.00  -5.00  38.56
 -52.00  -4.00  38.49
 -52.00  -3.00  38.51
 -52.00  -2.00  38.61
 -52.00  -1.00  38.70
 -52.00   0.00  38.72
 -52.00   1.00  38.58
 -52.00   2.00  38.25
 -52.00   3.00  37.70
 -52.00   4.00  36.97
 -52.00   5.00  36.13
 -52.00   6.00  35.29
 -52.00   7.00  34.54
 -52.00   8.00  33.97
 -52.00   9.00  33.62
 -52.00  10.00  33.48
 -52.00  11.00  33.49
 -52.00  12.00  33.54
 -52.00  13.00  33.53
 -52.00  14.00  33.33
 -52.00  15.00  32.89
 -52.00  16.00  32.22
 -52.00  17.00  31.36
 -52.00  18.00  30.45
 -52.00  19.00  29.65
 -52.00  20.00  29.09
 -52.00  21.00  28.90
 -52.00  22.00  29.13
 -52.00  23.00  29.75
 -52.00  24.00  30.65
 -52.00  25.00  31.67
 -52.00  26.00  32.61
 -52.00  27.00  33.31
 -51.00 -37.00  41.63
 -51.00 -36.00  41.81
 -51.00 -35.00  41.67
 -51.00 -34.00  41.24
 -51.00 -33.00  40.59
 -51.00 -32.00  39.80
 -51.00 -31.00  38.97
 -51.00 -30.00  38.19
 -51.00 -29.00  37.53
 -51.00 -28.00  37.02
 -51.00 -27.00  36.69
 -51.00 -26.00  36.50
 -51.00 -25.00  36.44
 -51.00 -24.00  36.46
 -51.00 -23.00  36.53
 -51.00 -22.00  36.61
 -51.00 -21.00  36.71
 -51.00 -20.00  36.83
 -51.00 -19.00  37.00
 -51.00 -18.00  37.23
 -51.00 -17.00  37.56
 -51.00 -16.00  37.98
 -51.00 -15.00  38.47
 -51.00 -14.00  39.02
 -51.00 -13.00  39.55
 -51.00 -12.00  40.02
 -51.00 -11.00  40.36
 -51.00 -10.00  40.55
 -51.00  -9.00  40.57
 -51.00  -8.00  40.44
 -51.00  -7.00  40.21
 -51.00  -6.00  39.94
 -51.00  -5.00  39.70
 -51.00  -4.00  39.54
 -51.00  -3.00  39.48
 -51.00  -2.00  39.52
 -51.00  -1.00  39.61
 -51.00   0.00  39.67
 -51.00   1.00  39.62
 -51.00   2.00  39.40
 -51.00   3.00  38.97
 -51.00   4.00  38.32
 -51.00   5.00  37.52
 -51.00   6.00  36.64
 -51.00   7.00  35.79
 -51.00   8.00  35.08
 -51.00   9.00  34.57
 -51.00  10.00  34.30
 -51.00  11.00  34.22
 -51.00  12.00  34.27
 -51.00  13.00  34.31
 -51.00  14.00  34.24
 -51.00  15.00  33.95
 -51.00  16.00  33.41
 -51.00  17.00  32.64
 -51.00  18.00  31.73
 -51.00  19.00  30.82
 -51.00  20.00  30.07
 -51.00  21.00  29.64
 -51.00  22.00  29.60
 -51.00  23.00  30.00
 -51.00  24.00  30.75
 -51.00  25.00  31.72
 -51.00  26.00  32.74
 -51.00  27.00  33.60
 -50.00 -37.00  42.13
 -50.00 -36.00  42.49
 -50.00 -35.00  42.53
 -50.00 -34.00  42.27
 -50.00 -33.00  41.74
 -50.00 -32.00  41.02
 -50.00 -31.00  40.20
 -50.00 -30.00  39.38
 -50.00 -29.00  38.64
 -50.00 -28.00  38.02
 -50.00 -27.00  37.58
 -50.00 -26.00  37.30
 -50.00 -25.00  37.17
 -50.00 -24.00  37.15
 -50.00 -23.00  37.21
 -50.00 -22.00  37.31
 -50.00 -21.00  37.43
 -50.00 -20.00  37.56
 -50.00 -19.00  37.72
 -50.00 -18.00  37.94
 -50.00 -17.00  38.23
 -50.00 -16.00  38.61
 -50.00 -15.00  39.08
 -50.00 -14.00  39.62
 -50.00 -13.00  40.19
 -50.00 -12.00  40.73
 -50.00 -11.00  41.19
 -50.00 -10.00  41.50
 -50.00  -9.00  41.65
 -50.00  -8.00  41.62
 -50.00  -7.00  41.45
 -50.00  -6.00  41.19
 -50.00  -5.00  40.91
 -50.00  -4.00  40.68
 -50.00  -3.00  40.53
 -50.00  -2.00  40.49
 -50.00  -1.00  40.53
 -50.00   0.00  40.60
 -50.00   1.00  40.62
 -50.00   2.00  40.50
 -50.00   3.00  40.19
 -50.00   4.00  39.66
 -50.00   5.00  38.93
 -50.00   6.00  38.05
 -50.00   7.00  37.15
 -50.00   8.00  36.31
 -50.00   9.00  35.65
 -50.00  10.00  35.21
 -50.00  11.00  35.01
 -50.00  12.00  34.99
 -50.00  13.00  35.05
 -50.00  14.00  35.07
 -50.00  15.00  34.92
 -50.00  16.00  34.54
 -50.00  17.00  33.89
 -50.00  18.00  33.04
 -50.00  19.00  32.09
 -50.00  20.00  31.20
 -50.00  21.00  30.54
 -50.00  22.00  30.24
 -50.00  23.00  30.37
 -50.00  24.00  30.91
 -50.00  25.00  31.77
 -50.00  26.00  32.78
 -50.00  27.00  33.76
 -49.00 -37.00  42.43
 -49.00 -36.00  42.96
 -49.00 -35.00  43.19
 -49.00 -34.00  43.10
 -49.00 -33.00  42.72
 -49.00 -32.00  42.11
 -49.00 -31.00  41.35
 -49.00 -30.00  40.53
 -49.00 -29.00  39.73
 -49.00 -28.00  39.03
 -49.00 -27.00  38.48
 -49.00 -26.00  38.10
 -49.00 -25.00  37.88
 -49.00 -24.00  37.81
 -49.00 -23.00  37.84
 -49.00 -22.00  37.94
 -49.00 -21.00  38.07
 -49.00 -20.00  38.23
 -49.00 -19.00  38.40
 -49.00 -18.00  38.61
 -49.00 -17.00  38.87
 -49.00 -16.00  39.22
 -49.00 -15.00  39.66
 -49.00 -14.00  40.18
 -49.00 -13.00  40.77
 -49.00 -12.00  41.36
 -49.00 -11.00  41.91
 -49.00 -10.00  42.34
 -49.00  -9.00  42.62
 -49.00  -8.00  42.73
 -49.00  -7.00  42.65
 -49.00  -6.00  42.45
 -49.00  -5.00  42.16
 -49.00  -4.00  41.88
 -49.00  -3.00  41.65
 -49.00  -2.00  41.52
 -49.00  -1.00  41.49
 -49.00   0.00  41.53
 -49.00   1.00  41.58
 -49.00   2.00  41.55
 -49.00   3.00  41.35
 -49.00   4.00  40.95
 -49.00   5.00  40.32
 -49.00   6.00  39.50
 -49.00   7.00  38.58
 -49.00   8.00  37.66
 -49.00   9.00  36.85
 -49.00  10.00  36.24
 -49.00  11.00  35.88
 -49.00  12.00  35.74
 -49.00  13.00  35.76
 -49.00  14.00  35.82
 -49.00  15.00  35.79
 -49.00  16.00  35.56
 -49.00  17.00  35.07
 -49.00  18.00  34.33
 -49.00  19.00  33.40
 -49.00  20.00  32.44
 -49.00  21.00  31.60
 -49.00  22.00  31.05
 -49.00  23.00  30.89
 -49.00  24.00  31.17
 -49.00  25.00  31.85
 -49.00  26.00  32.78
 -49.00  27.00  33.80
 -48.00 -37.00  42.54
 -48.00 -36.00  43.22
 -48.00 -35.00  43.63
 -48.00 -34.00  43.72
 -48.00 -33.00  43.52
 -48.00 -32.00  43.05
 -48.00 -31.00  42.38
 -48.00 -30.00  41.60
 -48.00 -29.00  40.78
 -48.00 -28.00  40.02
 -48.00 -27.00  39.38
 -48.00 -26.00  38.89
 -48.00 -25.00  38.58
 -48.00 -24.00  38.43
 -48.00 -23.00  38.41
 -48.00 -22.00  38.50
 -48.00 -21.00  38.64
 -48.00 -20.00  38.81
 -48.00 -19.00  39.01
 -48.00 -18.00  39.22
 -48.00 -17.00  39.48
 -48.00 -16.00  39.80
 -48.00 -15.00  40.21
 -48.00 -14.00  40.70
 -48.00 -13.00  41.28
 -48.00 -12.00  41.90
 -48.00 -11.00  42.51
 -48.00 -10.00  43.05
 -48.00  -9.00  43.47
 -48.00  -8.00  43.71
 -48.00  -7.00  43.77
 -48.00  -6.00  43.65
 -48.00  -5.00  43.41
 -48.00  -4.00  43.11
 -48.00  -3.00  42.82
 -48.00  -2.00  42.61
 -48.00  -1.00  42.50
 -48.00   0.00  42.48
 -48.00   1.00  42.52
 -48.00   2.00  42.53
 -48.00   3.00  42.44
 -48.00   4.00  42.16
 -48.00   5.00  41.66
 -48.00   6.00  40.94
 -48.00   7.00  40.05
 -48.00   8.00  39.09
 -48.00   9.00  38.17
 -48.00  10.00  37.40
 -48.00  11.00  36.85
 -48.00  12.00  36.56
 -48.00  13.00  36.47
 -48.00  14.00  36.51
 -48.00  15.00  36.55
 -48.00  16.00  36.46
 -48.00  17.00  36.13
 -48.00  18.00  35.54
 -48.00  19.00  34.71
 -48.00  20.00  33.74
 -48.00  21.00  32.78
 -48.00  22.00  32.01
 -48.00  23.00  31.58
 -48.00  24.00  31.57
 -48.00  25.00  32.00
 -48.00  26.00  32.78
 -48.00  27.00  33.77
 -47.00 -37.00  42.49
 -47.00 -36.00  43.29
 -47.00 -35.00  43.85
 -47.00 -34.00  44.13
 -47.00 -33.00  44.11
 -47.00 -32.00  43.80
 -47.00 -31.00  43.26
 -47.00 -30.00  42.55
 -47.00 -29.00  41.76
 -47.00 -28.00  40.97
 -47.00 -27.00  40.26
 -47.00 -26.00  39.68
 -47.00 -25.00  39.27
 -47.00 -24.00  39.03
 -47.00 -23.00  38.95
 -47.00 -22.00  38.99
 -47.00 -21.00  39.13
 -47.00 -20.00  39.31
 -47.00 -19.00  39.53
 -47.00 -18.00  39.76
 -47.00 -17.00  40.03
 -47.00 -16.00  40.34
 -47.00 -15.00  40.72
 -47.00 -14.00  41.18
 -47.00 -13.00  41.74
 -47.00 -12.00  42.36
 -47.00 -11.00  43.01
 -47.00 -10.00  43.64
 -47.00  -9.00  44.17
 -47.00  -8.00  44.55
 -47.00  -7.00  44.75
 -47.00  -6.00  44.76
 -47.00  -5.00  44.60
 -47.00  -4.00  44.33
 -47.00  -3.00  44.01
 -47.00  -2.00  43.74
 -47.00  -1.00  43.54
 -47.00   0.00  43.45
 -47.00   1.00  43.45
 -47.00   2.00  43.48
 -47.00   3.00  43.46
 -47.00   4.00  43.29
 -47.00   5.00  42.93
 -47.00   6.00  42.33
 -47.00   7.00  41.52
 -47.00   8.00  40.56
 -47.00   9.00  39.57
 -47.00  10.00  38.66
 -47.00  11.00  37.94
 -47.00  12.00  37.46
 -47.00  13.00  37.23
 -47.00  14.00  37.19
 -47.00  15.00  37.24
 -47.00  16.00  37.23
 -47.00  17.00  37.06
 -47.00  18.00  36.63
 -47.00  19.00  35.94
 -47.00  20.00  35.03
 -47.00  21.00  34.03
 -47.00  22.00  33.11
 -47.00  23.00  32.43
 -47.00  24.00  32.13
 -47.00  25.00  32.27
 -47.00  26.00  32.83
 -47.00  27.00  33.70
 -46.00 -37.00  42.30
 -46.00 -36.00  43.19
 -46.00 -35.00  43.88
 -46.00 -34.00  44.32
 -46.00 -33.00  44.47
 -46.00 -32.00  44.34
 -46.00 -31.00  43.95
 -46.00 -30.00  43.35
 -46.00 -29.00  42.62
 -46.00 -28.00  41.84
 -46.00 -27.00  41.09
 -46.00 -26.00  40.44
 -46.00 -25.00  39.94
 -46.00 -24.00  39.61
 -46.00 -23.00  39.45
 -46.00 -22.00  39.44
 -46.00 -21.00  39.54
 -46.00 -20.00  39.73
 -46.00 -19.00  39.96
 -46.00 -18.00  40.22
 -46.00 -17.00  40.50
 -46.00 -16.00  40.81
 -46.00 -15.00  41.18
 -46.00 -14.00  41.61
 -46.00 -13.00  42.14
 -46.00 -12.00  42.75
 -46.00 -11.00  43.42
 -46.00 -10.00  44.10
 -46.00  -9.00  44.73
 -46.00  -8.00  45.24
 -46.00  -7.00  45.58
 -46.00  -6.00  45.73
 -46.00  -5.00  45.68
 -46.00  -4.00  45.48
 -46.00  -3.00  45.19
 -46.00  -2.00  44.88
 -46.00  -1.00  44.61
 -46.00   0.00  44.45
 -46.00   1.00  44.39
 -46.00   2.00  44.40
 -46.00   3.00  44.41
 -46.00   4.00  44.33
 -46.00   5.00  44.09
 -46.00   6.00  43.63
 -46.00   7.00  42.93
 -46.00   8.00  42.03
 -46.00   9.00  41.02
 -46.00  10.00  40.01
 -46.00  11.00  39.13
 -46.00  12.00  38.46
 -46.00  13.00  38.05
 -46.00  14.00  37.88
 -46.00  15.00  37.87
 -46.00  16.00  37.91
 -46.00  17.00  37.85
 -46.00  18.00  37.58
 -46.00  19.00  37.05
 -46.00  20.00  36.25
 -46.00  21.00  35.28
 -46.00  22.00  34.28
 -46.00  23.00  33.41
 -46.00  24.00  32.84
 -46.00  25.00  32.68
 -46.00  26.00  32.97
 -46.00  27.00  33.65
 -45.00 -37.00  42.02
 -45.00 -36.00  42.95
 -45.00 -35.00  43.74
 -45.00 -34.00  44.31
 -45.00 -33.00  44.63
 -45.00 -32.00  44.67
 -45.00 -31.00  44.44
 -45.00 -30.00  43.98
 -45.00 -29.00  43.34
 -45.00 -28.00  42.61
 -45.00 -27.00  41.85
 -45.00 -26.00  41.16
 -45.00 -25.00  40.58
 -45.00 -24.00  40.16
 -45.00 -23.00  39.92
 -45.00 -22.00  39.84
 -45.00 -21.00  39.90
 -45.00 -20.00  40.07
 -45.00 -19.00  40.31
 -45.00 -18.00  40.59
 -45.00 -17.00  40.89
 -45.00 -16.00  41.21
 -45.00 -15.00  41.57
 -45.00 -14.00  42.00
 -45.00 -13.00  42.50
 -45.00 -12.00  43.09
 -45.00 -11.00  43.76
 -45.00 -10.00  44.46
 -45.00  -9.00  45.16
 -45.00  -8.00  45.78
 -45.00  -7.00  46.25
 -45.00  -6.00  46.55
 -45.00  -5.00  46.63
 -45.00  -4.00  46.53
 -45.00  -3.00  46.29
 -45.00  -2.00  45.99
 -45.00  -1.00  45.68
 -45.00   0.00  45.45
 -45.00   1.00  45.33
 -45.00   2.00  45.29
 -45.00   3.00  45.31
 -45.00   4.00  45.29
 -45.00   5.00  45.16
 -45.00   6.00  44.82
 -45.00   7.00  44.25
 -45.00   8.00  43.45
 -45.00   9.00  42.46
 -45.00  10.00  41.41
 -45.00  11.00  40.40
 -45.00  12.00  39.56
 -45.00  13.00  38.96
 -45.00  14.00  38.62
 -45.00  15.00  38.50
 -45.00  16.00  38.51
 -45.00  17.00  38.52
 -45.00  18.00  38.39
 -45.00  19.00  38.02
 -45.00  20.00  37.37
 -45.00  21.00  36.48
 -45.00  22.00  35.47
 -45.00  23.00  34.48
 -45.00  24.00  33.69
 -45.00  25.00  33.25
 -45.00  26.00  33.24
 -45.00  27.00  33.68
 -44.00 -37.00  41.69
 -44.00 -36.00  42.62
 -44.00 -35.00  43.47
 -44.00 -34.00  44.14
 -44.00 -33.00  44.60
 -44.00 -32.00  44.80
 -44.00 -31.00  44.73
 -44.00 -30.00  44.41
 -44.00 -29.00  43.89
 -44.00 -28.00  43.23
 -44.00 -27.00  42.51
 -44.00 -26.00  41.80
 -44.00 -25.00  41.18
 -44.00 -24.00  40.69
 -44.00 -23.00  40.36
 -44.00 -22.00  40.21
 -44.00 -21.00  40.22
 -44.00 -20.00  40.35
 -44.00 -19.00  40.58
 -44.00 -18.00  40.87
 -44.00 -17.00  41.19
 -44.00 -16.00  41.53
 -44.00 -15.00  41.90
 -44.00 -14.00  42.32
 -44.00 -13.00  42.81
 -44.00 -12.00  43.38
 -44.00 -11.00  44.03
 -44.00 -10.00  44.75
 -44.00  -9.00  45.49
 -44.00  -8.00  46.18
 -44.00  -7.00  46.78
 -44.00  -6.00  47.20
 -44.00  -5.00  47.43
 -44.00  -4.00  47.45
 -44.00  -3.00  47.30
 -44.00  -2.00  47.03
 -44.00  -1.00  46.72
 -44.00   0.00  46.45
 -44.00   1.00  46.26
 -44.00   2.00  46.18
 -44.00   3.00  46.17
 -44.00   4.00  46.19
 -44.00   5.00  46.13
 -44.00   6.00  45.91
 -44.00   7.00  45.47
 -44.00   8.00  44.78
 -44.00   9.00  43.87
 -44.00  10.00  42.81
 -44.00  11.00  41.72
 -44.00  12.00  40.73
 -44.00  13.00  39.95
 -44.00  14.00  39.42
 -44.00  15.00  39.16
 -44.00  16.00  39.09
 -44.00  17.00  39.10
 -44.00  18.00  39.06
 -44.00  19.00  38.83
 -44.00  20.00  38.35
 -44.00  21.00  37.59
 -44.00  22.00  36.62
 -44.00  23.00  35.58
 -44.00  24.00  34.63
 -44.00  25.00  33.95
 -44.00  26.00  33.66
 -44.00  27.00  33.82
 -43.00 -37.00  41.37
 -43.00 -36.00  42.29
 -43.00 -35.00  43.16
 -43.00 -34.00  43.91
 -43.00 -33.00  44.48
 -43.00 -32.00  44.82
 -43.00 -31.00  44.90
 -43.00 -30.00  44.72
 -43.00 -29.00  44.33
 -43.00 -28.00  43.76
 -43.00 -27.00  43.09
 -43.00 -26.00  42.40
 -43.00 -25.00  41.74
 -43.00 -24.00  41.20
 -43.00 -23.00  40.80
 -43.00 -22.00  40.58
 -43.00 -21.00  40.52
 -43.00 -20.00  40.62
 -43.00 -19.00  40.83
 -43.00 -18.00  41.11
 -43.00 -17.00  41.44
 -43.00 -16.00  41.80
 -43.00 -15.00  42.18
 -43.00 -14.00  42.60
 -43.00 -13.00  43.08
 -43.00 -12.00  43.63
 -43.00 -11.00  44.27
 -43.00 -10.00  44.98
 -43.00  -9.00  45.74
 -43.00  -8.00  46.50
 -43.00  -7.00  47.18
 -43.00  -6.00  47.72
 -43.00  -5.00  48.08
 -43.00  -4.00  48.23
 -43.00  -3.00  48.18
 -43.00  -2.00  47.98
 -43.00  -1.00  47.70
 -43.00   0.00  47.40
 -43.00   1.00  47.17
 -43.00   2.00  47.04
 -43.00   3.00  47.01
 -43.00   4.00  47.03
 -43.00   5.00  47.03
 -43.00   6.00  46.91
 -43.00   7.00  46.60
 -43.00   8.00  46.03
 -43.00   9.00  45.21
 -43.00  10.00  44.19
 -43.00  11.00  43.07
 -43.00  12.00  41.97
 -43.00  13.00  41.02
 -43.00  14.00  40.31
 -43.00  15.00  39.87
 -43.00  16.00  39.68
 -43.00  17.00  39.65
 -43.00  18.00  39.64
 -43.00  19.00  39.53
 -43.00  20.00  39.19
 -43.00  21.00  38.58
 -43.00  22.00  37.71
 -43.00  23.00  36.69
 -43.00  24.00  35.65
 -43.00  25.00  34.78
 -43.00  26.00  34.23
 -43.00  27.00  34.11
 -42.00 -37.00  41.07
 -42.00 -36.00  41.94
 -42.00 -35.00  42.81
 -42.00 -34.00  43.61
 -42.00 -33.00  44.26
 -42.00 -32.00  44.71
 -42.00 -31.00  44.93
 -42.00 -30.00  44.90
 -42.00 -29.00  44.63
 -42.00 -28.00  44.17
 -42.00 -27.00  43.57
 -42.00 -26.00  42.91
 -42.00 -25.00  42.26
 -42.00 -24.00  41.68
 -42.00 -23.00  41.23
 -42.00 -22.00  40.94
 -42.00 -21.00  40.82
 -42.00 -20.00  40.86
 -42.00 -19.00  41.04
 -42.00 -18.00  41.31
 -42.00 -17.00  41.65
 -42.00 -16.00  42.02
 -42.00 -15.00  42.42
 -42.00 -14.00  42.84
 -42.00 -13.00  43.32
 -42.00 -12.00  43.86
 -42.00 -11.00  44.48
 -42.00 -10.00  45.18
 -42.00  -9.00  45.95
 -42.00  -8.00  46.74
 -42.00  -7.00  47.49
 -42.00  -6.00  48.13
 -42.00  -5.00  48.61
 -42.00  -4.00  48.89
 -42.00  -3.00  48.96
 -42.00  -2.00  48.84
 -42.00  -1.00  48.60
 -42.00   0.00  48.32
 -42.00   1.00  48.06
 -42.00   2.00  47.89
 -42.00   3.00  47.82
 -42.00   4.00  47.83
 -42.00   5.00  47.87
 -42.00   6.00  47.83
 -42.00   7.00  47.63
 -42.00   8.00  47.19
 -42.00   9.00  46.48
 -42.00  10.00  45.53
 -42.00  11.00  44.42
 -42.00  12.00  43.25
 -42.00  13.00  42.16
 -42.00  14.00  41.27
 -42.00  15.00  40.65
 -42.00  16.00  40.31
 -42.00  17.00  40.18
 -42.00  18.00  40.17
 -42.00  19.00  40.12
 -42.00  20.00  39.91
 -42.00  21.00  39.45
 -42.00  22.00  38.71
 -42.00  23.00  37.74
 -42.00  24.00  36.67
 -42.00  25.00  35.67
 -42.00  26.00  34.91
 -42.00  27.00  34.54
 -41.00 -37.00  40.80
 -41.00 -36.00  41.62
 -41.00 -35.00  42.46
 -41.00 -34.00  43.27
 -41.00 -33.00  43.98
 -41.00 -32.00  44.52
 -41.00 -31.00  44.86
 -41.00 -30.00  44.95
 -41.00 -29.00  44.81
 -41.00 -28.00  44.46
 -41.00 -27.00  43.95
 -41.00 -26.00  43.35
 -41.00 -25.00  42.71
 -41.00 -24.00  42.12
 -41.00 -23.00  41.63
 -41.00 -22.00  41.29
 -41.00 -21.00  41.11
 -41.00 -20.00  41.10
 -41.00 -19.00  41.24
 -41.00 -18.00  41.49
 -41.00 -17.00  41.82
 -41.00 -16.00  42.20
 -41.00 -15.00  42.61
 -41.00 -14.00  43.05
 -41.00 -13.00  43.52
 -41.00 -12.00  44.05
 -41.00 -11.00  44.66
 -41.00 -10.00  45.35
 -41.00  -9.00  46.12
 -41.00  -8.00  46.93
 -41.00  -7.00  47.73
 -41.00  -6.00  48.46
 -41.00  -5.00  49.05
 -41.00  -4.00  49.44
 -41.00  -3.00  49.62
 -41.00  -2.00  49.60
 -41.00  -1.00  49.43
 -41.00   0.00  49.17
 -41.00   1.00  48.90
 -41.00   2.00  48.70
 -41.00   3.00  48.60
 -41.00   4.00  48.59
 -41.00   5.00  48.64
 -41.00   6.00  48.66
 -41.00   7.00  48.56
 -41.00   8.00  48.24
 -41.00   9.00  47.66
 -41.00  10.00  46.81
 -41.00  11.00  45.73
 -41.00  12.00  44.54
 -41.00  13.00  43.35
 -41.00  14.00  42.31
 -41.00  15.00  41.50
 -41.00  16.00  40.98
 -41.00  17.00  40.73
 -41.00  18.00  40.66
 -41.00  19.00  40.63
 -41.00  20.00  40.52
 -41.00  21.00  40.19
 -41.00  22.00  39.58
 -41.00  23.00  38.71
 -41.00  24.00  37.67
 -41.00  25.00  36.60
 -41.00  26.00  35.67
 -41.00  27.00  35.07
 -40.00 -37.00  40.59
 -40.00 -36.00  41.33
 -40.00 -35.00  42.12
 -40.00 -34.00  42.92
 -40.00 -33.00  43.66
 -40.00 -32.00  44.27
 -40.00 -31.00  44.70
 -40.00 -30.00  44.91
 -40.00 -29.00  44.89
 -40.00 -28.00  44.66
 -40.00 -27.00  44.25
 -40.00 -26.00  43.71
 -40.00 -25.00  43.11
 -40.00 -24.00  42.52
 -40.00 -23.00  42.01
 -40.00 -22.00  41.63
 -40.00 -21.00  41.40
 -40.00 -20.00  41.34
 -40.00 -19.00  41.44
 -40.00 -18.00  41.66
 -40.00 -17.00  41.98
 -40.00 -16.00  42.36
 -40.00 -15.00  42.78
 -40.00 -14.00  43.22
 -40.00 -13.00  43.70
 -40.00 -12.00  44.23
 -40.00 -11.00  44.82
 -40.00 -10.00  45.50
 -40.00  -9.00  46.26
 -40.00  -8.00  47.09
 -40.00  -7.00  47.92
 -40.00  -6.00  48.71
 -40.00  -5.00  49.39
 -40.00  -4.00  49.90
 -40.00  -3.00  50.19
 -40.00  -2.00  50.28
 -40.00  -1.00  50.18
 -40.00   0.00  49.96
 -40.00   1.00  49.70
 -40.00   2.00  49.48
 -40.00   3.00  49.35
 -40.00   4.00  49.32
 -40.00   5.00  49.37
 -40.00   6.00  49.43
 -40.00   7.00  49.41
 -40.00   8.00  49.21
 -40.00   9.00  48.76
 -40.00  10.00  48.01
 -40.00  11.00  47.01
 -40.00  12.00  45.82
 -40.00  13.00  44.57
 -40.00  14.00  43.40
 -40.00  15.00  42.42
 -40.00  16.00  41.73
 -40.00  17.00  41.32
 -40.00  18.00  41.15
 -40.00  19.00  41.10
 -40.00  20.00  41.04
 -40.00  21.00  40.82
 -40.00  22.00  40.35
 -40.00  23.00  39.60
 -40.00  24.00  38.62
 -40.00  25.00  37.53
 -40.00  26.00  36.49
 -40.00  27.00  35.69
 -39.00 -37.00  40.43
 -39.00 -36.00  41.08
 -39.00 -35.00  41.81
 -39.00 -34.00  42.58
 -39.00 -33.00  43.33
 -39.00 -32.00  43.98
 -39.00 -31.00  44.48
 -39.00 -30.00  44.80
 -39.00 -29.00  44.89
 -39.00 -28.00  44.77
 -39.00 -27.00  44.46
 -39.00 -26.00  44.00
 -39.00 -25.00  43.46
 -39.00 -24.00  42.90
 -39.00 -23.00  42.38
 -39.00 -22.00  41.97
 -39.00 -21.00  41.70
 -39.00 -20.00  41.59
 -39.00 -19.00  41.64
 -39.00 -18.00  41.83
 -39.00 -17.00  42.13
 -39.00 -16.00  42.50
 -39.00 -15.00  42.92
 -39.00 -14.00  43.37
 -39.00 -13.00  43.86
 -39.00 -12.00  44.38
 -39.00 -11.00  44.97
 -39.00 -10.00  45.63
 -39.00  -9.00  46.39
 -39.00  -8.00  47.21
 -39.00  -7.00  48.07
 -39.00  -6.00  48.91
 -39.00  -5.00  49.67
 -39.00  -4.00  50.27
 -39.00  -3.00  50.68
 -39.00  -2.00  50.87
 -39.00  -1.00  50.85
 -39.00   0.00  50.69
 -39.00   1.00  50.46
 -39.00   2.00  50.23
 -39.00   3.00  50.07
 -39.00   4.00  50.01
 -39.00   5.00  50.06
 -39.00   6.00  50.15
 -39.00   7.00  50.19
 -39.00   8.00  50.10
 -39.00   9.00  49.77
 -39.00  10.00  49.15
 -39.00  11.00  48.24
 -39.00  12.00  47.09
 -39.00  13.00  45.82
 -39.00  14.00  44.55
 -39.00  15.00  43.42
 -39.00  16.00  42.54
 -39.00  17.00  41.96
 -39.00  18.00  41.66
 -39.00  19.00  41.55
 -39.00  20.00  41.50
 -39.00  21.00  41.36
 -39.00  22.00  41.02
 -39.00  23.00  40.40
 -39.00  24.00  39.51
 -39.00  25.00  38.44
 -39.00  26.00  37.34
 -39.00  27.00  36.39
 -38.00 -37.00  40.34
 -38.00 -36.00  40.89
 -38.00 -35.00  41.54
 -38.00 -34.00  42.26
 -38.00 -33.00  42.99
 -38.00 -32.00  43.67
 -38.00 -31.00  44.23
 -38.00 -30.00  44.63
 -38.00 -29.00  44.83
 -38.00 -28.00  44.82
 -38.00 -27.00  44.62
 -38.00 -26.00  44.25
 -38.00 -25.00  43.77
 -38.00 -24.00  43.24
 -38.00 -23.00  42.73
 -38.00 -22.00  42.30
 -38.00 -21.00  42.00
 -38.00 -20.00  41.84
 -38.00 -19.00  41.85
 -38.00 -18.00  42.01
 -38.00 -17.00  42.28
 -38.00 -16.00  42.64
 -38.00 -15.00  43.06
 -38.00 -14.00  43.51
 -38.00 -13.00  44.00
 -38.00 -12.00  44.52
 -38.00 -11.00  45.10
 -38.00 -10.00  45.75
 -38.00  -9.00  46.49
 -38.00  -8.00  47.31
 -38.00  -7.00  48.18
 -38.00  -6.00  49.06
 -38.00  -5.00  49.88
 -38.00  -4.00  50.57
 -38.00  -3.00  51.09
 -38.00  -2.00  51.38
 -38.00  -1.00  51.46
 -38.00   0.00  51.37
 -38.00   1.00  51.17
 -38.00   2.00  50.94
 -38.00   3.00  50.76
 -38.00   4.00  50.68
 -38.00   5.00  50.71
 -38.00   6.00  50.81
 -38.00   7.00  50.91
 -38.00   8.00  50.91
 -38.00   9.00  50.70
 -38.00  10.00  50.22
 -38.00  11.00  49.43
 -38.00  12.00  48.35
 -38.00  13.00  47.08
 -38.00  14.00  45.75
 -38.00  15.00  44.49
 -38.00  16.00  43.44
 -38.00  17.00  42.68
 -38.00  18.00  42.21
 -38.00  19.00  42.00
 -38.00  20.00  41.92
 -38.00  21.00  41.84
 -38.00  22.00  41.60
 -38.00  23.00  41.11
 -38.00  24.00  40.34
 -38.00  25.00  39.33
 -38.00  26.00  38.21
 -38.00  27.00  37.15
 -37.00 -37.00  40.33
 -37.00 -36.00  40.77
 -37.00 -35.00  41.33
 -37.00 -34.00  41.99
 -37.00 -33.00  42.68
 -37.00 -32.00  43.36
 -37.00 -31.00  43.96
 -37.00 -30.00  44.43
 -37.00 -29.00  44.73
 -37.00 -28.00  44.83
 -37.00 -27.00  44.73
 -37.00 -26.00  44.45
 -37.00 -25.00  44.05
 -37.00 -24.00  43.57
 -37.00 -23.00  43.08
 -37.00 -22.00  42.64
 -37.00 -21.00  42.31
 -37.00 -20.00  42.12
 -37.00 -19.00  42.09
 -37.00 -18.00  42.20
 -37.00 -17.00  42.45
 -37.00 -16.00  42.79
 -37.00 -15.00  43.20
 -37.00 -14.00  43.65
 -37.00 -13.00  44.14
 -37.00 -12.00  44.65
 -37.00 -11.00  45.22
 -37.00 -10.00  45.86
 -37.00  -9.00  46.58
 -37.00  -8.00  47.39
 -37.00  -7.00  48.27
 -37.00  -6.00  49.17
 -37.00  -5.00  50.04
 -37.00  -4.00  50.82
 -37.00  -3.00  51.43
 -37.00  -2.00  51.83
 -37.00  -1.00  52.01
 -37.00   0.00  52.00
 -37.00   1.00  51.85
 -37.00   2.00  51.63
 -37.00   3.00  51.44
 -37.00   4.00  51.33
 -37.00   5.00  51.33
 -37.00   6.00  51.43
 -37.00   7.00  51.57
 -37.00   8.00  51.65
 -37.00   9.00  51.56
 -37.00  10.00  51.22
 -37.00  11.00  50.56
 -37.00  12.00  49.59
 -37.00  13.00  48.37
 -37.00  14.00  47.01
 -37.00  15.00  45.65
 -37.00  16.00  44.44
 -37.00  17.00  43.48
 -37.00  18.00  42.84
 -37.00  19.00  42.49
 -37.00  20.00  42.34
 -37.00  21.00  42.26
 -37.00  22.00  42.10
 -37.00  23.00  41.74
 -37.00  24.00  41.10
 -37.00  25.00  40.19
 -37.00  26.00  39.09
 -37.00  27.00  37.96
 -36.00 -37.00  40.41
 -36.00 -36.00  40.74
 -36.00 -35.00  41.20
 -36.00 -34.00  41.77
 -36.00 -33.00  42.41
 -36.00 -32.00  43.07
 -36.00 -31.00  43.69
 -36.00 -30.00  44.22
 -36.00 -29.00  44.59
 -36.00 -28.00  44.79
 -36.00 -27.00  44.80
 -36.00 -26.00  44.62
 -36.00 -25.00  44.30
 -36.00 -24.00  43.88
 -36.00 -23.00  43.43
 -36.00 -22.00  43.00
 -36.00 -21.00  42.65
 -36.00 -20.00  42.43
 -36.00 -19.00  42.35
 -36.00 -18.00  42.42
 -36.00 -17.00  42.63
 -36.00 -16.00  42.95
 -36.00 -15.00  43.35
 -36.00 -14.00  43.80
 -36.00 -13.00  44.28
 -36.00 -12.00  44.79
 -36.00 -11.00  45.35
 -36.00 -10.00  45.97
 -36.00  -9.00  46.67
 -36.00  -8.00  47.46
 -36.00  -7.00  48.33
 -36.00  -6.00  49.25
 -36.00  -5.00  50.16
 -36.00  -4.00  51.01
 -36.00  -3.00  51.71
 -36.00  -2.00  52.22
 -36.00  -1.00  52.50
 -36.00   0.00  52.58
 -36.00   1.00  52.49
 -36.00   2.00  52.30
 -36.00   3.00  52.10
 -36.00   4.00  51.96
 -36.00   5.00  51.93
 -36.00   6.00  52.01
 -36.00   7.00  52.17
 -36.00   8.00  52.31
 -36.00   9.00  52.34
 -36.00  10.00  52.14
 -36.00  11.00  51.63
 -36.00  12.00  50.79
 -36.00  13.00  49.65
 -36.00  14.00  48.30
 -36.00  15.00  46.88
 -36.00  16.00  45.53
 -36.00  17.00  44.40
 -36.00  18.00  43.56
 -36.00  19.00  43.03
 -36.00  20.00  42.77
 -36.00  21.00  42.66
 -36.00  22.00  42.55
 -36.00  23.00  42.29
 -36.00  24.00  41.78
 -36.00  25.00  40.99
 -36.00  26.00  39.96
 -36.00  27.00  38.81
 -35.00 -37.00  40.58
 -35.00 -36.00  40.81
 -35.00 -35.00  41.17
 -35.00 -34.00  41.64
 -35.00 -33.00  42.21
 -35.00 -32.00  42.84
 -35.00 -31.00  43.45
 -35.00 -30.00  44.01
 -35.00 -29.00  44.45
 -35.00 -28.00  44.73
 -35.00 -27.00  44.84
 -35.00 -26.00  44.76
 -35.00 -25.00  44.53
 -35.00 -24.00  44.18
 -35.00 -23.00  43.77
 -35.00 -22.00  43.36
 -35.00 -21.00  43.01
 -35.00 -20.00  42.76
 -35.00 -19.00  42.65
 -35.00 -18.00  42.68
 -35.00 -17.00  42.86
 -35.00 -16.00  43.15
 -35.00 -15.00  43.53
 -35.00 -14.00  43.96
 -35.00 -13.00  44.44
 -35.00 -12.00  44.95
 -35.00 -11.00  45.49
 -35.00 -10.00  46.10
 -35.00  -9.00  46.77
 -35.00  -8.00  47.54
 -35.00  -7.00  48.40
 -35.00  -6.00  49.32
 -35.00  -5.00  50.26
 -35.00  -4.00  51.15
 -35.00  -3.00  51.94
 -35.00  -2.00  52.55
 -35.00  -1.00  52.94
 -35.00   0.00  53.12
 -35.00   1.00  53.10
 -35.00   2.00  52.95
 -35.00   3.00  52.75
 -35.00   4.00  52.58
 -35.00   5.00  52.52
 -35.00   6.00  52.57
 -35.00   7.00  52.73
 -35.00   8.00  52.91
 -35.00   9.00  53.03
 -35.00  10.00  52.97
 -35.00  11.00  52.62
 -35.00  12.00  51.93
 -35.00  13.00  50.91
 -35.00  14.00  49.61
 -35.00  15.00  48.17
 -35.00  16.00  46.72
 -35.00  17.00  45.42
 -35.00  18.00  44.38
 -35.00  19.00  43.66
 -35.00  20.00  43.25
 -35.00  21.00  43.06
 -35.00  22.00  42.95
 -35.00  23.00  42.77
 -35.00  24.00  42.39
 -35.00  25.00  41.73
 -35.00  26.00  40.79
 -35.00  27.00  39.67
 -34.00 -37.00  40.85
 -34.00 -36.00  40.98
 -34.00 -35.00  41.24
 -34.00 -34.00  41.62
 -34.00 -33.00  42.11
 -34.00 -32.00  42.67
 -34.00 -31.00  43.27
 -34.00 -30.00  43.83
 -34.00 -29.00  44.31
 -34.00 -28.00  44.67
 -34.00 -27.00  44.86
 -34.00 -26.00  44.88
 -34.00 -25.00  44.73
 -34.00 -24.00  44.46
 -34.00 -23.00  44.10
 -34.00 -22.00  43.72
 -34.00 -21.00  43.38
 -34.00 -20.00  43.11
 -34.00 -19.00  42.97
 -34.00 -18.00  42.97
 -34.00 -17.00  43.11
 -34.00 -16.00  43.38
 -34.00 -15.00  43.73
 -34.00 -14.00  44.16
 -34.00 -13.00  44.63
 -34.00 -12.00  45.13
 -34.00 -11.00  45.67
 -34.00 -10.00  46.25
 -34.00  -9.00  46.90
 -34.00  -8.00  47.65
 -34.00  -7.00  48.48
 -34.00  -6.00  49.39
 -34.00  -5.00  50.35
 -34.00  -4.00  51.28
 -34.00  -3.00  52.14
 -34.00  -2.00  52.84
 -34.00  -1.00  53.34
 -34.00   0.00  53.61
 -34.00   1.00  53.67
 -34.00   2.00  53.57
 -34.00   3.00  53.38
 -34.00   4.00  53.20
 -34.00   5.00  53.10
 -34.00   6.00  53.11
 -34.00   7.00  53.25
 -34.00   8.00  53.46
 -34.00   9.00  53.65
 -34.00  10.00  53.71
 -34.00  11.00  53.51
 -34.00  12.00  52.99
 -34.00  13.00  52.11
 -34.00  14.00  50.90
 -34.00  15.00  49.47
 -34.00  16.00  47.96
 -34.00  17.00  46.52
 -34.00  18.00  45.30
 -34.00  19.00  44.39
 -34.00  20.00  43.80
 -34.00  21.00  43.49
 -34.00  22.00  43.34
 -34.00  23.00  43.20
 -34.00  24.00  42.91
 -34.00  25.00  42.38
 -34.00  26.00  41.57
 -34.00  27.00  40.50
 -33.00 -37.00  41.19
 -33.00 -36.00  41.24
 -33.00 -35.00  41.41
 -33.00 -34.00  41.70
 -33.00 -33.00  42.10
 -33.00 -32.00  42.60
 -33.00 -31.00  43.16
 -33.00 -30.00  43.71
 -33.00 -29.00  44.22
 -33.00 -28.00  44.62
 -33.00 -27.00  44.88
 -33.00 -26.00  44.98
 -33.00 -25.00  44.92
 -33.00 -24.00  44.72
 -33.00 -23.00  44.42
 -33.00 -22.00  44.08
 -33.00 -21.00  43.75
 -33.00 -20.00  43.48
 -33.00 -19.00  43.32
 -33.00 -18.00  43.30
 -33.00 -17.00  43.41
 -33.00 -16.00  43.64
 -33.00 -15.00  43.98
 -33.00 -14.00  44.39
 -33.00 -13.00  44.86
 -33.00 -12.00  45.35
 -33.00 -11.00  45.88
 -33.00 -10.00  46.45
 -33.00  -9.00  47.08
 -33.00  -8.00  47.79
 -33.00  -7.00  48.60
 -33.00  -6.00  49.50
 -33.00  -5.00  50.46
 -33.00  -4.00  51.42
 -33.00  -3.00  52.33
 -33.00  -2.00  53.11
 -33.00  -1.00  53.70
 -33.00   0.00  54.06
 -33.00   1.00  54.20
 -33.00   2.00  54.16
 -33.00   3.00  54.00
 -33.00   4.00  53.81
 -33.00   5.00  53.67
 -33.00   6.00  53.65
 -33.00   7.00  53.77
 -33.00   8.00  53.98
 -33.00   9.00  54.22
 -33.00  10.00  54.37
 -33.00  11.00  54.31
 -33.00  12.00  53.94
 -33.00  13.00  53.21
 -33.00  14.00  52.12
 -33.00  15.00  50.74
 -33.00  16.00  49.21
 -33.00  17.00  47.67
 -33.00  18.00  46.29
 -33.00  19.00  45.19
 -33.00  20.00  44.42
 -33.00  21.00  43.97
 -33.00  22.00  43.74
 -33.00  23.00  43.59
 -33.00  24.00  43.38
 -33.00  25.00  42.95
 -33.00  26.00  42.25
 -33.00  27.00  41.28
 -32.00 -37.00  41.59
 -32.00 -36.00  41.58
 -32.00 -35.00  41.67
 -32.00 -34.00  41.87
 -32.00 -33.00  42.20
 -32.00 -32.00  42.64
 -32.00 -31.00  43.14
 -32.00 -30.00  43.67
 -32.00 -29.00  44.18
 -32.00 -28.00  44.61
 -32.00 -27.00  44.92
 -32.00 -26.00  45.08
 -32.00 -25.00  45.09
 -32.00 -24.00  44.96
 -32.00 -23.00  44.72
 -32.00 -22.00  44.42
 -32.00 -21.00  44.11
 -32.00 -20.00  43.85
 -32.00 -19.00  43.69
 -32.00 -18.00  43.64
 -32.00 -17.00  43.73
 -32.00 -16.00  43.95
 -32.00 -15.00  44.27
 -32.00 -14.00  44.67
 -32.00 -13.00  45.13
 -32.00 -12.00  45.62
 -32.00 -11.00  46.14
 -32.00 -10.00  46.70
 -32.00  -9.00  47.31
 -32.00  -8.00  48.00
 -32.00  -7.00  48.79
 -32.00  -6.00  49.67
 -32.00  -5.00  50.62
 -32.00  -4.00  51.60
 -32.00  -3.00  52.55
 -32.00  -2.00  53.39
 -32.00  -1.00  54.05
 -32.00   0.00  54.50
 -32.00   1.00  54.71
 -32.00   2.00  54.72
 -32.00   3.00  54.59
 -32.00   4.00  54.40
 -32.00   5.00  54.24
 -32.00   6.00  54.19
 -32.00   7.00  54.27
 -32.00   8.00  54.48
 -32.00   9.00  54.74
 -32.00  10.00  54.97
 -32.00  11.00  55.02
 -32.00  12.00  54.79
 -32.00  13.00  54.20
 -32.00  14.00  53.23
 -32.00  15.00  51.92
 -32.00  16.00  50.40
 -32.00  17.00  48.80
 -32.00  18.00  47.30
 -32.00  19.00  46.03
 -32.00  20.00  45.09
 -32.00  21.00  44.49
 -32.00  22.00  44.16
 -32.00  23.00  43.98
 -32.00  24.00  43.79
 -32.00  25.00  43.45
 -32.00  26.00  42.85
 -32.00  27.00  41.97
 -31.00 -37.00  42.00
 -31.00 -36.00  41.94
 -31.00 -35.00  41.98
 -31.00 -34.00  42.12
 -31.00 -33.00  42.39
 -31.00 -32.00  42.76
 -31.00 -31.00  43.22
 -31.00 -30.00  43.72
 -31.00 -29.00  44.21
 -31.00 -28.00  44.65
 -31.00 -27.00  44.99
 -31.00 -26.00  45.20
 -31.00 -25.00  45.26
 -31.00 -24.00  45.18
 -31.00 -23.00  44.99
 -31.00 -22.00  44.73
 -31.00 -21.00  44.45
 -31.00 -20.00  44.21
 -31.00 -19.00  44.05
 -31.00 -18.00  44.00
 -31.00 -17.00  44.08
 -31.00 -16.00  44.28
 -31.00 -15.00  44.60
 -31.00 -14.00  44.99
 -31.00 -13.00  45.45
 -31.00 -12.00  45.94
 -31.00 -11.00  46.45
 -31.00 -10.00  47.01
 -31.00  -9.00  47.61
 -31.00  -8.00  48.29
 -31.00  -7.00  49.06
 -31.00  -6.00  49.92
 -31.00  -5.00  50.87
 -31.00  -4.00  51.86
 -31.00  -3.00  52.83
 -31.00  -2.00  53.70
 -31.00  -1.00  54.42
 -31.00   0.00  54.93
 -31.00   1.00  55.21
 -31.00   2.00  55.26
 -31.00   3.00  55.16
 -31.00   4.00  54.98
 -31.00   5.00  54.80
 -31.00   6.00  54.72
 -31.00   7.00  54.78
 -31.00   8.00  54.97
 -31.00   9.00  55.25
 -31.00  10.00  55.53
 -31.00  11.00  55.67
 -31.00  12.00  55.55
 -31.00  13.00  55.08
 -31.00  14.00  54.21
 -31.00  15.00  52.98
 -31.00  16.00  51.47
 -31.00  17.00  49.84
 -31.00  18.00  48.25
 -31.00  19.00  46.85
 -31.00  20.00  45.77
 -31.00  21.00  45.03
 -31.00  22.00  44.60
 -31.00  23.00  44.36
 -31.00  24.00  44.18
 -31.00  25.00  43.89
 -31.00  26.00  43.36
 -31.00  27.00  42.55
 -30.00 -37.00  42.73
 -30.00 -36.00  42.67
 -30.00 -35.00  42.69
 -30.00 -34.00  42.83
 -30.00 -33.00  43.08
 -30.00 -32.00  43.46
 -30.00 -31.00  43.92
 -30.00 -30.00  44.43
 -30.00 -29.00  44.95
 -30.00 -28.00  45.42
 -30.00 -27.00  45.79
 -30.00 -26.00  46.03
 -30.00 -25.00  46.12
 -30.00 -24.00  46.07
 -30.00 -23.00  45.89
 -30.00 -22.00  45.64
 -30.00 -21.00  45.35
 -30.00 -20.00  45.09
 -30.00 -19.00  44.90
 -30.00 -18.00  44.81
 -30.00 -17.00  44.85
 -30.00 -16.00  45.02
 -30.00 -15.00  45.31
 -30.00 -14.00  45.68
 -30.00 -13.00  46.12
 -30.00 -12.00  46.60
 -30.00 -11.00  47.11
 -30.00 -10.00  47.65
 -30.00  -9.00  48.23
 -30.00  -8.00  48.89
 -30.00  -7.00  49.62
 -30.00  -6.00  50.46
 -30.00  -5.00  51.38
 -30.00  -4.00  52.35
 -30.00  -3.00  53.32
 -30.00  -2.00  54.21
 -30.00  -1.00  54.96
 -30.00   0.00  55.51
 -30.00   1.00  55.82
 -30.00   2.00  55.92
 -30.00   3.00  55.83
 -30.00   4.00  55.65
 -30.00   5.00  55.47
 -30.00   6.00  55.36
 -30.00   7.00  55.40
 -30.00   8.00  55.58
 -30.00   9.00  55.88
 -30.00  10.00  56.20
 -30.00  11.00  56.42
 -30.00  12.00  56.40
 -30.00  13.00  56.04
 -30.00  14.00  55.28
 -30.00  15.00  54.12
 -30.00  16.00  52.65
 -30.00  17.00  51.01
 -30.00  18.00  49.35
 -30.00  19.00  47.85
 -30.00  20.00  46.64
 -30.00  21.00  45.78
 -30.00  22.00  45.25
 -30.00  23.00  44.96
 -30.00  24.00  44.76
 -30.00  25.00  44.50
 -30.00  26.00  44.03
 -30.00  27.00  43.28
