 -83.00 -37.00  41.73
 -83.00 -36.00  43.73
 -83.00 -35.00  47.36
 -83.00 -34.00  52.76
 -83.00 -33.00  59.87
 -83.00 -32.00  68.36
 -83.00 -31.00  77.66
 -83.00 -30.00  86.98
 -83.00 -29.00  95.45
 -83.00 -28.00 102.19
 -83.00 -27.00 106.50
 -83.00 -26.00 107.92
 -83.00 -25.00 106.34
 -83.00 -24.00 102.02
 -83.00 -23.00  95.52
 -83.00 -22.00  87.66
 -83.00 -21.00  79.35
 -83.00 -20.00  71.44
 -83.00 -19.00  64.63
 -83.00 -18.00  59.33
 -83.00 -17.00  55.66
 -83.00 -16.00  53.44
 -83.00 -15.00  52.32
 -83.00 -14.00  51.85
 -83.00 -13.00  51.61
 -83.00 -12.00  51.35
 -83.00 -11.00  50.99
 -83.00 -10.00  50.72
 -83.00  -9.00  50.88
 -83.00  -8.00  51.89
 -83.00  -7.00  54.19
 -83.00  -6.00  58.05
 -83.00  -5.00  63.52
 -83.00  -4.00  70.38
 -83.00  -3.00  78.12
 -83.00  -2.00  86.03
 -83.00  -1.00  93.28
 -83.00   0.00  99.05
 -83.00   1.00 102.64
 -83.00   2.00 103.61
 -83.00   3.00 101.80
 -83.00   4.00  97.38
 -83.00   5.00  90.78
 -83.00   6.00  82.66
 -83.00   7.00  73.81
 -83.00   8.00  64.99
 -83.00   9.00  56.89
 -83.00  10.00  50.04
 -83.00  11.00  44.76
 -83.00  12.00  41.16
 -83.00  13.00  39.15
 -83.00  14.00  38.52
 -83.00  15.00  38.92
 -83.00  16.00  40.00
 -83.00  17.00  41.37
 -83.00  18.00  42.73
 -83.00  19.00  43.79
 -83.00  20.00  44.39
 -83.00  21.00  44.42
 -83.00  22.00  43.88
 -83.00  23.00  42.86
 -83.00  24.00  41.53
 -83.00  25.00  40.15
 -83.00  26.00  39.06
 -83.00  27.00  38.61
 -82.00 -37.00  41.74
 -82.00 -36.00  43.89
 -82.00 -35.00  47.69
 -82.00 -34.00  53.29
 -82.00 -33.00  60.59
 -82.00 -32.00  69.26
 -82.00 -31.00  78.67
 -82.00 -30.00  88.05
 -82.00 -29.00  96.48
 -82.00 -28.00 103.11
 -82.00 -27.00 107.21
 -82.00 -26.00 108.36
 -82.00 -25.00 106.47
 -82.00 -24.00 101.83
 -82.00 -23.00  95.06
 -82.00 -22.00  86.98
 -82.00 -21.00  78.52
 -82.00 -20.00  70.55
 -82.00 -19.00  63.74
 -82.00 -18.00  58.50
 -82.00 -17.00  54.90
 -82.00 -16.00  52.76
 -82.00 -15.00  51.70
 -82.00 -14.00  51.25
 -82.00 -13.00  51.01
 -82.00 -12.00  50.74
 -82.00 -11.00  50.39
 -82.00 -10.00  50.16
 -82.00  -9.00  50.42
 -82.00  -8.00  51.62
 -82.00  -7.00  54.18
 -82.00  -6.00  58.36
 -82.00  -5.00  64.18
 -82.00  -4.00  71.37
 -82.00  -3.00  79.39
 -82.00  -2.00  87.48
 -82.00  -1.00  94.78
 -82.00   0.00 100.46
 -82.00   1.00 103.82
 -82.00   2.00 104.45
 -82.00   3.00 102.23
 -82.00   4.00  97.37
 -82.00   5.00  90.37
 -82.00   6.00  81.94
 -82.00   7.00  72.86
 -82.00   8.00  63.95
 -82.00   9.00  55.87
 -82.00  10.00  49.14
 -82.00  11.00  44.04
 -82.00  12.00  40.65
 -82.00  13.00  38.84
 -82.00  14.00  38.36
 -82.00  15.00  38.86
 -82.00  16.00  39.97
 -82.00  17.00  41.32
 -82.00  18.00  42.61
 -82.00  19.00  43.59
 -82.00  20.00  44.11
 -82.00  21.00  44.07
 -82.00  22.00  43.49
 -82.00  23.00  42.46
 -82.00  24.00  41.15
 -82.00  25.00  39.81
 -82.00  26.00  38.78
 -82.00  27.00  38.43
 -81.00 -37.00  41.73
 -81.00 -36.00  43.97
 -81.00 -35.00  47.89
 -81.00 -34.00  53.63
 -81.00 -33.00  61.07
 -81.00 -32.00  69.86
 -81.00 -31.00  79.38
 -81.00 -30.00  88.82
 -81.00 -29.00  97.26
 -81.00 -28.00 103.83
 -81.00 -27.00 107.81
 -81.00 -26.00 108.79
 -81.00 -25.00 106.69
 -81.00 -24.00 101.83
 -81.00 -23.00  94.84
 -81.00 -22.00  86.58
 -81.00 -21.00  77.99
 -81.00 -20.00  69.94
 -81.00 -19.00  63.11
 -81.00 -18.00  57.87
 -81.00 -17.00  54.31
 -81.00 -16.00  52.20
 -81.00 -15.00  51.17
 -81.00 -14.00  50.73
 -81.00 -13.00  50.49
 -81.00 -12.00  50.20
 -81.00 -11.00  49.86
 -81.00 -10.00  49.67
 -81.00  -9.00  50.03
 -81.00  -8.00  51.39
 -81.00  -7.00  54.18
 -81.00  -6.00  58.63
 -81.00  -5.00  64.76
 -81.00  -4.00  72.24
 -81.00  -3.00  80.51
 -81.00  -2.00  88.76
 -81.00  -1.00  96.11
 -81.00   0.00 101.71
 -81.00   1.00 104.89
 -81.00   2.00 105.22
 -81.00   3.00 102.65
 -81.00   4.00  97.42
 -81.00   5.00  90.08
 -81.00   6.00  81.36
 -81.00   7.00  72.10
 -81.00   8.00  63.11
 -81.00   9.00  55.05
 -81.00  10.00  48.42
 -81.00  11.00  43.47
 -81.00  12.00  40.25
 -81.00  13.00  38.60
 -81.00  14.00  38.23
 -81.00  15.00  38.80
 -81.00  16.00  39.92
 -81.00  17.00  41.23
 -81.00  18.00  42.46
 -81.00  19.00  43.37
 -81.00  20.00  43.82
 -81.00  21.00  43.74
 -81.00  22.00  43.14
 -81.00  23.00  42.11
 -81.00  24.00  40.83
 -81.00  25.00  39.54
 -81.00  26.00  38.57
 -81.00  27.00  38.27
 -80.00 -37.00  41.68
 -80.00 -36.00  43.98
 -80.00 -35.00  47.97
 -80.00 -34.00  53.79
 -80.00 -33.00  61.32
 -80.00 -32.00  70.21
 -80.00 -31.00  79.82
 -80.00 -30.00  89.33
 -80.00 -29.00  97.81
 -80.00 -28.00 104.38
 -80.00 -27.00 108.33
 -80.00 -26.00 109.22
 -80.00 -25.00 107.00
 -80.00 -24.00 102.00
 -80.00 -23.00  94.85
 -80.00 -22.00  86.45
 -80.00 -21.00  77.73
 -80.00 -20.00  69.59
 -80.00 -19.00  62.70
 -80.00 -18.00  57.43
 -80.00 -17.00  53.86
 -80.00 -16.00  51.76
 -80.00 -15.00  50.72
 -80.00 -14.00  50.28
 -80.00 -13.00  50.03
 -80.00 -12.00  49.74
 -80.00 -11.00  49.41
 -80.00 -10.00  49.26
 -80.00  -9.00  49.70
 -80.00  -8.00  51.20
 -80.00  -7.00  54.17
 -80.00  -6.00  58.86
 -80.00  -5.00  65.24
 -80.00  -4.00  72.97
 -80.00  -3.00  81.46
 -80.00  -2.00  89.86
 -80.00  -1.00  97.27
 -80.00   0.00 102.82
 -80.00   1.00 105.84
 -80.00   2.00 105.95
 -80.00   3.00 103.08
 -80.00   4.00  97.53
 -80.00   5.00  89.89
 -80.00   6.00  80.93
 -80.00   7.00  71.51
 -80.00   8.00  62.43
 -80.00   9.00  54.39
 -80.00  10.00  47.84
 -80.00  11.00  43.02
 -80.00  12.00  39.93
 -80.00  13.00  38.41
 -80.00  14.00  38.13
 -80.00  15.00  38.74
 -80.00  16.00  39.85
 -80.00  17.00  41.12
 -80.00  18.00  42.28
 -80.00  19.00  43.12
 -80.00  20.00  43.52
 -80.00  21.00  43.41
 -80.00  22.00  42.81
 -80.00  23.00  41.82
 -80.00  24.00  40.58
 -80.00  25.00  39.34
 -80.00  26.00  38.40
 -80.00  27.00  38.15
 -79.00 -37.00  41.62
 -79.00 -36.00  43.93
 -79.00 -35.00  47.95
 -79.00 -34.00  53.80
 -79.00 -33.00  61.39
 -79.00 -32.00  70.34
 -79.00 -31.00  80.03
 -79.00 -30.00  89.62
 -79.00 -29.00  98.18
 -79.00 -28.00 104.81
 -79.00 -27.00 108.78
 -79.00 -26.00 109.66
 -79.00 -25.00 107.39
 -79.00 -24.00 102.31
 -79.00 -23.00  95.06
 -79.00 -22.00  86.54
 -79.00 -21.00  77.71
 -79.00 -20.00  69.46
 -79.00 -19.00  62.48
 -79.00 -18.00  57.15
 -79.00 -17.00  53.53
 -79.00 -16.00  51.41
 -79.00 -15.00  50.35
 -79.00 -14.00  49.90
 -79.00 -13.00  49.65
 -79.00 -12.00  49.35
 -79.00 -11.00  49.03
 -79.00 -10.00  48.92
 -79.00  -9.00  49.43
 -79.00  -8.00  51.04
 -79.00  -7.00  54.16
 -79.00  -6.00  59.05
 -79.00  -5.00  65.64
 -79.00  -4.00  73.60
 -79.00  -3.00  82.27
 -79.00  -2.00  90.81
 -79.00  -1.00  98.28
 -79.00   0.00 103.80
 -79.00   1.00 106.71
 -79.00   2.00 106.61
 -79.00   3.00 103.49
 -79.00   4.00  97.67
 -79.00   5.00  89.77
 -79.00   6.00  80.59
 -79.00   7.00  71.02
 -79.00   8.00  61.88
 -79.00   9.00  53.84
 -79.00  10.00  47.36
 -79.00  11.00  42.65
 -79.00  12.00  39.68
 -79.00  13.00  38.26
 -79.00  14.00  38.05
 -79.00  15.00  38.68
 -79.00  16.00  39.77
 -79.00  17.00  40.99
 -79.00  18.00  42.08
 -79.00  19.00  42.86
 -79.00  20.00  43.21
 -79.00  21.00  43.09
 -79.00  22.00  42.51
 -79.00  23.00  41.56
 -79.00  24.00  40.37
 -79.00  25.00  39.18
 -79.00  26.00  38.28
 -79.00  27.00  38.04
 -78.00 -37.00  41.53
 -78.00 -36.00  43.84
 -78.00 -35.00  47.85
 -78.00 -34.00  53.70
 -78.00 -33.00  61.31
 -78.00 -32.00  70.31
 -78.00 -31.00  80.07
 -78.00 -30.00  89.75
 -78.00 -29.00  98.40
 -78.00 -28.00 105.12
 -78.00 -27.00 109.17
 -78.00 -26.00 110.10
 -78.00 -25.00 107.85
 -78.00 -24.00 102.73
 -78.00 -23.00  95.42
 -78.00 -22.00  86.81
 -78.00 -21.00  77.87
 -78.00 -20.00  69.51
 -78.00 -19.00  62.43
 -78.00 -18.00  57.01
 -78.00 -17.00  53.32
 -78.00 -16.00  51.15
 -78.00 -15.00  50.06
 -78.00 -14.00  49.59
 -78.00 -13.00  49.32
 -78.00 -12.00  49.03
 -78.00 -11.00  48.72
 -78.00 -10.00  48.64
 -78.00  -9.00  49.21
 -78.00  -8.00  50.91
 -78.00  -7.00  54.17
 -78.00  -6.00  59.21
 -78.00  -5.00  65.99
 -78.00  -4.00  74.13
 -78.00  -3.00  82.97
 -78.00  -2.00  91.64
 -78.00  -1.00  99.17
 -78.00   0.00 104.67
 -78.00   1.00 107.48
 -78.00   2.00 107.21
 -78.00   3.00 103.87
 -78.00   4.00  97.81
 -78.00   5.00  89.67
 -78.00   6.00  80.30
 -78.00   7.00  70.59
 -78.00   8.00  61.38
 -78.00   9.00  53.35
 -78.00  10.00  46.94
 -78.00  11.00  42.33
 -78.00  12.00  39.47
 -78.00  13.00  38.13
 -78.00  14.00  37.98
 -78.00  15.00  38.62
 -78.00  16.00  39.68
 -78.00  17.00  40.84
 -78.00  18.00  41.86
 -78.00  19.00  42.57
 -78.00  20.00  42.89
 -78.00  21.00  42.77
 -78.00  22.00  42.22
 -78.00  23.00  41.32
 -78.00  24.00  40.20
 -78.00  25.00  39.06
 -78.00  26.00  38.19
 -78.00  27.00  37.94
 -77.00 -37.00  41.44
 -77.00 -36.00  43.71
 -77.00 -35.00  47.69
 -77.00 -34.00  53.52
 -77.00 -33.00  61.13
 -77.00 -32.00  70.15
 -77.00 -31.00  79.97
 -77.00 -30.00  89.73
 -77.00 -29.00  98.50
 -77.00 -28.00 105.34
 -77.00 -27.00 109.51
 -77.00 -26.00 110.53
 -77.00 -25.00 108.34
 -77.00 -24.00 103.24
 -77.00 -23.00  95.90
 -77.00 -22.00  87.22
 -77.00 -21.00  78.19
 -77.00 -20.00  69.71
 -77.00 -19.00  62.51
 -77.00 -18.00  56.99
 -77.00 -17.00  53.21
 -77.00 -16.00  50.97
 -77.00 -15.00  49.84
 -77.00 -14.00  49.34
 -77.00 -13.00  49.06
 -77.00 -12.00  48.77
 -77.00 -11.00  48.47
 -77.00 -10.00  48.42
 -77.00  -9.00  49.04
 -77.00  -8.00  50.82
 -77.00  -7.00  54.19
 -77.00  -6.00  59.37
 -77.00  -5.00  66.30
 -77.00  -4.00  74.61
 -77.00  -3.00  83.59
 -77.00  -2.00  92.36
 -77.00  -1.00  99.95
 -77.00   0.00 105.44
 -77.00   1.00 108.16
 -77.00   2.00 107.74
 -77.00   3.00 104.20
 -77.00   4.00  97.92
 -77.00   5.00  89.57
 -77.00   6.00  80.01
 -77.00   7.00  70.19
 -77.00   8.00  60.93
 -77.00   9.00  52.91
 -77.00  10.00  46.56
 -77.00  11.00  42.04
 -77.00  12.00  39.28
 -77.00  13.00  38.03
 -77.00  14.00  37.92
 -77.00  15.00  38.56
 -77.00  16.00  39.58
 -77.00  17.00  40.68
 -77.00  18.00  41.63
 -77.00  19.00  42.28
 -77.00  20.00  42.56
 -77.00  21.00  42.45
 -77.00  22.00  41.94
 -77.00  23.00  41.11
 -77.00  24.00  40.06
 -77.00  25.00  38.97
 -77.00  26.00  38.13
 -77.00  27.00  37.86
 -76.00 -37.00  41.68
 -76.00 -36.00  43.85
 -76.00 -35.00  47.69
 -76.00 -34.00  53.35
 -76.00 -33.00  60.79
 -76.00 -32.00  69.65
 -76.00 -31.00  79.35
 -76.00 -30.00  89.04
 -76.00 -29.00  97.79
 -76.00 -28.00 104.67
 -76.00 -27.00 108.92
 -76.00 -26.00 110.07
 -76.00 -25.00 108.01
 -76.00 -24.00 103.03
 -76.00 -23.00  95.77
 -76.00 -22.00  87.12
 -76.00 -21.00  78.07
 -76.00 -20.00  69.53
 -76.00 -19.00  62.23
 -76.00 -18.00  56.59
 -76.00 -17.00  52.70
 -76.00 -16.00  50.36
 -76.00 -15.00  49.16
 -76.00 -14.00  48.63
 -76.00 -13.00  48.35
 -76.00 -12.00  48.09
 -76.00 -11.00  47.85
 -76.00 -10.00  47.87
 -76.00  -9.00  48.56
 -76.00  -8.00  50.41
 -76.00  -7.00  53.84
 -76.00  -6.00  59.08
 -76.00  -5.00  66.07
 -76.00  -4.00  74.42
 -76.00  -3.00  83.44
 -76.00  -2.00  92.22
 -76.00  -1.00  99.78
 -76.00   0.00 105.22
 -76.00   1.00 107.85
 -76.00   2.00 107.31
 -76.00   3.00 103.61
 -76.00   4.00  97.16
 -76.00   5.00  88.65
 -76.00   6.00  78.97
 -76.00   7.00  69.06
 -76.00   8.00  59.77
 -76.00   9.00  51.78
 -76.00  10.00  45.51
 -76.00  11.00  41.10
 -76.00  12.00  38.47
 -76.00  13.00  37.32
 -76.00  14.00  37.30
 -76.00  15.00  37.98
 -76.00  16.00  39.00
 -76.00  17.00  40.07
 -76.00  18.00  40.98
 -76.00  19.00  41.60
 -76.00  20.00  41.87
 -76.00  21.00  41.76
 -76.00  22.00  41.28
 -76.00  23.00  40.48
 -76.00  24.00  39.47
 -76.00  25.00  38.40
 -76.00  26.00  37.52
 -76.00  27.00  37.18
 -75.00 -37.00  41.92
 -75.00 -36.00  43.96
 -75.00 -35.00  47.63
 -75.00 -34.00  53.10
 -75.00 -33.00  60.32
 -75.00 -32.00  69.00
 -75.00 -31.00  78.54
 -75.00 -30.00  88.15
 -75.00 -29.00  96.88
 -75.00 -28.00 103.82
 -75.00 -27.00 108.20
 -75.00 -26.00 109.51
 -75.00 -25.00 107.64
 -75.00 -24.00 102.82
 -75.00 -23.00  95.70
 -75.00 -22.00  87.12
 -75.00 -21.00  78.07
 -75.00 -20.00  69.48
 -75.00 -19.00  62.07
 -75.00 -18.00  56.29
 -75.00 -17.00  52.27
 -75.00 -16.00  49.81
 -75.00 -15.00  48.52
 -75.00 -14.00  47.95
 -75.00 -13.00  47.68
 -75.00 -12.00  47.45
 -75.00 -11.00  47.27
 -75.00 -10.00  47.34
 -75.00  -9.00  48.09
 -75.00  -8.00  49.99
 -75.00  -7.00  53.46
 -75.00  -6.00  58.73
 -75.00  -5.00  65.74
 -75.00  -4.00  74.10
 -75.00  -3.00  83.13
 -75.00  -2.00  91.91
 -75.00  -1.00  99.46
 -75.00   0.00 104.86
 -75.00   1.00 107.42
 -75.00   2.00 106.78
 -75.00   3.00 102.96
 -75.00   4.00  96.38
 -75.00   5.00  87.74
 -75.00   6.00  77.95
 -75.00   7.00  67.96
 -75.00   8.00  58.65
 -75.00   9.00  50.69
 -75.00  10.00  44.49
 -75.00  11.00  40.18
 -75.00  12.00  37.65
 -75.00  13.00  36.60
 -75.00  14.00  36.65
 -75.00  15.00  37.37
 -75.00  16.00  38.40
 -75.00  17.00  39.44
 -75.00  18.00  40.31
 -75.00  19.00  40.90
 -75.00  20.00  41.15
 -75.00  21.00  41.04
 -75.00  22.00  40.60
 -75.00  23.00  39.85
 -75.00  24.00  38.88
 -75.00  25.00  37.82
 -75.00  26.00  36.92
 -75.00  27.00  36.50
 -74.00 -37.00  42.15
 -74.00 -36.00  44.04
 -74.00 -35.00  47.50
 -74.00 -34.00  52.73
 -74.00 -33.00  59.70
 -74.00 -32.00  68.15
 -74.00 -31.00  77.51
 -74.00 -30.00  87.02
 -74.00 -29.00  95.75
 -74.00 -28.00 102.78
 -74.00 -27.00 107.32
 -74.00 -26.00 108.87
 -74.00 -25.00 107.24
 -74.00 -24.00 102.66
 -74.00 -23.00  95.72
 -74.00 -22.00  87.26
 -74.00 -21.00  78.24
 -74.00 -20.00  69.59
 -74.00 -19.00  62.06
 -74.00 -18.00  56.13
 -74.00 -17.00  51.94
 -74.00 -16.00  49.33
 -74.00 -15.00  47.94
 -74.00 -14.00  47.32
 -74.00 -13.00  47.03
 -74.00 -12.00  46.84
 -74.00 -11.00  46.71
 -74.00 -10.00  46.84
 -74.00  -9.00  47.64
 -74.00  -8.00  49.57
 -74.00  -7.00  53.04
 -74.00  -6.00  58.29
 -74.00  -5.00  65.28
 -74.00  -4.00  73.62
 -74.00  -3.00  82.63
 -74.00  -2.00  91.40
 -74.00  -1.00  98.94
 -74.00   0.00 104.33
 -74.00   1.00 106.87
 -74.00   2.00 106.18
 -74.00   3.00 102.30
 -74.00   4.00  95.63
 -74.00   5.00  86.90
 -74.00   6.00  77.02
 -74.00   7.00  66.97
 -74.00   8.00  57.63
 -74.00   9.00  49.67
 -74.00  10.00  43.51
 -74.00  11.00  39.28
 -74.00  12.00  36.84
 -74.00  13.00  35.88
 -74.00  14.00  35.98
 -74.00  15.00  36.74
 -74.00  16.00  37.76
 -74.00  17.00  38.78
 -74.00  18.00  39.61
 -74.00  19.00  40.17
 -74.00  20.00  40.41
 -74.00  21.00  40.32
 -74.00  22.00  39.92
 -74.00  23.00  39.22
 -74.00  24.00  38.30
 -74.00  25.00  37.27
 -74.00  26.00  36.33
 -74.00  27.00  35.81
 -73.00 -37.00  42.37
 -73.00 -36.00  44.07
 -73.00 -35.00  47.28
 -73.00 -34.00  52.22
 -73.00 -33.00  58.89
 -73.00 -32.00  67.06
 -73.00 -31.00  76.21
 -73.00 -30.00  85.60
 -73.00 -29.00  94.33
 -73.00 -28.00 101.48
 -73.00 -27.00 106.26
 -73.00 -26.00 108.11
 -73.00 -25.00 106.82
 -73.00 -24.00 102.56
 -73.00 -23.00  95.88
 -73.00 -22.00  87.59
 -73.00 -21.00  78.62
 -73.00 -20.00  69.92
 -73.00 -19.00  62.26
 -73.00 -18.00  56.14
 -73.00 -17.00  51.74
 -73.00 -16.00  48.95
 -73.00 -15.00  47.43
 -73.00 -14.00  46.73
 -73.00 -13.00  46.43
 -73.00 -12.00  46.26
 -73.00 -11.00  46.18
 -73.00 -10.00  46.36
 -73.00  -9.00  47.19
 -73.00  -8.00  49.10
 -73.00  -7.00  52.54
 -73.00  -6.00  57.73
 -73.00  -5.00  64.64
 -73.00  -4.00  72.91
 -73.00  -3.00  81.88
 -73.00  -2.00  90.64
 -73.00  -1.00  98.20
 -73.00   0.00 103.63
 -73.00   1.00 106.20
 -73.00   2.00 105.55
 -73.00   3.00 101.67
 -73.00   4.00  94.98
 -73.00   5.00  86.20
 -73.00   6.00  76.26
 -73.00   7.00  66.15
 -73.00   8.00  56.76
 -73.00   9.00  48.78
 -73.00  10.00  42.63
 -73.00  11.00  38.43
 -73.00  12.00  36.04
 -73.00  13.00  35.14
 -73.00  14.00  35.29
 -73.00  15.00  36.07
 -73.00  16.00  37.09
 -73.00  17.00  38.09
 -73.00  18.00  38.89
 -73.00  19.00  39.42
 -73.00  20.00  39.65
 -73.00  21.00  39.58
 -73.00  22.00  39.23
 -73.00  23.00  38.60
 -73.00  24.00  37.74
 -73.00  25.00  36.73
 -73.00  26.00  35.77
 -73.00  27.00  35.14
 -72.00 -37.00  42.57
 -72.00 -36.00  44.05
 -72.00 -35.00  46.96
 -72.00 -34.00  51.55
 -72.00 -33.00  57.86
 -72.00 -32.00  65.70
 -72.00 -31.00  74.60
 -72.00 -30.00  83.85
 -72.00 -29.00  92.59
 -72.00 -28.00  99.90
 -72.00 -27.00 104.97
 -72.00 -26.00 107.21
 -72.00 -25.00 106.36
 -72.00 -24.00 102.53
 -72.00 -23.00  96.20
 -72.00 -22.00  88.13
 -72.00 -21.00  79.27
 -72.00 -20.00  70.53
 -72.00 -19.00  62.72
 -72.00 -18.00  56.37
 -72.00 -17.00  51.72
 -72.00 -16.00  48.70
 -72.00 -15.00  47.00
 -72.00 -14.00  46.19
 -72.00 -13.00  45.86
 -72.00 -12.00  45.71
 -72.00 -11.00  45.67
 -72.00 -10.00  45.89
 -72.00  -9.00  46.72
 -72.00  -8.00  48.59
 -72.00  -7.00  51.94
 -72.00  -6.00  57.00
 -72.00  -5.00  63.78
 -72.00  -4.00  71.94
 -72.00  -3.00  80.84
 -72.00  -2.00  89.59
 -72.00  -1.00  97.20
 -72.00   0.00 102.73
 -72.00   1.00 105.43
 -72.00   2.00 104.90
 -72.00   3.00 101.13
 -72.00   4.00  94.50
 -72.00   5.00  85.73
 -72.00   6.00  75.76
 -72.00   7.00  65.58
 -72.00   8.00  56.11
 -72.00   9.00  48.06
 -72.00  10.00  41.87
 -72.00  11.00  37.65
 -72.00  12.00  35.28
 -72.00  13.00  34.40
 -72.00  14.00  34.58
 -72.00  15.00  35.37
 -72.00  16.00  36.39
 -72.00  17.00  37.37
 -72.00  18.00  38.15
 -72.00  19.00  38.66
 -72.00  20.00  38.88
 -72.00  21.00  38.85
 -72.00  22.00  38.55
 -72.00  23.00  37.99
 -72.00  24.00  37.19
 -72.00  25.00  36.22
 -72.00  26.00  35.23
 -72.00  27.00  34.49
 -71.00 -37.00  42.77
 -71.00 -36.00  43.99
 -71.00 -35.00  46.56
 -71.00 -34.00  50.75
 -71.00 -33.00  56.63
 -71.00 -32.00  64.08
 -71.00 -31.00  72.67
 -71.00 -30.00  81.75
 -71.00 -29.00  90.49
 -71.00 -28.00  97.99
 -71.00 -27.00 103.42
 -71.00 -26.00 106.14
 -71.00 -25.00 105.83
 -71.00 -24.00 102.53
 -71.00 -23.00  96.65
 -71.00 -22.00  88.91
 -71.00 -21.00  80.20
 -71.00 -20.00  71.44
 -71.00 -19.00  63.47
 -71.00 -18.00  56.86
 -71.00 -17.00  51.91
 -71.00 -16.00  48.60
 -71.00 -15.00  46.67
 -71.00 -14.00  45.72
 -71.00 -13.00  45.33
 -71.00 -12.00  45.19
 -71.00 -11.00  45.18
 -71.00 -10.00  45.43
 -71.00  -9.00  46.23
 -71.00  -8.00  48.03
 -71.00  -7.00  51.23
 -71.00  -6.00  56.11
 -71.00  -5.00  62.70
 -71.00  -4.00  70.69
 -71.00  -3.00  79.49
 -71.00  -2.00  88.23
 -71.00  -1.00  95.92
 -71.00   0.00 101.62
 -71.00   1.00 104.54
 -71.00   2.00 104.25
 -71.00   3.00 100.69
 -71.00   4.00  94.21
 -71.00   5.00  85.52
 -71.00   6.00  75.55
 -71.00   7.00  65.31
 -71.00   8.00  55.73
 -71.00   9.00  47.56
 -71.00  10.00  41.26
 -71.00  11.00  36.97
 -71.00  12.00  34.54
 -71.00  13.00  33.65
 -71.00  14.00  33.83
 -71.00  15.00  34.63
 -71.00  16.00  35.66
 -71.00  17.00  36.63
 -71.00  18.00  37.39
 -71.00  19.00  37.88
 -71.00  20.00  38.11
 -71.00  21.00  38.10
 -71.00  22.00  37.86
 -71.00  23.00  37.38
 -71.00  24.00  36.66
 -71.00  25.00  35.74
 -71.00  26.00  34.74
 -71.00  27.00  33.89
 -70.00 -37.00  42.98
 -70.00 -36.00  43.92
 -70.00 -35.00  46.11
 -70.00 -34.00  49.84
 -70.00 -33.00  55.24
 -70.00 -32.00  62.22
 -70.00 -31.00  70.44
 -70.00 -30.00  79.30
 -70.00 -29.00  88.02
 -70.00 -28.00  95.72
 -70.00 -27.00 101.55
 -70.00 -26.00 104.83
 -70.00 -25.00 105.17
 -70.00 -24.00 102.52
 -70.00 -23.00  97.21
 -70.00 -22.00  89.88
 -70.00 -21.00  81.39
 -70.00 -20.00  72.66
 -70.00 -19.00  64.53
 -70.00 -18.00  57.63
 -70.00 -17.00  52.34
 -70.00 -16.00  48.69
 -70.00 -15.00  46.48
 -70.00 -14.00  45.34
 -70.00 -13.00  44.85
 -70.00 -12.00  44.69
 -70.00 -11.00  44.71
 -70.00 -10.00  44.96
 -70.00  -9.00  45.73
 -70.00  -8.00  47.41
 -70.00  -7.00  50.43
 -70.00  -6.00  55.07
 -70.00  -5.00  61.40
 -70.00  -4.00  69.18
 -70.00  -3.00  77.84
 -70.00  -2.00  86.56
 -70.00  -1.00  94.37
 -70.00   0.00 100.29
 -70.00   1.00 103.53
 -70.00   2.00 103.58
 -70.00   3.00 100.35
 -70.00   4.00  94.13
 -70.00   5.00  85.60
 -70.00   6.00  75.67
 -70.00   7.00  65.36
 -70.00   8.00  55.65
 -70.00   9.00  47.31
 -70.00  10.00  40.83
 -70.00  11.00  36.38
 -70.00  12.00  33.85
 -70.00  13.00  32.89
 -70.00  14.00  33.06
 -70.00  15.00  33.86
 -70.00  16.00  34.89
 -70.00  17.00  35.87
 -70.00  18.00  36.62
 -70.00  19.00  37.11
 -70.00  20.00  37.34
 -70.00  21.00  37.36
 -70.00  22.00  37.18
 -70.00  23.00  36.78
 -70.00  24.00  36.15
 -70.00  25.00  35.30
 -70.00  26.00  34.30
 -70.00  27.00  33.35
 -69.00 -37.00  43.20
 -69.00 -36.00  43.86
 -69.00 -35.00  45.65
 -69.00 -34.00  48.89
 -69.00 -33.00  53.74
 -69.00 -32.00  60.19
 -69.00 -31.00  67.97
 -69.00 -30.00  76.56
 -69.00 -29.00  85.22
 -69.00 -28.00  93.10
 -69.00 -27.00  99.35
 -69.00 -26.00 103.24
 -69.00 -25.00 104.30
 -69.00 -24.00 102.40
 -69.00 -23.00  97.78
 -69.00 -22.00  90.98
 -69.00 -21.00  82.80
 -69.00 -20.00  74.15
 -69.00 -19.00  65.89
 -69.00 -18.00  58.71
 -69.00 -17.00  53.03
 -69.00 -16.00  48.99
 -69.00 -15.00  46.44
 -69.00 -14.00  45.05
 -69.00 -13.00  44.43
 -69.00 -12.00  44.23
 -69.00 -11.00  44.25
 -69.00 -10.00  44.50
 -69.00  -9.00  45.22
 -69.00  -8.00  46.77
 -69.00  -7.00  49.56
 -69.00  -6.00  53.91
 -69.00  -5.00  59.93
 -69.00  -4.00  67.44
 -69.00  -3.00  75.92
 -69.00  -2.00  84.60
 -69.00  -1.00  92.53
 -69.00   0.00  98.73
 -69.00   1.00 102.36
 -69.00   2.00 102.87
 -69.00   3.00 100.07
 -69.00   4.00  94.22
 -69.00   5.00  85.93
 -69.00   6.00  76.10
 -69.00   7.00  65.75
 -69.00   8.00  55.89
 -69.00   9.00  47.32
 -69.00  10.00  40.59
 -69.00  11.00  35.92
 -69.00  12.00  33.21
 -69.00  13.00  32.15
 -69.00  14.00  32.26
 -69.00  15.00  33.05
 -69.00  16.00  34.10
 -69.00  17.00  35.08
 -69.00  18.00  35.85
 -69.00  19.00  36.34
 -69.00  20.00  36.58
 -69.00  21.00  36.62
 -69.00  22.00  36.49
 -69.00  23.00  36.18
 -69.00  24.00  35.65
 -69.00  25.00  34.88
 -69.00  26.00  33.90
 -69.00  27.00  32.89
 -68.00 -37.00  43.46
 -68.00 -36.00  43.84
 -68.00 -35.00  45.22
 -68.00 -34.00  47.94
 -68.00 -33.00  52.21
 -68.00 -32.00  58.08
 -68.00 -31.00  65.35
 -68.00 -30.00  73.58
 -68.00 -29.00  82.12
 -68.00 -28.00  90.14
 -68.00 -27.00  96.79
 -68.00 -26.00 101.31
 -68.00 -25.00 103.16
 -68.00 -24.00 102.10
 -68.00 -23.00  98.26
 -68.00 -22.00  92.10
 -68.00 -21.00  84.35
 -68.00 -20.00  75.86
 -68.00 -19.00  67.52
 -68.00 -18.00  60.07
 -68.00 -17.00  54.00
 -68.00 -16.00  49.52
 -68.00 -15.00  46.58
 -68.00 -14.00  44.89
 -68.00 -13.00  44.09
 -68.00 -12.00  43.80
 -68.00 -11.00  43.80
 -68.00 -10.00  44.04
 -68.00  -9.00  44.70
 -68.00  -8.00  46.11
 -68.00  -7.00  48.66
 -68.00  -6.00  52.68
 -68.00  -5.00  58.35
 -68.00  -4.00  65.53
 -68.00  -3.00  73.79
 -68.00  -2.00  82.41
 -68.00  -1.00  90.45
 -68.00   0.00  96.96
 -68.00   1.00 101.04
 -68.00   2.00 102.07
 -68.00   3.00  99.81
 -68.00   4.00  94.43
 -68.00   5.00  86.47
 -68.00   6.00  76.80
 -68.00   7.00  66.44
 -68.00   8.00  56.41
 -68.00   9.00  47.58
 -68.00  10.00  40.54
 -68.00  11.00  35.58
 -68.00  12.00  32.64
 -68.00  13.00  31.41
 -68.00  14.00  31.44
 -68.00  15.00  32.21
 -68.00  16.00  33.27
 -68.00  17.00  34.29
 -68.00  18.00  35.07
 -68.00  19.00  35.57
 -68.00  20.00  35.82
 -68.00  21.00  35.89
 -68.00  22.00  35.81
 -68.00  23.00  35.57
 -68.00  24.00  35.14
 -68.00  25.00  34.47
 -68.00  26.00  33.55
 -68.00  27.00  32.50
 -67.00 -37.00  43.75
 -67.00 -36.00  43.87
 -67.00 -35.00  44.86
 -67.00 -34.00  47.06
 -67.00 -33.00  50.73
 -67.00 -32.00  55.96
 -67.00 -31.00  62.66
 -67.00 -30.00  70.47
 -67.00 -29.00  78.80
 -67.00 -28.00  86.88
 -67.00 -27.00  93.89
 -67.00 -26.00  99.02
 -67.00 -25.00 101.68
 -67.00 -24.00 101.52
 -67.00 -23.00  98.56
 -67.00 -22.00  93.14
 -67.00 -21.00  85.92
 -67.00 -20.00  77.71
 -67.00 -19.00  69.37
 -67.00 -18.00  61.69
 -67.00 -17.00  55.23
 -67.00 -16.00  50.30
 -67.00 -15.00  46.92
 -67.00 -14.00  44.88
 -67.00 -13.00  43.84
 -67.00 -12.00  43.42
 -67.00 -11.00  43.37
 -67.00 -10.00  43.59
 -67.00  -9.00  44.18
 -67.00  -8.00  45.45
 -67.00  -7.00  47.75
 -67.00  -6.00  51.44
 -67.00  -5.00  56.71
 -67.00  -4.00  63.53
 -67.00  -3.00  71.51
 -67.00  -2.00  80.02
 -67.00  -1.00  88.16
 -67.00   0.00  94.97
 -67.00   1.00  99.53
 -67.00   2.00 101.16
 -67.00   3.00  99.52
 -67.00   4.00  94.69
 -67.00   5.00  87.15
 -67.00   6.00  77.72
 -67.00   7.00  67.39
 -67.00   8.00  57.21
 -67.00   9.00  48.09
 -67.00  10.00  40.70
 -67.00  11.00  35.39
 -67.00  12.00  32.14
 -67.00  13.00  30.70
 -67.00  14.00  30.61
 -67.00  15.00  31.35
 -67.00  16.00  32.42
 -67.00  17.00  33.48
 -67.00  18.00  34.30
 -67.00  19.00  34.82
 -67.00  20.00  35.09
 -67.00  21.00  35.17
 -67.00  22.00  35.12
 -67.00  23.00  34.96
 -67.00  24.00  34.62
 -67.00  25.00  34.06
 -67.00  26.00  33.22
 -67.00  27.00  32.17
 -66.00 -37.00  44.07
 -66.00 -36.00  43.96
 -66.00 -35.00  44.59
 -66.00 -34.00  46.29
 -66.00 -33.00  49.34
 -66.00 -32.00  53.92
 -66.00 -31.00  60.00
 -66.00 -30.00  67.30
 -66.00 -29.00  75.33
 -66.00 -28.00  83.39
 -66.00 -27.00  90.68
 -66.00 -26.00  96.37
 -66.00 -25.00  99.82
 -66.00 -24.00 100.59
 -66.00 -23.00  98.57
 -66.00 -22.00  94.00
 -66.00 -21.00  87.42
 -66.00 -20.00  79.59
 -66.00 -19.00  71.36
 -66.00 -18.00  63.52
 -66.00 -17.00  56.71
 -66.00 -16.00  51.33
 -66.00 -15.00  47.49
 -66.00 -14.00  45.05
 -66.00 -13.00  43.70
 -66.00 -12.00  43.11
 -66.00 -11.00  42.97
 -66.00 -10.00  43.15
 -66.00  -9.00  43.68
 -66.00  -8.00  44.80
 -66.00  -7.00  46.85
 -66.00  -6.00  50.20
 -66.00  -5.00  55.07
 -66.00  -4.00  61.48
 -66.00  -3.00  69.15
 -66.00  -2.00  77.49
 -66.00  -1.00  85.69
 -66.00   0.00  92.78
 -66.00   1.00  97.82
 -66.00   2.00 100.08
 -66.00   3.00  99.13
 -66.00   4.00  94.95
 -66.00   5.00  87.92
 -66.00   6.00  78.79
 -66.00   7.00  68.55
 -66.00   8.00  58.25
 -66.00   9.00  48.84
 -66.00  10.00  41.07
 -66.00  11.00  35.35
 -66.00  12.00  31.75
 -66.00  13.00  30.04
 -66.00  14.00  29.79
 -66.00  15.00  30.46
 -66.00  16.00  31.55
 -66.00  17.00  32.66
 -66.00  18.00  33.53
 -66.00  19.00  34.09
 -66.00  20.00  34.38
 -66.00  21.00  34.47
 -66.00  22.00  34.44
 -66.00  23.00  34.33
 -66.00  24.00  34.09
 -66.00  25.00  33.64
 -66.00  26.00  32.91
 -66.00  27.00  31.90
 -65.00 -37.00  44.40
 -65.00 -36.00  44.11
 -65.00 -35.00  44.41
 -65.00 -34.00  45.63
 -65.00 -33.00  48.09
 -65.00 -32.00  52.00
 -65.00 -31.00  57.41
 -65.00 -30.00  64.14
 -65.00 -29.00  71.79
 -65.00 -28.00  79.72
 -65.00 -27.00  87.18
 -65.00 -26.00  93.37
 -65.00 -25.00  97.57
 -65.00 -24.00  99.26
 -65.00 -23.00  98.23
 -65.00 -22.00  94.59
 -65.00 -21.00  88.77
 -65.00 -20.00  81.44
 -65.00 -19.00  73.42
 -65.00 -18.00  65.52
 -65.00 -17.00  58.42
 -65.00 -16.00  52.61
 -65.00 -15.00  48.29
 -65.00 -14.00  45.40
 -65.00 -13.00  43.71
 -65.00 -12.00  42.89
 -65.00 -11.00  42.62
 -65.00 -10.00  42.73
 -65.00  -9.00  43.18
 -65.00  -8.00  44.17
 -65.00  -7.00  45.99
 -65.00  -6.00  48.99
 -65.00  -5.00  53.44
 -65.00  -4.00  59.43
 -65.00  -3.00  66.73
 -65.00  -2.00  74.87
 -65.00  -1.00  83.06
 -65.00   0.00  90.40
 -65.00   1.00  95.92
 -65.00   2.00  98.83
 -65.00   3.00  98.61
 -65.00   4.00  95.14
 -65.00   5.00  88.71
 -65.00   6.00  79.98
 -65.00   7.00  69.90
 -65.00   8.00  59.52
 -65.00   9.00  49.84
 -65.00  10.00  41.67
 -65.00  11.00  35.50
 -65.00  12.00  31.48
 -65.00  13.00  29.45
 -65.00  14.00  28.99
 -65.00  15.00  29.57
 -65.00  16.00  30.66
 -65.00  17.00  31.82
 -65.00  18.00  32.76
 -65.00  19.00  33.38
 -65.00  20.00  33.69
 -65.00  21.00  33.79
 -65.00  22.00  33.79
 -65.00  23.00  33.71
 -65.00  24.00  33.55
 -65.00  25.00  33.21
 -65.00  26.00  32.60
 -65.00  27.00  31.67
 -64.00 -37.00  44.75
 -64.00 -36.00  44.31
 -64.00 -35.00  44.32
 -64.00 -34.00  45.11
 -64.00 -33.00  47.00
 -64.00 -32.00  50.24
 -64.00 -31.00  54.95
 -64.00 -30.00  61.04
 -64.00 -29.00  68.21
 -64.00 -28.00  75.91
 -64.00 -27.00  83.44
 -64.00 -26.00  90.02
 -64.00 -25.00  94.90
 -64.00 -24.00  97.50
 -64.00 -23.00  97.48
 -64.00 -22.00  94.84
 -64.00 -21.00  89.88
 -64.00 -20.00  83.18
 -64.00 -19.00  75.50
 -64.00 -18.00  67.64
 -64.00 -17.00  60.34
 -64.00 -16.00  54.14
 -64.00 -15.00  49.33
 -64.00 -14.00  45.97
 -64.00 -13.00  43.88
 -64.00 -12.00  42.78
 -64.00 -11.00  42.34
 -64.00 -10.00  42.33
 -64.00  -9.00  42.71
 -64.00  -8.00  43.56
 -64.00  -7.00  45.15
 -64.00  -6.00  47.82
 -64.00  -5.00  51.86
 -64.00  -4.00  57.38
 -64.00  -3.00  64.29
 -64.00  -2.00  72.16
 -64.00  -1.00  80.30
 -64.00   0.00  87.82
 -64.00   1.00  93.80
 -64.00   2.00  97.36
 -64.00   3.00  97.92
 -64.00   4.00  95.23
 -64.00   5.00  89.48
 -64.00   6.00  81.25
 -64.00   7.00  71.42
 -64.00   8.00  61.02
 -64.00   9.00  51.10
 -64.00  10.00  42.51
 -64.00  11.00  35.86
 -64.00  12.00  31.37
 -64.00  13.00  28.95
 -64.00  14.00  28.22
 -64.00  15.00  28.67
 -64.00  16.00  29.75
 -64.00  17.00  30.96
 -64.00  18.00  31.98
 -64.00  19.00  32.68
 -64.00  20.00  33.03
 -64.00  21.00  33.16
 -64.00  22.00  33.16
 -64.00  23.00  33.11
 -64.00  24.00  33.00
 -64.00  25.00  32.76
 -64.00  26.00  32.28
 -64.00  27.00  31.46
 -63.00 -37.00  45.09
 -63.00 -36.00  44.54
 -63.00 -35.00  44.32
 -63.00 -34.00  44.72
 -63.00 -33.00  46.06
 -63.00 -32.00  48.64
 -63.00 -31.00  52.63
 -63.00 -30.00  58.03
 -63.00 -29.00  64.64
 -63.00 -28.00  72.00
 -63.00 -27.00  79.48
 -63.00 -26.00  86.34
 -63.00 -25.00  91.82
 -63.00 -24.00  95.27
 -63.00 -23.00  96.28
 -63.00 -22.00  94.69
 -63.00 -21.00  90.69
 -63.00 -20.00  84.75
 -63.00 -19.00  77.55
 -63.00 -18.00  69.86
 -63.00 -17.00  62.44
 -63.00 -16.00  55.91
 -63.00 -15.00  50.64
 -63.00 -14.00  46.79
 -63.00 -13.00  44.26
 -63.00 -12.00  42.80
 -63.00 -11.00  42.13
 -63.00 -10.00  41.99
 -63.00  -9.00  42.25
 -63.00  -8.00  42.96
 -63.00  -7.00  44.34
 -63.00  -6.00  46.69
 -63.00  -5.00  50.30
 -63.00  -4.00  55.36
 -63.00  -3.00  61.82
 -63.00  -2.00  69.37
 -63.00  -1.00  77.38
 -63.00   0.00  85.05
 -63.00   1.00  91.43
 -63.00   2.00  95.64
 -63.00   3.00  97.01
 -63.00   4.00  95.18
 -63.00   5.00  90.21
 -63.00   6.00  82.58
 -63.00   7.00  73.10
 -63.00   8.00  62.76
 -63.00   9.00  52.64
 -63.00  10.00  43.66
 -63.00  11.00  36.49
 -63.00  12.00  31.47
 -63.00  13.00  28.59
 -63.00  14.00  27.53
 -63.00  15.00  27.79
 -63.00  16.00  28.81
 -63.00  17.00  30.07
 -63.00  18.00  31.19
 -63.00  19.00  31.98
 -63.00  20.00  32.40
 -63.00  21.00  32.55
 -63.00  22.00  32.56
 -63.00  23.00  32.52
 -63.00  24.00  32.46
 -63.00  25.00  32.31
 -63.00  26.00  31.94
 -63.00  27.00  31.26
 -62.00 -37.00  45.41
 -62.00 -36.00  44.79
 -62.00 -35.00  44.38
 -62.00 -34.00  44.44
 -62.00 -33.00  45.29
 -62.00 -32.00  47.22
 -62.00 -31.00  50.48
 -62.00 -30.00  55.15
 -62.00 -29.00  61.10
 -62.00 -28.00  68.01
 -62.00 -27.00  75.31
 -62.00 -26.00  82.33
 -62.00 -25.00  88.30
 -62.00 -24.00  92.56
 -62.00 -23.00  94.57
 -62.00 -22.00  94.08
 -62.00 -21.00  91.13
 -62.00 -20.00  86.08
 -62.00 -19.00  79.50
 -62.00 -18.00  72.12
 -62.00 -17.00  64.71
 -62.00 -16.00  57.93
 -62.00 -15.00  52.23
 -62.00 -14.00  47.88
 -62.00 -13.00  44.86
 -62.00 -12.00  43.01
 -62.00 -11.00  42.04
 -62.00 -10.00  41.71
 -62.00  -9.00  41.83
 -62.00  -8.00  42.39
 -62.00  -7.00  43.56
 -62.00  -6.00  45.59
 -62.00  -5.00  48.78
 -62.00  -4.00  53.35
 -62.00  -3.00  59.33
 -62.00  -2.00  66.49
 -62.00  -1.00  74.31
 -62.00   0.00  82.05
 -62.00   1.00  88.79
 -62.00   2.00  93.63
 -62.00   3.00  95.83
 -62.00   4.00  94.93
 -62.00   5.00  90.85
 -62.00   6.00  83.95
 -62.00   7.00  74.94
 -62.00   8.00  64.78
 -62.00   9.00  54.52
 -62.00  10.00  45.16
 -62.00  11.00  37.46
 -62.00  12.00  31.85
 -62.00  13.00  28.42
 -62.00  14.00  26.94
 -62.00  15.00  26.94
 -62.00  16.00  27.86
 -62.00  17.00  29.14
 -62.00  18.00  30.36
 -62.00  19.00  31.26
 -62.00  20.00  31.78
 -62.00  21.00  31.99
 -62.00  22.00  32.01
 -62.00  23.00  31.97
 -62.00  24.00  31.93
 -62.00  25.00  31.84
 -62.00  26.00  31.60
 -62.00  27.00  31.06
 -61.00 -37.00  45.70
 -61.00 -36.00  45.05
 -61.00 -35.00  44.50
 -61.00 -34.00  44.28
 -61.00 -33.00  44.67
 -61.00 -32.00  46.00
 -61.00 -31.00  48.53
 -61.00 -30.00  52.42
 -61.00 -29.00  57.65
 -61.00 -28.00  63.99
 -61.00 -27.00  70.98
 -61.00 -26.00  78.01
 -61.00 -25.00  84.35
 -61.00 -24.00  89.31
 -61.00 -23.00  92.29
 -61.00 -22.00  92.92
 -61.00 -21.00  91.12
 -61.00 -20.00  87.07
 -61.00 -19.00  81.28
 -61.00 -18.00  74.38
 -61.00 -17.00  67.12
 -61.00 -16.00  60.18
 -61.00 -15.00  54.13
 -61.00 -14.00  49.28
 -61.00 -13.00  45.75
 -61.00 -12.00  43.44
 -61.00 -11.00  42.11
 -61.00 -10.00  41.52
 -61.00  -9.00  41.46
 -61.00  -8.00  41.86
 -61.00  -7.00  42.80
 -61.00  -6.00  44.52
 -61.00  -5.00  47.29
 -61.00  -4.00  51.36
 -61.00  -3.00  56.81
 -61.00  -2.00  63.52
 -61.00  -1.00  71.08
 -61.00   0.00  78.80
 -61.00   1.00  85.84
 -61.00   2.00  91.28
 -61.00   3.00  94.33
 -61.00   4.00  94.42
 -61.00   5.00  91.34
 -61.00   6.00  85.31
 -61.00   7.00  76.91
 -61.00   8.00  67.05
 -61.00   9.00  56.77
 -61.00  10.00  47.07
 -61.00  11.00  38.82
 -61.00  12.00  32.57
 -61.00  13.00  28.51
 -61.00  14.00  26.51
 -61.00  15.00  26.16
 -61.00  16.00  26.90
 -61.00  17.00  28.17
 -61.00  18.00  29.48
 -61.00  19.00  30.52
 -61.00  20.00  31.17
 -61.00  21.00  31.45
 -61.00  22.00  31.50
 -61.00  23.00  31.46
 -61.00  24.00  31.43
 -61.00  25.00  31.38
 -61.00  26.00  31.23
 -61.00  27.00  30.84
 -60.00 -37.00  45.93
 -60.00 -36.00  45.29
 -60.00 -35.00  44.65
 -60.00 -34.00  44.21
 -60.00 -33.00  44.22
 -60.00 -32.00  44.99
 -60.00 -31.00  46.81
 -60.00 -30.00  49.91
 -60.00 -29.00  54.34
 -60.00 -28.00  60.00
 -60.00 -27.00  66.53
 -60.00 -26.00  73.41
 -60.00 -25.00  79.98
 -60.00 -24.00  85.53
 -60.00 -23.00  89.41
 -60.00 -22.00  91.16
 -60.00 -21.00  90.54
 -60.00 -20.00  87.64
 -60.00 -19.00  82.78
 -60.00 -18.00  76.53
 -60.00 -17.00  69.58
 -60.00 -16.00  62.64
 -60.00 -15.00  56.31
 -60.00 -14.00  51.01
 -60.00 -13.00  46.95
 -60.00 -12.00  44.13
 -60.00 -11.00  42.38
 -60.00 -10.00  41.47
 -60.00  -9.00  41.17
 -60.00  -8.00  41.37
 -60.00  -7.00  42.09
 -60.00  -6.00  43.50
 -60.00  -5.00  45.85
 -60.00  -4.00  49.40
 -60.00  -3.00  54.29
 -60.00  -2.00  60.49
 -60.00  -1.00  67.69
 -60.00   0.00  75.30
 -60.00   1.00  82.55
 -60.00   2.00  88.54
 -60.00   3.00  92.43
 -60.00   4.00  93.56
 -60.00   5.00  91.58
 -60.00   6.00  86.57
 -60.00   7.00  78.97
 -60.00   8.00  69.57
 -60.00   9.00  59.38
 -60.00  10.00  49.43
 -60.00  11.00  40.66
 -60.00  12.00  33.72
 -60.00  13.00  28.95
 -60.00  14.00  26.31
 -60.00  15.00  25.49
 -60.00  16.00  25.97
 -60.00  17.00  27.16
 -60.00  18.00  28.54
 -60.00  19.00  29.73
 -60.00  20.00  30.53
 -60.00  21.00  30.93
 -60.00  22.00  31.04
 -60.00  23.00  31.01
 -60.00  24.00  30.96
 -60.00  25.00  30.94
 -60.00  26.00  30.86
 -60.00  27.00  30.61
 -59.00 -37.00  46.10
 -59.00 -36.00  45.49
 -59.00 -35.00  44.82
 -59.00 -34.00  44.23
 -59.00 -33.00  43.93
 -59.00 -32.00  44.20
 -59.00 -31.00  45.36
 -59.00 -30.00  47.66
 -59.00 -29.00  51.26
 -59.00 -28.00  56.13
 -59.00 -27.00  62.07
 -59.00 -26.00  68.63
 -59.00 -25.00  75.24
 -59.00 -24.00  81.22
 -59.00 -23.00  85.89
 -59.00 -22.00  88.70
 -59.00 -21.00  89.31
 -59.00 -20.00  87.63
 -59.00 -19.00  83.86
 -59.00 -18.00  78.44
 -59.00 -17.00  72.01
 -59.00 -16.00  65.22
 -59.00 -15.00  58.74
 -59.00 -14.00  53.06
 -59.00 -13.00  48.49
 -59.00 -12.00  45.13
 -59.00 -11.00  42.90
 -59.00 -10.00  41.59
 -59.00  -9.00  41.00
 -59.00  -8.00  40.96
 -59.00  -7.00  41.44
 -59.00  -6.00  42.54
 -59.00  -5.00  44.48
 -59.00  -4.00  47.50
 -59.00  -3.00  51.82
 -59.00  -2.00  57.44
 -59.00  -1.00  64.19
 -59.00   0.00  71.58
 -59.00   1.00  78.93
 -59.00   2.00  85.39
 -59.00   3.00  90.08
 -59.00   4.00  92.26
 -59.00   5.00  91.47
 -59.00   6.00  87.61
 -59.00   7.00  80.98
 -59.00   8.00  72.24
 -59.00   9.00  62.31
 -59.00  10.00  52.24
 -59.00  11.00  43.00
 -59.00  12.00  35.37
 -59.00  13.00  29.82
 -59.00  14.00  26.44
 -59.00  15.00  25.02
 -59.00  16.00  25.12
 -59.00  17.00  26.15
 -59.00  18.00  27.54
 -59.00  19.00  28.86
 -59.00  20.00  29.84
 -59.00  21.00  30.39
 -59.00  22.00  30.60
 -59.00  23.00  30.60
 -59.00  24.00  30.55
 -59.00  25.00  30.52
 -59.00  26.00  30.49
 -59.00  27.00  30.35
 -58.00 -37.00  46.19
 -58.00 -36.00  45.64
 -58.00 -35.00  44.98
 -58.00 -34.00  44.30
 -58.00 -33.00  43.77
 -58.00 -32.00  43.63
 -58.00 -31.00  44.19
 -58.00 -30.00  45.73
 -58.00 -29.00  48.48
 -58.00 -28.00  52.50
 -58.00 -27.00  57.71
 -58.00 -26.00  63.79
 -58.00 -25.00  70.24
 -58.00 -24.00  76.45
 -58.00 -23.00  81.75
 -58.00 -22.00  85.52
 -58.00 -21.00  87.32
 -58.00 -20.00  86.91
 -58.00 -19.00  84.36
 -58.00 -18.00  79.96
 -58.00 -17.00  74.22
 -58.00 -16.00  67.80
 -58.00 -15.00  61.33
 -58.00 -14.00  55.39
 -58.00 -13.00  50.37
 -58.00 -12.00  46.47
 -58.00 -11.00  43.71
 -58.00 -10.00  41.94
 -58.00  -9.00  40.99
 -58.00  -8.00  40.66
 -58.00  -7.00  40.87
 -58.00  -6.00  41.66
 -58.00  -5.00  43.20
 -58.00  -4.00  45.72
 -58.00  -3.00  49.43
 -58.00  -2.00  54.44
 -58.00  -1.00  60.65
 -58.00   0.00  67.71
 -58.00   1.00  75.03
 -58.00   2.00  81.82
 -58.00   3.00  87.22
 -58.00   4.00  90.44
 -58.00   5.00  90.89
 -58.00   6.00  88.30
 -58.00   7.00  82.80
 -58.00   8.00  74.92
 -58.00   9.00  65.46
 -58.00  10.00  55.43
 -58.00  11.00  45.84
 -58.00  12.00  37.56
 -58.00  13.00  31.18
 -58.00  14.00  26.97
 -58.00  15.00  24.84
 -58.00  16.00  24.41
 -58.00  17.00  25.16
 -58.00  18.00  26.49
 -58.00  19.00  27.92
 -58.00  20.00  29.08
 -58.00  21.00  29.82
 -58.00  22.00  30.16
 -58.00  23.00  30.23
 -58.00  24.00  30.19
 -58.00  25.00  30.15
 -58.00  26.00  30.14
 -58.00  27.00  30.07
 -57.00 -37.00  46.18
 -57.00 -36.00  45.70
 -57.00 -35.00  45.09
 -57.00 -34.00  44.39
 -57.00 -33.00  43.71
 -57.00 -32.00  43.26
 -57.00 -31.00  43.32
 -57.00 -30.00  44.17
 -57.00 -29.00  46.08
 -57.00 -28.00  49.22
 -57.00 -27.00  53.60
 -57.00 -26.00  59.03
 -57.00 -25.00  65.13
 -57.00 -24.00  71.35
 -57.00 -23.00  77.07
 -57.00 -22.00  81.64
 -57.00 -21.00  84.53
 -57.00 -20.00  85.39
 -57.00 -19.00  84.13
 -57.00 -18.00  80.88
 -57.00 -17.00  76.05
 -57.00 -16.00  70.20
 -57.00 -15.00  63.95
 -57.00 -14.00  57.90
 -57.00 -13.00  52.52
 -57.00 -12.00  48.13
 -57.00 -11.00  44.83
 -57.00 -10.00  42.57
 -57.00  -9.00  41.19
 -57.00  -8.00  40.51
 -57.00  -7.00  40.42
 -57.00  -6.00  40.90
 -57.00  -5.00  42.05
 -57.00  -4.00  44.07
 -57.00  -3.00  47.18
 -57.00  -2.00  51.55
 -57.00  -1.00  57.15
 -57.00   0.00  63.77
 -57.00   1.00  70.91
 -57.00   2.00  77.89
 -57.00   3.00  83.88
 -57.00   4.00  88.05
 -57.00   5.00  89.72
 -57.00   6.00  88.47
 -57.00   7.00  84.26
 -57.00   8.00  77.43
 -57.00   9.00  68.66
 -57.00  10.00  58.89
 -57.00  11.00  49.11
 -57.00  12.00  40.27
 -57.00  13.00  33.10
 -57.00  14.00  27.99
 -57.00  15.00  25.03
 -57.00  16.00  23.94
 -57.00  17.00  24.27
 -57.00  18.00  25.44
 -57.00  19.00  26.90
 -57.00  20.00  28.23
 -57.00  21.00  29.18
 -57.00  22.00  29.70
 -57.00  23.00  29.88
 -57.00  24.00  29.88
 -57.00  25.00  29.83
 -57.00  26.00  29.81
 -57.00  27.00  29.79
 -56.00 -37.00  46.06
 -56.00 -36.00  45.66
 -56.00 -35.00  45.12
 -56.00 -34.00  44.45
 -56.00 -33.00  43.71
 -56.00 -32.00  43.05
 -56.00 -31.00  42.71
 -56.00 -30.00  42.97
 -56.00 -29.00  44.12
 -56.00 -28.00  46.38
 -56.00 -27.00  49.87
 -56.00 -26.00  54.52
 -56.00 -25.00  60.08
 -56.00 -24.00  66.09
 -56.00 -23.00  71.99
 -56.00 -22.00  77.14
 -56.00 -21.00  80.97
 -56.00 -20.00  83.02
 -56.00 -19.00  83.05
 -56.00 -18.00  81.06
 -56.00 -17.00  77.31
 -56.00 -16.00  72.23
 -56.00 -15.00  66.41
 -56.00 -14.00  60.45
 -56.00 -13.00  54.87
 -56.00 -12.00  50.07
 -56.00 -11.00  46.26
 -56.00 -10.00  43.48
 -56.00  -9.00  41.63
 -56.00  -8.00  40.56
 -56.00  -7.00  40.13
 -56.00  -6.00  40.28
 -56.00  -5.00  41.05
 -56.00  -4.00  42.60
 -56.00  -3.00  45.13
 -56.00  -2.00  48.84
 -56.00  -1.00  53.80
 -56.00   0.00  59.87
 -56.00   1.00  66.70
 -56.00   2.00  73.70
 -56.00   3.00  80.11
 -56.00   4.00  85.09
 -56.00   5.00  87.90
 -56.00   6.00  88.01
 -56.00   7.00  85.18
 -56.00   8.00  79.57
 -56.00   9.00  71.72
 -56.00  10.00  62.43
 -56.00  11.00  52.68
 -56.00  12.00  43.45
 -56.00  13.00  35.55
 -56.00  14.00  29.55
 -56.00  15.00  25.67
 -56.00  16.00  23.80
 -56.00  17.00  23.57
 -56.00  18.00  24.44
 -56.00  19.00  25.84
 -56.00  20.00  27.28
 -56.00  21.00  28.45
 -56.00  22.00  29.19
 -56.00  23.00  29.52
 -56.00  24.00  29.60
 -56.00  25.00  29.56
 -56.00  26.00  29.52
 -56.00  27.00  29.51
 -55.00 -37.00  45.86
 -55.00 -36.00  45.52
 -55.00 -35.00  45.05
 -55.00 -34.00  44.45
 -55.00 -33.00  43.71
 -55.00 -32.00  42.95
 -55.00 -31.00  42.33
 -55.00 -30.00  42.11
 -55.00 -29.00  42.59
 -55.00 -28.00  44.03
 -55.00 -27.00  46.63
 -55.00 -26.00  50.42
 -55.00 -25.00  55.27
 -55.00 -24.00  60.86
 -55.00 -23.00  66.69
 -55.00 -22.00  72.19
 -55.00 -21.00  76.74
 -55.00 -20.00  79.84
 -55.00 -19.00  81.10
 -55.00 -18.00  80.40
 -55.00 -17.00  77.82
 -55.00 -16.00  73.71
 -55.00 -15.00  68.54
 -55.00 -14.00  62.88
 -55.00 -13.00  57.28
 -55.00 -12.00  52.21
 -55.00 -11.00  47.96
 -55.00 -10.00  44.68
 -55.00  -9.00  42.34
 -55.00  -8.00  40.84
 -55.00  -7.00  40.03
 -55.00  -6.00  39.83
 -55.00  -5.00  40.22
 -55.00  -4.00  41.32
 -55.00  -3.00  43.31
 -55.00  -2.00  46.38
 -55.00  -1.00  50.66
 -55.00   0.00  56.11
 -55.00   1.00  62.50
 -55.00   2.00  69.36
 -55.00   3.00  75.99
 -55.00   4.00  81.62
 -55.00   5.00  85.45
 -55.00   6.00  86.85
 -55.00   7.00  85.44
 -55.00   8.00  81.19
 -55.00   9.00  74.44
 -55.00  10.00  65.88
 -55.00  11.00  56.40
 -55.00  12.00  46.97
 -55.00  13.00  38.49
 -55.00  14.00  31.65
 -55.00  15.00  26.83
 -55.00  16.00  24.08
 -55.00  17.00  23.15
 -55.00  18.00  23.57
 -55.00  19.00  24.79
 -55.00  20.00  26.27
 -55.00  21.00  27.61
 -55.00  22.00  28.58
 -55.00  23.00  29.12
 -55.00  24.00  29.32
 -55.00  25.00  29.33
 -55.00  26.00  29.29
 -55.00  27.00  29.27
 -54.00 -37.00  45.76
 -54.00 -36.00  45.45
 -54.00 -35.00  45.05
 -54.00 -34.00  44.51
 -54.00 -33.00  43.81
 -54.00 -32.00  42.99
 -54.00 -31.00  42.18
 -54.00 -30.00  41.59
 -54.00 -29.00  41.49
 -54.00 -28.00  42.17
 -54.00 -27.00  43.86
 -54.00 -26.00  46.70
 -54.00 -25.00  50.68
 -54.00 -24.00  55.58
 -54.00 -23.00  61.03
 -54.00 -22.00  66.53
 -54.00 -21.00  71.48
 -54.00 -20.00  75.35
 -54.00 -19.00  77.67
 -54.00 -18.00  78.19
 -54.00 -17.00  76.86
 -54.00 -16.00  73.86
 -54.00 -15.00  69.57
 -54.00 -14.00  64.48
 -54.00 -13.00  59.14
 -54.00 -12.00  54.03
 -54.00 -11.00  49.52
 -54.00 -10.00  45.84
 -54.00  -9.00  43.05
 -54.00  -8.00  41.11
 -54.00  -7.00  39.90
 -54.00  -6.00  39.32
 -54.00  -5.00  39.34
 -54.00  -4.00  40.02
 -54.00  -3.00  41.50
 -54.00  -2.00  43.97
 -54.00  -1.00  47.60
 -54.00   0.00  52.43
 -54.00   1.00  58.32
 -54.00   2.00  64.90
 -54.00   3.00  71.62
 -54.00   4.00  77.72
 -54.00   5.00  82.42
 -54.00   6.00  85.02
 -54.00   7.00  85.01
 -54.00   8.00  82.18
 -54.00   9.00  76.71
 -54.00  10.00  69.09
 -54.00  11.00  60.12
 -54.00  12.00  50.72
 -54.00  13.00  41.84
 -54.00  14.00  34.25
 -54.00  15.00  28.50
 -54.00  16.00  24.79
 -54.00  17.00  23.02
 -54.00  18.00  22.83
 -54.00  19.00  23.71
 -54.00  20.00  25.11
 -54.00  21.00  26.57
 -54.00  22.00  27.76
 -54.00  23.00  28.54
 -54.00  24.00  28.93
 -54.00  25.00  29.04
 -54.00  26.00  29.03
 -54.00  27.00  29.00
 -53.00 -37.00  45.56
 -53.00 -36.00  45.29
 -53.00 -35.00  44.93
 -53.00 -34.00  44.46
 -53.00 -33.00  43.82
 -53.00 -32.00  43.01
 -53.00 -31.00  42.11
 -53.00 -30.00  41.28
 -53.00 -29.00  40.73
 -53.00 -28.00  40.77
 -53.00 -27.00  41.65
 -53.00 -26.00  43.59
 -53.00 -25.00  46.66
 -53.00 -24.00  50.77
 -53.00 -23.00  55.67
 -53.00 -22.00  60.94
 -53.00 -21.00  66.05
 -53.00 -20.00  70.44
 -53.00 -19.00  73.62
 -53.00 -18.00  75.23
 -53.00 -17.00  75.09
 -53.00 -16.00  73.25
 -53.00 -15.00  69.96
 -53.00 -14.00  65.62
 -53.00 -13.00  60.73
 -53.00 -12.00  55.77
 -53.00 -11.00  51.16
 -53.00 -10.00  47.20
 -53.00  -9.00  44.03
 -53.00  -8.00  41.66
 -53.00  -7.00  40.04
 -53.00  -6.00  39.07
 -53.00  -5.00  38.71
 -53.00  -4.00  38.96
 -53.00  -3.00  39.96
 -53.00  -2.00  41.86
 -53.00  -1.00  44.85
 -53.00   0.00  49.02
 -53.00   1.00  54.34
 -53.00   2.00  60.54
 -53.00   3.00  67.16
 -53.00   4.00  73.54
 -53.00   5.00  78.93
 -53.00   6.00  82.59
 -53.00   7.00  83.89
 -53.00   8.00  82.50
 -53.00   9.00  78.40
 -53.00  10.00  71.92
 -53.00  11.00  63.70
 -53.00  12.00  54.59
 -53.00  13.00  45.54
 -53.00  14.00  37.38
 -53.00  15.00  30.79
 -53.00  16.00  26.12
 -53.00  17.00  23.43
 -53.00  18.00  22.50
 -53.00  19.00  22.88
 -53.00  20.00  24.06
 -53.00  21.00  25.52
 -53.00  22.00  26.87
 -53.00  23.00  27.88
 -53.00  24.00  28.49
 -53.00  25.00  28.75
 -53.00  26.00  28.81
 -53.00  27.00  28.80
 -52.00 -37.00  45.23
 -52.00 -36.00  44.97
 -52.00 -35.00  44.66
 -52.00 -34.00  44.25
 -52.00 -33.00  43.69
 -52.00 -32.00  42.95
 -52.00 -31.00  42.04
 -52.00 -30.00  41.07
 -52.00 -29.00  40.22
 -52.00 -28.00  39.76
 -52.00 -27.00  39.95
 -52.00 -26.00  41.06
 -52.00 -25.00  43.25
 -52.00 -24.00  46.53
 -52.00 -23.00  50.76
 -52.00 -22.00  55.63
 -52.00 -21.00  60.68
 -52.00 -20.00  65.38
 -52.00 -19.00  69.22
 -52.00 -18.00  71.76
 -52.00 -17.00  72.73
 -52.00 -16.00  72.03
 -52.00 -15.00  69.79
 -52.00 -14.00  66.32
 -52.00 -13.00  62.03
 -52.00 -12.00  57.40
 -52.00 -11.00  52.85
 -52.00 -10.00  48.73
 -52.00  -9.00  45.27
 -52.00  -8.00  42.53
 -52.00  -7.00  40.52
 -52.00  -6.00  39.16
 -52.00  -5.00  38.40
 -52.00  -4.00  38.24
 -52.00  -3.00  38.76
 -52.00  -2.00  40.11
 -52.00  -1.00  42.46
 -52.00   0.00  45.97
 -52.00   1.00  50.65
 -52.00   2.00  56.36
 -52.00   3.00  62.73
 -52.00   4.00  69.20
 -52.00   5.00  75.07
 -52.00   6.00  79.59
 -52.00   7.00  82.09
 -52.00   8.00  82.09
 -52.00   9.00  79.40
 -52.00  10.00  74.20
 -52.00  11.00  66.95
 -52.00  12.00  58.40
 -52.00  13.00  49.43
 -52.00  14.00  40.93
 -52.00  15.00  33.64
 -52.00  16.00  28.08
 -52.00  17.00  24.45
 -52.00  18.00  22.67
 -52.00  19.00  22.42
 -52.00  20.00  23.21
 -52.00  21.00  24.54
 -52.00  22.00  25.97
 -52.00  23.00  27.16
 -52.00  24.00  27.99
 -52.00  25.00  28.44
 -52.00  26.00  28.61
 -52.00  27.00  28.64
 -51.00 -37.00  44.75
 -51.00 -36.00  44.50
 -51.00 -35.00  44.22
 -51.00 -34.00  43.87
 -51.00 -33.00  43.40
 -51.00 -32.00  42.75
 -51.00 -31.00  41.90
 -51.00 -30.00  40.90
 -51.00 -29.00  39.87
 -51.00 -28.00  39.04
 -51.00 -27.00  38.68
 -51.00 -26.00  39.07
 -51.00 -25.00  40.42
 -51.00 -24.00  42.86
 -51.00 -23.00  46.35
 -51.00 -22.00  50.68
 -51.00 -21.00  55.48
 -51.00 -20.00  60.28
 -51.00 -19.00  64.58
 -51.00 -18.00  67.88
 -51.00 -17.00  69.83
 -51.00 -16.00  70.22
 -51.00 -15.00  69.07
 -51.00 -14.00  66.54
 -51.00 -13.00  62.99
 -51.00 -12.00  58.84
 -51.00 -11.00  54.51
 -51.00 -10.00  50.37
 -51.00  -9.00  46.71
 -51.00  -8.00  43.68
 -51.00  -7.00  41.31
 -51.00  -6.00  39.57
 -51.00  -5.00  38.43
 -51.00  -4.00  37.86
 -51.00  -3.00  37.92
 -51.00  -2.00  38.73
 -51.00  -1.00  40.48
 -51.00   0.00  43.31
 -51.00   1.00  47.32
 -51.00   2.00  52.44
 -51.00   3.00  58.42
 -51.00   4.00  64.79
 -51.00   5.00  70.94
 -51.00   6.00  76.12
 -51.00   7.00  79.65
 -51.00   8.00  80.94
 -51.00   9.00  79.68
 -51.00  10.00  75.84
 -51.00  11.00  69.74
 -51.00  12.00  61.97
 -51.00  13.00  53.35
 -51.00  14.00  44.74
 -51.00  15.00  36.95
 -51.00  16.00  30.61
 -51.00  17.00  26.06
 -51.00  18.00  23.39
 -51.00  19.00  22.38
 -51.00  20.00  22.65
 -51.00  21.00  23.71
 -51.00  22.00  25.08
 -51.00  23.00  26.40
 -51.00  24.00  27.42
 -51.00  25.00  28.07
 -51.00  26.00  28.40
 -51.00  27.00  28.51
 -50.00 -37.00  44.14
 -50.00 -36.00  43.90
 -50.00 -35.00  43.63
 -50.00 -34.00  43.33
 -50.00 -33.00  42.94
 -50.00 -32.00  42.40
 -50.00 -31.00  41.65
 -50.00 -30.00  40.70
 -50.00 -29.00  39.61
 -50.00 -28.00  38.55
 -50.00 -27.00  37.77
 -50.00 -26.00  37.55
 -50.00 -25.00  38.15
 -50.00 -24.00  39.77
 -50.00 -23.00  42.46
 -50.00 -22.00  46.13
 -50.00 -21.00  50.52
 -50.00 -20.00  55.23
 -50.00 -19.00  59.77
 -50.00 -18.00  63.65
 -50.00 -17.00  66.45
 -50.00 -16.00  67.86
 -50.00 -15.00  67.77
 -50.00 -14.00  66.26
 -50.00 -13.00  63.55
 -50.00 -12.00  60.01
 -50.00 -11.00  56.04
 -50.00 -10.00  52.03
 -50.00  -9.00  48.30
 -50.00  -8.00  45.05
 -50.00  -7.00  42.38
 -50.00  -6.00  40.30
 -50.00  -5.00  38.79
 -50.00  -4.00  37.83
 -50.00  -3.00  37.45
 -50.00  -2.00  37.75
 -50.00  -1.00  38.90
 -50.00   0.00  41.06
 -50.00   1.00  44.37
 -50.00   2.00  48.83
 -50.00   3.00  54.30
 -50.00   4.00  60.42
 -50.00   5.00  66.63
 -50.00   6.00  72.28
 -50.00   7.00  76.66
 -50.00   8.00  79.12
 -50.00   9.00  79.22
 -50.00  10.00  76.79
 -50.00  11.00  71.96
 -50.00  12.00  65.19
 -50.00  13.00  57.16
 -50.00  14.00  48.69
 -50.00  15.00  40.62
 -50.00  16.00  33.64
 -50.00  17.00  28.25
 -50.00  18.00  24.67
 -50.00  19.00  22.82
 -50.00  20.00  22.43
 -50.00  21.00  23.08
 -50.00  22.00  24.27
 -50.00  23.00  25.61
 -50.00  24.00  26.78
 -50.00  25.00  27.62
 -50.00  26.00  28.12
 -50.00  27.00  28.35
 -49.00 -37.00  43.39
 -49.00 -36.00  43.17
 -49.00 -35.00  42.91
 -49.00 -34.00  42.63
 -49.00 -33.00  42.30
 -49.00 -32.00  41.87
 -49.00 -31.00  41.26
 -49.00 -30.00  40.41
 -49.00 -29.00  39.36
 -49.00 -28.00  38.20
 -49.00 -27.00  37.14
 -49.00 -26.00  36.44
 -49.00 -25.00  36.39
 -49.00 -24.00  37.23
 -49.00 -23.00  39.11
 -49.00 -22.00  42.05
 -49.00 -21.00  45.89
 -49.00 -20.00  50.32
 -49.00 -19.00  54.90
 -49.00 -18.00  59.17
 -49.00 -17.00  62.65
 -49.00 -16.00  64.97
 -49.00 -15.00  65.91
 -49.00 -14.00  65.42
 -49.00 -13.00  63.64
 -49.00 -12.00  60.84
 -49.00 -11.00  57.37
 -49.00 -10.00  53.63
 -49.00  -9.00  49.95
 -49.00  -8.00  46.58
 -49.00  -7.00  43.68
 -49.00  -6.00  41.30
 -49.00  -5.00  39.46
 -49.00  -4.00  38.13
 -49.00  -3.00  37.34
 -49.00  -2.00  37.16
 -49.00  -1.00  37.74
 -49.00   0.00  39.25
 -49.00   1.00  41.85
 -49.00   2.00  45.61
 -49.00   3.00  50.47
 -49.00   4.00  56.17
 -49.00   5.00  62.28
 -49.00   6.00  68.18
 -49.00   7.00  73.20
 -49.00   8.00  76.67
 -49.00   9.00  78.04
 -49.00  10.00  77.00
 -49.00  11.00  73.54
 -49.00  12.00  67.92
 -49.00  13.00  60.70
 -49.00  14.00  52.63
 -49.00  15.00  44.50
 -49.00  16.00  37.08
 -49.00  17.00  30.97
 -49.00  18.00  26.50
 -49.00  19.00  23.78
 -49.00  20.00  22.63
 -49.00  21.00  22.71
 -49.00  22.00  23.59
 -49.00  23.00  24.84
 -49.00  24.00  26.08
 -49.00  25.00  27.08
 -49.00  26.00  27.77
 -49.00  27.00  28.14
 -48.00 -37.00  42.52
 -48.00 -36.00  42.33
 -48.00 -35.00  42.07
 -48.00 -34.00  41.79
 -48.00 -33.00  41.50
 -48.00 -32.00  41.16
 -48.00 -31.00  40.68
 -48.00 -30.00  39.99
 -48.00 -29.00  39.05
 -48.00 -28.00  37.91
 -48.00 -27.00  36.71
 -48.00 -26.00  35.67
 -48.00 -25.00  35.09
 -48.00 -24.00  35.24
 -48.00 -23.00  36.33
 -48.00 -22.00  38.49
 -48.00 -21.00  41.66
 -48.00 -20.00  45.64
 -48.00 -19.00  50.07
 -48.00 -18.00  54.52
 -48.00 -17.00  58.50
 -48.00 -16.00  61.59
 -48.00 -15.00  63.47
 -48.00 -14.00  64.01
 -48.00 -13.00  63.20
 -48.00 -12.00  61.24
 -48.00 -11.00  58.41
 -48.00 -10.00  55.07
 -48.00  -9.00  51.57
 -48.00  -8.00  48.20
 -48.00  -7.00  45.15
 -48.00  -6.00  42.54
 -48.00  -5.00  40.40
 -48.00  -4.00  38.74
 -48.00  -3.00  37.57
 -48.00  -2.00  36.96
 -48.00  -1.00  37.01
 -48.00   0.00  37.90
 -48.00   1.00  39.80
 -48.00   2.00  42.84
 -48.00   3.00  47.01
 -48.00   4.00  52.18
 -48.00   5.00  58.00
 -48.00   6.00  63.95
 -48.00   7.00  69.41
 -48.00   8.00  73.68
 -48.00   9.00  76.19
 -48.00  10.00  76.49
 -48.00  11.00  74.41
 -48.00  12.00  70.06
 -48.00  13.00  63.84
 -48.00  14.00  56.39
 -48.00  15.00  48.46
 -48.00  16.00  40.81
 -48.00  17.00  34.12
 -48.00  18.00  28.86
 -48.00  19.00  25.25
 -48.00  20.00  23.27
 -48.00  21.00  22.69
 -48.00  22.00  23.12
 -48.00  23.00  24.13
 -48.00  24.00  25.35
 -48.00  25.00  26.46
 -48.00  26.00  27.31
 -48.00  27.00  27.86
 -47.00 -37.00  41.52
 -47.00 -36.00  41.38
 -47.00 -35.00  41.13
 -47.00 -34.00  40.85
 -47.00 -33.00  40.57
 -47.00 -32.00  40.29
 -47.00 -31.00  39.93
 -47.00 -30.00  39.39
 -47.00 -29.00  38.62
 -47.00 -28.00  37.59
 -47.00 -27.00  36.37
 -47.00 -26.00  35.16
 -47.00 -25.00  34.19
 -47.00 -24.00  33.76
 -47.00 -23.00  34.13
 -47.00 -22.00  35.50
 -47.00 -21.00  37.93
 -47.00 -20.00  41.32
 -47.00 -19.00  45.41
 -47.00 -18.00  49.82
 -47.00 -17.00  54.09
 -47.00 -16.00  57.78
 -47.00 -15.00  60.50
 -47.00 -14.00  61.99
 -47.00 -13.00  62.18
 -47.00 -12.00  61.12
 -47.00 -11.00  59.04
 -47.00 -10.00  56.25
 -47.00  -9.00  53.06
 -47.00  -8.00  49.80
 -47.00  -7.00  46.71
 -47.00  -6.00  43.94
 -47.00  -5.00  41.57
 -47.00  -4.00  39.62
 -47.00  -3.00  38.12
 -47.00  -2.00  37.11
 -47.00  -1.00  36.69
 -47.00   0.00  37.01
 -47.00   1.00  38.24
 -47.00   2.00  40.55
 -47.00   3.00  44.01
 -47.00   4.00  48.55
 -47.00   5.00  53.93
 -47.00   6.00  59.74
 -47.00   7.00  65.41
 -47.00   8.00  70.30
 -47.00   9.00  73.76
 -47.00  10.00  75.28
 -47.00  11.00  74.55
 -47.00  12.00  71.52
 -47.00  13.00  66.45
 -47.00  14.00  59.82
 -47.00  15.00  52.31
 -47.00  16.00  44.67
 -47.00  17.00  37.59
 -47.00  18.00  31.66
 -47.00  19.00  27.23
 -47.00  20.00  24.39
 -47.00  21.00  23.05
 -47.00  22.00  22.90
 -47.00  23.00  23.57
 -47.00  24.00  24.64
 -47.00  25.00  25.79
 -47.00  26.00  26.76
 -47.00  27.00  27.47
 -46.00 -37.00  40.39
 -46.00 -36.00  40.34
 -46.00 -35.00  40.12
 -46.00 -34.00  39.83
 -46.00 -33.00  39.54
 -46.00 -32.00  39.28
 -46.00 -31.00  39.00
 -46.00 -30.00  38.62
 -46.00 -29.00  38.02
 -46.00 -28.00  37.16
 -46.00 -27.00  36.05
 -46.00 -26.00  34.79
 -46.00 -25.00  33.59
 -46.00 -24.00  32.72
 -46.00 -23.00  32.48
 -46.00 -22.00  33.11
 -46.00 -21.00  34.77
 -46.00 -20.00  37.47
 -46.00 -19.00  41.06
 -46.00 -18.00  45.23
 -46.00 -17.00  49.58
 -46.00 -16.00  53.66
 -46.00 -15.00  57.05
 -46.00 -14.00  59.41
 -46.00 -13.00  60.55
 -46.00 -12.00  60.43
 -46.00 -11.00  59.19
 -46.00 -10.00  57.05
 -46.00  -9.00  54.31
 -46.00  -8.00  51.30
 -46.00  -7.00  48.27
 -46.00  -6.00  45.43
 -46.00  -5.00  42.89
 -46.00  -4.00  40.71
 -46.00  -3.00  38.93
 -46.00  -2.00  37.57
 -46.00  -1.00  36.73
 -46.00   0.00  36.54
 -46.00   1.00  37.16
 -46.00   2.00  38.78
 -46.00   3.00  41.51
 -46.00   4.00  45.37
 -46.00   5.00  50.21
 -46.00   6.00  55.71
 -46.00   7.00  61.40
 -46.00   8.00  66.66
 -46.00   9.00  70.87
 -46.00  10.00  73.45
 -46.00  11.00  73.98
 -46.00  12.00  72.28
 -46.00  13.00  68.43
 -46.00  14.00  62.78
 -46.00  15.00  55.90
 -46.00  16.00  48.48
 -46.00  17.00  41.24
 -46.00  18.00  34.80
 -46.00  19.00  29.63
 -46.00  20.00  25.97
 -46.00  21.00  23.83
 -46.00  22.00  23.01
 -46.00  23.00  23.21
 -46.00  24.00  24.02
 -46.00  25.00  25.09
 -46.00  26.00  26.14
 -46.00  27.00  26.98
 -45.00 -37.00  39.15
 -45.00 -36.00  39.21
 -45.00 -35.00  39.05
 -45.00 -34.00  38.76
 -45.00 -33.00  38.46
 -45.00 -32.00  38.19
 -45.00 -31.00  37.95
 -45.00 -30.00  37.67
 -45.00 -29.00  37.25
 -45.00 -28.00  36.59
 -45.00 -27.00  35.64
 -45.00 -26.00  34.46
 -45.00 -25.00  33.18
 -45.00 -24.00  32.03
 -45.00 -23.00  31.31
 -45.00 -22.00  31.30
 -45.00 -21.00  32.23
 -45.00 -20.00  34.19
 -45.00 -19.00  37.15
 -45.00 -18.00  40.91
 -45.00 -17.00  45.13
 -45.00 -16.00  49.39
 -45.00 -15.00  53.25
 -45.00 -14.00  56.32
 -45.00 -13.00  58.33
 -45.00 -12.00  59.14
 -45.00 -11.00  58.77
 -45.00 -10.00  57.38
 -45.00  -9.00  55.21
 -45.00  -8.00  52.57
 -45.00  -7.00  49.72
 -45.00  -6.00  46.91
 -45.00  -5.00  44.28
 -45.00  -4.00  41.94
 -45.00  -3.00  39.92
 -45.00  -2.00  38.29
 -45.00  -1.00  37.09
 -45.00   0.00  36.45
 -45.00   1.00  36.53
 -45.00   2.00  37.51
 -45.00   3.00  39.54
 -45.00   4.00  42.70
 -45.00   5.00  46.92
 -45.00   6.00  52.00
 -45.00   7.00  57.52
 -45.00   8.00  62.96
 -45.00   9.00  67.70
 -45.00  10.00  71.14
 -45.00  11.00  72.79
 -45.00  12.00  72.34
 -45.00  13.00  69.72
 -45.00  14.00  65.15
 -45.00  15.00  59.06
 -45.00  16.00  52.07
 -45.00  17.00  44.87
 -45.00  18.00  38.12
 -45.00  19.00  32.36
 -45.00  20.00  27.94
 -45.00  21.00  25.01
 -45.00  22.00  23.47
 -45.00  23.00  23.10
 -45.00  24.00  23.55
 -45.00  25.00  24.45
 -45.00  26.00  25.48
 -45.00  27.00  26.41
 -44.00 -37.00  37.82
 -44.00 -36.00  38.01
 -44.00 -35.00  37.93
 -44.00 -34.00  37.68
 -44.00 -33.00  37.36
 -44.00 -32.00  37.07
 -44.00 -31.00  36.83
 -44.00 -30.00  36.61
 -44.00 -29.00  36.32
 -44.00 -28.00  35.85
 -44.00 -27.00  35.10
 -44.00 -26.00  34.08
 -44.00 -25.00  32.84
 -44.00 -24.00  31.57
 -44.00 -23.00  30.53
 -44.00 -22.00  30.01
 -44.00 -21.00  30.28
 -44.00 -20.00  31.52
 -44.00 -19.00  33.80
 -44.00 -18.00  37.02
 -44.00 -17.00  40.92
 -44.00 -16.00  45.14
 -44.00 -15.00  49.27
 -44.00 -14.00  52.87
 -44.00 -13.00  55.62
 -44.00 -12.00  57.28
 -44.00 -11.00  57.77
 -44.00 -10.00  57.18
 -44.00  -9.00  55.67
 -44.00  -8.00  53.51
 -44.00  -7.00  50.96
 -44.00  -6.00  48.28
 -44.00  -5.00  45.66
 -44.00  -4.00  43.22
 -44.00  -3.00  41.04
 -44.00  -2.00  39.18
 -44.00  -1.00  37.69
 -44.00   0.00  36.68
 -44.00   1.00  36.29
 -44.00   2.00  36.70
 -44.00   3.00  38.08
 -44.00   4.00  40.56
 -44.00   5.00  44.15
 -44.00   6.00  48.70
 -44.00   7.00  53.92
 -44.00   8.00  59.35
 -44.00   9.00  64.41
 -44.00  10.00  68.51
 -44.00  11.00  71.10
 -44.00  12.00  71.78
 -44.00  13.00  70.35
 -44.00  14.00  66.89
 -44.00  15.00  61.71
 -44.00  16.00  55.31
 -44.00  17.00  48.34
 -44.00  18.00  41.46
 -44.00  19.00  35.27
 -44.00  20.00  30.22
 -44.00  21.00  26.54
 -44.00  22.00  24.27
 -44.00  23.00  23.28
 -44.00  24.00  23.26
 -44.00  25.00  23.89
 -44.00  26.00  24.83
 -44.00  27.00  25.79
 -43.00 -37.00  36.47
 -43.00 -36.00  36.80
 -43.00 -35.00  36.84
 -43.00 -34.00  36.65
 -43.00 -33.00  36.34
 -43.00 -32.00  36.02
 -43.00 -31.00  35.76
 -43.00 -30.00  35.55
 -43.00 -29.00  35.34
 -43.00 -28.00  35.02
 -43.00 -27.00  34.47
 -43.00 -26.00  33.63
 -43.00 -25.00  32.52
 -43.00 -24.00  31.25
 -43.00 -23.00  30.03
 -43.00 -22.00  29.14
 -43.00 -21.00  28.86
 -43.00 -20.00  29.44
 -43.00 -19.00  31.02
 -43.00 -18.00  33.60
 -43.00 -17.00  37.03
 -43.00 -16.00  41.01
 -43.00 -15.00  45.17
 -43.00 -14.00  49.09
 -43.00 -13.00  52.39
 -43.00 -12.00  54.77
 -43.00 -11.00  56.07
 -43.00 -10.00  56.27
 -43.00  -9.00  55.47
 -43.00  -8.00  53.89
 -43.00  -7.00  51.75
 -43.00  -6.00  49.33
 -43.00  -5.00  46.82
 -43.00  -4.00  44.37
 -43.00  -3.00  42.11
 -43.00  -2.00  40.09
 -43.00  -1.00  38.38
 -43.00   0.00  37.06
 -43.00   1.00  36.28
 -43.00   2.00  36.20
 -43.00   3.00  37.00
 -43.00   4.00  38.83
 -43.00   5.00  41.76
 -43.00   6.00  45.75
 -43.00   7.00  50.56
 -43.00   8.00  55.82
 -43.00   9.00  61.02
 -43.00  10.00  65.59
 -43.00  11.00  68.94
 -43.00  12.00  70.61
 -43.00  13.00  70.31
 -43.00  14.00  67.96
 -43.00  15.00  63.75
 -43.00  16.00  58.08
 -43.00  17.00  51.51
 -43.00  18.00  44.69
 -43.00  19.00  38.24
 -43.00  20.00  32.68
 -43.00  21.00  28.34
 -43.00  22.00  25.37
 -43.00  23.00  23.73
 -43.00  24.00  23.19
 -43.00  25.00  23.47
 -43.00  26.00  24.23
 -43.00  27.00  25.17
 -42.00 -37.00  35.08
 -42.00 -36.00  35.54
 -42.00 -35.00  35.71
 -42.00 -34.00  35.61
 -42.00 -33.00  35.34
 -42.00 -32.00  35.00
 -42.00 -31.00  34.70
 -42.00 -30.00  34.48
 -42.00 -29.00  34.31
 -42.00 -28.00  34.09
 -42.00 -27.00  33.71
 -42.00 -26.00  33.07
 -42.00 -25.00  32.13
 -42.00 -24.00  30.94
 -42.00 -23.00  29.67
 -42.00 -22.00  28.55
 -42.00 -21.00  27.87
 -42.00 -20.00  27.89
 -42.00 -19.00  28.82
 -42.00 -18.00  30.75
 -42.00 -17.00  33.61
 -42.00 -16.00  37.21
 -42.00 -15.00  41.23
 -42.00 -14.00  45.26
 -42.00 -13.00  48.93
 -42.00 -12.00  51.88
 -42.00 -11.00  53.88
 -42.00 -10.00  54.83
 -42.00  -9.00  54.75
 -42.00  -8.00  53.79
 -42.00  -7.00  52.15
 -42.00  -6.00  50.07
 -42.00  -5.00  47.76
 -42.00  -4.00  45.41
 -42.00  -3.00  43.13
 -42.00  -2.00  41.02
 -42.00  -1.00  39.15
 -42.00   0.00  37.61
 -42.00   1.00  36.51
 -42.00   2.00  36.01
 -42.00   3.00  36.30
 -42.00   4.00  37.54
 -42.00   5.00  39.86
 -42.00   6.00  43.25
 -42.00   7.00  47.59
 -42.00   8.00  52.58
 -42.00   9.00  57.77
 -42.00  10.00  62.61
 -42.00  11.00  66.55
 -42.00  12.00  69.05
 -42.00  13.00  69.74
 -42.00  14.00  68.44
 -42.00  15.00  65.21
 -42.00  16.00  60.35
 -42.00  17.00  54.32
 -42.00  18.00  47.72
 -42.00  19.00  41.18
 -42.00  20.00  35.25
 -42.00  21.00  30.36
 -42.00  22.00  26.74
 -42.00  23.00  24.45
 -42.00  24.00  23.37
 -42.00  25.00  23.23
 -42.00  26.00  23.74
 -42.00  27.00  24.57
 -41.00 -37.00  33.66
 -41.00 -36.00  34.23
 -41.00 -35.00  34.54
 -41.00 -34.00  34.55
 -41.00 -33.00  34.34
 -41.00 -32.00  34.01
 -41.00 -31.00  33.68
 -41.00 -30.00  33.43
 -41.00 -29.00  33.25
 -41.00 -28.00  33.09
 -41.00 -27.00  32.84
 -41.00 -26.00  32.38
 -41.00 -25.00  31.63
 -41.00 -24.00  30.59
 -41.00 -23.00  29.37
 -41.00 -22.00  28.14
 -41.00 -21.00  27.18
 -41.00 -20.00  26.75
 -41.00 -19.00  27.12
 -41.00 -18.00  28.43
 -41.00 -17.00  30.70
 -41.00 -16.00  33.82
 -41.00 -15.00  37.55
 -41.00 -14.00  41.53
 -41.00 -13.00  45.38
 -41.00 -12.00  48.74
 -41.00 -11.00  51.32
 -41.00 -10.00  52.94
 -41.00  -9.00  53.55
 -41.00  -8.00  53.24
 -41.00  -7.00  52.14
 -41.00  -6.00  50.48
 -41.00  -5.00  48.46
 -41.00  -4.00  46.27
 -41.00  -3.00  44.06
 -41.00  -2.00  41.93
 -41.00  -1.00  39.96
 -41.00   0.00  38.25
 -41.00   1.00  36.90
 -41.00   2.00  36.06
 -41.00   3.00  35.90
 -41.00   4.00  36.62
 -41.00   5.00  38.36
 -41.00   6.00  41.19
 -41.00   7.00  45.02
 -41.00   8.00  49.65
 -41.00   9.00  54.70
 -41.00  10.00  59.68
 -41.00  11.00  64.03
 -41.00  12.00  67.20
 -41.00  13.00  68.76
 -41.00  14.00  68.44
 -41.00  15.00  66.17
 -41.00  16.00  62.15
 -41.00  17.00  56.74
 -41.00  18.00  50.50
 -41.00  19.00  44.01
 -41.00  20.00  37.85
 -41.00  21.00  32.52
 -41.00  22.00  28.34
 -41.00  23.00  25.43
 -41.00  24.00  23.78
 -41.00  25.00  23.18
 -41.00  26.00  23.37
 -41.00  27.00  24.03
 -40.00 -37.00  32.25
 -40.00 -36.00  32.89
 -40.00 -35.00  33.32
 -40.00 -34.00  33.46
 -40.00 -33.00  33.34
 -40.00 -32.00  33.04
 -40.00 -31.00  32.70
 -40.00 -30.00  32.41
 -40.00 -29.00  32.21
 -40.00 -28.00  32.07
 -40.00 -27.00  31.90
 -40.00 -26.00  31.59
 -40.00 -25.00  31.03
 -40.00 -24.00  30.17
 -40.00 -23.00  29.05
 -40.00 -22.00  27.82
 -40.00 -21.00  26.69
 -40.00 -20.00  25.94
 -40.00 -19.00  25.84
 -40.00 -18.00  26.58
 -40.00 -17.00  28.26
 -40.00 -16.00  30.86
 -40.00 -15.00  34.19
 -40.00 -14.00  37.97
 -40.00 -13.00  41.85
 -40.00 -12.00  45.46
 -40.00 -11.00  48.48
 -40.00 -10.00  50.67
 -40.00  -9.00  51.92
 -40.00  -8.00  52.24
 -40.00  -7.00  51.72
 -40.00  -6.00  50.53
 -40.00  -5.00  48.87
 -40.00  -4.00  46.92
 -40.00  -3.00  44.85
 -40.00  -2.00  42.77
 -40.00  -1.00  40.77
 -40.00   0.00  38.95
 -40.00   1.00  37.40
 -40.00   2.00  36.28
 -40.00   3.00  35.76
 -40.00   4.00  36.01
 -40.00   5.00  37.22
 -40.00   6.00  39.49
 -40.00   7.00  42.81
 -40.00   8.00  47.03
 -40.00   9.00  51.85
 -40.00  10.00  56.84
 -40.00  11.00  61.46
 -40.00  12.00  65.16
 -40.00  13.00  67.47
 -40.00  14.00  68.03
 -40.00  15.00  66.69
 -40.00  16.00  63.52
 -40.00  17.00  58.81
 -40.00  18.00  53.02
 -40.00  19.00  46.71
 -40.00  20.00  40.46
 -40.00  21.00  34.80
 -40.00  22.00  30.12
 -40.00  23.00  26.64
 -40.00  24.00  24.42
 -40.00  25.00  23.33
 -40.00  26.00  23.14
 -40.00  27.00  23.58
 -39.00 -37.00  30.85
 -39.00 -36.00  31.52
 -39.00 -35.00  32.06
 -39.00 -34.00  32.34
 -39.00 -33.00  32.32
 -39.00 -32.00  32.09
 -39.00 -31.00  31.75
 -39.00 -30.00  31.43
 -39.00 -29.00  31.19
 -39.00 -28.00  31.05
 -39.00 -27.00  30.93
 -39.00 -26.00  30.73
 -39.00 -25.00  30.33
 -39.00 -24.00  29.65
 -39.00 -23.00  28.69
 -39.00 -22.00  27.52
 -39.00 -21.00  26.34
 -39.00 -20.00  25.37
 -39.00 -19.00  24.89
 -39.00 -18.00  25.13
 -39.00 -17.00  26.26
 -39.00 -16.00  28.30
 -39.00 -15.00  31.16
 -39.00 -14.00  34.63
 -39.00 -13.00  38.40
 -39.00 -12.00  42.11
 -39.00 -11.00  45.43
 -39.00 -10.00  48.09
 -39.00  -9.00  49.91
 -39.00  -8.00  50.83
 -39.00  -7.00  50.89
 -39.00  -6.00  50.21
 -39.00  -5.00  48.97
 -39.00  -4.00  47.34
 -39.00  -3.00  45.47
 -39.00  -2.00  43.50
 -39.00  -1.00  41.54
 -39.00   0.00  39.66
 -39.00   1.00  37.99
 -39.00   2.00  36.65
 -39.00   3.00  35.81
 -39.00   4.00  35.66
 -39.00   5.00  36.38
 -39.00   6.00  38.11
 -39.00   7.00  40.91
 -39.00   8.00  44.68
 -39.00   9.00  49.20
 -39.00  10.00  54.09
 -39.00  11.00  58.86
 -39.00  12.00  62.97
 -39.00  13.00  65.92
 -39.00  14.00  67.29
 -39.00  15.00  66.84
 -39.00  16.00  64.54
 -39.00  17.00  60.57
 -39.00  18.00  55.32
 -39.00  19.00  49.30
 -39.00  20.00  43.07
 -39.00  21.00  37.18
 -39.00  22.00  32.08
 -39.00  23.00  28.07
 -39.00  24.00  25.29
 -39.00  25.00  23.68
 -39.00  26.00  23.07
 -39.00  27.00  22.44
 -38.00 -37.00  29.48
 -38.00 -36.00  30.13
 -38.00 -35.00  30.75
 -38.00 -34.00  31.16
 -38.00 -33.00  31.27
 -38.00 -32.00  31.13
 -38.00 -31.00  30.83
 -38.00 -30.00  30.50
 -38.00 -29.00  30.22
 -38.00 -28.00  30.05
 -38.00 -27.00  29.94
 -38.00 -26.00  29.81
 -38.00 -25.00  29.55
 -38.00 -24.00  29.05
 -38.00 -23.00  28.26
 -38.00 -22.00  27.22
 -38.00 -21.00  26.05
 -38.00 -20.00  24.96
 -38.00 -19.00  24.20
 -38.00 -18.00  24.03
 -38.00 -17.00  24.64
 -38.00 -16.00  26.13
 -38.00 -15.00  28.48
 -38.00 -14.00  31.55
 -38.00 -13.00  35.08
 -38.00 -12.00  38.76
 -38.00 -11.00  42.25
 -38.00 -10.00  45.26
 -38.00  -9.00  47.55
 -38.00  -8.00  49.03
 -38.00  -7.00  49.66
 -38.00  -6.00  49.52
 -38.00  -5.00  48.75
 -38.00  -4.00  47.49
 -38.00  -3.00  45.90
 -38.00  -2.00  44.11
 -38.00  -1.00  42.24
 -38.00   0.00  40.38
 -38.00   1.00  38.63
 -38.00   2.00  37.13
 -38.00   3.00  36.03
 -38.00   4.00  35.51
 -38.00   5.00  35.78
 -38.00   6.00  37.01
 -38.00   7.00  39.28
 -38.00   8.00  42.57
 -38.00   9.00  46.73
 -38.00  10.00  51.43
 -38.00  11.00  56.25
 -38.00  12.00  60.66
 -38.00  13.00  64.15
 -38.00  14.00  66.25
 -38.00  15.00  66.65
 -38.00  16.00  65.22
 -38.00  17.00  62.05
 -38.00  18.00  57.42
 -38.00  19.00  51.79
 -38.00  20.00  45.69
 -38.00  21.00  39.68
 -38.00  22.00  34.24
 -38.00  23.00  29.75
 -38.00  24.00  26.40
 -38.00  25.00  23.32
 -38.00  26.00  22.37
 -38.00  27.00  22.20
 -37.00 -37.00  28.17
 -37.00 -36.00  28.75
 -37.00 -35.00  29.41
 -37.00 -34.00  29.93
 -37.00 -33.00  30.19
 -37.00 -32.00  30.16
 -37.00 -31.00  29.93
 -37.00 -30.00  29.61
 -37.00 -29.00  29.30
 -37.00 -28.00  29.09
 -37.00 -27.00  28.97
 -37.00 -26.00  28.88
 -37.00 -25.00  28.72
 -37.00 -24.00  28.37
 -37.00 -23.00  27.76
 -37.00 -22.00  26.87
 -37.00 -21.00  25.79
 -37.00 -20.00  24.66
 -37.00 -19.00  23.72
 -37.00 -18.00  23.22
 -37.00 -17.00  23.37
 -37.00 -16.00  24.34
 -37.00 -15.00  26.16
 -37.00 -14.00  28.76
 -37.00 -13.00  31.96
 -37.00 -12.00  35.48
 -37.00 -11.00  39.00
 -37.00 -10.00  42.23
 -37.00  -9.00  44.91
 -37.00  -8.00  46.87
 -37.00  -7.00  48.05
 -37.00  -6.00  48.45
 -37.00  -5.00  48.17
 -37.00  -4.00  47.33
 -37.00  -3.00  46.08
 -37.00  -2.00  44.55
 -37.00  -1.00  42.84
 -37.00   0.00  41.05
 -37.00   1.00  39.30
 -37.00   2.00  37.69
 -37.00   3.00  36.38
 -37.00   4.00  35.56
 -37.00   5.00  35.42
 -37.00   6.00  36.16
 -37.00   7.00  37.90
 -37.00   8.00  40.69
 -37.00   9.00  44.43
 -37.00  10.00  48.86
 -37.00  11.00  53.63
 -37.00  12.00  58.23
 -37.00  13.00  62.16
 -37.00  14.00  64.92
 -37.00  15.00  66.13
 -37.00  16.00  65.57
 -37.00  17.00  63.24
 -37.00  18.00  59.32
 -37.00  19.00  54.18
 -37.00  20.00  48.32
 -37.00  21.00  42.29
 -37.00  22.00  36.60
 -37.00  23.00  30.06
 -37.00  24.00  26.54
 -37.00  25.00  24.08
 -37.00  26.00  22.65
 -37.00  27.00  22.10
 -36.00 -37.00  26.95
 -36.00 -36.00  27.39
 -36.00 -35.00  28.05
 -36.00 -34.00  28.66
 -36.00 -33.00  29.05
 -36.00 -32.00  29.16
 -36.00 -31.00  29.03
 -36.00 -30.00  28.75
 -36.00 -29.00  28.44
 -36.00 -28.00  28.19
 -36.00 -27.00  28.04
 -36.00 -26.00  27.96
 -36.00 -25.00  27.85
 -36.00 -24.00  27.63
 -36.00 -23.00  27.18
 -36.00 -22.00  26.47
 -36.00 -21.00  25.51
 -36.00 -20.00  24.42
 -36.00 -19.00  23.39
 -36.00 -18.00  22.64
 -36.00 -17.00  22.42
 -36.00 -16.00  22.91
 -36.00 -15.00  24.20
 -36.00 -14.00  26.31
 -36.00 -13.00  29.09
 -36.00 -12.00  32.34
 -36.00 -11.00  35.77
 -36.00 -10.00  39.10
 -36.00  -9.00  42.05
 -36.00  -8.00  44.42
 -36.00  -7.00  46.08
 -36.00  -6.00  47.00
 -36.00  -5.00  47.23
 -36.00  -4.00  46.86
 -36.00  -3.00  46.00
 -36.00  -2.00  44.77
 -36.00  -1.00  43.29
 -36.00   0.00  41.65
 -36.00   1.00  39.95
 -36.00   2.00  38.30
 -36.00   3.00  36.85
 -36.00   4.00  35.77
 -36.00   5.00  35.27
 -36.00   6.00  35.55
 -36.00   7.00  36.78
 -36.00   8.00  39.04
 -36.00   9.00  42.31
 -36.00  10.00  46.41
 -36.00  11.00  51.02
 -36.00  12.00  55.71
 -36.00  13.00  59.97
 -36.00  14.00  63.31
 -36.00  15.00  65.27
 -36.00  16.00  65.58
 -36.00  17.00  64.11
 -36.00  18.00  60.97
 -36.00  19.00  56.43
 -36.00  20.00  50.93
 -36.00  21.00  42.27
 -36.00  22.00  36.93
 -36.00  23.00  32.10
 -36.00  24.00  28.09
 -36.00  25.00  25.09
 -36.00  26.00  23.15
 -36.00  27.00  22.18
 -35.00 -37.00  25.86
 -35.00 -36.00  26.11
 -35.00 -35.00  26.70
 -35.00 -34.00  27.36
 -35.00 -33.00  27.87
 -35.00 -32.00  28.12
 -35.00 -31.00  28.11
 -35.00 -30.00  27.91
 -35.00 -29.00  27.63
 -35.00 -28.00  27.36
 -35.00 -27.00  27.17
 -35.00 -26.00  27.07
 -35.00 -25.00  27.00
 -35.00 -24.00  26.86
 -35.00 -23.00  26.55
 -35.00 -22.00  26.00
 -35.00 -21.00  25.19
 -35.00 -20.00  24.19
 -35.00 -19.00  23.14
 -35.00 -18.00  22.25
 -35.00 -17.00  21.74
 -35.00 -16.00  21.82
 -35.00 -15.00  22.63
 -35.00 -14.00  24.23
 -35.00 -13.00  26.55
 -35.00 -12.00  29.45
 -35.00 -11.00  32.69
 -35.00 -10.00  35.99
 -35.00  -9.00  39.09
 -35.00  -8.00  41.75
 -35.00  -7.00  43.82
 -35.00  -6.00  45.22
 -35.00  -5.00  45.94
 -35.00  -4.00  46.04
 -35.00  -3.00  45.60
 -35.00  -2.00  44.74
 -35.00  -1.00  43.54
 -35.00   0.00  42.11
 -35.00   1.00  40.53
 -35.00   2.00  38.91
 -35.00   3.00  37.38
 -35.00   4.00  36.11
 -35.00   5.00  35.31
 -35.00   6.00  35.18
 -35.00   7.00  35.92
 -35.00   8.00  37.66
 -35.00   9.00  40.43
 -35.00  10.00  44.12
 -35.00  11.00  48.49
 -35.00  12.00  53.16
 -35.00  13.00  57.65
 -35.00  14.00  61.46
 -35.00  15.00  64.10
 -35.00  16.00  65.23
 -35.00  17.00  64.63
 -35.00  18.00  62.30
 -35.00  19.00  54.72
 -35.00  20.00  50.12
 -35.00  21.00  44.86
 -35.00  22.00  39.44
 -35.00  23.00  34.31
 -35.00  24.00  29.87
 -35.00  25.00  26.36
 -35.00  26.00  23.89
 -35.00  27.00  22.45
 -34.00 -37.00  24.93
 -34.00 -36.00  24.94
 -34.00 -35.00  25.42
 -34.00 -34.00  26.08
 -34.00 -33.00  26.68
 -34.00 -32.00  27.07
 -34.00 -31.00  27.19
 -34.00 -30.00  27.09
 -34.00 -29.00  26.85
 -34.00 -28.00  26.59
 -34.00 -27.00  26.38
 -34.00 -26.00  26.25
 -34.00 -25.00  26.18
 -34.00 -24.00  26.09
 -34.00 -23.00  25.88
 -34.00 -22.00  25.47
 -34.00 -21.00  24.81
 -34.00 -20.00  23.93
 -34.00 -19.00  22.92
 -34.00 -18.00  21.97
 -34.00 -17.00  21.26
 -34.00 -16.00  21.02
 -34.00 -15.00  21.42
 -34.00 -14.00  22.55
 -34.00 -13.00  24.42
 -34.00 -12.00  26.92
 -34.00 -11.00  29.88
 -34.00 -10.00  33.05
 -34.00  -9.00  36.18
 -34.00  -8.00  39.02
 -34.00  -7.00  41.40
 -34.00  -6.00  43.19
 -34.00  -5.00  44.35
 -34.00  -4.00  44.90
 -34.00  -3.00  44.89
 -34.00  -2.00  44.41
 -34.00  -1.00  43.55
 -34.00   0.00  42.37
 -34.00   1.00  40.98
 -34.00   2.00  39.45
 -34.00   3.00  37.92
 -34.00   4.00  36.53
 -34.00   5.00  35.50
 -34.00   6.00  35.02
 -34.00   7.00  35.32
 -34.00   8.00  36.56
 -34.00   9.00  38.83
 -34.00  10.00  42.09
 -34.00  11.00  46.15
 -34.00  12.00  50.70
 -34.00  13.00  55.30
 -34.00  14.00  59.46
 -34.00  15.00  62.67
 -34.00  16.00  64.53
 -34.00  17.00  60.68
 -34.00  18.00  59.32
 -34.00  19.00  56.43
 -34.00  20.00  52.29
 -34.00  21.00  47.29
 -34.00  22.00  41.89
 -34.00  23.00  36.58
 -34.00  24.00  31.79
 -34.00  25.00  27.81
 -34.00  26.00  24.85
 -34.00  27.00  22.93
 -33.00 -37.00  24.17
 -33.00 -36.00  23.93
 -33.00 -35.00  24.26
 -33.00 -34.00  24.88
 -33.00 -33.00  25.53
 -33.00 -32.00  26.02
 -33.00 -31.00  26.27
 -33.00 -30.00  26.28
 -33.00 -29.00  26.12
 -33.00 -28.00  25.88
 -33.00 -27.00  25.66
 -33.00 -26.00  25.51
 -33.00 -25.00  25.43
 -33.00 -24.00  25.36
 -33.00 -23.00  25.22
 -33.00 -22.00  24.91
 -33.00 -21.00  24.39
 -33.00 -20.00  23.63
 -33.00 -19.00  22.70
 -33.00 -18.00  21.74
 -33.00 -17.00  20.92
 -33.00 -16.00  20.45
 -33.00 -15.00  20.53
 -33.00 -14.00  21.26
 -33.00 -13.00  22.71
 -33.00 -12.00  24.82
 -33.00 -11.00  27.46
 -33.00 -10.00  30.42
 -33.00  -9.00  33.48
 -33.00  -8.00  36.39
 -33.00  -7.00  38.96
 -33.00  -6.00  41.05
 -33.00  -5.00  42.57
 -33.00  -4.00  43.52
 -33.00  -3.00  43.92
 -33.00  -2.00  43.82
 -33.00  -1.00  43.29
 -33.00   0.00  42.41
 -33.00   1.00  41.24
 -33.00   2.00  39.86
 -33.00   3.00  38.39
 -33.00   4.00  36.96
 -33.00   5.00  35.77
 -33.00   6.00  35.02
 -33.00   7.00  34.95
 -33.00   8.00  35.76
 -33.00   9.00  37.56
 -33.00  10.00  40.38
 -33.00  11.00  44.10
 -33.00  12.00  48.46
 -33.00  13.00  53.07
 -33.00  14.00  53.90
 -33.00  15.00  57.35
 -33.00  16.00  59.69
 -33.00  17.00  60.60
 -33.00  18.00  59.93
 -33.00  19.00  57.68
 -33.00  20.00  54.05
 -33.00  21.00  49.38
 -33.00  22.00  44.11
 -33.00  23.00  38.73
 -33.00  24.00  33.69
 -33.00  25.00  29.34
 -33.00  26.00  25.94
 -33.00  27.00  23.56
 -32.00 -37.00  23.55
 -32.00 -36.00  23.08
 -32.00 -35.00  23.26
 -32.00 -34.00  23.81
 -32.00 -33.00  24.47
 -32.00 -32.00  25.03
 -32.00 -31.00  25.38
 -32.00 -30.00  25.50
 -32.00 -29.00  25.42
 -32.00 -28.00  25.23
 -32.00 -27.00  25.02
 -32.00 -26.00  24.86
 -32.00 -25.00  24.76
 -32.00 -24.00  24.69
 -32.00 -23.00  24.59
 -32.00 -22.00  24.36
 -32.00 -21.00  23.93
 -32.00 -20.00  23.28
 -32.00 -19.00  22.44
 -32.00 -18.00  21.51
 -32.00 -17.00  20.64
 -32.00 -16.00  20.04
 -32.00 -15.00  19.88
 -32.00 -14.00  20.31
 -32.00 -13.00  21.41
 -32.00 -12.00  23.17
 -32.00 -11.00  25.49
 -32.00 -10.00  28.22
 -32.00  -9.00  31.14
 -32.00  -8.00  34.03
 -32.00  -7.00  36.69
 -32.00  -6.00  38.97
 -32.00  -5.00  40.76
 -32.00  -4.00  42.03
 -32.00  -3.00  42.77
 -32.00  -2.00  43.01
 -32.00  -1.00  42.81
 -32.00   0.00  42.22
 -32.00   1.00  41.30
 -32.00   2.00  40.10
 -32.00   3.00  38.74
 -32.00   4.00  37.33
 -32.00   5.00  36.05
 -32.00   6.00  35.12
 -32.00   7.00  34.76
 -32.00   8.00  35.21
 -32.00   9.00  36.61
 -32.00  10.00  39.04
 -32.00  11.00  39.84
 -32.00  12.00  43.74
 -32.00  13.00  48.01
 -32.00  14.00  52.24
 -32.00  15.00  55.96
 -32.00  16.00  58.73
 -32.00  17.00  60.19
 -32.00  18.00  60.10
 -32.00  19.00  58.43
 -32.00  20.00  55.29
 -32.00  21.00  50.98
 -32.00  22.00  45.91
 -32.00  23.00  40.56
 -32.00  24.00  35.37
 -32.00  25.00  30.76
 -32.00  26.00  27.00
 -32.00  27.00  24.25
 -31.00 -37.00  23.02
 -31.00 -36.00  22.38
 -31.00 -35.00  22.43
 -31.00 -34.00  22.90
 -31.00 -33.00  23.55
 -31.00 -32.00  24.15
 -31.00 -31.00  24.58
 -31.00 -30.00  24.78
 -31.00 -29.00  24.78
 -31.00 -28.00  24.64
 -31.00 -27.00  24.45
 -31.00 -26.00  24.29
 -31.00 -25.00  24.18
 -31.00 -24.00  24.11
 -31.00 -23.00  24.02
 -31.00 -22.00  23.83
 -31.00 -21.00  23.48
 -31.00 -20.00  22.90
 -31.00 -19.00  22.14
 -31.00 -18.00  21.25
 -31.00 -17.00  20.38
 -31.00 -16.00  19.70
 -31.00 -15.00  19.40
 -31.00 -14.00  19.62
 -31.00 -13.00  20.46
 -31.00 -12.00  21.94
 -31.00 -11.00  24.00
 -31.00 -10.00  26.50
 -31.00  -9.00  29.26
 -31.00  -8.00  32.07
 -31.00  -7.00  34.74
 -31.00  -6.00  37.11
 -31.00  -5.00  39.08
 -31.00  -4.00  40.57
 -31.00  -3.00  41.57
 -31.00  -2.00  42.10
 -31.00  -1.00  42.18
 -31.00   0.00  41.86
 -31.00   1.00  41.16
 -31.00   2.00  40.16
 -31.00   3.00  38.92
 -31.00   4.00  37.56
 -31.00   5.00  36.26
 -31.00   6.00  35.22
 -31.00   7.00  34.68
 -31.00   8.00  34.86
 -31.00   9.00  33.83
 -31.00  10.00  35.80
 -31.00  11.00  38.70
 -31.00  12.00  42.38
 -31.00  13.00  46.55
 -31.00  14.00  50.81
 -31.00  15.00  54.69
 -31.00  16.00  57.74
 -31.00  17.00  59.57
 -31.00  18.00  59.92
 -31.00  19.00  58.70
 -31.00  20.00  55.97
 -31.00  21.00  51.98
 -31.00  22.00  47.13
 -31.00  23.00  41.85
 -31.00  24.00  36.63
 -31.00  25.00  31.86
 -31.00  26.00  27.87
 -31.00  27.00  24.85
 -30.00 -37.00  22.61
 -30.00 -36.00  21.92
 -30.00 -35.00  21.94
 -30.00 -34.00  22.41
 -30.00 -33.00  23.10
 -30.00 -32.00  23.78
 -30.00 -31.00  24.32
 -30.00 -30.00  24.64
 -30.00 -29.00  24.76
 -30.00 -28.00  24.72
 -30.00 -27.00  24.60
 -30.00 -26.00  24.46
 -30.00 -25.00  24.35
 -30.00 -24.00  24.26
 -30.00 -23.00  24.13
 -30.00 -22.00  23.91
 -30.00 -21.00  23.53
 -30.00 -20.00  22.94
 -30.00 -19.00  22.15
 -30.00 -18.00  21.24
 -30.00 -17.00  20.33
 -30.00 -16.00  19.57
 -30.00 -15.00  19.15
 -30.00 -14.00  19.21
 -30.00 -13.00  19.85
 -30.00 -12.00  21.10
 -30.00 -11.00  22.92
 -30.00 -10.00  25.19
 -30.00  -9.00  27.73
 -30.00  -8.00  30.38
 -30.00  -7.00  32.94
 -30.00  -6.00  35.26
 -30.00  -5.00  37.24
 -30.00  -4.00  38.80
 -30.00  -3.00  39.92
 -30.00  -2.00  40.61
 -30.00  -1.00  40.89
 -30.00   0.00  40.77
 -30.00   1.00  40.28
 -30.00   2.00  39.46
 -30.00   3.00  38.38
 -30.00   4.00  37.14
 -30.00   5.00  35.88
 -30.00   6.00  32.82
 -30.00   7.00  32.17
 -30.00   8.00  32.11
 -30.00   9.00  32.85
 -30.00  10.00  34.52
 -30.00  11.00  37.12
 -30.00  12.00  40.54
 -30.00  13.00  44.51
 -30.00  14.00  48.67
 -30.00  15.00  52.59
 -30.00  16.00  55.81
 -30.00  17.00  57.93
 -30.00  18.00  58.67
 -30.00  19.00  57.89
 -30.00  20.00  55.62
 -30.00  21.00  52.06
 -30.00  22.00  47.56
 -30.00  23.00  42.54
 -30.00  24.00  37.47
 -30.00  25.00  32.75
 -30.00  26.00  28.71
 -30.00  27.00  25.58
