 -83.00 -37.00  61.81
 -83.00 -36.00  63.65
 -83.00 -35.00  65.74
 -83.00 -34.00  68.27
 -83.00 -33.00  71.37
 -83.00 -32.00  75.12
 -83.00 -31.00  79.49
 -83.00 -30.00  84.34
 -83.00 -29.00  89.43
 -83.00 -28.00  94.42
 -83.00 -27.00  98.97
 -83.00 -26.00 102.78
 -83.00 -25.00 105.62
 -83.00 -24.00 107.39
 -83.00 -23.00 108.09
 -83.00 -22.00 107.88
 -83.00 -21.00 106.96
 -83.00 -20.00 105.59
 -83.00 -19.00 104.01
 -83.00 -18.00 102.44
 -83.00 -17.00 101.00
 -83.00 -16.00  99.80
 -83.00 -15.00  98.86
 -83.00 -14.00  98.20
 -83.00 -13.00  97.84
 -83.00 -12.00  97.83
 -83.00 -11.00  98.25
 -83.00 -10.00  99.19
 -83.00  -9.00 100.72
 -83.00  -8.00 102.88
 -83.00  -7.00 105.65
 -83.00  -6.00 108.89
 -83.00  -5.00 112.39
 -83.00  -4.00 115.83
 -83.00  -3.00 118.86
 -83.00  -2.00 121.16
 -83.00  -1.00 122.42
 -83.00   0.00 122.46
 -83.00   1.00 121.24
 -83.00   2.00 118.83
 -83.00   3.00 115.46
 -83.00   4.00 111.42
 -83.00   5.00 107.07
 -83.00   6.00 102.74
 -83.00   7.00  98.72
 -83.00   8.00  95.20
 -83.00   9.00  92.26
 -83.00  10.00  89.89
 -83.00  11.00  88.01
 -83.00  12.00  86.46
 -83.00  13.00  85.11
 -83.00  14.00  83.85
 -83.00  15.00  82.60
 -83.00  16.00  81.37
 -83.00  17.00  80.20
 -83.00  18.00  79.19
 -83.00  19.00  78.43
 -83.00  20.00  78.02
 -83.00  21.00  78.01
 -83.00  22.00  78.41
 -83.00  23.00  79.16
 -83.00  24.00  80.18
 -83.00  25.00  81.38
 -83.00  26.00  82.65
 -83.00  27.00  83.95
 -82.00 -37.00  61.68
 -82.00 -36.00  63.53
 -82.00 -35.00  65.69
 -82.00 -34.00  68.31
 -82.00 -33.00  71.53
 -82.00 -32.00  75.42
 -82.00 -31.00  79.93
 -82.00 -30.00  84.90
 -82.00 -29.00  90.07
 -82.00 -28.00  95.10
 -82.00 -27.00  99.64
 -82.00 -26.00 103.40
 -82.00 -25.00 106.15
 -82.00 -24.00 107.80
 -82.00 -23.00 108.38
 -82.00 -22.00 108.06
 -82.00 -21.00 107.04
 -82.00 -20.00 105.60
 -82.00 -19.00 103.98
 -82.00 -18.00 102.39
 -82.00 -17.00 100.96
 -82.00 -16.00  99.77
 -82.00 -15.00  98.85
 -82.00 -14.00  98.22
 -82.00 -13.00  97.89
 -82.00 -12.00  97.91
 -82.00 -11.00  98.36
 -82.00 -10.00  99.32
 -82.00  -9.00 100.87
 -82.00  -8.00 103.06
 -82.00  -7.00 105.83
 -82.00  -6.00 109.07
 -82.00  -5.00 112.53
 -82.00  -4.00 115.92
 -82.00  -3.00 118.89
 -82.00  -2.00 121.10
 -82.00  -1.00 122.26
 -82.00   0.00 122.20
 -82.00   1.00 120.87
 -82.00   2.00 118.36
 -82.00   3.00 114.90
 -82.00   4.00 110.80
 -82.00   5.00 106.40
 -82.00   6.00 102.05
 -82.00   7.00  98.02
 -82.00   8.00  94.50
 -82.00   9.00  91.57
 -82.00  10.00  89.22
 -82.00  11.00  87.36
 -82.00  12.00  85.84
 -82.00  13.00  84.53
 -82.00  14.00  83.31
 -82.00  15.00  82.11
 -82.00  16.00  80.94
 -82.00  17.00  79.84
 -82.00  18.00  78.89
 -82.00  19.00  78.21
 -82.00  20.00  77.86
 -82.00  21.00  77.90
 -82.00  22.00  78.31
 -82.00  23.00  79.06
 -82.00  24.00  80.06
 -82.00  25.00  81.21
 -82.00  26.00  82.43
 -82.00  27.00  83.68
 -81.00 -37.00  61.50
 -81.00 -36.00  63.37
 -81.00 -35.00  65.58
 -81.00 -34.00  68.28
 -81.00 -33.00  71.61
 -81.00 -32.00  75.62
 -81.00 -31.00  80.25
 -81.00 -30.00  85.32
 -81.00 -29.00  90.57
 -81.00 -28.00  95.64
 -81.00 -27.00 100.19
 -81.00 -26.00 103.92
 -81.00 -25.00 106.60
 -81.00 -24.00 108.17
 -81.00 -23.00 108.66
 -81.00 -22.00 108.24
 -81.00 -21.00 107.15
 -81.00 -20.00 105.65
 -81.00 -19.00 104.00
 -81.00 -18.00 102.39
 -81.00 -17.00 100.95
 -81.00 -16.00  99.77
 -81.00 -15.00  98.87
 -81.00 -14.00  98.25
 -81.00 -13.00  97.94
 -81.00 -12.00  97.98
 -81.00 -11.00  98.44
 -81.00 -10.00  99.40
 -81.00  -9.00 100.96
 -81.00  -8.00 103.14
 -81.00  -7.00 105.90
 -81.00  -6.00 109.12
 -81.00  -5.00 112.55
 -81.00  -4.00 115.90
 -81.00  -3.00 118.82
 -81.00  -2.00 120.97
 -81.00  -1.00 122.06
 -81.00   0.00 121.93
 -81.00   1.00 120.53
 -81.00   2.00 117.96
 -81.00   3.00 114.44
 -81.00   4.00 110.28
 -81.00   5.00 105.84
 -81.00   6.00 101.45
 -81.00   7.00  97.39
 -81.00   8.00  93.85
 -81.00   9.00  90.92
 -81.00  10.00  88.57
 -81.00  11.00  86.71
 -81.00  12.00  85.22
 -81.00  13.00  83.94
 -81.00  14.00  82.76
 -81.00  15.00  81.62
 -81.00  16.00  80.50
 -81.00  17.00  79.47
 -81.00  18.00  78.59
 -81.00  19.00  77.97
 -81.00  20.00  77.67
 -81.00  21.00  77.73
 -81.00  22.00  78.16
 -81.00  23.00  78.89
 -81.00  24.00  79.85
 -81.00  25.00  80.95
 -81.00  26.00  82.11
 -81.00  27.00  83.29
 -80.00 -37.00  61.28
 -80.00 -36.00  63.17
 -80.00 -35.00  65.42
 -80.00 -34.00  68.19
 -80.00 -33.00  71.61
 -80.00 -32.00  75.72
 -80.00 -31.00  80.45
 -80.00 -30.00  85.63
 -80.00 -29.00  90.95
 -80.00 -28.00  96.07
 -80.00 -27.00 100.64
 -80.00 -26.00 104.35
 -80.00 -25.00 107.00
 -80.00 -24.00 108.51
 -80.00 -23.00 108.93
 -80.00 -22.00 108.45
 -80.00 -21.00 107.30
 -80.00 -20.00 105.75
 -80.00 -19.00 104.06
 -80.00 -18.00 102.42
 -80.00 -17.00 100.98
 -80.00 -16.00  99.80
 -80.00 -15.00  98.91
 -80.00 -14.00  98.30
 -80.00 -13.00  98.00
 -80.00 -12.00  98.04
 -80.00 -11.00  98.49
 -80.00 -10.00  99.45
 -80.00  -9.00 100.98
 -80.00  -8.00 103.14
 -80.00  -7.00 105.87
 -80.00  -6.00 109.06
 -80.00  -5.00 112.46
 -80.00  -4.00 115.78
 -80.00  -3.00 118.66
 -80.00  -2.00 120.78
 -80.00  -1.00 121.84
 -80.00   0.00 121.67
 -80.00   1.00 120.23
 -80.00   2.00 117.62
 -80.00   3.00 114.06
 -80.00   4.00 109.85
 -80.00   5.00 105.36
 -80.00   6.00 100.92
 -80.00   7.00  96.82
 -80.00   8.00  93.25
 -80.00   9.00  90.28
 -80.00  10.00  87.92
 -80.00  11.00  86.07
 -80.00  12.00  84.58
 -80.00  13.00  83.33
 -80.00  14.00  82.20
 -80.00  15.00  81.11
 -80.00  16.00  80.06
 -80.00  17.00  79.09
 -80.00  18.00  78.28
 -80.00  19.00  77.71
 -80.00  20.00  77.44
 -80.00  21.00  77.52
 -80.00  22.00  77.94
 -80.00  23.00  78.64
 -80.00  24.00  79.55
 -80.00  25.00  80.58
 -80.00  26.00  81.68
 -80.00  27.00  82.81
 -79.00 -37.00  61.03
 -79.00 -36.00  62.94
 -79.00 -35.00  65.22
 -79.00 -34.00  68.05
 -79.00 -33.00  71.54
 -79.00 -32.00  75.74
 -79.00 -31.00  80.57
 -79.00 -30.00  85.83
 -79.00 -29.00  91.23
 -79.00 -28.00  96.41
 -79.00 -27.00 101.01
 -79.00 -26.00 104.72
 -79.00 -25.00 107.35
 -79.00 -24.00 108.82
 -79.00 -23.00 109.21
 -79.00 -22.00 108.67
 -79.00 -21.00 107.47
 -79.00 -20.00 105.88
 -79.00 -19.00 104.15
 -79.00 -18.00 102.50
 -79.00 -17.00 101.05
 -79.00 -16.00  99.86
 -79.00 -15.00  98.97
 -79.00 -14.00  98.36
 -79.00 -13.00  98.06
 -79.00 -12.00  98.09
 -79.00 -11.00  98.52
 -79.00 -10.00  99.45
 -79.00  -9.00 100.96
 -79.00  -8.00 103.08
 -79.00  -7.00 105.77
 -79.00  -6.00 108.92
 -79.00  -5.00 112.29
 -79.00  -4.00 115.58
 -79.00  -3.00 118.44
 -79.00  -2.00 120.54
 -79.00  -1.00 121.59
 -79.00   0.00 121.41
 -79.00   1.00 119.96
 -79.00   2.00 117.33
 -79.00   3.00 113.73
 -79.00   4.00 109.49
 -79.00   5.00 104.95
 -79.00   6.00 100.45
 -79.00   7.00  96.29
 -79.00   8.00  92.67
 -79.00   9.00  89.66
 -79.00  10.00  87.27
 -79.00  11.00  85.40
 -79.00  12.00  83.93
 -79.00  13.00  82.71
 -79.00  14.00  81.62
 -79.00  15.00  80.59
 -79.00  16.00  79.60
 -79.00  17.00  78.70
 -79.00  18.00  77.94
 -79.00  19.00  77.41
 -79.00  20.00  77.18
 -79.00  21.00  77.26
 -79.00  22.00  77.66
 -79.00  23.00  78.32
 -79.00  24.00  79.17
 -79.00  25.00  80.14
 -79.00  26.00  81.16
 -79.00  27.00  82.23
 -78.00 -37.00  60.76
 -78.00 -36.00  62.68
 -78.00 -35.00  64.99
 -78.00 -34.00  67.87
 -78.00 -33.00  71.43
 -78.00 -32.00  75.70
 -78.00 -31.00  80.62
 -78.00 -30.00  85.96
 -78.00 -29.00  91.44
 -78.00 -28.00  96.67
 -78.00 -27.00 101.31
 -78.00 -26.00 105.05
 -78.00 -25.00 107.68
 -78.00 -24.00 109.13
 -78.00 -23.00 109.48
 -78.00 -22.00 108.90
 -78.00 -21.00 107.66
 -78.00 -20.00 106.03
 -78.00 -19.00 104.27
 -78.00 -18.00 102.60
 -78.00 -17.00 101.13
 -78.00 -16.00  99.94
 -78.00 -15.00  99.04
 -78.00 -14.00  98.43
 -78.00 -13.00  98.12
 -78.00 -12.00  98.13
 -78.00 -11.00  98.54
 -78.00 -10.00  99.43
 -78.00  -9.00 100.89
 -78.00  -8.00 102.96
 -78.00  -7.00 105.61
 -78.00  -6.00 108.71
 -78.00  -5.00 112.05
 -78.00  -4.00 115.32
 -78.00  -3.00 118.17
 -78.00  -2.00 120.27
 -78.00  -1.00 121.33
 -78.00   0.00 121.16
 -78.00   1.00 119.71
 -78.00   2.00 117.06
 -78.00   3.00 113.45
 -78.00   4.00 109.17
 -78.00   5.00 104.57
 -78.00   6.00 100.01
 -78.00   7.00  95.78
 -78.00   8.00  92.09
 -78.00   9.00  89.03
 -78.00  10.00  86.59
 -78.00  11.00  84.71
 -78.00  12.00  83.24
 -78.00  13.00  82.04
 -78.00  14.00  81.00
 -78.00  15.00  80.03
 -78.00  16.00  79.11
 -78.00  17.00  78.27
 -78.00  18.00  77.57
 -78.00  19.00  77.08
 -78.00  20.00  76.87
 -78.00  21.00  76.95
 -78.00  22.00  77.32
 -78.00  23.00  77.93
 -78.00  24.00  78.72
 -78.00  25.00  79.61
 -78.00  26.00  80.55
 -78.00  27.00  81.56
 -77.00 -37.00  60.49
 -77.00 -36.00  62.42
 -77.00 -35.00  64.75
 -77.00 -34.00  67.66
 -77.00 -33.00  71.28
 -77.00 -32.00  75.62
 -77.00 -31.00  80.61
 -77.00 -30.00  86.04
 -77.00 -29.00  91.58
 -77.00 -28.00  96.89
 -77.00 -27.00 101.57
 -77.00 -26.00 105.34
 -77.00 -25.00 107.98
 -77.00 -24.00 109.43
 -77.00 -23.00 109.76
 -77.00 -22.00 109.15
 -77.00 -21.00 107.87
 -77.00 -20.00 106.21
 -77.00 -19.00 104.42
 -77.00 -18.00 102.71
 -77.00 -17.00 101.23
 -77.00 -16.00 100.03
 -77.00 -15.00  99.12
 -77.00 -14.00  98.51
 -77.00 -13.00  98.18
 -77.00 -12.00  98.17
 -77.00 -11.00  98.54
 -77.00 -10.00  99.39
 -77.00  -9.00 100.80
 -77.00  -8.00 102.81
 -77.00  -7.00 105.40
 -77.00  -6.00 108.46
 -77.00  -5.00 111.76
 -77.00  -4.00 115.01
 -77.00  -3.00 117.86
 -77.00  -2.00 119.97
 -77.00  -1.00 121.05
 -77.00   0.00 120.90
 -77.00   1.00 119.46
 -77.00   2.00 116.82
 -77.00   3.00 113.19
 -77.00   4.00 108.87
 -77.00   5.00 104.22
 -77.00   6.00  99.59
 -77.00   7.00  95.28
 -77.00   8.00  91.51
 -77.00   9.00  88.38
 -77.00  10.00  85.89
 -77.00  11.00  83.98
 -77.00  12.00  82.51
 -77.00  13.00  81.34
 -77.00  14.00  80.34
 -77.00  15.00  79.43
 -77.00  16.00  78.58
 -77.00  17.00  77.80
 -77.00  18.00  77.16
 -77.00  19.00  76.71
 -77.00  20.00  76.51
 -77.00  21.00  76.59
 -77.00  22.00  76.93
 -77.00  23.00  77.48
 -77.00  24.00  78.19
 -77.00  25.00  79.00
 -77.00  26.00  79.87
 -77.00  27.00  80.80
 -76.00 -37.00  60.67
 -76.00 -36.00  62.54
 -76.00 -35.00  64.83
 -76.00 -34.00  67.71
 -76.00 -33.00  71.30
 -76.00 -32.00  75.62
 -76.00 -31.00  80.60
 -76.00 -30.00  86.01
 -76.00 -29.00  91.56
 -76.00 -28.00  96.86
 -76.00 -27.00 101.55
 -76.00 -26.00 105.32
 -76.00 -25.00 107.96
 -76.00 -24.00 109.38
 -76.00 -23.00 109.67
 -76.00 -22.00 109.01
 -76.00 -21.00 107.65
 -76.00 -20.00 105.89
 -76.00 -19.00 104.01
 -76.00 -18.00 102.22
 -76.00 -17.00 100.66
 -76.00 -16.00  99.40
 -76.00 -15.00  98.45
 -76.00 -14.00  97.82
 -76.00 -13.00  97.48
 -76.00 -12.00  97.47
 -76.00 -11.00  97.84
 -76.00 -10.00  98.67
 -76.00  -9.00 100.03
 -76.00  -8.00 101.98
 -76.00  -7.00 104.50
 -76.00  -6.00 107.47
 -76.00  -5.00 110.70
 -76.00  -4.00 113.89
 -76.00  -3.00 116.70
 -76.00  -2.00 118.80
 -76.00  -1.00 119.88
 -76.00   0.00 119.74
 -76.00   1.00 118.31
 -76.00   2.00 115.66
 -76.00   3.00 111.98
 -76.00   4.00 107.59
 -76.00   5.00 102.83
 -76.00   6.00  98.06
 -76.00   7.00  93.61
 -76.00   8.00  89.69
 -76.00   9.00  86.45
 -76.00  10.00  83.88
 -76.00  11.00  81.94
 -76.00  12.00  80.50
 -76.00  13.00  79.41
 -76.00  14.00  78.53
 -76.00  15.00  77.78
 -76.00  16.00  77.09
 -76.00  17.00  76.47
 -76.00  18.00  75.96
 -76.00  19.00  75.60
 -76.00  20.00  75.44
 -76.00  21.00  75.49
 -76.00  22.00  75.75
 -76.00  23.00  76.18
 -76.00  24.00  76.73
 -76.00  25.00  77.36
 -76.00  26.00  78.04
 -76.00  27.00  78.81
 -75.00 -37.00  60.87
 -75.00 -36.00  62.69
 -75.00 -35.00  64.93
 -75.00 -34.00  67.76
 -75.00 -33.00  71.30
 -75.00 -32.00  75.58
 -75.00 -31.00  80.53
 -75.00 -30.00  85.92
 -75.00 -29.00  91.46
 -75.00 -28.00  96.76
 -75.00 -27.00 101.46
 -75.00 -26.00 105.24
 -75.00 -25.00 107.88
 -75.00 -24.00 109.30
 -75.00 -23.00 109.57
 -75.00 -22.00 108.85
 -75.00 -21.00 107.42
 -75.00 -20.00 105.58
 -75.00 -19.00 103.60
 -75.00 -18.00 101.71
 -75.00 -17.00 100.07
 -75.00 -16.00  98.74
 -75.00 -15.00  97.76
 -75.00 -14.00  97.10
 -75.00 -13.00  96.75
 -75.00 -12.00  96.73
 -75.00 -11.00  97.09
 -75.00 -10.00  97.88
 -75.00  -9.00  99.20
 -75.00  -8.00 101.08
 -75.00  -7.00 103.51
 -75.00  -6.00 106.40
 -75.00  -5.00 109.54
 -75.00  -4.00 112.67
 -75.00  -3.00 115.44
 -75.00  -2.00 117.53
 -75.00  -1.00 118.62
 -75.00   0.00 118.50
 -75.00   1.00 117.08
 -75.00   2.00 114.43
 -75.00   3.00 110.72
 -75.00   4.00 106.25
 -75.00   5.00 101.39
 -75.00   6.00  96.49
 -75.00   7.00  91.88
 -75.00   8.00  87.82
 -75.00   9.00  84.44
 -75.00  10.00  81.79
 -75.00  11.00  79.82
 -75.00  12.00  78.40
 -75.00  13.00  77.38
 -75.00  14.00  76.64
 -75.00  15.00  76.04
 -75.00  16.00  75.52
 -75.00  17.00  75.07
 -75.00  18.00  74.69
 -75.00  19.00  74.42
 -75.00  20.00  74.30
 -75.00  21.00  74.33
 -75.00  22.00  74.50
 -75.00  23.00  74.80
 -75.00  24.00  75.18
 -75.00  25.00  75.61
 -75.00  26.00  76.10
 -75.00  27.00  76.70
 -74.00 -37.00  61.11
 -74.00 -36.00  62.86
 -74.00 -35.00  65.03
 -74.00 -34.00  67.79
 -74.00 -33.00  71.26
 -74.00 -32.00  75.48
 -74.00 -31.00  80.37
 -74.00 -30.00  85.73
 -74.00 -29.00  91.25
 -74.00 -28.00  96.56
 -74.00 -27.00 101.28
 -74.00 -26.00 105.09
 -74.00 -25.00 107.75
 -74.00 -24.00 109.19
 -74.00 -23.00 109.45
 -74.00 -22.00 108.70
 -74.00 -21.00 107.21
 -74.00 -20.00 105.28
 -74.00 -19.00 103.21
 -74.00 -18.00 101.22
 -74.00 -17.00  99.48
 -74.00 -16.00  98.08
 -74.00 -15.00  97.04
 -74.00 -14.00  96.35
 -74.00 -13.00  95.99
 -74.00 -12.00  95.95
 -74.00 -11.00  96.28
 -74.00 -10.00  97.04
 -74.00  -9.00  98.30
 -74.00  -8.00 100.10
 -74.00  -7.00 102.43
 -74.00  -6.00 105.22
 -74.00  -5.00 108.28
 -74.00  -4.00 111.34
 -74.00  -3.00 114.08
 -74.00  -2.00 116.15
 -74.00  -1.00 117.26
 -74.00   0.00 117.18
 -74.00   1.00 115.80
 -74.00   2.00 113.16
 -74.00   3.00 109.43
 -74.00   4.00 104.91
 -74.00   5.00  99.94
 -74.00   6.00  94.90
 -74.00   7.00  90.14
 -74.00   8.00  85.92
 -74.00   9.00  82.40
 -74.00  10.00  79.65
 -74.00  11.00  77.63
 -74.00  12.00  76.22
 -74.00  13.00  75.29
 -74.00  14.00  74.66
 -74.00  15.00  74.22
 -74.00  16.00  73.88
 -74.00  17.00  73.60
 -74.00  18.00  73.36
 -74.00  19.00  73.19
 -74.00  20.00  73.10
 -74.00  21.00  73.10
 -74.00  22.00  73.19
 -74.00  23.00  73.35
 -74.00  24.00  73.55
 -74.00  25.00  73.78
 -74.00  26.00  74.07
 -74.00  27.00  74.49
 -73.00 -37.00  61.36
 -73.00 -36.00  63.03
 -73.00 -35.00  65.12
 -73.00 -34.00  67.78
 -73.00 -33.00  71.16
 -73.00 -32.00  75.29
 -73.00 -31.00  80.11
 -73.00 -30.00  85.41
 -73.00 -29.00  90.91
 -73.00 -28.00  96.22
 -73.00 -27.00 100.98
 -73.00 -26.00 104.83
 -73.00 -25.00 107.56
 -73.00 -24.00 109.04
 -73.00 -23.00 109.32
 -73.00 -22.00 108.56
 -73.00 -21.00 107.03
 -73.00 -20.00 105.03
 -73.00 -19.00 102.85
 -73.00 -18.00 100.76
 -73.00 -17.00  98.92
 -73.00 -16.00  97.43
 -73.00 -15.00  96.33
 -73.00 -14.00  95.59
 -73.00 -13.00  95.19
 -73.00 -12.00  95.14
 -73.00 -11.00  95.43
 -73.00 -10.00  96.14
 -73.00  -9.00  97.33
 -73.00  -8.00  99.03
 -73.00  -7.00 101.26
 -73.00  -6.00 103.94
 -73.00  -5.00 106.90
 -73.00  -4.00 109.89
 -73.00  -3.00 112.59
 -73.00  -2.00 114.67
 -73.00  -1.00 115.82
 -73.00   0.00 115.79
 -73.00   1.00 114.47
 -73.00   2.00 111.87
 -73.00   3.00 108.15
 -73.00   4.00 103.59
 -73.00   5.00  98.53
 -73.00   6.00  93.36
 -73.00   7.00  88.44
 -73.00   8.00  84.05
 -73.00   9.00  80.37
 -73.00  10.00  77.50
 -73.00  11.00  75.42
 -73.00  12.00  74.01
 -73.00  13.00  73.13
 -73.00  14.00  72.62
 -73.00  15.00  72.34
 -73.00  16.00  72.18
 -73.00  17.00  72.06
 -73.00  18.00  71.97
 -73.00  19.00  71.90
 -73.00  20.00  71.85
 -73.00  21.00  71.83
 -73.00  22.00  71.84
 -73.00  23.00  71.85
 -73.00  24.00  71.87
 -73.00  25.00  71.90
 -73.00  26.00  71.98
 -73.00  27.00  72.20
 -72.00 -37.00  61.62
 -72.00 -36.00  63.21
 -72.00 -35.00  65.18
 -72.00 -34.00  67.73
 -72.00 -33.00  70.98
 -72.00 -32.00  74.99
 -72.00 -31.00  79.71
 -72.00 -30.00  84.94
 -72.00 -29.00  90.40
 -72.00 -28.00  95.73
 -72.00 -27.00 100.53
 -72.00 -26.00 104.47
 -72.00 -25.00 107.28
 -72.00 -24.00 108.84
 -72.00 -23.00 109.18
 -72.00 -22.00 108.45
 -72.00 -21.00 106.90
 -72.00 -20.00 104.84
 -72.00 -19.00 102.57
 -72.00 -18.00 100.36
 -72.00 -17.00  98.41
 -72.00 -16.00  96.82
 -72.00 -15.00  95.63
 -72.00 -14.00  94.83
 -72.00 -13.00  94.39
 -72.00 -12.00  94.29
 -72.00 -11.00  94.55
 -72.00 -10.00  95.19
 -72.00  -9.00  96.29
 -72.00  -8.00  97.89
 -72.00  -7.00 100.00
 -72.00  -6.00 102.55
 -72.00  -5.00 105.40
 -72.00  -4.00 108.32
 -72.00  -3.00 110.99
 -72.00  -2.00 113.08
 -72.00  -1.00 114.28
 -72.00   0.00 114.34
 -72.00   1.00 113.11
 -72.00   2.00 110.59
 -72.00   3.00 106.92
 -72.00   4.00 102.34
 -72.00   5.00  97.22
 -72.00   6.00  91.92
 -72.00   7.00  86.83
 -72.00   8.00  82.26
 -72.00   9.00  78.41
 -72.00  10.00  75.39
 -72.00  11.00  73.21
 -72.00  12.00  71.77
 -72.00  13.00  70.93
 -72.00  14.00  70.53
 -72.00  15.00  70.40
 -72.00  16.00  70.41
 -72.00  17.00  70.47
 -72.00  18.00  70.53
 -72.00  19.00  70.56
 -72.00  20.00  70.57
 -72.00  21.00  70.53
 -72.00  22.00  70.46
 -72.00  23.00  70.34
 -72.00  24.00  70.18
 -72.00  25.00  70.01
 -72.00  26.00  69.87
 -72.00  27.00  69.89
 -71.00 -37.00  61.90
 -71.00 -36.00  63.37
 -71.00 -35.00  65.22
 -71.00 -34.00  67.63
 -71.00 -33.00  70.72
 -71.00 -32.00  74.58
 -71.00 -31.00  79.16
 -71.00 -30.00  84.30
 -71.00 -29.00  89.72
 -71.00 -28.00  95.05
 -71.00 -27.00  99.92
 -71.00 -26.00 103.96
 -71.00 -25.00 106.90
 -71.00 -24.00 108.60
 -71.00 -23.00 109.04
 -71.00 -22.00 108.37
 -71.00 -21.00 106.83
 -71.00 -20.00 104.73
 -71.00 -19.00 102.37
 -71.00 -18.00 100.05
 -71.00 -17.00  97.97
 -71.00 -16.00  96.25
 -71.00 -15.00  94.96
 -71.00 -14.00  94.08
 -71.00 -13.00  93.58
 -71.00 -12.00  93.43
 -71.00 -11.00  93.63
 -71.00 -10.00  94.20
 -71.00  -9.00  95.20
 -71.00  -8.00  96.68
 -71.00  -7.00  98.65
 -71.00  -6.00 101.07
 -71.00  -5.00 103.80
 -71.00  -4.00 106.63
 -71.00  -3.00 109.26
 -71.00  -2.00 111.38
 -71.00  -1.00 112.66
 -71.00   0.00 112.83
 -71.00   1.00 111.73
 -71.00   2.00 109.33
 -71.00   3.00 105.74
 -71.00   4.00 101.20
 -71.00   5.00  96.03
 -71.00   6.00  90.63
 -71.00   7.00  85.37
 -71.00   8.00  80.60
 -71.00   9.00  76.54
 -71.00  10.00  73.35
 -71.00  11.00  71.04
 -71.00  12.00  69.53
 -71.00  13.00  68.71
 -71.00  14.00  68.38
 -71.00  15.00  68.39
 -71.00  16.00  68.57
 -71.00  17.00  68.81
 -71.00  18.00  69.03
 -71.00  19.00  69.19
 -71.00  20.00  69.26
 -71.00  21.00  69.23
 -71.00  22.00  69.09
 -71.00  23.00  68.85
 -71.00  24.00  68.52
 -71.00  25.00  68.14
 -71.00  26.00  67.79
 -71.00  27.00  67.58
 -70.00 -37.00  62.18
 -70.00 -36.00  63.54
 -70.00 -35.00  65.25
 -70.00 -34.00  67.49
 -70.00 -33.00  70.40
 -70.00 -32.00  74.07
 -70.00 -31.00  78.48
 -70.00 -30.00  83.50
 -70.00 -29.00  88.85
 -70.00 -28.00  94.19
 -70.00 -27.00  99.14
 -70.00 -26.00 103.31
 -70.00 -25.00 106.42
 -70.00 -24.00 108.29
 -70.00 -23.00 108.89
 -70.00 -22.00 108.32
 -70.00 -21.00 106.83
 -70.00 -20.00 104.71
 -70.00 -19.00 102.28
 -70.00 -18.00  99.84
 -70.00 -17.00  97.62
 -70.00 -16.00  95.77
 -70.00 -15.00  94.35
 -70.00 -14.00  93.36
 -70.00 -13.00  92.78
 -70.00 -12.00  92.56
 -70.00 -11.00  92.69
 -70.00 -10.00  93.18
 -70.00  -9.00  94.07
 -70.00  -8.00  95.42
 -70.00  -7.00  97.24
 -70.00  -6.00  99.50
 -70.00  -5.00 102.10
 -70.00  -4.00 104.83
 -70.00  -3.00 107.43
 -70.00  -2.00 109.58
 -70.00  -1.00 110.95
 -70.00   0.00 111.26
 -70.00   1.00 110.33
 -70.00   2.00 108.10
 -70.00   3.00 104.64
 -70.00   4.00 100.16
 -70.00   5.00  94.99
 -70.00   6.00  89.50
 -70.00   7.00  84.09
 -70.00   8.00  79.11
 -70.00   9.00  74.83
 -70.00  10.00  71.42
 -70.00  11.00  68.94
 -70.00  12.00  67.33
 -70.00  13.00  66.47
 -70.00  14.00  66.20
 -70.00  15.00  66.31
 -70.00  16.00  66.66
 -70.00  17.00  67.08
 -70.00  18.00  67.47
 -70.00  19.00  67.77
 -70.00  20.00  67.92
 -70.00  21.00  67.92
 -70.00  22.00  67.74
 -70.00  23.00  67.39
 -70.00  24.00  66.91
 -70.00  25.00  66.33
 -70.00  26.00  65.76
 -70.00  27.00  65.33
 -69.00 -37.00  62.49
 -69.00 -36.00  63.73
 -69.00 -35.00  65.29
 -69.00 -34.00  67.33
 -69.00 -33.00  70.03
 -69.00 -32.00  73.48
 -69.00 -31.00  77.70
 -69.00 -30.00  82.56
 -69.00 -29.00  87.82
 -69.00 -28.00  93.16
 -69.00 -27.00  98.18
 -69.00 -26.00 102.51
 -69.00 -25.00 105.82
 -69.00 -24.00 107.91
 -69.00 -23.00 108.70
 -69.00 -22.00 108.30
 -69.00 -21.00 106.89
 -69.00 -20.00 104.78
 -69.00 -19.00 102.30
 -69.00 -18.00  99.74
 -69.00 -17.00  97.38
 -69.00 -16.00  95.37
 -69.00 -15.00  93.80
 -69.00 -14.00  92.69
 -69.00 -13.00  92.00
 -69.00 -12.00  91.70
 -69.00 -11.00  91.74
 -69.00 -10.00  92.14
 -69.00  -9.00  92.92
 -69.00  -8.00  94.13
 -69.00  -7.00  95.79
 -69.00  -6.00  97.88
 -69.00  -5.00 100.33
 -69.00  -4.00 102.96
 -69.00  -3.00 105.51
 -69.00  -2.00 107.68
 -69.00  -1.00 109.16
 -69.00   0.00 109.63
 -69.00   1.00 108.91
 -69.00   2.00 106.88
 -69.00   3.00 103.59
 -69.00   4.00  99.24
 -69.00   5.00  94.10
 -69.00   6.00  88.56
 -69.00   7.00  83.01
 -69.00   8.00  77.82
 -69.00   9.00  73.30
 -69.00  10.00  69.64
 -69.00  11.00  66.94
 -69.00  12.00  65.18
 -69.00  13.00  64.25
 -69.00  14.00  63.98
 -69.00  15.00  64.18
 -69.00  16.00  64.67
 -69.00  17.00  65.26
 -69.00  18.00  65.84
 -69.00  19.00  66.29
 -69.00  20.00  66.56
 -69.00  21.00  66.61
 -69.00  22.00  66.42
 -69.00  23.00  66.00
 -69.00  24.00  65.38
 -69.00  25.00  64.62
 -69.00  26.00  63.84
 -69.00  27.00  63.17
 -68.00 -37.00  62.83
 -68.00 -36.00  63.95
 -68.00 -35.00  65.35
 -68.00 -34.00  67.19
 -68.00 -33.00  69.65
 -68.00 -32.00  72.86
 -68.00 -31.00  76.84
 -68.00 -30.00  81.51
 -68.00 -29.00  86.66
 -68.00 -28.00  91.98
 -68.00 -27.00  97.07
 -68.00 -26.00 101.56
 -68.00 -25.00 105.09
 -68.00 -24.00 107.43
 -68.00 -23.00 108.48
 -68.00 -22.00 108.27
 -68.00 -21.00 107.00
 -68.00 -20.00 104.94
 -68.00 -19.00 102.42
 -68.00 -18.00  99.77
 -68.00 -17.00  97.25
 -68.00 -16.00  95.07
 -68.00 -15.00  93.34
 -68.00 -14.00  92.08
 -68.00 -13.00  91.27
 -68.00 -12.00  90.86
 -68.00 -11.00  90.81
 -68.00 -10.00  91.10
 -68.00  -9.00  91.76
 -68.00  -8.00  92.82
 -68.00  -7.00  94.32
 -68.00  -6.00  96.24
 -68.00  -5.00  98.53
 -68.00  -4.00 101.04
 -68.00  -3.00 103.53
 -68.00  -2.00 105.72
 -68.00  -1.00 107.29
 -68.00   0.00 107.94
 -68.00   1.00 107.43
 -68.00   2.00 105.65
 -68.00   3.00 102.59
 -68.00   4.00  98.39
 -68.00   5.00  93.34
 -68.00   6.00  87.79
 -68.00   7.00  82.12
 -68.00   8.00  76.74
 -68.00   9.00  71.97
 -68.00  10.00  68.04
 -68.00  11.00  65.09
 -68.00  12.00  63.12
 -68.00  13.00  62.06
 -68.00  14.00  61.75
 -68.00  15.00  62.00
 -68.00  16.00  62.60
 -68.00  17.00  63.36
 -68.00  18.00  64.12
 -68.00  19.00  64.76
 -68.00  20.00  65.17
 -68.00  21.00  65.31
 -68.00  22.00  65.14
 -68.00  23.00  64.68
 -68.00  24.00  63.95
 -68.00  25.00  63.03
 -68.00  26.00  62.04
 -68.00  27.00  61.14
 -67.00 -37.00  63.21
 -67.00 -36.00  64.22
 -67.00 -35.00  65.46
 -67.00 -34.00  67.09
 -67.00 -33.00  69.30
 -67.00 -32.00  72.24
 -67.00 -31.00  75.96
 -67.00 -30.00  80.41
 -67.00 -29.00  85.41
 -67.00 -28.00  90.67
 -67.00 -27.00  95.82
 -67.00 -26.00 100.47
 -67.00 -25.00 104.23
 -67.00 -24.00 106.85
 -67.00 -23.00 108.18
 -67.00 -22.00 108.23
 -67.00 -21.00 107.13
 -67.00 -20.00 105.16
 -67.00 -19.00 102.64
 -67.00 -18.00  99.91
 -67.00 -17.00  97.25
 -67.00 -16.00  94.90
 -67.00 -15.00  92.98
 -67.00 -14.00  91.55
 -67.00 -13.00  90.59
 -67.00 -12.00  90.06
 -67.00 -11.00  89.90
 -67.00 -10.00  90.08
 -67.00  -9.00  90.62
 -67.00  -8.00  91.54
 -67.00  -7.00  92.86
 -67.00  -6.00  94.61
 -67.00  -5.00  96.73
 -67.00  -4.00  99.09
 -67.00  -3.00 101.51
 -67.00  -2.00 103.70
 -67.00  -1.00 105.36
 -67.00   0.00 106.18
 -67.00   1.00 105.91
 -67.00   2.00 104.39
 -67.00   3.00 101.59
 -67.00   4.00  97.61
 -67.00   5.00  92.69
 -67.00   6.00  87.16
 -67.00   7.00  81.42
 -67.00   8.00  75.87
 -67.00   9.00  70.84
 -67.00  10.00  66.63
 -67.00  11.00  63.39
 -67.00  12.00  61.17
 -67.00  13.00  59.93
 -67.00  14.00  59.53
 -67.00  15.00  59.78
 -67.00  16.00  60.47
 -67.00  17.00  61.38
 -67.00  18.00  62.32
 -67.00  19.00  63.15
 -67.00  20.00  63.73
 -67.00  21.00  64.00
 -67.00  22.00  63.89
 -67.00  23.00  63.42
 -67.00  24.00  62.62
 -67.00  25.00  61.57
 -67.00  26.00  60.39
 -67.00  27.00  59.26
 -66.00 -37.00  63.64
 -66.00 -36.00  64.54
 -66.00 -35.00  65.62
 -66.00 -34.00  67.05
 -66.00 -33.00  69.01
 -66.00 -32.00  71.66
 -66.00 -31.00  75.09
 -66.00 -30.00  79.28
 -66.00 -29.00  84.10
 -66.00 -28.00  89.28
 -66.00 -27.00  94.46
 -66.00 -26.00  99.24
 -66.00 -25.00 103.24
 -66.00 -24.00 106.16
 -66.00 -23.00 107.80
 -66.00 -22.00 108.14
 -66.00 -21.00 107.27
 -66.00 -20.00 105.43
 -66.00 -19.00 102.95
 -66.00 -18.00 100.16
 -66.00 -17.00  97.37
 -66.00 -16.00  94.84
 -66.00 -15.00  92.73
 -66.00 -14.00  91.11
 -66.00 -13.00  89.99
 -66.00 -12.00  89.31
 -66.00 -11.00  89.03
 -66.00 -10.00  89.10
 -66.00  -9.00  89.51
 -66.00  -8.00  90.27
 -66.00  -7.00  91.43
 -66.00  -6.00  93.00
 -66.00  -5.00  94.94
 -66.00  -4.00  97.16
 -66.00  -3.00  99.49
 -66.00  -2.00 101.66
 -66.00  -1.00 103.40
 -66.00   0.00 104.38
 -66.00   1.00 104.34
 -66.00   2.00 103.10
 -66.00   3.00 100.58
 -66.00   4.00  96.85
 -66.00   5.00  92.11
 -66.00   6.00  86.67
 -66.00   7.00  80.90
 -66.00   8.00  75.20
 -66.00   9.00  69.94
 -66.00  10.00  65.44
 -66.00  11.00  61.88
 -66.00  12.00  59.38
 -66.00  13.00  57.90
 -66.00  14.00  57.35
 -66.00  15.00  57.55
 -66.00  16.00  58.28
 -66.00  17.00  59.31
 -66.00  18.00  60.44
 -66.00  19.00  61.46
 -66.00  20.00  62.24
 -66.00  21.00  62.66
 -66.00  22.00  62.67
 -66.00  23.00  62.23
 -66.00  24.00  61.40
 -66.00  25.00  60.24
 -66.00  26.00  58.90
 -66.00  27.00  57.56
 -65.00 -37.00  64.12
 -65.00 -36.00  64.92
 -65.00 -35.00  65.85
 -65.00 -34.00  67.08
 -65.00 -33.00  68.78
 -65.00 -32.00  71.13
 -65.00 -31.00  74.25
 -65.00 -30.00  78.16
 -65.00 -29.00  82.76
 -65.00 -28.00  87.82
 -65.00 -27.00  92.99
 -65.00 -26.00  97.90
 -65.00 -25.00 102.13
 -65.00 -24.00 105.34
 -65.00 -23.00 107.32
 -65.00 -22.00 107.98
 -65.00 -21.00 107.38
 -65.00 -20.00 105.73
 -65.00 -19.00 103.32
 -65.00 -18.00 100.51
 -65.00 -17.00  97.61
 -65.00 -16.00  94.91
 -65.00 -15.00  92.60
 -65.00 -14.00  90.78
 -65.00 -13.00  89.47
 -65.00 -12.00  88.63
 -65.00 -11.00  88.21
 -65.00 -10.00  88.15
 -65.00  -9.00  88.43
 -65.00  -8.00  89.05
 -65.00  -7.00  90.05
 -65.00  -6.00  91.44
 -65.00  -5.00  93.20
 -65.00  -4.00  95.26
 -65.00  -3.00  97.48
 -65.00  -2.00  99.62
 -65.00  -1.00 101.40
 -65.00   0.00 102.53
 -65.00   1.00 102.72
 -65.00   2.00 101.76
 -65.00   3.00  99.55
 -65.00   4.00  96.11
 -65.00   5.00  91.59
 -65.00   6.00  86.28
 -65.00   7.00  80.53
 -65.00   8.00  74.73
 -65.00   9.00  69.26
 -65.00  10.00  64.47
 -65.00  11.00  60.59
 -65.00  12.00  57.77
 -65.00  13.00  56.01
 -65.00  14.00  55.26
 -65.00  15.00  55.34
 -65.00  16.00  56.06
 -65.00  17.00  57.18
 -65.00  18.00  58.46
 -65.00  19.00  59.69
 -65.00  20.00  60.68
 -65.00  21.00  61.29
 -65.00  22.00  61.45
 -65.00  23.00  61.10
 -65.00  24.00  60.27
 -65.00  25.00  59.06
 -65.00  26.00  57.58
 -65.00  27.00  56.04
 -64.00 -37.00  64.63
 -64.00 -36.00  65.35
 -64.00 -35.00  66.15
 -64.00 -34.00  67.18
 -64.00 -33.00  68.63
 -64.00 -32.00  70.68
 -64.00 -31.00  73.47
 -64.00 -30.00  77.07
 -64.00 -29.00  81.41
 -64.00 -28.00  86.30
 -64.00 -27.00  91.44
 -64.00 -26.00  96.43
 -64.00 -25.00 100.87
 -64.00 -24.00 104.39
 -64.00 -23.00 106.72
 -64.00 -22.00 107.74
 -64.00 -21.00 107.45
 -64.00 -20.00 106.03
 -64.00 -19.00 103.75
 -64.00 -18.00 100.95
 -64.00 -17.00  97.97
 -64.00 -16.00  95.11
 -64.00 -15.00  92.60
 -64.00 -14.00  90.57
 -64.00 -13.00  89.06
 -64.00 -12.00  88.04
 -64.00 -11.00  87.46
 -64.00 -10.00  87.26
 -64.00  -9.00  87.40
 -64.00  -8.00  87.88
 -64.00  -7.00  88.72
 -64.00  -6.00  89.93
 -64.00  -5.00  91.51
 -64.00  -4.00  93.41
 -64.00  -3.00  95.50
 -64.00  -2.00  97.59
 -64.00  -1.00  99.40
 -64.00   0.00 100.65
 -64.00   1.00 101.06
 -64.00   2.00 100.38
 -64.00   3.00  98.49
 -64.00   4.00  95.37
 -64.00   5.00  91.12
 -64.00   6.00  85.99
 -64.00   7.00  80.31
 -64.00   8.00  74.46
 -64.00   9.00  68.82
 -64.00  10.00  63.76
 -64.00  11.00  59.55
 -64.00  12.00  56.38
 -64.00  13.00  54.30
 -64.00  14.00  53.28
 -64.00  15.00  53.19
 -64.00  16.00  53.84
 -64.00  17.00  55.00
 -64.00  18.00  56.41
 -64.00  19.00  57.82
 -64.00  20.00  59.04
 -64.00  21.00  59.87
 -64.00  22.00  60.21
 -64.00  23.00  60.00
 -64.00  24.00  59.24
 -64.00  25.00  58.00
 -64.00  26.00  56.43
 -64.00  27.00  54.71
 -63.00 -37.00  65.17
 -63.00 -36.00  65.82
 -63.00 -35.00  66.50
 -63.00 -34.00  67.36
 -63.00 -33.00  68.56
 -63.00 -32.00  70.30
 -63.00 -31.00  72.76
 -63.00 -30.00  76.01
 -63.00 -29.00  80.06
 -63.00 -28.00  84.74
 -63.00 -27.00  89.79
 -63.00 -26.00  94.83
 -63.00 -25.00  99.46
 -63.00 -24.00 103.28
 -63.00 -23.00 105.98
 -63.00 -22.00 107.38
 -63.00 -21.00 107.46
 -63.00 -20.00 106.32
 -63.00 -19.00 104.22
 -63.00 -18.00 101.48
 -63.00 -17.00  98.45
 -63.00 -16.00  95.46
 -63.00 -15.00  92.76
 -63.00 -14.00  90.51
 -63.00 -13.00  88.77
 -63.00 -12.00  87.55
 -63.00 -11.00  86.79
 -63.00 -10.00  86.44
 -63.00  -9.00  86.44
 -63.00  -8.00  86.77
 -63.00  -7.00  87.44
 -63.00  -6.00  88.47
 -63.00  -5.00  89.87
 -63.00  -4.00  91.60
 -63.00  -3.00  93.56
 -63.00  -2.00  95.57
 -63.00  -1.00  97.40
 -63.00   0.00  98.76
 -63.00   1.00  99.37
 -63.00   2.00  98.97
 -63.00   3.00  97.41
 -63.00   4.00  94.63
 -63.00   5.00  90.69
 -63.00   6.00  85.80
 -63.00   7.00  80.25
 -63.00   8.00  74.40
 -63.00   9.00  68.64
 -63.00  10.00  63.34
 -63.00  11.00  58.80
 -63.00  12.00  55.25
 -63.00  13.00  52.81
 -63.00  14.00  51.46
 -63.00  15.00  51.14
 -63.00  16.00  51.65
 -63.00  17.00  52.79
 -63.00  18.00  54.28
 -63.00  19.00  55.86
 -63.00  20.00  57.30
 -63.00  21.00  58.38
 -63.00  22.00  58.94
 -63.00  23.00  58.91
 -63.00  24.00  58.27
 -63.00  25.00  57.07
 -63.00  26.00  55.44
 -63.00  27.00  53.59
 -62.00 -37.00  65.74
 -62.00 -36.00  66.32
 -62.00 -35.00  66.91
 -62.00 -34.00  67.61
 -62.00 -33.00  68.58
 -62.00 -32.00  70.01
 -62.00 -31.00  72.11
 -62.00 -30.00  75.00
 -62.00 -29.00  78.71
 -62.00 -28.00  83.14
 -62.00 -27.00  88.04
 -62.00 -26.00  93.09
 -62.00 -25.00  97.87
 -62.00 -24.00 101.98
 -62.00 -23.00 105.06
 -62.00 -22.00 106.89
 -62.00 -21.00 107.37
 -62.00 -20.00 106.57
 -62.00 -19.00 104.71
 -62.00 -18.00 102.09
 -62.00 -17.00  99.07
 -62.00 -16.00  95.97
 -62.00 -15.00  93.09
 -62.00 -14.00  90.61
 -62.00 -13.00  88.64
 -62.00 -12.00  87.20
 -62.00 -11.00  86.24
 -62.00 -10.00  85.71
 -62.00  -9.00  85.54
 -62.00  -8.00  85.71
 -62.00  -7.00  86.22
 -62.00  -6.00  87.08
 -62.00  -5.00  88.30
 -62.00  -4.00  89.85
 -62.00  -3.00  91.67
 -62.00  -2.00  93.59
 -62.00  -1.00  95.41
 -62.00   0.00  96.86
 -62.00   1.00  97.65
 -62.00   2.00  97.53
 -62.00   3.00  96.32
 -62.00   4.00  93.90
 -62.00   5.00  90.32
 -62.00   6.00  85.71
 -62.00   7.00  80.35
 -62.00   8.00  74.56
 -62.00   9.00  68.73
 -62.00  10.00  63.22
 -62.00  11.00  58.38
 -62.00  12.00  54.45
 -62.00  13.00  51.59
 -62.00  14.00  49.87
 -62.00  15.00  49.23
 -62.00  16.00  49.53
 -62.00  17.00  50.57
 -62.00  18.00  52.08
 -62.00  19.00  53.80
 -62.00  20.00  55.45
 -62.00  21.00  56.78
 -62.00  22.00  57.61
 -62.00  23.00  57.82
 -62.00  24.00  57.35
 -62.00  25.00  56.24
 -62.00  26.00  54.62
 -62.00  27.00  52.69
 -61.00 -37.00  66.31
 -61.00 -36.00  66.85
 -61.00 -35.00  67.36
 -61.00 -34.00  67.92
 -61.00 -33.00  68.68
 -61.00 -32.00  69.82
 -61.00 -31.00  71.56
 -61.00 -30.00  74.05
 -61.00 -29.00  77.38
 -61.00 -28.00  81.49
 -61.00 -27.00  86.20
 -61.00 -26.00  91.20
 -61.00 -25.00  96.09
 -61.00 -24.00 100.46
 -61.00 -23.00 103.93
 -61.00 -22.00 106.20
 -61.00 -21.00 107.14
 -61.00 -20.00 106.76
 -61.00 -19.00 105.21
 -61.00 -18.00 102.78
 -61.00 -17.00  99.80
 -61.00 -16.00  96.64
 -61.00 -15.00  93.60
 -61.00 -14.00  90.90
 -61.00 -13.00  88.68
 -61.00 -12.00  87.00
 -61.00 -11.00  85.81
 -61.00 -10.00  85.08
 -61.00  -9.00  84.74
 -61.00  -8.00  84.74
 -61.00  -7.00  85.08
 -61.00  -6.00  85.75
 -61.00  -5.00  86.78
 -61.00  -4.00  88.16
 -61.00  -3.00  89.82
 -61.00  -2.00  91.64
 -61.00  -1.00  93.43
 -61.00   0.00  94.95
 -61.00   1.00  95.92
 -61.00   2.00  96.07
 -61.00   3.00  95.20
 -61.00   4.00  93.17
 -61.00   5.00  89.98
 -61.00   6.00  85.72
 -61.00   7.00  80.61
 -61.00   8.00  74.96
 -61.00   9.00  69.11
 -61.00  10.00  63.45
 -61.00  11.00  58.32
 -61.00  12.00  54.01
 -61.00  13.00  50.72
 -61.00  14.00  48.56
 -61.00  15.00  47.53
 -61.00  16.00  47.53
 -61.00  17.00  48.39
 -61.00  18.00  49.85
 -61.00  19.00  51.64
 -61.00  20.00  53.47
 -61.00  21.00  55.06
 -61.00  22.00  56.19
 -61.00  23.00  56.68
 -61.00  24.00  56.45
 -61.00  25.00  55.51
 -61.00  26.00  53.96
 -61.00  27.00  51.99
 -60.00 -37.00  66.88
 -60.00 -36.00  67.39
 -60.00 -35.00  67.85
 -60.00 -34.00  68.30
 -60.00 -33.00  68.86
 -60.00 -32.00  69.73
 -60.00 -31.00  71.11
 -60.00 -30.00  73.19
 -60.00 -29.00  76.10
 -60.00 -28.00  79.83
 -60.00 -27.00  84.28
 -60.00 -26.00  89.15
 -60.00 -25.00  94.10
 -60.00 -24.00  98.70
 -60.00 -23.00 102.54
 -60.00 -22.00 105.29
 -60.00 -21.00 106.73
 -60.00 -20.00 106.82
 -60.00 -19.00 105.66
 -60.00 -18.00 103.50
 -60.00 -17.00 100.65
 -60.00 -16.00  97.48
 -60.00 -15.00  94.30
 -60.00 -14.00  91.40
 -60.00 -13.00  88.93
 -60.00 -12.00  86.98
 -60.00 -11.00  85.55
 -60.00 -10.00  84.59
 -60.00  -9.00  84.05
 -60.00  -8.00  83.86
 -60.00  -7.00  84.01
 -60.00  -6.00  84.50
 -60.00  -5.00  85.34
 -60.00  -4.00  86.53
 -60.00  -3.00  88.02
 -60.00  -2.00  89.72
 -60.00  -1.00  91.47
 -60.00   0.00  93.04
 -60.00   1.00  94.16
 -60.00   2.00  94.57
 -60.00   3.00  94.05
 -60.00   4.00  92.44
 -60.00   5.00  89.67
 -60.00   6.00  85.81
 -60.00   7.00  81.02
 -60.00   8.00  75.57
 -60.00   9.00  69.79
 -60.00  10.00  64.03
 -60.00  11.00  58.65
 -60.00  12.00  53.98
 -60.00  13.00  50.24
 -60.00  14.00  47.60
 -60.00  15.00  46.11
 -60.00  16.00  45.72
 -60.00  17.00  46.29
 -60.00  18.00  47.61
 -60.00  19.00  49.40
 -60.00  20.00  51.36
 -60.00  21.00  53.19
 -60.00  22.00  54.62
 -60.00  23.00  55.44
 -60.00  24.00  55.52
 -60.00  25.00  54.82
 -60.00  26.00  53.42
 -60.00  27.00  51.48
 -59.00 -37.00  67.44
 -59.00 -36.00  67.92
 -59.00 -35.00  68.35
 -59.00 -34.00  68.72
 -59.00 -33.00  69.13
 -59.00 -32.00  69.75
 -59.00 -31.00  70.78
 -59.00 -30.00  72.44
 -59.00 -29.00  74.89
 -59.00 -28.00  78.20
 -59.00 -27.00  82.30
 -59.00 -26.00  86.99
 -59.00 -25.00  91.92
 -59.00 -24.00  96.69
 -59.00 -23.00 100.88
 -59.00 -22.00 104.10
 -59.00 -21.00 106.08
 -59.00 -20.00 106.71
 -59.00 -19.00 106.03
 -59.00 -18.00 104.21
 -59.00 -17.00 101.57
 -59.00 -16.00  98.45
 -59.00 -15.00  95.20
 -59.00 -14.00  92.11
 -59.00 -13.00  89.40
 -59.00 -12.00  87.18
 -59.00 -11.00  85.48
 -59.00 -10.00  84.27
 -59.00  -9.00  83.50
 -59.00  -8.00  83.10
 -59.00  -7.00  83.05
 -59.00  -6.00  83.34
 -59.00  -5.00  83.98
 -59.00  -4.00  84.97
 -59.00  -3.00  86.28
 -59.00  -2.00  87.85
 -59.00  -1.00  89.53
 -59.00   0.00  91.12
 -59.00   1.00  92.38
 -59.00   2.00  93.04
 -59.00   3.00  92.86
 -59.00   4.00  91.67
 -59.00   5.00  89.36
 -59.00   6.00  85.95
 -59.00   7.00  81.54
 -59.00   8.00  76.37
 -59.00   9.00  70.73
 -59.00  10.00  64.95
 -59.00  11.00  59.39
 -59.00  12.00  54.38
 -59.00  13.00  50.20
 -59.00  14.00  47.05
 -59.00  15.00  45.04
 -59.00  16.00  44.17
 -59.00  17.00  44.36
 -59.00  18.00  45.43
 -59.00  19.00  47.12
 -59.00  20.00  49.14
 -59.00  21.00  51.17
 -59.00  22.00  52.89
 -59.00  23.00  54.07
 -59.00  24.00  54.51
 -59.00  25.00  54.13
 -59.00  26.00  52.96
 -59.00  27.00  51.14
 -58.00 -37.00  67.98
 -58.00 -36.00  68.44
 -58.00 -35.00  68.85
 -58.00 -34.00  69.18
 -58.00 -33.00  69.48
 -58.00 -32.00  69.89
 -58.00 -31.00  70.60
 -58.00 -30.00  71.84
 -58.00 -29.00  73.82
 -58.00 -28.00  76.66
 -58.00 -27.00  80.34
 -58.00 -26.00  84.74
 -58.00 -25.00  89.56
 -58.00 -24.00  94.43
 -58.00 -23.00  98.91
 -58.00 -22.00 102.59
 -58.00 -21.00 105.13
 -58.00 -20.00 106.36
 -58.00 -19.00 106.22
 -58.00 -18.00 104.85
 -58.00 -17.00 102.51
 -58.00 -16.00  99.53
 -58.00 -15.00  96.26
 -58.00 -14.00  93.04
 -58.00 -13.00  90.10
 -58.00 -12.00  87.60
 -58.00 -11.00  85.61
 -58.00 -10.00  84.13
 -58.00  -9.00  83.11
 -58.00  -8.00  82.49
 -58.00  -7.00  82.22
 -58.00  -6.00  82.30
 -58.00  -5.00  82.72
 -58.00  -4.00  83.50
 -58.00  -3.00  84.62
 -58.00  -2.00  86.03
 -58.00  -1.00  87.62
 -58.00   0.00  89.21
 -58.00   1.00  90.57
 -58.00   2.00  91.46
 -58.00   3.00  91.62
 -58.00   4.00  90.84
 -58.00   5.00  89.01
 -58.00   6.00  86.07
 -58.00   7.00  82.11
 -58.00   8.00  77.30
 -58.00   9.00  71.88
 -58.00  10.00  66.17
 -58.00  11.00  60.50
 -58.00  12.00  55.22
 -58.00  13.00  50.63
 -58.00  14.00  46.96
 -58.00  15.00  44.39
 -58.00  16.00  42.97
 -58.00  17.00  42.67
 -58.00  18.00  43.37
 -58.00  19.00  44.85
 -58.00  20.00  46.83
 -58.00  21.00  48.98
 -58.00  22.00  50.98
 -58.00  23.00  52.51
 -58.00  24.00  53.36
 -58.00  25.00  53.37
 -58.00  26.00  52.52
 -58.00  27.00  50.92
 -57.00 -37.00  68.49
 -57.00 -36.00  68.94
 -57.00 -35.00  69.35
 -57.00 -34.00  69.66
 -57.00 -33.00  69.89
 -57.00 -32.00  70.13
 -57.00 -31.00  70.57
 -57.00 -30.00  71.43
 -57.00 -29.00  72.93
 -57.00 -28.00  75.25
 -57.00 -27.00  78.46
 -57.00 -26.00  82.48
 -57.00 -25.00  87.10
 -57.00 -24.00  91.97
 -57.00 -23.00  96.67
 -57.00 -22.00 100.75
 -57.00 -21.00 103.85
 -57.00 -20.00 105.70
 -57.00 -19.00 106.17
 -57.00 -18.00 105.34
 -57.00 -17.00 103.40
 -57.00 -16.00 100.65
 -57.00 -15.00  97.45
 -57.00 -14.00  94.14
 -57.00 -13.00  91.01
 -57.00 -12.00  88.25
 -57.00 -11.00  85.98
 -57.00 -10.00  84.21
 -57.00  -9.00  82.91
 -57.00  -8.00  82.03
 -57.00  -7.00  81.53
 -57.00  -6.00  81.38
 -57.00  -5.00  81.58
 -57.00  -4.00  82.13
 -57.00  -3.00  83.04
 -57.00  -2.00  84.28
 -57.00  -1.00  85.75
 -57.00   0.00  87.31
 -57.00   1.00  88.75
 -57.00   2.00  89.83
 -57.00   3.00  90.29
 -57.00   4.00  89.93
 -57.00   5.00  88.57
 -57.00   6.00  86.14
 -57.00   7.00  82.67
 -57.00   8.00  78.28
 -57.00   9.00  73.17
 -57.00  10.00  67.61
 -57.00  11.00  61.94
 -57.00  12.00  56.47
 -57.00  13.00  51.52
 -57.00  14.00  47.36
 -57.00  15.00  44.21
 -57.00  16.00  42.18
 -57.00  17.00  41.32
 -57.00  18.00  41.54
 -57.00  19.00  42.69
 -57.00  20.00  44.50
 -57.00  21.00  46.68
 -57.00  22.00  48.87
 -57.00  23.00  50.74
 -57.00  24.00  52.01
 -57.00  25.00  52.46
 -57.00  26.00  52.02
 -57.00  27.00  50.72
 -56.00 -37.00  69.00
 -56.00 -36.00  69.40
 -56.00 -35.00  69.81
 -56.00 -34.00  70.13
 -56.00 -33.00  70.33
 -56.00 -32.00  70.47
 -56.00 -31.00  70.69
 -56.00 -30.00  71.21
 -56.00 -29.00  72.26
 -56.00 -28.00  74.06
 -56.00 -27.00  76.74
 -56.00 -26.00  80.30
 -56.00 -25.00  84.61
 -56.00 -24.00  89.36
 -56.00 -23.00  94.17
 -56.00 -22.00  98.60
 -56.00 -21.00 102.21
 -56.00 -20.00 104.68
 -56.00 -19.00 105.82
 -56.00 -18.00 105.60
 -56.00 -17.00 104.15
 -56.00 -16.00 101.73
 -56.00 -15.00  98.69
 -56.00 -14.00  95.37
 -56.00 -13.00  92.10
 -56.00 -12.00  89.12
 -56.00 -11.00  86.56
 -56.00 -10.00  84.50
 -56.00  -9.00  82.91
 -56.00  -8.00  81.77
 -56.00  -7.00  81.01
 -56.00  -6.00  80.62
 -56.00  -5.00  80.57
 -56.00  -4.00  80.89
 -56.00  -3.00  81.58
 -56.00  -2.00  82.62
 -56.00  -1.00  83.94
 -56.00   0.00  85.44
 -56.00   1.00  86.91
 -56.00   2.00  88.14
 -56.00   3.00  88.88
 -56.00   4.00  88.90
 -56.00   5.00  88.01
 -56.00   6.00  86.10
 -56.00   7.00  83.15
 -56.00   8.00  79.23
 -56.00   9.00  74.50
 -56.00  10.00  69.20
 -56.00  11.00  63.61
 -56.00  12.00  58.05
 -56.00  13.00  52.83
 -56.00  14.00  48.24
 -56.00  15.00  44.53
 -56.00  16.00  41.88
 -56.00  17.00  40.38
 -56.00  18.00  40.03
 -56.00  19.00  40.72
 -56.00  20.00  42.25
 -56.00  21.00  44.33
 -56.00  22.00  46.62
 -56.00  23.00  48.76
 -56.00  24.00  50.43
 -56.00  25.00  51.35
 -56.00  26.00  51.38
 -56.00  27.00  50.48
 -55.00 -37.00  69.49
 -55.00 -36.00  69.84
 -55.00 -35.00  70.23
 -55.00 -34.00  70.57
 -55.00 -33.00  70.78
 -55.00 -32.00  70.87
 -55.00 -31.00  70.94
 -55.00 -30.00  71.18
 -55.00 -29.00  71.82
 -55.00 -28.00  73.10
 -55.00 -27.00  75.23
 -55.00 -26.00  78.27
 -55.00 -25.00  82.17
 -55.00 -24.00  86.69
 -55.00 -23.00  91.50
 -55.00 -22.00  96.16
 -55.00 -21.00 100.22
 -55.00 -20.00 103.29
 -55.00 -19.00 105.10
 -55.00 -18.00 105.54
 -55.00 -17.00 104.67
 -55.00 -16.00 102.69
 -55.00 -15.00  99.91
 -55.00 -14.00  96.68
 -55.00 -13.00  93.34
 -55.00 -12.00  90.16
 -55.00 -11.00  87.35
 -55.00 -10.00  85.00
 -55.00  -9.00  83.12
 -55.00  -8.00  81.70
 -55.00  -7.00  80.68
 -55.00  -6.00  80.03
 -55.00  -5.00  79.73
 -55.00  -4.00  79.80
 -55.00  -3.00  80.24
 -55.00  -2.00  81.06
 -55.00  -1.00  82.21
 -55.00   0.00  83.60
 -55.00   1.00  85.08
 -55.00   2.00  86.42
 -55.00   3.00  87.39
 -55.00   4.00  87.76
 -55.00   5.00  87.32
 -55.00   6.00  85.92
 -55.00   7.00  83.50
 -55.00   8.00  80.10
 -55.00   9.00  75.81
 -55.00  10.00  70.84
 -55.00  11.00  65.44
 -55.00  12.00  59.89
 -55.00  13.00  54.50
 -55.00  14.00  49.56
 -55.00  15.00  45.35
 -55.00  16.00  42.09
 -55.00  17.00  39.93
 -55.00  18.00  38.93
 -55.00  19.00  39.06
 -55.00  20.00  40.16
 -55.00  21.00  42.01
 -55.00  22.00  44.28
 -55.00  23.00  46.60
 -55.00  24.00  48.61
 -55.00  25.00  50.00
 -55.00  26.00  50.54
 -55.00  27.00  50.11
 -54.00 -37.00  70.59
 -54.00 -36.00  70.86
 -54.00 -35.00  71.23
 -54.00 -34.00  71.59
 -54.00 -33.00  71.82
 -54.00 -32.00  71.89
 -54.00 -31.00  71.84
 -54.00 -30.00  71.82
 -54.00 -29.00  72.06
 -54.00 -28.00  72.81
 -54.00 -27.00  74.32
 -54.00 -26.00  76.73
 -54.00 -25.00  80.07
 -54.00 -24.00  84.20
 -54.00 -23.00  88.83
 -54.00 -22.00  93.55
 -54.00 -21.00  97.91
 -54.00 -20.00 101.47
 -54.00 -19.00 103.90
 -54.00 -18.00 105.00
 -54.00 -17.00 104.74
 -54.00 -16.00 103.26
 -54.00 -15.00 100.82
 -54.00 -14.00  97.76
 -54.00 -13.00  94.44
 -54.00 -12.00  91.14
 -54.00 -11.00  88.12
 -54.00 -10.00  85.49
 -54.00  -9.00  83.32
 -54.00  -8.00  81.59
 -54.00  -7.00  80.26
 -54.00  -6.00  79.31
 -54.00  -5.00  78.72
 -54.00  -4.00  78.50
 -54.00  -3.00  78.66
 -54.00  -2.00  79.23
 -54.00  -1.00  80.17
 -54.00   0.00  81.43
 -54.00   1.00  82.85
 -54.00   2.00  84.25
 -54.00   3.00  85.39
 -54.00   4.00  86.05
 -54.00   5.00  85.99
 -54.00   6.00  85.06
 -54.00   7.00  83.16
 -54.00   8.00  80.28
 -54.00   9.00  76.50
 -54.00  10.00  71.97
 -54.00  11.00  66.88
 -54.00  12.00  61.50
 -54.00  13.00  56.10
 -54.00  14.00  50.97
 -54.00  15.00  46.37
 -54.00  16.00  42.57
 -54.00  17.00  39.76
 -54.00  18.00  38.07
 -54.00  19.00  37.54
 -54.00  20.00  38.11
 -54.00  21.00  39.58
 -54.00  22.00  41.70
 -54.00  23.00  44.10
 -54.00  24.00  46.39
 -54.00  25.00  48.22
 -54.00  26.00  49.29
 -54.00  27.00  49.39
 -53.00 -37.00  71.69
 -53.00 -36.00  71.86
 -53.00 -35.00  72.19
 -53.00 -34.00  72.56
 -53.00 -33.00  72.83
 -53.00 -32.00  72.93
 -53.00 -31.00  72.84
 -53.00 -30.00  72.66
 -53.00 -29.00  72.58
 -53.00 -28.00  72.87
 -53.00 -27.00  73.79
 -53.00 -26.00  75.55
 -53.00 -25.00  78.28
 -53.00 -24.00  81.91
 -53.00 -23.00  86.23
 -53.00 -22.00  90.88
 -53.00 -21.00  95.43
 -53.00 -20.00  99.40
 -53.00 -19.00 102.40
 -53.00 -18.00 104.15
 -53.00 -17.00 104.54
 -53.00 -16.00 103.63
 -53.00 -15.00 101.63
 -53.00 -14.00  98.84
 -53.00 -13.00  95.62
 -53.00 -12.00  92.29
 -53.00 -11.00  89.11
 -53.00 -10.00  86.26
 -53.00  -9.00  83.82
 -53.00  -8.00  81.80
 -53.00  -7.00  80.17
 -53.00  -6.00  78.91
 -53.00  -5.00  78.00
 -53.00  -4.00  77.45
 -53.00  -3.00  77.30
 -53.00  -2.00  77.58
 -53.00  -1.00  78.27
 -53.00   0.00  79.35
 -53.00   1.00  80.68
 -53.00   2.00  82.10
 -53.00   3.00  83.38
 -53.00   4.00  84.29
 -53.00   5.00  84.60
 -53.00   6.00  84.11
 -53.00   7.00  82.71
 -53.00   8.00  80.37
 -53.00   9.00  77.11
 -53.00  10.00  73.05
 -53.00  11.00  68.37
 -53.00  12.00  63.26
 -53.00  13.00  57.97
 -53.00  14.00  52.77
 -53.00  15.00  47.92
 -53.00  16.00  43.67
 -53.00  17.00  40.27
 -53.00  18.00  37.89
 -53.00  19.00  36.64
 -53.00  20.00  36.54
 -53.00  21.00  37.50
 -53.00  22.00  39.29
 -53.00  23.00  41.59
 -53.00  24.00  44.04
 -53.00  25.00  46.23
 -53.00  26.00  47.79
 -53.00  27.00  48.46
 -52.00 -37.00  72.66
 -52.00 -36.00  72.70
 -52.00 -35.00  72.95
 -52.00 -34.00  73.31
 -52.00 -33.00  73.63
 -52.00 -32.00  73.80
 -52.00 -31.00  73.74
 -52.00 -30.00  73.50
 -52.00 -29.00  73.21
 -52.00 -28.00  73.13
 -52.00 -27.00  73.53
 -52.00 -26.00  74.67
 -52.00 -25.00  76.76
 -52.00 -24.00  79.81
 -52.00 -23.00  83.72
 -52.00 -22.00  88.19
 -52.00 -21.00  92.81
 -52.00 -20.00  97.10
 -52.00 -19.00 100.62
 -52.00 -18.00 103.01
 -52.00 -17.00 104.08
 -52.00 -16.00 103.80
 -52.00 -15.00 102.32
 -52.00 -14.00  99.89
 -52.00 -13.00  96.87
 -52.00 -12.00  93.58
 -52.00 -11.00  90.32
 -52.00 -10.00  87.30
 -52.00  -9.00  84.63
 -52.00  -8.00  82.34
 -52.00  -7.00  80.44
 -52.00  -6.00  78.88
 -52.00  -5.00  77.66
 -52.00  -4.00  76.78
 -52.00  -3.00  76.29
 -52.00  -2.00  76.23
 -52.00  -1.00  76.63
 -52.00   0.00  77.47
 -52.00   1.00  78.66
 -52.00   2.00  80.05
 -52.00   3.00  81.44
 -52.00   4.00  82.57
 -52.00   5.00  83.21
 -52.00   6.00  83.15
 -52.00   7.00  82.25
 -52.00   8.00  80.44
 -52.00   9.00  77.71
 -52.00  10.00  74.16
 -52.00  11.00  69.91
 -52.00  12.00  65.15
 -52.00  13.00  60.08
 -52.00  14.00  54.93
 -52.00  15.00  49.94
 -52.00  16.00  45.37
 -52.00  17.00  41.46
 -52.00  18.00  38.44
 -52.00  19.00  36.46
 -52.00  20.00  35.63
 -52.00  21.00  35.93
 -52.00  22.00  37.23
 -52.00  23.00  39.26
 -52.00  24.00  41.69
 -52.00  25.00  44.09
 -52.00  26.00  46.07
 -52.00  27.00  47.29
 -51.00 -37.00  73.49
 -51.00 -36.00  73.38
 -51.00 -35.00  73.52
 -51.00 -34.00  73.83
 -51.00 -33.00  74.19
 -51.00 -32.00  74.43
 -51.00 -31.00  74.46
 -51.00 -30.00  74.24
 -51.00 -29.00  73.86
 -51.00 -28.00  73.52
 -51.00 -27.00  73.49
 -51.00 -26.00  74.07
 -51.00 -25.00  75.51
 -51.00 -24.00  77.95
 -51.00 -23.00  81.35
 -51.00 -22.00  85.51
 -51.00 -21.00  90.07
 -51.00 -20.00  94.57
 -51.00 -19.00  98.53
 -51.00 -18.00 101.54
 -51.00 -17.00 103.31
 -51.00 -16.00 103.71
 -51.00 -15.00 102.83
 -51.00 -14.00 100.86
 -51.00 -13.00  98.12
 -51.00 -12.00  94.95
 -51.00 -11.00  91.68
 -51.00 -10.00  88.54
 -51.00  -9.00  85.68
 -51.00  -8.00  83.18
 -51.00  -7.00  81.03
 -51.00  -6.00  79.20
 -51.00  -5.00  77.68
 -51.00  -4.00  76.48
 -51.00  -3.00  75.64
 -51.00  -2.00  75.22
 -51.00  -1.00  75.28
 -51.00   0.00  75.82
 -51.00   1.00  76.80
 -51.00   2.00  78.10
 -51.00   3.00  79.53
 -51.00   4.00  80.84
 -51.00   5.00  81.79
 -51.00   6.00  82.15
 -51.00   7.00  81.73
 -51.00   8.00  80.45
 -51.00   9.00  78.27
 -51.00  10.00  75.24
 -51.00  11.00  71.47
 -51.00  12.00  67.11
 -51.00  13.00  62.33
 -51.00  14.00  57.34
 -51.00  15.00  52.34
 -51.00  16.00  47.57
 -51.00  17.00  43.27
 -51.00  18.00  39.68
 -51.00  19.00  37.01
 -51.00  20.00  35.42
 -51.00  21.00  34.98
 -51.00  22.00  35.64
 -51.00  23.00  37.22
 -51.00  24.00  39.43
 -51.00  25.00  41.89
 -51.00  26.00  44.17
 -51.00  27.00  45.88
 -50.00 -37.00  74.20
 -50.00 -36.00  73.93
 -50.00 -35.00  73.92
 -50.00 -34.00  74.14
 -50.00 -33.00  74.49
 -50.00 -32.00  74.80
 -50.00 -31.00  74.94
 -50.00 -30.00  74.82
 -50.00 -29.00  74.44
 -50.00 -28.00  73.96
 -50.00 -27.00  73.61
 -50.00 -26.00  73.70
 -50.00 -25.00  74.53
 -50.00 -24.00  76.32
 -50.00 -23.00  79.13
 -50.00 -22.00  82.86
 -50.00 -21.00  87.23
 -50.00 -20.00  91.81
 -50.00 -19.00  96.12
 -50.00 -18.00  99.69
 -50.00 -17.00 102.15
 -50.00 -16.00 103.29
 -50.00 -15.00 103.08
 -50.00 -14.00 101.66
 -50.00 -13.00  99.30
 -50.00 -12.00  96.35
 -50.00 -11.00  93.13
 -50.00 -10.00  89.93
 -50.00  -9.00  86.93
 -50.00  -8.00  84.24
 -50.00  -7.00  81.88
 -50.00  -6.00  79.81
 -50.00  -5.00  78.03
 -50.00  -4.00  76.53
 -50.00  -3.00  75.35
 -50.00  -2.00  74.57
 -50.00  -1.00  74.24
 -50.00   0.00  74.44
 -50.00   1.00  75.14
 -50.00   2.00  76.27
 -50.00   3.00  77.66
 -50.00   4.00  79.09
 -50.00   5.00  80.29
 -50.00   6.00  81.03
 -50.00   7.00  81.10
 -50.00   8.00  80.35
 -50.00   9.00  78.72
 -50.00  10.00  76.24
 -50.00  11.00  72.98
 -50.00  12.00  69.06
 -50.00  13.00  64.64
 -50.00  14.00  59.89
 -50.00  15.00  54.99
 -50.00  16.00  50.15
 -50.00  17.00  45.59
 -50.00  18.00  41.55
 -50.00  19.00  38.26
 -50.00  20.00  35.93
 -50.00  21.00  34.70
 -50.00  22.00  34.61
 -50.00  23.00  35.59
 -50.00  24.00  37.40
 -50.00  25.00  39.73
 -50.00  26.00  42.14
 -50.00  27.00  44.22
 -49.00 -37.00  74.77
 -49.00 -36.00  74.35
 -49.00 -35.00  74.17
 -49.00 -34.00  74.26
 -49.00 -33.00  74.55
 -49.00 -32.00  74.90
 -49.00 -31.00  75.15
 -49.00 -30.00  75.16
 -49.00 -29.00  74.87
 -49.00 -28.00  74.36
 -49.00 -27.00  73.82
 -49.00 -26.00  73.53
 -49.00 -25.00  73.81
 -49.00 -24.00  74.96
 -49.00 -23.00  77.12
 -49.00 -22.00  80.32
 -49.00 -21.00  84.35
 -49.00 -20.00  88.86
 -49.00 -19.00  93.39
 -49.00 -18.00  97.43
 -49.00 -17.00 100.56
 -49.00 -16.00 102.45
 -49.00 -15.00 102.99
 -49.00 -14.00 102.22
 -49.00 -13.00 100.35
 -49.00 -12.00  97.71
 -49.00 -11.00  94.62
 -49.00 -10.00  91.42
 -49.00  -9.00  88.32
 -49.00  -8.00  85.47
 -49.00  -7.00  82.92
 -49.00  -6.00  80.66
 -49.00  -5.00  78.66
 -49.00  -4.00  76.90
 -49.00  -3.00  75.41
 -49.00  -2.00  74.27
 -49.00  -1.00  73.56
 -49.00   0.00  73.36
 -49.00   1.00  73.72
 -49.00   2.00  74.59
 -49.00   3.00  75.85
 -49.00   4.00  77.30
 -49.00   5.00  78.69
 -49.00   6.00  79.77
 -49.00   7.00  80.29
 -49.00   8.00  80.06
 -49.00   9.00  79.01
 -49.00  10.00  77.09
 -49.00  11.00  74.37
 -49.00  12.00  70.94
 -49.00  13.00  66.94
 -49.00  14.00  62.50
 -49.00  15.00  57.80
 -49.00  16.00  53.00
 -49.00  17.00  48.30
 -49.00  18.00  43.94
 -49.00  19.00  40.13
 -49.00  20.00  37.12
 -49.00  21.00  35.11
 -49.00  22.00  34.22
 -49.00  23.00  34.46
 -49.00  24.00  35.71
 -49.00  25.00  37.71
 -49.00  26.00  40.07
 -49.00  27.00  42.38
 -48.00 -37.00  75.20
 -48.00 -36.00  74.67
 -48.00 -35.00  74.32
 -48.00 -34.00  74.24
 -48.00 -33.00  74.41
 -48.00 -32.00  74.74
 -48.00 -31.00  75.06
 -48.00 -30.00  75.21
 -48.00 -29.00  75.07
 -48.00 -28.00  74.64
 -48.00 -27.00  74.03
 -48.00 -26.00  73.48
 -48.00 -25.00  73.32
 -48.00 -24.00  73.86
 -48.00 -23.00  75.37
 -48.00 -22.00  77.94
 -48.00 -21.00  81.50
 -48.00 -20.00  85.78
 -48.00 -19.00  90.37
 -48.00 -18.00  94.77
 -48.00 -17.00  98.49
 -48.00 -16.00 101.13
 -48.00 -15.00 102.46
 -48.00 -14.00 102.43
 -48.00 -13.00 101.17
 -48.00 -12.00  98.95
 -48.00 -11.00  96.09
 -48.00 -10.00  92.95
 -48.00  -9.00  89.80
 -48.00  -8.00  86.82
 -48.00  -7.00  84.11
 -48.00  -6.00  81.67
 -48.00  -5.00  79.48
 -48.00  -4.00  77.51
 -48.00  -3.00  75.76
 -48.00  -2.00  74.30
 -48.00  -1.00  73.22
 -48.00   0.00  72.62
 -48.00   1.00  72.57
 -48.00   2.00  73.10
 -48.00   3.00  74.14
 -48.00   4.00  75.51
 -48.00   5.00  77.00
 -48.00   6.00  78.33
 -48.00   7.00  79.25
 -48.00   8.00  79.54
 -48.00   9.00  79.05
 -48.00  10.00  77.72
 -48.00  11.00  75.57
 -48.00  12.00  72.67
 -48.00  13.00  69.12
 -48.00  14.00  65.07
 -48.00  15.00  60.64
 -48.00  16.00  55.99
 -48.00  17.00  51.28
 -48.00  18.00  46.72
 -48.00  19.00  42.52
 -48.00  20.00  38.94
 -48.00  21.00  36.20
 -48.00  22.00  34.50
 -48.00  23.00  33.94
 -48.00  24.00  34.48
 -48.00  25.00  35.96
 -48.00  26.00  38.08
 -48.00  27.00  40.43
 -47.00 -37.00  75.45
 -47.00 -36.00  74.86
 -47.00 -35.00  74.37
 -47.00 -34.00  74.11
 -47.00 -33.00  74.12
 -47.00 -32.00  74.37
 -47.00 -31.00  74.71
 -47.00 -30.00  74.98
 -47.00 -29.00  75.01
 -47.00 -28.00  74.72
 -47.00 -27.00  74.15
 -47.00 -26.00  73.48
 -47.00 -25.00  73.00
 -47.00 -24.00  73.03
 -47.00 -23.00  73.90
 -47.00 -22.00  75.80
 -47.00 -21.00  78.78
 -47.00 -20.00  82.68
 -47.00 -19.00  87.15
 -47.00 -18.00  91.75
 -47.00 -17.00  95.95
 -47.00 -16.00  99.29
 -47.00 -15.00 101.43
 -47.00 -14.00 102.21
 -47.00 -13.00 101.65
 -47.00 -12.00  99.97
 -47.00 -11.00  97.46
 -47.00 -10.00  94.47
 -47.00  -9.00  91.32
 -47.00  -8.00  88.24
 -47.00  -7.00  85.38
 -47.00  -6.00  82.78
 -47.00  -5.00  80.43
 -47.00  -4.00  78.28
 -47.00  -3.00  76.33
 -47.00  -2.00  74.60
 -47.00  -1.00  73.19
 -47.00   0.00  72.20
 -47.00   1.00  71.74
 -47.00   2.00  71.88
 -47.00   3.00  72.59
 -47.00   4.00  73.78
 -47.00   5.00  75.24
 -47.00   6.00  76.73
 -47.00   7.00  77.97
 -47.00   8.00  78.72
 -47.00   9.00  78.79
 -47.00  10.00  78.05
 -47.00  11.00  76.50
 -47.00  12.00  74.15
 -47.00  13.00  71.11
 -47.00  14.00  67.49
 -47.00  15.00  63.40
 -47.00  16.00  58.99
 -47.00  17.00  54.38
 -47.00  18.00  49.75
 -47.00  19.00  45.31
 -47.00  20.00  41.27
 -47.00  21.00  37.91
 -47.00  22.00  35.44
 -47.00  23.00  34.05
 -47.00  24.00  33.79
 -47.00  25.00  34.61
 -47.00  26.00  36.29
 -47.00  27.00  38.48
 -46.00 -37.00  75.50
 -46.00 -36.00  74.92
 -46.00 -35.00  74.34
 -46.00 -34.00  73.92
 -46.00 -33.00  73.75
 -46.00 -32.00  73.85
 -46.00 -31.00  74.15
 -46.00 -30.00  74.48
 -46.00 -29.00  74.65
 -46.00 -28.00  74.54
 -46.00 -27.00  74.11
 -46.00 -26.00  73.44
 -46.00 -25.00  72.77
 -46.00 -24.00  72.42
 -46.00 -23.00  72.72
 -46.00 -22.00  73.96
 -46.00 -21.00  76.29
 -46.00 -20.00  79.67
 -46.00 -19.00  83.87
 -46.00 -18.00  88.47
 -46.00 -17.00  92.99
 -46.00 -16.00  96.92
 -46.00 -15.00  99.83
 -46.00 -14.00 101.45
 -46.00 -13.00 101.70
 -46.00 -12.00 100.67
 -46.00 -11.00  98.62
 -46.00 -10.00  95.89
 -46.00  -9.00  92.82
 -46.00  -8.00  89.69
 -46.00  -7.00  86.70
 -46.00  -6.00  83.95
 -46.00  -5.00  81.44
 -46.00  -4.00  79.14
 -46.00  -3.00  77.02
 -46.00  -2.00  75.09
 -46.00  -1.00  73.41
 -46.00   0.00  72.08
 -46.00   1.00  71.22
 -46.00   2.00  70.94
 -46.00   3.00  71.27
 -46.00   4.00  72.17
 -46.00   5.00  73.49
 -46.00   6.00  75.02
 -46.00   7.00  76.48
 -46.00   8.00  77.61
 -46.00   9.00  78.17
 -46.00  10.00  78.02
 -46.00  11.00  77.07
 -46.00  12.00  75.31
 -46.00  13.00  72.81
 -46.00  14.00  69.67
 -46.00  15.00  65.99
 -46.00  16.00  61.88
 -46.00  17.00  57.46
 -46.00  18.00  52.89
 -46.00  19.00  48.32
 -46.00  20.00  43.98
 -46.00  21.00  40.11
 -46.00  22.00  36.97
 -46.00  23.00  34.78
 -46.00  24.00  33.70
 -46.00  25.00  33.76
 -46.00  26.00  34.83
 -46.00  27.00  36.67
 -45.00 -37.00  75.31
 -45.00 -36.00  74.82
 -45.00 -35.00  74.22
 -45.00 -34.00  73.67
 -45.00 -33.00  73.33
 -45.00 -32.00  73.26
 -45.00 -31.00  73.45
 -45.00 -30.00  73.76
 -45.00 -29.00  74.04
 -45.00 -28.00  74.10
 -45.00 -27.00  73.84
 -45.00 -26.00  73.28
 -45.00 -25.00  72.56
 -45.00 -24.00  71.95
 -45.00 -23.00  71.81
 -45.00 -22.00  72.45
 -45.00 -21.00  74.12
 -45.00 -20.00  76.89
 -45.00 -19.00  80.65
 -45.00 -18.00  85.09
 -45.00 -17.00  89.75
 -45.00 -16.00  94.12
 -45.00 -15.00  97.70
 -45.00 -14.00 100.14
 -45.00 -13.00 101.22
 -45.00 -12.00 100.94
 -45.00 -11.00  99.48
 -45.00 -10.00  97.13
 -45.00  -9.00  94.23
 -45.00  -8.00  91.11
 -45.00  -7.00  88.02
 -45.00  -6.00  85.12
 -45.00  -5.00  82.46
 -45.00  -4.00  80.02
 -45.00  -3.00  77.76
 -45.00  -2.00  75.67
 -45.00  -1.00  73.78
 -45.00   0.00  72.18
 -45.00   1.00  70.97
 -45.00   2.00  70.28
 -45.00   3.00  70.20
 -45.00   4.00  70.75
 -45.00   5.00  71.83
 -45.00   6.00  73.27
 -45.00   7.00  74.82
 -45.00   8.00  76.23
 -45.00   9.00  77.22
 -45.00  10.00  77.60
 -45.00  11.00  77.23
 -45.00  12.00  76.07
 -45.00  13.00  74.15
 -45.00  14.00  71.52
 -45.00  15.00  68.29
 -45.00  16.00  64.55
 -45.00  17.00  60.41
 -45.00  18.00  55.98
 -45.00  19.00  51.42
 -45.00  20.00  46.91
 -45.00  21.00  42.67
 -45.00  22.00  38.97
 -45.00  23.00  36.07
 -45.00  24.00  34.19
 -45.00  25.00  33.44
 -45.00  26.00  33.81
 -45.00  27.00  35.13
 -44.00 -37.00  74.87
 -44.00 -36.00  74.52
 -44.00 -35.00  73.97
 -44.00 -34.00  73.36
 -44.00 -33.00  72.88
 -44.00 -32.00  72.63
 -44.00 -31.00  72.67
 -44.00 -30.00  72.92
 -44.00 -29.00  73.23
 -44.00 -28.00  73.42
 -44.00 -27.00  73.34
 -44.00 -26.00  72.94
 -44.00 -25.00  72.27
 -44.00 -24.00  71.56
 -44.00 -23.00  71.09
 -44.00 -22.00  71.24
 -44.00 -21.00  72.28
 -44.00 -20.00  74.42
 -44.00 -19.00  77.64
 -44.00 -18.00  81.75
 -44.00 -17.00  86.36
 -44.00 -16.00  90.99
 -44.00 -15.00  95.11
 -44.00 -14.00  98.29
 -44.00 -13.00 100.20
 -44.00 -12.00 100.73
 -44.00 -11.00  99.95
 -44.00 -10.00  98.09
 -44.00  -9.00  95.47
 -44.00  -8.00  92.44
 -44.00  -7.00  89.31
 -44.00  -6.00  86.28
 -44.00  -5.00  83.45
 -44.00  -4.00  80.87
 -44.00  -3.00  78.48
 -44.00  -2.00  76.27
 -44.00  -1.00  74.22
 -44.00   0.00  72.40
 -44.00   1.00  70.91
 -44.00   2.00  69.87
 -44.00   3.00  69.40
 -44.00   4.00  69.56
 -44.00   5.00  70.32
 -44.00   6.00  71.57
 -44.00   7.00  73.09
 -44.00   8.00  74.65
 -44.00   9.00  75.96
 -44.00  10.00  76.79
 -44.00  11.00  76.98
 -44.00  12.00  76.41
 -44.00  13.00  75.06
 -44.00  14.00  72.98
 -44.00  15.00  70.24
 -44.00  16.00  66.92
 -44.00  17.00  63.11
 -44.00  18.00  58.91
 -44.00  19.00  54.45
 -44.00  20.00  49.89
 -44.00  21.00  45.42
 -44.00  22.00  41.30
 -44.00  23.00  37.81
 -44.00  24.00  35.20
 -44.00  25.00  33.65
 -44.00  26.00  33.26
 -44.00  27.00  33.95
 -43.00 -37.00  74.26
 -43.00 -36.00  74.08
 -43.00 -35.00  73.63
 -43.00 -34.00  73.05
 -43.00 -33.00  72.48
 -43.00 -32.00  72.08
 -43.00 -31.00  71.95
 -43.00 -30.00  72.08
 -43.00 -29.00  72.36
 -43.00 -28.00  72.62
 -43.00 -27.00  72.69
 -43.00 -26.00  72.46
 -43.00 -25.00  71.91
 -43.00 -24.00  71.18
 -43.00 -23.00  70.53
 -43.00 -22.00  70.28
 -43.00 -21.00  70.79
 -43.00 -20.00  72.30
 -43.00 -19.00  74.93
 -43.00 -18.00  78.58
 -43.00 -17.00  82.97
 -43.00 -16.00  87.67
 -43.00 -15.00  92.16
 -43.00 -14.00  95.93
 -43.00 -13.00  98.60
 -43.00 -12.00  99.94
 -43.00 -11.00  99.89
 -43.00 -10.00  98.62
 -43.00  -9.00  96.40
 -43.00  -8.00  93.56
 -43.00  -7.00  90.45
 -43.00  -6.00  87.33
 -43.00  -5.00  84.36
 -43.00  -4.00  81.63
 -43.00  -3.00  79.11
 -43.00  -2.00  76.78
 -43.00  -1.00  74.62
 -43.00   0.00  72.64
 -43.00   1.00  70.93
 -43.00   2.00  69.60
 -43.00   3.00  68.78
 -43.00   4.00  68.56
 -43.00   5.00  68.97
 -43.00   6.00  69.95
 -43.00   7.00  71.35
 -43.00   8.00  72.94
 -43.00   9.00  74.46
 -43.00  10.00  75.65
 -43.00  11.00  76.30
 -43.00  12.00  76.28
 -43.00  13.00  75.50
 -43.00  14.00  73.97
 -43.00  15.00  71.74
 -43.00  16.00  68.86
 -43.00  17.00  65.43
 -43.00  18.00  61.52
 -43.00  19.00  57.25
 -43.00  20.00  52.73
 -43.00  21.00  48.15
 -43.00  22.00  43.75
 -43.00  23.00  39.78
 -43.00  24.00  36.55
 -43.00  25.00  34.27
 -43.00  26.00  33.13
 -43.00  27.00  33.13
 -42.00 -37.00  73.48
 -42.00 -36.00  73.46
 -42.00 -35.00  73.16
 -42.00 -34.00  72.65
 -42.00 -33.00  72.06
 -42.00 -32.00  71.56
 -42.00 -31.00  71.27
 -42.00 -30.00  71.26
 -42.00 -29.00  71.45
 -42.00 -28.00  71.73
 -42.00 -27.00  71.90
 -42.00 -26.00  71.83
 -42.00 -25.00  71.43
 -42.00 -24.00  70.77
 -42.00 -23.00  70.03
 -42.00 -22.00  69.53
 -42.00 -21.00  69.59
 -42.00 -20.00  70.54
 -42.00 -19.00  72.57
 -42.00 -18.00  75.70
 -42.00 -17.00  79.75
 -42.00 -16.00  84.35
 -42.00 -15.00  89.02
 -42.00 -14.00  93.26
 -42.00 -13.00  96.58
 -42.00 -12.00  98.67
 -42.00 -11.00  99.38
 -42.00 -10.00  98.76
 -42.00  -9.00  97.02
 -42.00  -8.00  94.48
 -42.00  -7.00  91.47
 -42.00  -6.00  88.31
 -42.00  -5.00  85.23
 -42.00  -4.00  82.34
 -42.00  -3.00  79.68
 -42.00  -2.00  77.23
 -42.00  -1.00  74.96
 -42.00   0.00  72.87
 -42.00   1.00  70.99
 -42.00   2.00  69.43
 -42.00   3.00  68.31
 -42.00   4.00  67.74
 -42.00   5.00  67.80
 -42.00   6.00  68.48
 -42.00   7.00  69.67
 -42.00   8.00  71.19
 -42.00   9.00  72.80
 -42.00  10.00  74.25
 -42.00  11.00  75.29
 -42.00  12.00  75.75
 -42.00  13.00  75.52
 -42.00  14.00  74.54
 -42.00  15.00  72.83
 -42.00  16.00  70.43
 -42.00  17.00  67.42
 -42.00  18.00  63.85
 -42.00  19.00  59.82
 -42.00  20.00  55.44
 -42.00  21.00  50.86
 -42.00  22.00  46.28
 -42.00  23.00  41.97
 -42.00  24.00  38.22
 -42.00  25.00  35.29
 -42.00  26.00  33.43
 -42.00  27.00  32.72
 -41.00 -37.00  72.58
 -41.00 -36.00  72.69
 -41.00 -35.00  72.55
 -41.00 -34.00  72.15
 -41.00 -33.00  71.60
 -41.00 -32.00  71.04
 -41.00 -31.00  70.63
 -41.00 -30.00  70.47
 -41.00 -29.00  70.55
 -41.00 -28.00  70.79
 -41.00 -27.00  71.01
 -41.00 -26.00  71.06
 -41.00 -25.00  70.82
 -41.00 -24.00  70.27
 -41.00 -23.00  69.54
 -41.00 -22.00  68.89
 -41.00 -21.00  68.62
 -41.00 -20.00  69.10
 -41.00 -19.00  70.56
 -41.00 -18.00  73.14
 -41.00 -17.00  76.75
 -41.00 -16.00  81.12
 -41.00 -15.00  85.83
 -41.00 -14.00  90.36
 -41.00 -13.00  94.21
 -41.00 -12.00  96.99
 -41.00 -11.00  98.44
 -41.00 -10.00  98.50
 -41.00  -9.00  97.32
 -41.00  -8.00  95.15
 -41.00  -7.00  92.33
 -41.00  -6.00  89.20
 -41.00  -5.00  86.03
 -41.00  -4.00  83.00
 -41.00  -3.00  80.20
 -41.00  -2.00  77.62
 -41.00  -1.00  75.24
 -41.00   0.00  73.05
 -41.00   1.00  71.05
 -41.00   2.00  69.31
 -41.00   3.00  67.95
 -41.00   4.00  67.08
 -41.00   5.00  66.80
 -41.00   6.00  67.15
 -41.00   7.00  68.08
 -41.00   8.00  69.46
 -41.00   9.00  71.07
 -41.00  10.00  72.67
 -41.00  11.00  74.01
 -41.00  12.00  74.89
 -41.00  13.00  75.15
 -41.00  14.00  74.70
 -41.00  15.00  73.52
 -41.00  16.00  71.62
 -41.00  17.00  69.06
 -41.00  18.00  65.88
 -41.00  19.00  62.15
 -41.00  20.00  57.98
 -41.00  21.00  53.47
 -41.00  22.00  48.83
 -41.00  23.00  44.28
 -41.00  24.00  40.12
 -41.00  25.00  36.64
 -41.00  26.00  34.11
 -41.00  27.00  32.70
 -40.00 -37.00  71.59
 -40.00 -36.00  71.78
 -40.00 -35.00  71.79
 -40.00 -34.00  71.54
 -40.00 -33.00  71.07
 -40.00 -32.00  70.51
 -40.00 -31.00  70.02
 -40.00 -30.00  69.73
 -40.00 -29.00  69.68
 -40.00 -28.00  69.84
 -40.00 -27.00  70.07
 -40.00 -26.00  70.20
 -40.00 -25.00  70.10
 -40.00 -24.00  69.69
 -40.00 -23.00  69.03
 -40.00 -22.00  68.30
 -40.00 -21.00  67.82
 -40.00 -20.00  67.90
 -40.00 -19.00  68.86
 -40.00 -18.00  70.89
 -40.00 -17.00  74.01
 -40.00 -16.00  78.04
 -40.00 -15.00  82.64
 -40.00 -14.00  87.32
 -40.00 -13.00  91.58
 -40.00 -12.00  94.95
 -40.00 -11.00  97.09
 -40.00 -10.00  97.85
 -40.00  -9.00  97.28
 -40.00  -8.00  95.57
 -40.00  -7.00  93.02
 -40.00  -6.00  89.99
 -40.00  -5.00  86.79
 -40.00  -4.00  83.64
 -40.00  -3.00  80.68
 -40.00  -2.00  77.96
 -40.00  -1.00  75.47
 -40.00   0.00  73.18
 -40.00   1.00  71.07
 -40.00   2.00  69.20
 -40.00   3.00  67.64
 -40.00   4.00  66.52
 -40.00   5.00  65.94
 -40.00   6.00  65.97
 -40.00   7.00  66.61
 -40.00   8.00  67.78
 -40.00   9.00  69.31
 -40.00  10.00  70.97
 -40.00  11.00  72.52
 -40.00  12.00  73.74
 -40.00  13.00  74.44
 -40.00  14.00  74.49
 -40.00  15.00  73.83
 -40.00  16.00  72.45
 -40.00  17.00  70.36
 -40.00  18.00  67.60
 -40.00  19.00  64.23
 -40.00  20.00  60.32
 -40.00  21.00  55.97
 -40.00  22.00  51.35
 -40.00  23.00  46.66
 -40.00  24.00  42.19
 -40.00  25.00  38.24
 -40.00  26.00  35.11
 -40.00  27.00  33.04
 -39.00 -37.00  70.57
 -39.00 -36.00  70.78
 -39.00 -35.00  70.91
 -39.00 -34.00  70.81
 -39.00 -33.00  70.46
 -39.00 -32.00  69.95
 -39.00 -31.00  69.42
 -39.00 -30.00  69.03
 -39.00 -29.00  68.86
 -39.00 -28.00  68.91
 -39.00 -27.00  69.10
 -39.00 -26.00  69.28
 -39.00 -25.00  69.29
 -39.00 -24.00  69.01
 -39.00 -23.00  68.46
 -39.00 -22.00  67.74
 -39.00 -21.00  67.11
 -39.00 -20.00  66.89
 -39.00 -19.00  67.41
 -39.00 -18.00  68.91
 -39.00 -17.00  71.52
 -39.00 -16.00  75.14
 -39.00 -15.00  79.51
 -39.00 -14.00  84.21
 -39.00 -13.00  88.74
 -39.00 -12.00  92.59
 -39.00 -11.00  95.37
 -39.00 -10.00  96.82
 -39.00  -9.00  96.89
 -39.00  -8.00  95.71
 -39.00  -7.00  93.52
 -39.00  -6.00  90.67
 -39.00  -5.00  87.49
 -39.00  -4.00  84.26
 -39.00  -3.00  81.16
 -39.00  -2.00  78.29
 -39.00  -1.00  75.67
 -39.00   0.00  73.26
 -39.00   1.00  71.06
 -39.00   2.00  69.08
 -39.00   3.00  67.37
 -39.00   4.00  66.03
 -39.00   5.00  65.18
 -39.00   6.00  64.91
 -39.00   7.00  65.26
 -39.00   8.00  66.18
 -39.00   9.00  67.55
 -39.00  10.00  69.19
 -39.00  11.00  70.87
 -39.00  12.00  72.35
 -39.00  13.00  73.42
 -39.00  14.00  73.94
 -39.00  15.00  73.79
 -39.00  16.00  72.92
 -39.00  17.00  71.34
 -39.00  18.00  69.04
 -39.00  19.00  66.07
 -39.00  20.00  62.48
 -39.00  21.00  58.35
 -39.00  22.00  53.82
 -39.00  23.00  49.09
 -39.00  24.00  44.41
 -39.00  25.00  40.08
 -39.00  26.00  36.42
 -39.00  27.00  33.72
 -38.00 -37.00  69.56
 -38.00 -36.00  69.72
 -38.00 -35.00  69.92
 -38.00 -34.00  69.96
 -38.00 -33.00  69.75
 -38.00 -32.00  69.33
 -38.00 -31.00  68.82
 -38.00 -30.00  68.37
 -38.00 -29.00  68.09
 -38.00 -28.00  68.03
 -38.00 -27.00  68.15
 -38.00 -26.00  68.33
 -38.00 -25.00  68.41
 -38.00 -24.00  68.26
 -38.00 -23.00  67.83
 -38.00 -22.00  67.17
 -38.00 -21.00  66.48
 -38.00 -20.00  66.04
 -38.00 -19.00  66.18
 -38.00 -18.00  67.20
 -38.00 -17.00  69.27
 -38.00 -16.00  72.42
 -38.00 -15.00  76.47
 -38.00 -14.00  81.06
 -38.00 -13.00  85.73
 -38.00 -12.00  89.96
 -38.00 -11.00  93.30
 -38.00 -10.00  95.42
 -38.00  -9.00  96.16
 -38.00  -8.00  95.56
 -38.00  -7.00  93.82
 -38.00  -6.00  91.24
 -38.00  -5.00  88.15
 -38.00  -4.00  84.88
 -38.00  -3.00  81.66
 -38.00  -2.00  78.63
 -38.00  -1.00  75.86
 -38.00   0.00  73.34
 -38.00   1.00  71.04
 -38.00   2.00  68.95
 -38.00   3.00  67.12
 -38.00   4.00  65.61
 -38.00   5.00  64.52
 -38.00   6.00  63.97
 -38.00   7.00  64.01
 -38.00   8.00  64.66
 -38.00   9.00  65.82
 -38.00  10.00  67.37
 -38.00  11.00  69.09
 -38.00  12.00  70.75
 -38.00  13.00  72.14
 -38.00  14.00  73.07
 -38.00  15.00  73.41
 -38.00  16.00  73.06
 -38.00  17.00  71.99
 -38.00  18.00  70.19
 -38.00  19.00  67.66
 -38.00  20.00  64.45
 -38.00  21.00  60.61
 -38.00  22.00  56.26
 -38.00  23.00  51.56
 -38.00  24.00  46.75
 -38.00  25.00  42.13
 -38.00  26.00  38.02
 -38.00  27.00  34.74
 -37.00 -37.00  68.62
 -37.00 -36.00  68.63
 -37.00 -35.00  68.84
 -37.00 -34.00  69.00
 -37.00 -33.00  68.94
 -37.00 -32.00  68.65
 -37.00 -31.00  68.20
 -37.00 -30.00  67.73
 -37.00 -29.00  67.37
 -37.00 -28.00  67.20
 -37.00 -27.00  67.23
 -37.00 -26.00  67.37
 -37.00 -25.00  67.49
 -37.00 -24.00  67.45
 -37.00 -23.00  67.14
 -37.00 -22.00  66.57
 -37.00 -21.00  65.88
 -37.00 -20.00  65.29
 -37.00 -19.00  65.14
 -37.00 -18.00  65.72
 -37.00 -17.00  67.28
 -37.00 -16.00  69.92
 -37.00 -15.00  73.56
 -37.00 -14.00  77.92
 -37.00 -13.00  82.60
 -37.00 -12.00  87.09
 -37.00 -11.00  90.91
 -37.00 -10.00  93.65
 -37.00  -9.00  95.07
 -37.00  -8.00  95.11
 -37.00  -7.00  93.89
 -37.00  -6.00  91.67
 -37.00  -5.00  88.76
 -37.00  -4.00  85.50
 -37.00  -3.00  82.19
 -37.00  -2.00  79.02
 -37.00  -1.00  76.08
 -37.00   0.00  73.42
 -37.00   1.00  71.01
 -37.00   2.00  68.83
 -37.00   3.00  66.88
 -37.00   4.00  65.22
 -37.00   5.00  63.94
 -37.00   6.00  63.13
 -37.00   7.00  62.88
 -37.00   8.00  63.23
 -37.00   9.00  64.15
 -37.00  10.00  65.54
 -37.00  11.00  67.22
 -37.00  12.00  68.99
 -37.00  13.00  70.62
 -37.00  14.00  71.92
 -37.00  15.00  72.70
 -37.00  16.00  72.87
 -37.00  17.00  72.33
 -37.00  18.00  71.04
 -37.00  19.00  69.01
 -37.00  20.00  66.22
 -37.00  21.00  62.74
 -37.00  22.00  58.64
 -37.00  23.00  54.06
 -37.00  24.00  49.22
 -37.00  25.00  44.39
 -37.00  26.00  39.91
 -37.00  27.00  36.09
 -36.00 -37.00  67.80
 -36.00 -36.00  67.58
 -36.00 -35.00  67.73
 -36.00 -34.00  67.94
 -36.00 -33.00  68.03
 -36.00 -32.00  67.89
 -36.00 -31.00  67.55
 -36.00 -30.00  67.10
 -36.00 -29.00  66.70
 -36.00 -28.00  66.43
 -36.00 -27.00  66.36
 -36.00 -26.00  66.44
 -36.00 -25.00  66.57
 -36.00 -24.00  66.59
 -36.00 -23.00  66.40
 -36.00 -22.00  65.95
 -36.00 -21.00  65.30
 -36.00 -20.00  64.64
 -36.00 -19.00  64.26
 -36.00 -18.00  64.46
 -36.00 -17.00  65.54
 -36.00 -16.00  67.66
 -36.00 -15.00  70.83
 -36.00 -14.00  74.87
 -36.00 -13.00  79.44
 -36.00 -12.00  84.06
 -36.00 -11.00  88.25
 -36.00 -10.00  91.55
 -36.00  -9.00  93.63
 -36.00  -8.00  94.34
 -36.00  -7.00  93.71
 -36.00  -6.00  91.92
 -36.00  -5.00  89.27
 -36.00  -4.00  86.12
 -36.00  -3.00  82.76
 -36.00  -2.00  79.46
 -36.00  -1.00  76.36
 -36.00   0.00  73.54
 -36.00   1.00  70.99
 -36.00   2.00  68.70
 -36.00   3.00  66.66
 -36.00   4.00  64.88
 -36.00   5.00  63.42
 -36.00   6.00  62.39
 -36.00   7.00  61.86
 -36.00   8.00  61.92
 -36.00   9.00  62.56
 -36.00  10.00  63.74
 -36.00  11.00  65.31
 -36.00  12.00  67.10
 -36.00  13.00  68.90
 -36.00  14.00  70.49
 -36.00  15.00  71.68
 -36.00  16.00  72.33
 -36.00  17.00  72.32
 -36.00  18.00  71.58
 -36.00  19.00  70.06
 -36.00  20.00  67.76
 -36.00  21.00  64.69
 -36.00  22.00  60.92
 -36.00  23.00  56.55
 -36.00  24.00  51.76
 -36.00  25.00  46.82
 -36.00  26.00  42.04
 -36.00  27.00  37.77
 -35.00 -37.00  67.17
 -35.00 -36.00  66.63
 -35.00 -35.00  66.62
 -35.00 -34.00  66.83
 -35.00 -33.00  67.02
 -35.00 -32.00  67.03
 -35.00 -31.00  66.83
 -35.00 -30.00  66.46
 -35.00 -29.00  66.05
 -35.00 -28.00  65.73
 -35.00 -27.00  65.57
 -35.00 -26.00  65.57
 -35.00 -25.00  65.67
 -35.00 -24.00  65.73
 -35.00 -23.00  65.63
 -35.00 -22.00  65.29
 -35.00 -21.00  64.72
 -35.00 -20.00  64.05
 -35.00 -19.00  63.51
 -35.00 -18.00  63.42
 -35.00 -17.00  64.06
 -35.00 -16.00  65.68
 -35.00 -15.00  68.35
 -35.00 -14.00  71.99
 -35.00 -13.00  76.34
 -35.00 -12.00  80.98
 -35.00 -11.00  85.42
 -35.00 -10.00  89.18
 -35.00  -9.00  91.87
 -35.00  -8.00  93.24
 -35.00  -7.00  93.23
 -35.00  -6.00  91.96
 -35.00  -5.00  89.66
 -35.00  -4.00  86.67
 -35.00  -3.00  83.33
 -35.00  -2.00  79.93
 -35.00  -1.00  76.68
 -35.00   0.00  73.69
 -35.00   1.00  70.99
 -35.00   2.00  68.58
 -35.00   3.00  66.43
 -35.00   4.00  64.54
 -35.00   5.00  62.95
 -35.00   6.00  61.72
 -35.00   7.00  60.95
 -35.00   8.00  60.73
 -35.00   9.00  61.08
 -35.00  10.00  62.01
 -35.00  11.00  63.41
 -35.00  12.00  65.15
 -35.00  13.00  67.03
 -35.00  14.00  68.84
 -35.00  15.00  70.38
 -35.00  16.00  71.47
 -35.00  17.00  71.97
 -35.00  18.00  71.77
 -35.00  19.00  70.80
 -35.00  20.00  69.02
 -35.00  21.00  66.42
 -35.00  22.00  63.03
 -35.00  23.00  58.94
 -35.00  24.00  54.30
 -35.00  25.00  49.35
 -35.00  26.00  44.37
 -35.00  27.00  39.72
 -34.00 -37.00  66.76
 -34.00 -36.00  65.83
 -34.00 -35.00  65.59
 -34.00 -34.00  65.73
 -34.00 -33.00  65.97
 -34.00 -32.00  66.11
 -34.00 -31.00  66.04
 -34.00 -30.00  65.79
 -34.00 -29.00  65.43
 -34.00 -28.00  65.08
 -34.00 -27.00  64.85
 -34.00 -26.00  64.78
 -34.00 -25.00  64.82
 -34.00 -24.00  64.89
 -34.00 -23.00  64.85
 -34.00 -22.00  64.61
 -34.00 -21.00  64.13
 -34.00 -20.00  63.49
 -34.00 -19.00  62.87
 -34.00 -18.00  62.55
 -34.00 -17.00  62.84
 -34.00 -16.00  64.00
 -34.00 -15.00  66.19
 -34.00 -14.00  69.40
 -34.00 -13.00  73.45
 -34.00 -12.00  77.99
 -34.00 -11.00  82.56
 -34.00 -10.00  86.67
 -34.00  -9.00  89.88
 -34.00  -8.00  91.87
 -34.00  -7.00  92.48
 -34.00  -6.00  91.75
 -34.00  -5.00  89.86
 -34.00  -4.00  87.11
 -34.00  -3.00  83.85
 -34.00  -2.00  80.40
 -34.00  -1.00  77.01
 -34.00   0.00  73.85
 -34.00   1.00  71.00
 -34.00   2.00  68.45
 -34.00   3.00  66.19
 -34.00   4.00  64.20
 -34.00   5.00  62.49
 -34.00   6.00  61.11
 -34.00   7.00  60.13
 -34.00   8.00  59.65
 -34.00   9.00  59.73
 -34.00  10.00  60.39
 -34.00  11.00  61.59
 -34.00  12.00  63.21
 -34.00  13.00  65.10
 -34.00  14.00  67.05
 -34.00  15.00  68.85
 -34.00  16.00  70.33
 -34.00  17.00  71.29
 -34.00  18.00  71.61
 -34.00  19.00  71.18
 -34.00  20.00  69.94
 -34.00  21.00  67.84
 -34.00  22.00  64.89
 -34.00  23.00  61.14
 -34.00  24.00  56.73
 -34.00  25.00  51.84
 -34.00  26.00  46.77
 -34.00  27.00  41.84
 -33.00 -37.00  66.58
 -33.00 -36.00  65.23
 -33.00 -35.00  64.69
 -33.00 -34.00  64.68
 -33.00 -33.00  64.92
 -33.00 -32.00  65.14
 -33.00 -31.00  65.21
 -33.00 -30.00  65.08
 -33.00 -29.00  64.80
 -33.00 -28.00  64.48
 -33.00 -27.00  64.21
 -33.00 -26.00  64.07
 -33.00 -25.00  64.06
 -33.00 -24.00  64.11
 -33.00 -23.00  64.10
 -33.00 -22.00  63.93
 -33.00 -21.00  63.53
 -33.00 -20.00  62.94
 -33.00 -19.00  62.30
 -33.00 -18.00  61.84
 -33.00 -17.00  61.86
 -33.00 -16.00  62.64
 -33.00 -15.00  64.39
 -33.00 -14.00  67.18
 -33.00 -13.00  70.90
 -33.00 -12.00  75.26
 -33.00 -11.00  79.86
 -33.00 -10.00  84.20
 -33.00  -9.00  87.82
 -33.00  -8.00  90.33
 -33.00  -7.00  91.50
 -33.00  -6.00  91.30
 -33.00  -5.00  89.84
 -33.00  -4.00  87.37
 -33.00  -3.00  84.24
 -33.00  -2.00  80.78
 -33.00  -1.00  77.29
 -33.00   0.00  73.98
 -33.00   1.00  70.96
 -33.00   2.00  68.27
 -33.00   3.00  65.90
 -33.00   4.00  63.81
 -33.00   5.00  62.00
 -33.00   6.00  60.50
 -33.00   7.00  59.36
 -33.00   8.00  58.67
 -33.00   9.00  58.50
 -33.00  10.00  58.91
 -33.00  11.00  59.88
 -33.00  12.00  61.35
 -33.00  13.00  63.18
 -33.00  14.00  65.20
 -33.00  15.00  67.20
 -33.00  16.00  68.98
 -33.00  17.00  70.35
 -33.00  18.00  71.15
 -33.00  19.00  71.23
 -33.00  20.00  70.51
 -33.00  21.00  68.91
 -33.00  22.00  66.41
 -33.00  23.00  63.05
 -33.00  24.00  58.90
 -33.00  25.00  54.16
 -33.00  26.00  49.07
 -33.00  27.00  43.95
 -32.00 -37.00  66.54
 -32.00 -36.00  64.80
 -32.00 -35.00  63.95
 -32.00 -34.00  63.76
 -32.00 -33.00  63.93
 -32.00 -32.00  64.20
 -32.00 -31.00  64.37
 -32.00 -30.00  64.36
 -32.00 -29.00  64.18
 -32.00 -28.00  63.90
 -32.00 -27.00  63.62
 -32.00 -26.00  63.45
 -32.00 -25.00  63.39
 -32.00 -24.00  63.40
 -32.00 -23.00  63.41
 -32.00 -22.00  63.28
 -32.00 -21.00  62.95
 -32.00 -20.00  62.41
 -32.00 -19.00  61.77
 -32.00 -18.00  61.23
 -32.00 -17.00  61.06
 -32.00 -16.00  61.56
 -32.00 -15.00  62.96
 -32.00 -14.00  65.38
 -32.00 -13.00  68.79
 -32.00 -12.00  72.94
 -32.00 -11.00  77.49
 -32.00 -10.00  81.96
 -32.00  -9.00  85.86
 -32.00  -8.00  88.78
 -32.00  -7.00  90.42
 -32.00  -6.00  90.67
 -32.00  -5.00  89.60
 -32.00  -4.00  87.41
 -32.00  -3.00  84.42
 -32.00  -2.00  80.98
 -32.00  -1.00  77.42
 -32.00   0.00  73.98
 -32.00   1.00  70.81
 -32.00   2.00  67.99
 -32.00   3.00  65.50
 -32.00   4.00  63.33
 -32.00   5.00  61.45
 -32.00   6.00  59.85
 -32.00   7.00  58.59
 -32.00   8.00  57.74
 -32.00   9.00  57.37
 -32.00  10.00  57.56
 -32.00  11.00  58.33
 -32.00  12.00  59.64
 -32.00  13.00  61.38
 -32.00  14.00  63.42
 -32.00  15.00  65.55
 -32.00  16.00  67.56
 -32.00  17.00  69.26
 -32.00  18.00  70.47
 -32.00  19.00  71.01
 -32.00  20.00  70.76
 -32.00  21.00  69.63
 -32.00  22.00  67.56
 -32.00  23.00  64.57
 -32.00  24.00  60.72
 -32.00  25.00  56.15
 -32.00  26.00  51.10
 -32.00  27.00  45.88
 -31.00 -37.00  66.53
 -31.00 -36.00  64.47
 -31.00 -35.00  63.35
 -31.00 -34.00  62.97
 -31.00 -33.00  63.06
 -31.00 -32.00  63.33
 -31.00 -31.00  63.58
 -31.00 -30.00  63.66
 -31.00 -29.00  63.56
 -31.00 -28.00  63.34
 -31.00 -27.00  63.09
 -31.00 -26.00  62.90
 -31.00 -25.00  62.80
 -31.00 -24.00  62.79
 -31.00 -23.00  62.79
 -31.00 -22.00  62.68
 -31.00 -21.00  62.39
 -31.00 -20.00  61.89
 -31.00 -19.00  61.26
 -31.00 -18.00  60.68
 -31.00 -17.00  60.40
 -31.00 -16.00  60.71
 -31.00 -15.00  61.87
 -31.00 -14.00  64.02
 -31.00 -13.00  67.17
 -31.00 -12.00  71.15
 -31.00 -11.00  75.62
 -31.00 -10.00  80.14
 -31.00  -9.00  84.21
 -31.00  -8.00  87.40
 -31.00  -7.00  89.37
 -31.00  -6.00  89.96
 -31.00  -5.00  89.18
 -31.00  -4.00  87.21
 -31.00  -3.00  84.34
 -31.00  -2.00  80.93
 -31.00  -1.00  77.31
 -31.00   0.00  73.76
 -31.00   1.00  70.47
 -31.00   2.00  67.53
 -31.00   3.00  64.95
 -31.00   4.00  62.71
 -31.00   5.00  60.77
 -31.00   6.00  59.12
 -31.00   7.00  57.78
 -31.00   8.00  56.81
 -31.00   9.00  56.30
 -31.00  10.00  56.33
 -31.00  11.00  56.93
 -31.00  12.00  58.10
 -31.00  13.00  59.76
 -31.00  14.00  61.79
 -31.00  15.00  64.00
 -31.00  16.00  66.19
 -31.00  17.00  68.16
 -31.00  18.00  69.69
 -31.00  19.00  70.61
 -31.00  20.00  70.77
 -31.00  21.00  70.04
 -31.00  22.00  68.35
 -31.00  23.00  65.68
 -31.00  24.00  62.08
 -31.00  25.00  57.68
 -31.00  26.00  52.69
 -31.00  27.00  47.42
 -30.00 -37.00  66.81
 -30.00 -36.00  64.57
 -30.00 -35.00  63.33
 -30.00 -34.00  62.89
 -30.00 -33.00  62.98
 -30.00 -32.00  63.31
 -30.00 -31.00  63.64
 -30.00 -30.00  63.83
 -30.00 -29.00  63.83
 -30.00 -28.00  63.67
 -30.00 -27.00  63.45
 -30.00 -26.00  63.26
 -30.00 -25.00  63.15
 -30.00 -24.00  63.12
 -30.00 -23.00  63.09
 -30.00 -22.00  62.97
 -30.00 -21.00  62.67
 -30.00 -20.00  62.16
 -30.00 -19.00  61.48
 -30.00 -18.00  60.82
 -30.00 -17.00  60.41
 -30.00 -16.00  60.55
 -30.00 -15.00  61.51
 -30.00 -14.00  63.47
 -30.00 -13.00  66.44
 -30.00 -12.00  70.28
 -30.00 -11.00  74.67
 -30.00 -10.00  79.18
 -30.00  -9.00  83.31
 -30.00  -8.00  86.59
 -30.00  -7.00  88.69
 -30.00  -6.00  89.39
 -30.00  -5.00  88.71
 -30.00  -4.00  86.81
 -30.00  -3.00  83.98
 -30.00  -2.00  80.57
 -30.00  -1.00  76.93
 -30.00   0.00  73.36
 -30.00   1.00  70.05
 -30.00   2.00  67.09
 -30.00   3.00  64.51
 -30.00   4.00  62.26
 -30.00   5.00  60.30
 -30.00   6.00  58.61
 -30.00   7.00  57.20
 -30.00   8.00  56.14
 -30.00   9.00  55.52
 -30.00  10.00  55.43
 -30.00  11.00  55.93
 -30.00  12.00  57.02
 -30.00  13.00  58.65
 -30.00  14.00  60.69
 -30.00  15.00  62.97
 -30.00  16.00  65.29
 -30.00  17.00  67.42
 -30.00  18.00  69.16
 -30.00  19.00  70.32
 -30.00  20.00  70.73
 -30.00  21.00  70.27
 -30.00  22.00  68.85
 -30.00  23.00  66.43
 -30.00  24.00  63.06
 -30.00  25.00  58.83
 -30.00  26.00  53.94
 -30.00  27.00  48.69
