 -83.00 -37.00  26.17
 -83.00 -36.00  25.91
 -83.00 -35.00  25.74
 -83.00 -34.00  25.68
 -83.00 -33.00  25.69
 -83.00 -32.00  25.75
 -83.00 -31.00  25.83
 -83.00 -30.00  25.90
 -83.00 -29.00  25.94
 -83.00 -28.00  25.95
 -83.00 -27.00  25.94
 -83.00 -26.00  25.93
 -83.00 -25.00  25.94
 -83.00 -24.00  26.00
 -83.00 -23.00  26.13
 -83.00 -22.00  26.33
 -83.00 -21.00  26.58
 -83.00 -20.00  26.85
 -83.00 -19.00  27.10
 -83.00 -18.00  27.29
 -83.00 -17.00  27.38
 -83.00 -16.00  27.35
 -83.00 -15.00  27.19
 -83.00 -14.00  26.91
 -83.00 -13.00  26.54
 -83.00 -12.00  26.13
 -83.00 -11.00  25.71
 -83.00 -10.00  25.32
 -83.00  -9.00  24.96
 -83.00  -8.00  24.63
 -83.00  -7.00  24.34
 -83.00  -6.00  24.04
 -83.00  -5.00  23.72
 -83.00  -4.00  23.35
 -83.00  -3.00  22.95
 -83.00  -2.00  22.51
 -83.00  -1.00  22.06
 -83.00   0.00  21.64
 -83.00   1.00  21.27
 -83.00   2.00  20.98
 -83.00   3.00  20.77
 -83.00   4.00  20.65
 -83.00   5.00  20.59
 -83.00   6.00  20.56
 -83.00   7.00  20.52
 -83.00   8.00  20.47
 -83.00   9.00  20.38
 -83.00  10.00  20.28
 -83.00  11.00  20.18
 -83.00  12.00  20.11
 -83.00  13.00  20.12
 -83.00  14.00  20.20
 -83.00  15.00  20.38
 -83.00  16.00  20.63
 -83.00  17.00  20.92
 -83.00  18.00  21.19
 -83.00  19.00  21.41
 -83.00  20.00  21.51
 -83.00  21.00  21.49
 -83.00  22.00  21.34
 -83.00  23.00  21.08
 -83.00  24.00  20.75
 -83.00  25.00  20.41
 -83.00  26.00  20.10
 -83.00  27.00  19.86
 -82.00 -37.00  26.51
 -82.00 -36.00  26.27
 -82.00 -35.00  26.14
 -82.00 -34.00  26.10
 -82.00 -33.00  26.14
 -82.00 -32.00  26.23
 -82.00 -31.00  26.34
 -82.00 -30.00  26.43
 -82.00 -29.00  26.50
 -82.00 -28.00  26.54
 -82.00 -27.00  26.55
 -82.00 -26.00  26.57
 -82.00 -25.00  26.61
 -82.00 -24.00  26.71
 -82.00 -23.00  26.87
 -82.00 -22.00  27.09
 -82.00 -21.00  27.36
 -82.00 -20.00  27.65
 -82.00 -19.00  27.91
 -82.00 -18.00  28.11
 -82.00 -17.00  28.20
 -82.00 -16.00  28.17
 -82.00 -15.00  28.01
 -82.00 -14.00  27.73
 -82.00 -13.00  27.37
 -82.00 -12.00  26.96
 -82.00 -11.00  26.55
 -82.00 -10.00  26.16
 -82.00  -9.00  25.81
 -82.00  -8.00  25.50
 -82.00  -7.00  25.22
 -82.00  -6.00  24.93
 -82.00  -5.00  24.62
 -82.00  -4.00  24.26
 -82.00  -3.00  23.86
 -82.00  -2.00  23.43
 -82.00  -1.00  23.00
 -82.00   0.00  22.58
 -82.00   1.00  22.21
 -82.00   2.00  21.92
 -82.00   3.00  21.72
 -82.00   4.00  21.58
 -82.00   5.00  21.50
 -82.00   6.00  21.44
 -82.00   7.00  21.38
 -82.00   8.00  21.29
 -82.00   9.00  21.17
 -82.00  10.00  21.04
 -82.00  11.00  20.91
 -82.00  12.00  20.83
 -82.00  13.00  20.83
 -82.00  14.00  20.92
 -82.00  15.00  21.10
 -82.00  16.00  21.36
 -82.00  17.00  21.65
 -82.00  18.00  21.93
 -82.00  19.00  22.13
 -82.00  20.00  22.23
 -82.00  21.00  22.20
 -82.00  22.00  22.04
 -82.00  23.00  21.77
 -82.00  24.00  21.45
 -82.00  25.00  21.11
 -82.00  26.00  20.82
 -82.00  27.00  20.60
 -81.00 -37.00  26.86
 -81.00 -36.00  26.65
 -81.00 -35.00  26.54
 -81.00 -34.00  26.53
 -81.00 -33.00  26.59
 -81.00 -32.00  26.71
 -81.00 -31.00  26.84
 -81.00 -30.00  26.96
 -81.00 -29.00  27.06
 -81.00 -28.00  27.12
 -81.00 -27.00  27.17
 -81.00 -26.00  27.22
 -81.00 -25.00  27.29
 -81.00 -24.00  27.41
 -81.00 -23.00  27.60
 -81.00 -22.00  27.84
 -81.00 -21.00  28.14
 -81.00 -20.00  28.45
 -81.00 -19.00  28.72
 -81.00 -18.00  28.93
 -81.00 -17.00  29.03
 -81.00 -16.00  29.00
 -81.00 -15.00  28.84
 -81.00 -14.00  28.56
 -81.00 -13.00  28.20
 -81.00 -12.00  27.80
 -81.00 -11.00  27.40
 -81.00 -10.00  27.02
 -81.00  -9.00  26.69
 -81.00  -8.00  26.39
 -81.00  -7.00  26.11
 -81.00  -6.00  25.84
 -81.00  -5.00  25.53
 -81.00  -4.00  25.19
 -81.00  -3.00  24.80
 -81.00  -2.00  24.38
 -81.00  -1.00  23.95
 -81.00   0.00  23.54
 -81.00   1.00  23.18
 -81.00   2.00  22.89
 -81.00   3.00  22.67
 -81.00   4.00  22.53
 -81.00   5.00  22.42
 -81.00   6.00  22.34
 -81.00   7.00  22.24
 -81.00   8.00  22.12
 -81.00   9.00  21.97
 -81.00  10.00  21.80
 -81.00  11.00  21.66
 -81.00  12.00  21.57
 -81.00  13.00  21.56
 -81.00  14.00  21.65
 -81.00  15.00  21.84
 -81.00  16.00  22.10
 -81.00  17.00  22.40
 -81.00  18.00  22.68
 -81.00  19.00  22.88
 -81.00  20.00  22.98
 -81.00  21.00  22.94
 -81.00  22.00  22.77
 -81.00  23.00  22.50
 -81.00  24.00  22.17
 -81.00  25.00  21.85
 -81.00  26.00  21.57
 -81.00  27.00  21.37
 -80.00 -37.00  27.21
 -80.00 -36.00  27.02
 -80.00 -35.00  26.93
 -80.00 -34.00  26.95
 -80.00 -33.00  27.04
 -80.00 -32.00  27.18
 -80.00 -31.00  27.34
 -80.00 -30.00  27.49
 -80.00 -29.00  27.61
 -80.00 -28.00  27.70
 -80.00 -27.00  27.78
 -80.00 -26.00  27.85
 -80.00 -25.00  27.96
 -80.00 -24.00  28.11
 -80.00 -23.00  28.32
 -80.00 -22.00  28.59
 -80.00 -21.00  28.91
 -80.00 -20.00  29.23
 -80.00 -19.00  29.53
 -80.00 -18.00  29.75
 -80.00 -17.00  29.86
 -80.00 -16.00  29.84
 -80.00 -15.00  29.68
 -80.00 -14.00  29.41
 -80.00 -13.00  29.06
 -80.00 -12.00  28.67
 -80.00 -11.00  28.27
 -80.00 -10.00  27.90
 -80.00  -9.00  27.57
 -80.00  -8.00  27.28
 -80.00  -7.00  27.02
 -80.00  -6.00  26.76
 -80.00  -5.00  26.47
 -80.00  -4.00  26.14
 -80.00  -3.00  25.76
 -80.00  -2.00  25.35
 -80.00  -1.00  24.92
 -80.00   0.00  24.52
 -80.00   1.00  24.16
 -80.00   2.00  23.87
 -80.00   3.00  23.64
 -80.00   4.00  23.48
 -80.00   5.00  23.36
 -80.00   6.00  23.24
 -80.00   7.00  23.11
 -80.00   8.00  22.96
 -80.00   9.00  22.78
 -80.00  10.00  22.59
 -80.00  11.00  22.42
 -80.00  12.00  22.31
 -80.00  13.00  22.30
 -80.00  14.00  22.39
 -80.00  15.00  22.58
 -80.00  16.00  22.85
 -80.00  17.00  23.16
 -80.00  18.00  23.45
 -80.00  19.00  23.66
 -80.00  20.00  23.75
 -80.00  21.00  23.71
 -80.00  22.00  23.53
 -80.00  23.00  23.26
 -80.00  24.00  22.94
 -80.00  25.00  22.61
 -80.00  26.00  22.35
 -80.00  27.00  22.17
 -79.00 -37.00  27.56
 -79.00 -36.00  27.39
 -79.00 -35.00  27.32
 -79.00 -34.00  27.36
 -79.00 -33.00  27.47
 -79.00 -32.00  27.64
 -79.00 -31.00  27.82
 -79.00 -30.00  28.00
 -79.00 -29.00  28.15
 -79.00 -28.00  28.28
 -79.00 -27.00  28.38
 -79.00 -26.00  28.49
 -79.00 -25.00  28.61
 -79.00 -24.00  28.79
 -79.00 -23.00  29.03
 -79.00 -22.00  29.33
 -79.00 -21.00  29.67
 -79.00 -20.00  30.01
 -79.00 -19.00  30.33
 -79.00 -18.00  30.56
 -79.00 -17.00  30.69
 -79.00 -16.00  30.68
 -79.00 -15.00  30.53
 -79.00 -14.00  30.27
 -79.00 -13.00  29.92
 -79.00 -12.00  29.54
 -79.00 -11.00  29.15
 -79.00 -10.00  28.79
 -79.00  -9.00  28.47
 -79.00  -8.00  28.19
 -79.00  -7.00  27.94
 -79.00  -6.00  27.69
 -79.00  -5.00  27.41
 -79.00  -4.00  27.09
 -79.00  -3.00  26.73
 -79.00  -2.00  26.33
 -79.00  -1.00  25.91
 -79.00   0.00  25.51
 -79.00   1.00  25.15
 -79.00   2.00  24.86
 -79.00   3.00  24.62
 -79.00   4.00  24.44
 -79.00   5.00  24.30
 -79.00   6.00  24.16
 -79.00   7.00  24.00
 -79.00   8.00  23.81
 -79.00   9.00  23.60
 -79.00  10.00  23.39
 -79.00  11.00  23.20
 -79.00  12.00  23.08
 -79.00  13.00  23.05
 -79.00  14.00  23.14
 -79.00  15.00  23.34
 -79.00  16.00  23.62
 -79.00  17.00  23.94
 -79.00  18.00  24.23
 -79.00  19.00  24.45
 -79.00  20.00  24.55
 -79.00  21.00  24.51
 -79.00  22.00  24.33
 -79.00  23.00  24.06
 -79.00  24.00  23.73
 -79.00  25.00  23.41
 -79.00  26.00  23.16
 -79.00  27.00  23.00
 -78.00 -37.00  27.90
 -78.00 -36.00  27.75
 -78.00 -35.00  27.70
 -78.00 -34.00  27.76
 -78.00 -33.00  27.89
 -78.00 -32.00  28.08
 -78.00 -31.00  28.30
 -78.00 -30.00  28.50
 -78.00 -29.00  28.68
 -78.00 -28.00  28.84
 -78.00 -27.00  28.97
 -78.00 -26.00  29.10
 -78.00 -25.00  29.26
 -78.00 -24.00  29.47
 -78.00 -23.00  29.73
 -78.00 -22.00  30.05
 -78.00 -21.00  30.41
 -78.00 -20.00  30.78
 -78.00 -19.00  31.12
 -78.00 -18.00  31.37
 -78.00 -17.00  31.51
 -78.00 -16.00  31.52
 -78.00 -15.00  31.38
 -78.00 -14.00  31.13
 -78.00 -13.00  30.80
 -78.00 -12.00  30.41
 -78.00 -11.00  30.03
 -78.00 -10.00  29.68
 -78.00  -9.00  29.37
 -78.00  -8.00  29.10
 -78.00  -7.00  28.86
 -78.00  -6.00  28.62
 -78.00  -5.00  28.36
 -78.00  -4.00  28.05
 -78.00  -3.00  27.70
 -78.00  -2.00  27.31
 -78.00  -1.00  26.91
 -78.00   0.00  26.51
 -78.00   1.00  26.15
 -78.00   2.00  25.85
 -78.00   3.00  25.61
 -78.00   4.00  25.41
 -78.00   5.00  25.25
 -78.00   6.00  25.08
 -78.00   7.00  24.90
 -78.00   8.00  24.68
 -78.00   9.00  24.44
 -78.00  10.00  24.20
 -78.00  11.00  23.99
 -78.00  12.00  23.85
 -78.00  13.00  23.82
 -78.00  14.00  23.91
 -78.00  15.00  24.11
 -78.00  16.00  24.41
 -78.00  17.00  24.73
 -78.00  18.00  25.04
 -78.00  19.00  25.27
 -78.00  20.00  25.37
 -78.00  21.00  25.33
 -78.00  22.00  25.16
 -78.00  23.00  24.88
 -78.00  24.00  24.56
 -78.00  25.00  24.24
 -78.00  26.00  23.99
 -78.00  27.00  23.85
 -77.00 -37.00  28.23
 -77.00 -36.00  28.09
 -77.00 -35.00  28.07
 -77.00 -34.00  28.14
 -77.00 -33.00  28.30
 -77.00 -32.00  28.52
 -77.00 -31.00  28.75
 -77.00 -30.00  28.99
 -77.00 -29.00  29.20
 -77.00 -28.00  29.38
 -77.00 -27.00  29.54
 -77.00 -26.00  29.71
 -77.00 -25.00  29.89
 -77.00 -24.00  30.12
 -77.00 -23.00  30.41
 -77.00 -22.00  30.76
 -77.00 -21.00  31.15
 -77.00 -20.00  31.54
 -77.00 -19.00  31.90
 -77.00 -18.00  32.17
 -77.00 -17.00  32.33
 -77.00 -16.00  32.35
 -77.00 -15.00  32.24
 -77.00 -14.00  32.00
 -77.00 -13.00  31.67
 -77.00 -12.00  31.29
 -77.00 -11.00  30.92
 -77.00 -10.00  30.57
 -77.00  -9.00  30.27
 -77.00  -8.00  30.01
 -77.00  -7.00  29.78
 -77.00  -6.00  29.56
 -77.00  -5.00  29.31
 -77.00  -4.00  29.02
 -77.00  -3.00  28.68
 -77.00  -2.00  28.30
 -77.00  -1.00  27.90
 -77.00   0.00  27.51
 -77.00   1.00  27.15
 -77.00   2.00  26.85
 -77.00   3.00  26.59
 -77.00   4.00  26.39
 -77.00   5.00  26.20
 -77.00   6.00  26.01
 -77.00   7.00  25.80
 -77.00   8.00  25.56
 -77.00   9.00  25.29
 -77.00  10.00  25.02
 -77.00  11.00  24.79
 -77.00  12.00  24.64
 -77.00  13.00  24.60
 -77.00  14.00  24.69
 -77.00  15.00  24.90
 -77.00  16.00  25.20
 -77.00  17.00  25.55
 -77.00  18.00  25.87
 -77.00  19.00  26.11
 -77.00  20.00  26.22
 -77.00  21.00  26.19
 -77.00  22.00  26.01
 -77.00  23.00  25.74
 -77.00  24.00  25.41
 -77.00  25.00  25.09
 -77.00  26.00  24.85
 -77.00  27.00  24.72
 -76.00 -37.00  28.69
 -76.00 -36.00  28.56
 -76.00 -35.00  28.54
 -76.00 -34.00  28.62
 -76.00 -33.00  28.79
 -76.00 -32.00  29.01
 -76.00 -31.00  29.26
 -76.00 -30.00  29.50
 -76.00 -29.00  29.72
 -76.00 -28.00  29.91
 -76.00 -27.00  30.09
 -76.00 -26.00  30.27
 -76.00 -25.00  30.48
 -76.00 -24.00  30.73
 -76.00 -23.00  31.04
 -76.00 -22.00  31.41
 -76.00 -21.00  31.81
 -76.00 -20.00  32.20
 -76.00 -19.00  32.56
 -76.00 -18.00  32.83
 -76.00 -17.00  32.99
 -76.00 -16.00  33.01
 -76.00 -15.00  32.89
 -76.00 -14.00  32.66
 -76.00 -13.00  32.35
 -76.00 -12.00  32.00
 -76.00 -11.00  31.65
 -76.00 -10.00  31.33
 -76.00  -9.00  31.05
 -76.00  -8.00  30.81
 -76.00  -7.00  30.59
 -76.00  -6.00  30.36
 -76.00  -5.00  30.11
 -76.00  -4.00  29.81
 -76.00  -3.00  29.46
 -76.00  -2.00  29.08
 -76.00  -1.00  28.67
 -76.00   0.00  28.28
 -76.00   1.00  27.92
 -76.00   2.00  27.61
 -76.00   3.00  27.35
 -76.00   4.00  27.13
 -76.00   5.00  26.92
 -76.00   6.00  26.71
 -76.00   7.00  26.46
 -76.00   8.00  26.17
 -76.00   9.00  25.86
 -76.00  10.00  25.54
 -76.00  11.00  25.27
 -76.00  12.00  25.10
 -76.00  13.00  25.04
 -76.00  14.00  25.13
 -76.00  15.00  25.36
 -76.00  16.00  25.69
 -76.00  17.00  26.07
 -76.00  18.00  26.42
 -76.00  19.00  26.68
 -76.00  20.00  26.81
 -76.00  21.00  26.78
 -76.00  22.00  26.60
 -76.00  23.00  26.31
 -76.00  24.00  25.97
 -76.00  25.00  25.64
 -76.00  26.00  25.39
 -76.00  27.00  25.26
 -75.00 -37.00  29.15
 -75.00 -36.00  29.02
 -75.00 -35.00  29.00
 -75.00 -34.00  29.09
 -75.00 -33.00  29.27
 -75.00 -32.00  29.49
 -75.00 -31.00  29.75
 -75.00 -30.00  29.99
 -75.00 -29.00  30.22
 -75.00 -28.00  30.43
 -75.00 -27.00  30.62
 -75.00 -26.00  30.82
 -75.00 -25.00  31.05
 -75.00 -24.00  31.33
 -75.00 -23.00  31.66
 -75.00 -22.00  32.04
 -75.00 -21.00  32.45
 -75.00 -20.00  32.85
 -75.00 -19.00  33.21
 -75.00 -18.00  33.48
 -75.00 -17.00  33.63
 -75.00 -16.00  33.65
 -75.00 -15.00  33.54
 -75.00 -14.00  33.32
 -75.00 -13.00  33.02
 -75.00 -12.00  32.70
 -75.00 -11.00  32.37
 -75.00 -10.00  32.07
 -75.00  -9.00  31.82
 -75.00  -8.00  31.59
 -75.00  -7.00  31.39
 -75.00  -6.00  31.16
 -75.00  -5.00  30.91
 -75.00  -4.00  30.60
 -75.00  -3.00  30.24
 -75.00  -2.00  29.84
 -75.00  -1.00  29.42
 -75.00   0.00  29.02
 -75.00   1.00  28.66
 -75.00   2.00  28.34
 -75.00   3.00  28.08
 -75.00   4.00  27.85
 -75.00   5.00  27.63
 -75.00   6.00  27.39
 -75.00   7.00  27.11
 -75.00   8.00  26.78
 -75.00   9.00  26.42
 -75.00  10.00  26.06
 -75.00  11.00  25.75
 -75.00  12.00  25.54
 -75.00  13.00  25.48
 -75.00  14.00  25.57
 -75.00  15.00  25.81
 -75.00  16.00  26.16
 -75.00  17.00  26.57
 -75.00  18.00  26.96
 -75.00  19.00  27.25
 -75.00  20.00  27.40
 -75.00  21.00  27.38
 -75.00  22.00  27.20
 -75.00  23.00  26.89
 -75.00  24.00  26.53
 -75.00  25.00  26.18
 -75.00  26.00  25.92
 -75.00  27.00  25.80
 -74.00 -37.00  29.61
 -74.00 -36.00  29.48
 -74.00 -35.00  29.47
 -74.00 -34.00  29.56
 -74.00 -33.00  29.74
 -74.00 -32.00  29.97
 -74.00 -31.00  30.23
 -74.00 -30.00  30.48
 -74.00 -29.00  30.72
 -74.00 -28.00  30.93
 -74.00 -27.00  31.14
 -74.00 -26.00  31.36
 -74.00 -25.00  31.61
 -74.00 -24.00  31.90
 -74.00 -23.00  32.25
 -74.00 -22.00  32.65
 -74.00 -21.00  33.07
 -74.00 -20.00  33.48
 -74.00 -19.00  33.84
 -74.00 -18.00  34.11
 -74.00 -17.00  34.27
 -74.00 -16.00  34.29
 -74.00 -15.00  34.18
 -74.00 -14.00  33.97
 -74.00 -13.00  33.69
 -74.00 -12.00  33.39
 -74.00 -11.00  33.09
 -74.00 -10.00  32.82
 -74.00  -9.00  32.59
 -74.00  -8.00  32.38
 -74.00  -7.00  32.18
 -74.00  -6.00  31.96
 -74.00  -5.00  31.70
 -74.00  -4.00  31.37
 -74.00  -3.00  31.00
 -74.00  -2.00  30.58
 -74.00  -1.00  30.15
 -74.00   0.00  29.74
 -74.00   1.00  29.37
 -74.00   2.00  29.06
 -74.00   3.00  28.80
 -74.00   4.00  28.56
 -74.00   5.00  28.33
 -74.00   6.00  28.07
 -74.00   7.00  27.76
 -74.00   8.00  27.39
 -74.00   9.00  26.98
 -74.00  10.00  26.58
 -74.00  11.00  26.23
 -74.00  12.00  25.99
 -74.00  13.00  25.90
 -74.00  14.00  25.99
 -74.00  15.00  26.24
 -74.00  16.00  26.62
 -74.00  17.00  27.07
 -74.00  18.00  27.49
 -74.00  19.00  27.82
 -74.00  20.00  27.99
 -74.00  21.00  27.98
 -74.00  22.00  27.79
 -74.00  23.00  27.47
 -74.00  24.00  27.09
 -74.00  25.00  26.72
 -74.00  26.00  26.45
 -74.00  27.00  26.33
 -73.00 -37.00  30.09
 -73.00 -36.00  29.95
 -73.00 -35.00  29.93
 -73.00 -34.00  30.02
 -73.00 -33.00  30.20
 -73.00 -32.00  30.44
 -73.00 -31.00  30.70
 -73.00 -30.00  30.96
 -73.00 -29.00  31.20
 -73.00 -28.00  31.43
 -73.00 -27.00  31.65
 -73.00 -26.00  31.88
 -73.00 -25.00  32.15
 -73.00 -24.00  32.46
 -73.00 -23.00  32.83
 -73.00 -22.00  33.25
 -73.00 -21.00  33.68
 -73.00 -20.00  34.10
 -73.00 -19.00  34.46
 -73.00 -18.00  34.74
 -73.00 -17.00  34.89
 -73.00 -16.00  34.91
 -73.00 -15.00  34.81
 -73.00 -14.00  34.61
 -73.00 -13.00  34.36
 -73.00 -12.00  34.07
 -73.00 -11.00  33.80
 -73.00 -10.00  33.56
 -73.00  -9.00  33.35
 -73.00  -8.00  33.17
 -73.00  -7.00  32.98
 -73.00  -6.00  32.76
 -73.00  -5.00  32.48
 -73.00  -4.00  32.15
 -73.00  -3.00  31.75
 -73.00  -2.00  31.32
 -73.00  -1.00  30.87
 -73.00   0.00  30.45
 -73.00   1.00  30.07
 -73.00   2.00  29.76
 -73.00   3.00  29.49
 -73.00   4.00  29.26
 -73.00   5.00  29.02
 -73.00   6.00  28.75
 -73.00   7.00  28.41
 -73.00   8.00  28.01
 -73.00   9.00  27.56
 -73.00  10.00  27.11
 -73.00  11.00  26.71
 -73.00  12.00  26.43
 -73.00  13.00  26.32
 -73.00  14.00  26.40
 -73.00  15.00  26.66
 -73.00  16.00  27.06
 -73.00  17.00  27.54
 -73.00  18.00  28.01
 -73.00  19.00  28.37
 -73.00  20.00  28.58
 -73.00  21.00  28.58
 -73.00  22.00  28.40
 -73.00  23.00  28.07
 -73.00  24.00  27.66
 -73.00  25.00  27.27
 -73.00  26.00  26.98
 -73.00  27.00  26.86
 -72.00 -37.00  30.57
 -72.00 -36.00  30.42
 -72.00 -35.00  30.40
 -72.00 -34.00  30.48
 -72.00 -33.00  30.66
 -72.00 -32.00  30.90
 -72.00 -31.00  31.16
 -72.00 -30.00  31.42
 -72.00 -29.00  31.68
 -72.00 -28.00  31.91
 -72.00 -27.00  32.14
 -72.00 -26.00  32.39
 -72.00 -25.00  32.67
 -72.00 -24.00  33.01
 -72.00 -23.00  33.39
 -72.00 -22.00  33.82
 -72.00 -21.00  34.27
 -72.00 -20.00  34.70
 -72.00 -19.00  35.07
 -72.00 -18.00  35.35
 -72.00 -17.00  35.50
 -72.00 -16.00  35.53
 -72.00 -15.00  35.44
 -72.00 -14.00  35.26
 -72.00 -13.00  35.02
 -72.00 -12.00  34.76
 -72.00 -11.00  34.52
 -72.00 -10.00  34.30
 -72.00  -9.00  34.12
 -72.00  -8.00  33.95
 -72.00  -7.00  33.77
 -72.00  -6.00  33.55
 -72.00  -5.00  33.27
 -72.00  -4.00  32.92
 -72.00  -3.00  32.51
 -72.00  -2.00  32.05
 -72.00  -1.00  31.58
 -72.00   0.00  31.14
 -72.00   1.00  30.76
 -72.00   2.00  30.44
 -72.00   3.00  30.17
 -72.00   4.00  29.94
 -72.00   5.00  29.71
 -72.00   6.00  29.42
 -72.00   7.00  29.07
 -72.00   8.00  28.64
 -72.00   9.00  28.16
 -72.00  10.00  27.66
 -72.00  11.00  27.21
 -72.00  12.00  26.89
 -72.00  13.00  26.74
 -72.00  14.00  26.79
 -72.00  15.00  27.06
 -72.00  16.00  27.48
 -72.00  17.00  27.99
 -72.00  18.00  28.50
 -72.00  19.00  28.91
 -72.00  20.00  29.16
 -72.00  21.00  29.19
 -72.00  22.00  29.02
 -72.00  23.00  28.68
 -72.00  24.00  28.25
 -72.00  25.00  27.83
 -72.00  26.00  27.52
 -72.00  27.00  27.38
 -71.00 -37.00  31.07
 -71.00 -36.00  30.91
 -71.00 -35.00  30.87
 -71.00 -34.00  30.94
 -71.00 -33.00  31.12
 -71.00 -32.00  31.35
 -71.00 -31.00  31.62
 -71.00 -30.00  31.88
 -71.00 -29.00  32.14
 -71.00 -28.00  32.38
 -71.00 -27.00  32.63
 -71.00 -26.00  32.89
 -71.00 -25.00  33.18
 -71.00 -24.00  33.53
 -71.00 -23.00  33.93
 -71.00 -22.00  34.38
 -71.00 -21.00  34.84
 -71.00 -20.00  35.28
 -71.00 -19.00  35.66
 -71.00 -18.00  35.95
 -71.00 -17.00  36.11
 -71.00 -16.00  36.15
 -71.00 -15.00  36.07
 -71.00 -14.00  35.90
 -71.00 -13.00  35.68
 -71.00 -12.00  35.45
 -71.00 -11.00  35.23
 -71.00 -10.00  35.04
 -71.00  -9.00  34.88
 -71.00  -8.00  34.73
 -71.00  -7.00  34.57
 -71.00  -6.00  34.35
 -71.00  -5.00  34.07
 -71.00  -4.00  33.70
 -71.00  -3.00  33.27
 -71.00  -2.00  32.78
 -71.00  -1.00  32.29
 -71.00   0.00  31.83
 -71.00   1.00  31.43
 -71.00   2.00  31.10
 -71.00   3.00  30.84
 -71.00   4.00  30.61
 -71.00   5.00  30.38
 -71.00   6.00  30.10
 -71.00   7.00  29.75
 -71.00   8.00  29.30
 -71.00   9.00  28.78
 -71.00  10.00  28.24
 -71.00  11.00  27.74
 -71.00  12.00  27.36
 -71.00  13.00  27.16
 -71.00  14.00  27.19
 -71.00  15.00  27.44
 -71.00  16.00  27.87
 -71.00  17.00  28.42
 -71.00  18.00  28.97
 -71.00  19.00  29.44
 -71.00  20.00  29.73
 -71.00  21.00  29.80
 -71.00  22.00  29.64
 -71.00  23.00  29.30
 -71.00  24.00  28.86
 -71.00  25.00  28.41
 -71.00  26.00  28.06
 -71.00  27.00  27.90
 -70.00 -37.00  31.59
 -70.00 -36.00  31.40
 -70.00 -35.00  31.34
 -70.00 -34.00  31.41
 -70.00 -33.00  31.57
 -70.00 -32.00  31.80
 -70.00 -31.00  32.06
 -70.00 -30.00  32.33
 -70.00 -29.00  32.60
 -70.00 -28.00  32.85
 -70.00 -27.00  33.10
 -70.00 -26.00  33.37
 -70.00 -25.00  33.68
 -70.00 -24.00  34.04
 -70.00 -23.00  34.45
 -70.00 -22.00  34.91
 -70.00 -21.00  35.39
 -70.00 -20.00  35.84
 -70.00 -19.00  36.24
 -70.00 -18.00  36.54
 -70.00 -17.00  36.72
 -70.00 -16.00  36.77
 -70.00 -15.00  36.70
 -70.00 -14.00  36.55
 -70.00 -13.00  36.34
 -70.00 -12.00  36.13
 -70.00 -11.00  35.93
 -70.00 -10.00  35.77
 -70.00  -9.00  35.64
 -70.00  -8.00  35.51
 -70.00  -7.00  35.36
 -70.00  -6.00  35.16
 -70.00  -5.00  34.87
 -70.00  -4.00  34.50
 -70.00  -3.00  34.04
 -70.00  -2.00  33.53
 -70.00  -1.00  33.01
 -70.00   0.00  32.52
 -70.00   1.00  32.09
 -70.00   2.00  31.75
 -70.00   3.00  31.49
 -70.00   4.00  31.27
 -70.00   5.00  31.05
 -70.00   6.00  30.79
 -70.00   7.00  30.43
 -70.00   8.00  29.98
 -70.00   9.00  29.43
 -70.00  10.00  28.85
 -70.00  11.00  28.30
 -70.00  12.00  27.86
 -70.00  13.00  27.60
 -70.00  14.00  27.58
 -70.00  15.00  27.81
 -70.00  16.00  28.24
 -70.00  17.00  28.81
 -70.00  18.00  29.41
 -70.00  19.00  29.93
 -70.00  20.00  30.29
 -70.00  21.00  30.41
 -70.00  22.00  30.28
 -70.00  23.00  29.95
 -70.00  24.00  29.49
 -70.00  25.00  29.01
 -70.00  26.00  28.63
 -70.00  27.00  28.43
 -69.00 -37.00  32.13
 -69.00 -36.00  31.91
 -69.00 -35.00  31.83
 -69.00 -34.00  31.87
 -69.00 -33.00  32.02
 -69.00 -32.00  32.24
 -69.00 -31.00  32.51
 -69.00 -30.00  32.78
 -69.00 -29.00  33.05
 -69.00 -28.00  33.30
 -69.00 -27.00  33.56
 -69.00 -26.00  33.84
 -69.00 -25.00  34.15
 -69.00 -24.00  34.52
 -69.00 -23.00  34.95
 -69.00 -22.00  35.42
 -69.00 -21.00  35.92
 -69.00 -20.00  36.39
 -69.00 -19.00  36.80
 -69.00 -18.00  37.12
 -69.00 -17.00  37.32
 -69.00 -16.00  37.38
 -69.00 -15.00  37.33
 -69.00 -14.00  37.20
 -69.00 -13.00  37.01
 -69.00 -12.00  36.81
 -69.00 -11.00  36.64
 -69.00 -10.00  36.50
 -69.00  -9.00  36.39
 -69.00  -8.00  36.29
 -69.00  -7.00  36.16
 -69.00  -6.00  35.97
 -69.00  -5.00  35.69
 -69.00  -4.00  35.31
 -69.00  -3.00  34.83
 -69.00  -2.00  34.29
 -69.00  -1.00  33.73
 -69.00   0.00  33.21
 -69.00   1.00  32.76
 -69.00   2.00  32.40
 -69.00   3.00  32.13
 -69.00   4.00  31.92
 -69.00   5.00  31.72
 -69.00   6.00  31.47
 -69.00   7.00  31.13
 -69.00   8.00  30.68
 -69.00   9.00  30.12
 -69.00  10.00  29.50
 -69.00  11.00  28.90
 -69.00  12.00  28.39
 -69.00  13.00  28.07
 -69.00  14.00  27.99
 -69.00  15.00  28.18
 -69.00  16.00  28.60
 -69.00  17.00  29.18
 -69.00  18.00  29.82
 -69.00  19.00  30.41
 -69.00  20.00  30.83
 -69.00  21.00  31.01
 -69.00  22.00  30.93
 -69.00  23.00  30.62
 -69.00  24.00  30.16
 -69.00  25.00  29.65
 -69.00  26.00  29.22
 -69.00  27.00  28.97
 -68.00 -37.00  32.70
 -68.00 -36.00  32.44
 -68.00 -35.00  32.32
 -68.00 -34.00  32.34
 -68.00 -33.00  32.47
 -68.00 -32.00  32.68
 -68.00 -31.00  32.94
 -68.00 -30.00  33.22
 -68.00 -29.00  33.49
 -68.00 -28.00  33.75
 -68.00 -27.00  34.02
 -68.00 -26.00  34.30
 -68.00 -25.00  34.62
 -68.00 -24.00  35.00
 -68.00 -23.00  35.43
 -68.00 -22.00  35.92
 -68.00 -21.00  36.43
 -68.00 -20.00  36.92
 -68.00 -19.00  37.36
 -68.00 -18.00  37.70
 -68.00 -17.00  37.92
 -68.00 -16.00  38.00
 -68.00 -15.00  37.97
 -68.00 -14.00  37.85
 -68.00 -13.00  37.68
 -68.00 -12.00  37.50
 -68.00 -11.00  37.34
 -68.00 -10.00  37.22
 -68.00  -9.00  37.14
 -68.00  -8.00  37.07
 -68.00  -7.00  36.96
 -68.00  -6.00  36.79
 -68.00  -5.00  36.52
 -68.00  -4.00  36.14
 -68.00  -3.00  35.64
 -68.00  -2.00  35.07
 -68.00  -1.00  34.48
 -68.00   0.00  33.91
 -68.00   1.00  33.42
 -68.00   2.00  33.04
 -68.00   3.00  32.76
 -68.00   4.00  32.55
 -68.00   5.00  32.37
 -68.00   6.00  32.15
 -68.00   7.00  31.84
 -68.00   8.00  31.40
 -68.00   9.00  30.84
 -68.00  10.00  30.20
 -68.00  11.00  29.55
 -68.00  12.00  28.97
 -68.00  13.00  28.57
 -68.00  14.00  28.42
 -68.00  15.00  28.55
 -68.00  16.00  28.94
 -68.00  17.00  29.53
 -68.00  18.00  30.20
 -68.00  19.00  30.85
 -68.00  20.00  31.34
 -68.00  21.00  31.60
 -68.00  22.00  31.58
 -68.00  23.00  31.31
 -68.00  24.00  30.85
 -68.00  25.00  30.32
 -68.00  26.00  29.84
 -68.00  27.00  29.53
 -67.00 -37.00  33.29
 -67.00 -36.00  32.99
 -67.00 -35.00  32.83
 -67.00 -34.00  32.82
 -67.00 -33.00  32.92
 -67.00 -32.00  33.12
 -67.00 -31.00  33.37
 -67.00 -30.00  33.65
 -67.00 -29.00  33.93
 -67.00 -28.00  34.19
 -67.00 -27.00  34.46
 -67.00 -26.00  34.75
 -67.00 -25.00  35.07
 -67.00 -24.00  35.45
 -67.00 -23.00  35.90
 -67.00 -22.00  36.39
 -67.00 -21.00  36.92
 -67.00 -20.00  37.43
 -67.00 -19.00  37.90
 -67.00 -18.00  38.27
 -67.00 -17.00  38.51
 -67.00 -16.00  38.62
 -67.00 -15.00  38.61
 -67.00 -14.00  38.51
 -67.00 -13.00  38.35
 -67.00 -12.00  38.18
 -67.00 -11.00  38.04
 -67.00 -10.00  37.94
 -67.00  -9.00  37.88
 -67.00  -8.00  37.83
 -67.00  -7.00  37.76
 -67.00  -6.00  37.62
 -67.00  -5.00  37.37
 -67.00  -4.00  36.99
 -67.00  -3.00  36.48
 -67.00  -2.00  35.89
 -67.00  -1.00  35.25
 -67.00   0.00  34.64
 -67.00   1.00  34.11
 -67.00   2.00  33.68
 -67.00   3.00  33.38
 -67.00   4.00  33.17
 -67.00   5.00  33.01
 -67.00   6.00  32.82
 -67.00   7.00  32.55
 -67.00   8.00  32.14
 -67.00   9.00  31.60
 -67.00  10.00  30.94
 -67.00  11.00  30.25
 -67.00  12.00  29.61
 -67.00  13.00  29.13
 -67.00  14.00  28.89
 -67.00  15.00  28.94
 -67.00  16.00  29.28
 -67.00  17.00  29.86
 -67.00  18.00  30.56
 -67.00  19.00  31.26
 -67.00  20.00  31.84
 -67.00  21.00  32.18
 -67.00  22.00  32.24
 -67.00  23.00  32.02
 -67.00  24.00  31.57
 -67.00  25.00  31.02
 -67.00  26.00  30.49
 -67.00  27.00  30.12
 -66.00 -37.00  33.90
 -66.00 -36.00  33.56
 -66.00 -35.00  33.36
 -66.00 -34.00  33.30
 -66.00 -33.00  33.38
 -66.00 -32.00  33.56
 -66.00 -31.00  33.80
 -66.00 -30.00  34.08
 -66.00 -29.00  34.36
 -66.00 -28.00  34.63
 -66.00 -27.00  34.90
 -66.00 -26.00  35.19
 -66.00 -25.00  35.51
 -66.00 -24.00  35.90
 -66.00 -23.00  36.34
 -66.00 -22.00  36.85
 -66.00 -21.00  37.39
 -66.00 -20.00  37.93
 -66.00 -19.00  38.42
 -66.00 -18.00  38.82
 -66.00 -17.00  39.10
 -66.00 -16.00  39.25
 -66.00 -15.00  39.26
 -66.00 -14.00  39.17
 -66.00 -13.00  39.03
 -66.00 -12.00  38.87
 -66.00 -11.00  38.74
 -66.00 -10.00  38.65
 -66.00  -9.00  38.61
 -66.00  -8.00  38.59
 -66.00  -7.00  38.56
 -66.00  -6.00  38.45
 -66.00  -5.00  38.22
 -66.00  -4.00  37.86
 -66.00  -3.00  37.35
 -66.00  -2.00  36.74
 -66.00  -1.00  36.06
 -66.00   0.00  35.40
 -66.00   1.00  34.81
 -66.00   2.00  34.34
 -66.00   3.00  34.00
 -66.00   4.00  33.78
 -66.00   5.00  33.63
 -66.00   6.00  33.48
 -66.00   7.00  33.25
 -66.00   8.00  32.89
 -66.00   9.00  32.37
 -66.00  10.00  31.72
 -66.00  11.00  31.00
 -66.00  12.00  30.30
 -66.00  13.00  29.73
 -66.00  14.00  29.40
 -66.00  15.00  29.36
 -66.00  16.00  29.64
 -66.00  17.00  30.18
 -66.00  18.00  30.89
 -66.00  19.00  31.65
 -66.00  20.00  32.30
 -66.00  21.00  32.74
 -66.00  22.00  32.89
 -66.00  23.00  32.73
 -66.00  24.00  32.32
 -66.00  25.00  31.76
 -66.00  26.00  31.19
 -66.00  27.00  30.75
 -65.00 -37.00  34.54
 -65.00 -36.00  34.16
 -65.00 -35.00  33.90
 -65.00 -34.00  33.80
 -65.00 -33.00  33.84
 -65.00 -32.00  34.00
 -65.00 -31.00  34.23
 -65.00 -30.00  34.50
 -65.00 -29.00  34.78
 -65.00 -28.00  35.06
 -65.00 -27.00  35.34
 -65.00 -26.00  35.63
 -65.00 -25.00  35.95
 -65.00 -24.00  36.33
 -65.00 -23.00  36.78
 -65.00 -22.00  37.29
 -65.00 -21.00  37.85
 -65.00 -20.00  38.41
 -65.00 -19.00  38.93
 -65.00 -18.00  39.37
 -65.00 -17.00  39.69
 -65.00 -16.00  39.87
 -65.00 -15.00  39.91
 -65.00 -14.00  39.84
 -65.00 -13.00  39.71
 -65.00 -12.00  39.56
 -65.00 -11.00  39.43
 -65.00 -10.00  39.36
 -65.00  -9.00  39.34
 -65.00  -8.00  39.35
 -65.00  -7.00  39.34
 -65.00  -6.00  39.27
 -65.00  -5.00  39.09
 -65.00  -4.00  38.75
 -65.00  -3.00  38.25
 -65.00  -2.00  37.62
 -65.00  -1.00  36.91
 -65.00   0.00  36.20
 -65.00   1.00  35.54
 -65.00   2.00  35.01
 -65.00   3.00  34.63
 -65.00   4.00  34.39
 -65.00   5.00  34.25
 -65.00   6.00  34.13
 -65.00   7.00  33.95
 -65.00   8.00  33.64
 -65.00   9.00  33.16
 -65.00  10.00  32.53
 -65.00  11.00  31.79
 -65.00  12.00  31.04
 -65.00  13.00  30.39
 -65.00  14.00  29.96
 -65.00  15.00  29.82
 -65.00  16.00  30.01
 -65.00  17.00  30.50
 -65.00  18.00  31.21
 -65.00  19.00  32.00
 -65.00  20.00  32.73
 -65.00  21.00  33.27
 -65.00  22.00  33.52
 -65.00  23.00  33.45
 -65.00  24.00  33.09
 -65.00  25.00  32.54
 -65.00  26.00  31.93
 -65.00  27.00  31.43
 -64.00 -37.00  35.21
 -64.00 -36.00  34.78
 -64.00 -35.00  34.47
 -64.00 -34.00  34.32
 -64.00 -33.00  34.32
 -64.00 -32.00  34.44
 -64.00 -31.00  34.65
 -64.00 -30.00  34.92
 -64.00 -29.00  35.20
 -64.00 -28.00  35.49
 -64.00 -27.00  35.77
 -64.00 -26.00  36.06
 -64.00 -25.00  36.38
 -64.00 -24.00  36.75
 -64.00 -23.00  37.20
 -64.00 -22.00  37.71
 -64.00 -21.00  38.28
 -64.00 -20.00  38.87
 -64.00 -19.00  39.42
 -64.00 -18.00  39.90
 -64.00 -17.00  40.26
 -64.00 -16.00  40.48
 -64.00 -15.00  40.56
 -64.00 -14.00  40.52
 -64.00 -13.00  40.40
 -64.00 -12.00  40.26
 -64.00 -11.00  40.13
 -64.00 -10.00  40.06
 -64.00  -9.00  40.05
 -64.00  -8.00  40.09
 -64.00  -7.00  40.12
 -64.00  -6.00  40.09
 -64.00  -5.00  39.95
 -64.00  -4.00  39.65
 -64.00  -3.00  39.18
 -64.00  -2.00  38.54
 -64.00  -1.00  37.81
 -64.00   0.00  37.04
 -64.00   1.00  36.32
 -64.00   2.00  35.72
 -64.00   3.00  35.28
 -64.00   4.00  35.00
 -64.00   5.00  34.85
 -64.00   6.00  34.75
 -64.00   7.00  34.62
 -64.00   8.00  34.37
 -64.00   9.00  33.96
 -64.00  10.00  33.36
 -64.00  11.00  32.63
 -64.00  12.00  31.84
 -64.00  13.00  31.12
 -64.00  14.00  30.58
 -64.00  15.00  30.33
 -64.00  16.00  30.42
 -64.00  17.00  30.83
 -64.00  18.00  31.51
 -64.00  19.00  32.33
 -64.00  20.00  33.13
 -64.00  21.00  33.76
 -64.00  22.00  34.13
 -64.00  23.00  34.16
 -64.00  24.00  33.87
 -64.00  25.00  33.34
 -64.00  26.00  32.72
 -64.00  27.00  32.14
 -63.00 -37.00  35.91
 -63.00 -36.00  35.43
 -63.00 -35.00  35.07
 -63.00 -34.00  34.86
 -63.00 -33.00  34.81
 -63.00 -32.00  34.89
 -63.00 -31.00  35.08
 -63.00 -30.00  35.34
 -63.00 -29.00  35.62
 -63.00 -28.00  35.91
 -63.00 -27.00  36.19
 -63.00 -26.00  36.49
 -63.00 -25.00  36.80
 -63.00 -24.00  37.17
 -63.00 -23.00  37.61
 -63.00 -22.00  38.13
 -63.00 -21.00  38.70
 -63.00 -20.00  39.31
 -63.00 -19.00  39.90
 -63.00 -18.00  40.42
 -63.00 -17.00  40.83
 -63.00 -16.00  41.10
 -63.00 -15.00  41.22
 -63.00 -14.00  41.21
 -63.00 -13.00  41.10
 -63.00 -12.00  40.97
 -63.00 -11.00  40.84
 -63.00 -10.00  40.77
 -63.00  -9.00  40.77
 -63.00  -8.00  40.82
 -63.00  -7.00  40.89
 -63.00  -6.00  40.91
 -63.00  -5.00  40.82
 -63.00  -4.00  40.57
 -63.00  -3.00  40.13
 -63.00  -2.00  39.51
 -63.00  -1.00  38.75
 -63.00   0.00  37.94
 -63.00   1.00  37.15
 -63.00   2.00  36.47
 -63.00   3.00  35.96
 -63.00   4.00  35.63
 -63.00   5.00  35.45
 -63.00   6.00  35.37
 -63.00   7.00  35.28
 -63.00   8.00  35.09
 -63.00   9.00  34.75
 -63.00  10.00  34.21
 -63.00  11.00  33.49
 -63.00  12.00  32.69
 -63.00  13.00  31.90
 -63.00  14.00  31.26
 -63.00  15.00  30.89
 -63.00  16.00  30.86
 -63.00  17.00  31.18
 -63.00  18.00  31.81
 -63.00  19.00  32.62
 -63.00  20.00  33.48
 -63.00  21.00  34.21
 -63.00  22.00  34.69
 -63.00  23.00  34.84
 -63.00  24.00  34.64
 -63.00  25.00  34.17
 -63.00  26.00  33.54
 -63.00  27.00  32.91
 -62.00 -37.00  36.65
 -62.00 -36.00  36.12
 -62.00 -35.00  35.70
 -62.00 -34.00  35.43
 -62.00 -33.00  35.32
 -62.00 -32.00  35.36
 -62.00 -31.00  35.52
 -62.00 -30.00  35.76
 -62.00 -29.00  36.04
 -62.00 -28.00  36.33
 -62.00 -27.00  36.62
 -62.00 -26.00  36.91
 -62.00 -25.00  37.23
 -62.00 -24.00  37.59
 -62.00 -23.00  38.02
 -62.00 -22.00  38.52
 -62.00 -21.00  39.10
 -62.00 -20.00  39.72
 -62.00 -19.00  40.34
 -62.00 -18.00  40.91
 -62.00 -17.00  41.38
 -62.00 -16.00  41.70
 -62.00 -15.00  41.87
 -62.00 -14.00  41.90
 -62.00 -13.00  41.82
 -62.00 -12.00  41.69
 -62.00 -11.00  41.56
 -62.00 -10.00  41.49
 -62.00  -9.00  41.48
 -62.00  -8.00  41.55
 -62.00  -7.00  41.64
 -62.00  -6.00  41.71
 -62.00  -5.00  41.68
 -62.00  -4.00  41.49
 -62.00  -3.00  41.10
 -62.00  -2.00  40.51
 -62.00  -1.00  39.76
 -62.00   0.00  38.91
 -62.00   1.00  38.05
 -62.00   2.00  37.29
 -62.00   3.00  36.69
 -62.00   4.00  36.28
 -62.00   5.00  36.06
 -62.00   6.00  35.97
 -62.00   7.00  35.91
 -62.00   8.00  35.79
 -62.00   9.00  35.52
 -62.00  10.00  35.05
 -62.00  11.00  34.39
 -62.00  12.00  33.58
 -62.00  13.00  32.75
 -62.00  14.00  32.02
 -62.00  15.00  31.52
 -62.00  16.00  31.35
 -62.00  17.00  31.55
 -62.00  18.00  32.09
 -62.00  19.00  32.88
 -62.00  20.00  33.77
 -62.00  21.00  34.60
 -62.00  22.00  35.20
 -62.00  23.00  35.49
 -62.00  24.00  35.40
 -62.00  25.00  35.00
 -62.00  26.00  34.39
 -62.00  27.00  33.72
 -61.00 -37.00  37.42
 -61.00 -36.00  36.85
 -61.00 -35.00  36.38
 -61.00 -34.00  36.04
 -61.00 -33.00  35.86
 -61.00 -32.00  35.84
 -61.00 -31.00  35.96
 -61.00 -30.00  36.18
 -61.00 -29.00  36.45
 -61.00 -28.00  36.74
 -61.00 -27.00  37.04
 -61.00 -26.00  37.34
 -61.00 -25.00  37.65
 -61.00 -24.00  38.00
 -61.00 -23.00  38.42
 -61.00 -22.00  38.91
 -61.00 -21.00  39.49
 -61.00 -20.00  40.12
 -61.00 -19.00  40.77
 -61.00 -18.00  41.38
 -61.00 -17.00  41.90
 -61.00 -16.00  42.29
 -61.00 -15.00  42.52
 -61.00 -14.00  42.60
 -61.00 -13.00  42.55
 -61.00 -12.00  42.44
 -61.00 -11.00  42.30
 -61.00 -10.00  42.21
 -61.00  -9.00  42.20
 -61.00  -8.00  42.27
 -61.00  -7.00  42.38
 -61.00  -6.00  42.49
 -61.00  -5.00  42.53
 -61.00  -4.00  42.41
 -61.00  -3.00  42.09
 -61.00  -2.00  41.55
 -61.00  -1.00  40.82
 -61.00   0.00  39.95
 -61.00   1.00  39.04
 -61.00   2.00  38.19
 -61.00   3.00  37.48
 -61.00   4.00  36.98
 -61.00   5.00  36.69
 -61.00   6.00  36.56
 -61.00   7.00  36.52
 -61.00   8.00  36.46
 -61.00   9.00  36.27
 -61.00  10.00  35.89
 -61.00  11.00  35.29
 -61.00  12.00  34.51
 -61.00  13.00  33.65
 -61.00  14.00  32.84
 -61.00  15.00  32.22
 -61.00  16.00  31.90
 -61.00  17.00  31.96
 -61.00  18.00  32.39
 -61.00  19.00  33.12
 -61.00  20.00  34.02
 -61.00  21.00  34.92
 -61.00  22.00  35.64
 -61.00  23.00  36.07
 -61.00  24.00  36.13
 -61.00  25.00  35.83
 -61.00  26.00  35.26
 -61.00  27.00  34.57
 -60.00 -37.00  38.22
 -60.00 -36.00  37.63
 -60.00 -35.00  37.10
 -60.00 -34.00  36.69
 -60.00 -33.00  36.44
 -60.00 -32.00  36.36
 -60.00 -31.00  36.42
 -60.00 -30.00  36.61
 -60.00 -29.00  36.86
 -60.00 -28.00  37.16
 -60.00 -27.00  37.46
 -60.00 -26.00  37.76
 -60.00 -25.00  38.07
 -60.00 -24.00  38.41
 -60.00 -23.00  38.81
 -60.00 -22.00  39.29
 -60.00 -21.00  39.86
 -60.00 -20.00  40.49
 -60.00 -19.00  41.16
 -60.00 -18.00  41.81
 -60.00 -17.00  42.40
 -60.00 -16.00  42.85
 -60.00 -15.00  43.16
 -60.00 -14.00  43.30
 -60.00 -13.00  43.29
 -60.00 -12.00  43.20
 -60.00 -11.00  43.07
 -60.00 -10.00  42.96
 -60.00  -9.00  42.93
 -60.00  -8.00  42.99
 -60.00  -7.00  43.11
 -60.00  -6.00  43.26
 -60.00  -5.00  43.36
 -60.00  -4.00  43.32
 -60.00  -3.00  43.09
 -60.00  -2.00  42.62
 -60.00  -1.00  41.93
 -60.00   0.00  41.07
 -60.00   1.00  40.11
 -60.00   2.00  39.18
 -60.00   3.00  38.36
 -60.00   4.00  37.75
 -60.00   5.00  37.36
 -60.00   6.00  37.17
 -60.00   7.00  37.12
 -60.00   8.00  37.09
 -60.00   9.00  36.98
 -60.00  10.00  36.70
 -60.00  11.00  36.19
 -60.00  12.00  35.47
 -60.00  13.00  34.61
 -60.00  14.00  33.74
 -60.00  15.00  33.00
 -60.00  16.00  32.52
 -60.00  17.00  32.41
 -60.00  18.00  32.70
 -60.00  19.00  33.34
 -60.00  20.00  34.21
 -60.00  21.00  35.16
 -60.00  22.00  36.00
 -60.00  23.00  36.58
 -60.00  24.00  36.80
 -60.00  25.00  36.63
 -60.00  26.00  36.15
 -60.00  27.00  35.46
 -59.00 -37.00  39.05
 -59.00 -36.00  38.45
 -59.00 -35.00  37.87
 -59.00 -34.00  37.40
 -59.00 -33.00  37.07
 -59.00 -32.00  36.91
 -59.00 -31.00  36.91
 -59.00 -30.00  37.05
 -59.00 -29.00  37.28
 -59.00 -28.00  37.57
 -59.00 -27.00  37.87
 -59.00 -26.00  38.18
 -59.00 -25.00  38.49
 -59.00 -24.00  38.83
 -59.00 -23.00  39.21
 -59.00 -22.00  39.67
 -59.00 -21.00  40.21
 -59.00 -20.00  40.84
 -59.00 -19.00  41.52
 -59.00 -18.00  42.21
 -59.00 -17.00  42.85
 -59.00 -16.00  43.39
 -59.00 -15.00  43.77
 -59.00 -14.00  43.98
 -59.00 -13.00  44.04
 -59.00 -12.00  43.98
 -59.00 -11.00  43.85
 -59.00 -10.00  43.73
 -59.00  -9.00  43.68
 -59.00  -8.00  43.71
 -59.00  -7.00  43.83
 -59.00  -6.00  44.01
 -59.00  -5.00  44.16
 -59.00  -4.00  44.21
 -59.00  -3.00  44.08
 -59.00  -2.00  43.71
 -59.00  -1.00  43.09
 -59.00   0.00  42.26
 -59.00   1.00  41.28
 -59.00   2.00  40.28
 -59.00   3.00  39.35
 -59.00   4.00  38.60
 -59.00   5.00  38.09
 -59.00   6.00  37.81
 -59.00   7.00  37.71
 -59.00   8.00  37.70
 -59.00   9.00  37.66
 -59.00  10.00  37.47
 -59.00  11.00  37.07
 -59.00  12.00  36.43
 -59.00  13.00  35.61
 -59.00  14.00  34.70
 -59.00  15.00  33.86
 -59.00  16.00  33.23
 -59.00  17.00  32.94
 -59.00  18.00  33.05
 -59.00  19.00  33.56
 -59.00  20.00  34.36
 -59.00  21.00  35.32
 -59.00  22.00  36.26
 -59.00  23.00  36.99
 -59.00  24.00  37.38
 -59.00  25.00  37.39
 -59.00  26.00  37.02
 -59.00  27.00  36.38
 -58.00 -37.00  39.90
 -58.00 -36.00  39.31
 -58.00 -35.00  38.70
 -58.00 -34.00  38.16
 -58.00 -33.00  37.75
 -58.00 -32.00  37.51
 -58.00 -31.00  37.43
 -58.00 -30.00  37.51
 -58.00 -29.00  37.71
 -58.00 -28.00  37.98
 -58.00 -27.00  38.28
 -58.00 -26.00  38.60
 -58.00 -25.00  38.91
 -58.00 -24.00  39.24
 -58.00 -23.00  39.61
 -58.00 -22.00  40.05
 -58.00 -21.00  40.57
 -58.00 -20.00  41.18
 -58.00 -19.00  41.86
 -58.00 -18.00  42.58
 -58.00 -17.00  43.27
 -58.00 -16.00  43.88
 -58.00 -15.00  44.35
 -58.00 -14.00  44.65
 -58.00 -13.00  44.78
 -58.00 -12.00  44.77
 -58.00 -11.00  44.66
 -58.00 -10.00  44.53
 -58.00  -9.00  44.45
 -58.00  -8.00  44.45
 -58.00  -7.00  44.55
 -58.00  -6.00  44.74
 -58.00  -5.00  44.93
 -58.00  -4.00  45.06
 -58.00  -3.00  45.04
 -58.00  -2.00  44.79
 -58.00  -1.00  44.27
 -58.00   0.00  43.50
 -58.00   1.00  42.54
 -58.00   2.00  41.49
 -58.00   3.00  40.46
 -58.00   4.00  39.58
 -58.00   5.00  38.92
 -58.00   6.00  38.51
 -58.00   7.00  38.33
 -58.00   8.00  38.30
 -58.00   9.00  38.29
 -58.00  10.00  38.20
 -58.00  11.00  37.91
 -58.00  12.00  37.38
 -58.00  13.00  36.62
 -58.00  14.00  35.72
 -58.00  15.00  34.81
 -58.00  16.00  34.04
 -58.00  17.00  33.56
 -58.00  18.00  33.47
 -58.00  19.00  33.80
 -58.00  20.00  34.49
 -58.00  21.00  35.42
 -58.00  22.00  36.42
 -58.00  23.00  37.28
 -58.00  24.00  37.87
 -58.00  25.00  38.06
 -58.00  26.00  37.85
 -58.00  27.00  37.31
 -57.00 -37.00  40.74
 -57.00 -36.00  40.18
 -57.00 -35.00  39.57
 -57.00 -34.00  38.98
 -57.00 -33.00  38.49
 -57.00 -32.00  38.16
 -57.00 -31.00  38.00
 -57.00 -30.00  38.01
 -57.00 -29.00  38.15
 -57.00 -28.00  38.40
 -57.00 -27.00  38.69
 -57.00 -26.00  39.01
 -57.00 -25.00  39.33
 -57.00 -24.00  39.66
 -57.00 -23.00  40.02
 -57.00 -22.00  40.43
 -57.00 -21.00  40.92
 -57.00 -20.00  41.51
 -57.00 -19.00  42.19
 -57.00 -18.00  42.91
 -57.00 -17.00  43.65
 -57.00 -16.00  44.32
 -57.00 -15.00  44.89
 -57.00 -14.00  45.28
 -57.00 -13.00  45.50
 -57.00 -12.00  45.56
 -57.00 -11.00  45.49
 -57.00 -10.00  45.36
 -57.00  -9.00  45.25
 -57.00  -8.00  45.21
 -57.00  -7.00  45.28
 -57.00  -6.00  45.45
 -57.00  -5.00  45.68
 -57.00  -4.00  45.88
 -57.00  -3.00  45.96
 -57.00  -2.00  45.84
 -57.00  -1.00  45.45
 -57.00   0.00  44.78
 -57.00   1.00  43.87
 -57.00   2.00  42.80
 -57.00   3.00  41.70
 -57.00   4.00  40.68
 -57.00   5.00  39.86
 -57.00   6.00  39.30
 -57.00   7.00  39.00
 -57.00   8.00  38.90
 -57.00   9.00  38.90
 -57.00  10.00  38.87
 -57.00  11.00  38.69
 -57.00  12.00  38.29
 -57.00  13.00  37.63
 -57.00  14.00  36.78
 -57.00  15.00  35.83
 -57.00  16.00  34.95
 -57.00  17.00  34.29
 -57.00  18.00  33.99
 -57.00  19.00  34.11
 -57.00  20.00  34.64
 -57.00  21.00  35.49
 -57.00  22.00  36.49
 -57.00  23.00  37.47
 -57.00  24.00  38.23
 -57.00  25.00  38.63
 -57.00  26.00  38.61
 -57.00  27.00  38.21
 -56.00 -37.00  41.56
 -56.00 -36.00  41.06
 -56.00 -35.00  40.46
 -56.00 -34.00  39.84
 -56.00 -33.00  39.29
 -56.00 -32.00  38.87
 -56.00 -31.00  38.62
 -56.00 -30.00  38.54
 -56.00 -29.00  38.63
 -56.00 -28.00  38.83
 -56.00 -27.00  39.11
 -56.00 -26.00  39.42
 -56.00 -25.00  39.75
 -56.00 -24.00  40.08
 -56.00 -23.00  40.43
 -56.00 -22.00  40.83
 -56.00 -21.00  41.29
 -56.00 -20.00  41.85
 -56.00 -19.00  42.50
 -56.00 -18.00  43.22
 -56.00 -17.00  43.99
 -56.00 -16.00  44.72
 -56.00 -15.00  45.37
 -56.00 -14.00  45.87
 -56.00 -13.00  46.19
 -56.00 -12.00  46.33
 -56.00 -11.00  46.32
 -56.00 -10.00  46.21
 -56.00  -9.00  46.08
 -56.00  -8.00  46.01
 -56.00  -7.00  46.03
 -56.00  -6.00  46.17
 -56.00  -5.00  46.40
 -56.00  -4.00  46.65
 -56.00  -3.00  46.83
 -56.00  -2.00  46.84
 -56.00  -1.00  46.59
 -56.00   0.00  46.06
 -56.00   1.00  45.24
 -56.00   2.00  44.21
 -56.00   3.00  43.06
 -56.00   4.00  41.93
 -56.00   5.00  40.95
 -56.00   6.00  40.21
 -56.00   7.00  39.74
 -56.00   8.00  39.53
 -56.00   9.00  39.49
 -56.00  10.00  39.50
 -56.00  11.00  39.42
 -56.00  12.00  39.14
 -56.00  13.00  38.61
 -56.00  14.00  37.84
 -56.00  15.00  36.91
 -56.00  16.00  35.95
 -56.00  17.00  35.14
 -56.00  18.00  34.62
 -56.00  19.00  34.51
 -56.00  20.00  34.83
 -56.00  21.00  35.54
 -56.00  22.00  36.51
 -56.00  23.00  37.55
 -56.00  24.00  38.46
 -56.00  25.00  39.07
 -56.00  26.00  39.28
 -56.00  27.00  39.06
 -55.00 -37.00  42.33
 -55.00 -36.00  41.92
 -55.00 -35.00  41.36
 -55.00 -34.00  40.74
 -55.00 -33.00  40.14
 -55.00 -32.00  39.64
 -55.00 -31.00  39.30
 -55.00 -30.00  39.13
 -55.00 -29.00  39.13
 -55.00 -28.00  39.28
 -55.00 -27.00  39.53
 -55.00 -26.00  39.83
 -55.00 -25.00  40.16
 -55.00 -24.00  40.50
 -55.00 -23.00  40.85
 -55.00 -22.00  41.23
 -55.00 -21.00  41.67
 -55.00 -20.00  42.19
 -55.00 -19.00  42.81
 -55.00 -18.00  43.52
 -55.00 -17.00  44.29
 -55.00 -16.00  45.07
 -55.00 -15.00  45.80
 -55.00 -14.00  46.40
 -55.00 -13.00  46.83
 -55.00 -12.00  47.07
 -55.00 -11.00  47.13
 -55.00 -10.00  47.07
 -55.00  -9.00  46.94
 -55.00  -8.00  46.83
 -55.00  -7.00  46.80
 -55.00  -6.00  46.89
 -55.00  -5.00  47.10
 -55.00  -4.00  47.37
 -55.00  -3.00  47.63
 -55.00  -2.00  47.76
 -55.00  -1.00  47.68
 -55.00   0.00  47.30
 -55.00   1.00  46.62
 -55.00   2.00  45.66
 -55.00   3.00  44.52
 -55.00   4.00  43.31
 -55.00   5.00  42.19
 -55.00   6.00  41.26
 -55.00   7.00  40.61
 -55.00   8.00  40.24
 -55.00   9.00  40.11
 -55.00  10.00  40.10
 -55.00  11.00  40.08
 -55.00  12.00  39.92
 -55.00  13.00  39.53
 -55.00  14.00  38.87
 -55.00  15.00  38.00
 -55.00  16.00  37.02
 -55.00  17.00  36.09
 -55.00  18.00  35.37
 -55.00  19.00  35.02
 -55.00  20.00  35.11
 -55.00  21.00  35.63
 -55.00  22.00  36.50
 -55.00  23.00  37.54
 -55.00  24.00  38.56
 -55.00  25.00  39.37
 -55.00  26.00  39.81
 -55.00  27.00  39.81
 -54.00 -37.00  43.31
 -54.00 -36.00  43.00
 -54.00 -35.00  42.50
 -54.00 -34.00  41.89
 -54.00 -33.00  41.26
 -54.00 -32.00  40.68
 -54.00 -31.00  40.23
 -54.00 -30.00  39.95
 -54.00 -29.00  39.85
 -54.00 -28.00  39.91
 -54.00 -27.00  40.10
 -54.00 -26.00  40.37
 -54.00 -25.00  40.69
 -54.00 -24.00  41.03
 -54.00 -23.00  41.37
 -54.00 -22.00  41.74
 -54.00 -21.00  42.15
 -54.00 -20.00  42.62
 -54.00 -19.00  43.20
 -54.00 -18.00  43.88
 -54.00 -17.00  44.63
 -54.00 -16.00  45.43
 -54.00 -15.00  46.21
 -54.00 -14.00  46.90
 -54.00 -13.00  47.44
 -54.00 -12.00  47.80
 -54.00 -11.00  47.95
 -54.00 -10.00  47.94
 -54.00  -9.00  47.83
 -54.00  -8.00  47.69
 -54.00  -7.00  47.60
 -54.00  -6.00  47.62
 -54.00  -5.00  47.77
 -54.00  -4.00  48.03
 -54.00  -3.00  48.32
 -54.00  -2.00  48.56
 -54.00  -1.00  48.62
 -54.00   0.00  48.42
 -54.00   1.00  47.90
 -54.00   2.00  47.07
 -54.00   3.00  45.97
 -54.00   4.00  44.74
 -54.00   5.00  43.50
 -54.00   6.00  42.39
 -54.00   7.00  41.53
 -54.00   8.00  40.97
 -54.00   9.00  40.69
 -54.00  10.00  40.61
 -54.00  11.00  40.61
 -54.00  12.00  40.54
 -54.00  13.00  40.29
 -54.00  14.00  39.78
 -54.00  15.00  39.00
 -54.00  16.00  38.04
 -54.00  17.00  37.03
 -54.00  18.00  36.15
 -54.00  19.00  35.56
 -54.00  20.00  35.39
 -54.00  21.00  35.67
 -54.00  22.00  36.37
 -54.00  23.00  37.36
 -54.00  24.00  38.44
 -54.00  25.00  39.41
 -54.00  26.00  40.08
 -54.00  27.00  40.33
 -53.00 -37.00  44.22
 -53.00 -36.00  44.04
 -53.00 -35.00  43.64
 -53.00 -34.00  43.07
 -53.00 -33.00  42.43
 -53.00 -32.00  41.80
 -53.00 -31.00  41.26
 -53.00 -30.00  40.86
 -53.00 -29.00  40.64
 -53.00 -28.00  40.60
 -53.00 -27.00  40.72
 -53.00 -26.00  40.94
 -53.00 -25.00  41.24
 -53.00 -24.00  41.57
 -53.00 -23.00  41.92
 -53.00 -22.00  42.28
 -53.00 -21.00  42.66
 -53.00 -20.00  43.11
 -53.00 -19.00  43.63
 -53.00 -18.00  44.26
 -53.00 -17.00  44.99
 -53.00 -16.00  45.79
 -53.00 -15.00  46.60
 -53.00 -14.00  47.37
 -53.00 -13.00  48.01
 -53.00 -12.00  48.49
 -53.00 -11.00  48.76
 -53.00 -10.00  48.84
 -53.00  -9.00  48.77
 -53.00  -8.00  48.62
 -53.00  -7.00  48.48
 -53.00  -6.00  48.42
 -53.00  -5.00  48.49
 -53.00  -4.00  48.69
 -53.00  -3.00  48.99
 -53.00  -2.00  49.28
 -53.00  -1.00  49.47
 -53.00   0.00  49.45
 -53.00   1.00  49.12
 -53.00   2.00  48.45
 -53.00   3.00  47.47
 -53.00   4.00  46.26
 -53.00   5.00  44.95
 -53.00   6.00  43.70
 -53.00   7.00  42.63
 -53.00   8.00  41.85
 -53.00   9.00  41.37
 -53.00  10.00  41.17
 -53.00  11.00  41.13
 -53.00  12.00  41.11
 -53.00  13.00  40.98
 -53.00  14.00  40.62
 -53.00  15.00  39.98
 -53.00  16.00  39.09
 -53.00  17.00  38.07
 -53.00  18.00  37.07
 -53.00  19.00  36.27
 -53.00  20.00  35.83
 -53.00  21.00  35.84
 -53.00  22.00  36.32
 -53.00  23.00  37.17
 -53.00  24.00  38.25
 -53.00  25.00  39.32
 -53.00  26.00  40.20
 -53.00  27.00  40.70
 -52.00 -37.00  44.98
 -52.00 -36.00  44.95
 -52.00 -35.00  44.66
 -52.00 -34.00  44.18
 -52.00 -33.00  43.57
 -52.00 -32.00  42.91
 -52.00 -31.00  42.31
 -52.00 -30.00  41.81
 -52.00 -29.00  41.48
 -52.00 -28.00  41.33
 -52.00 -27.00  41.36
 -52.00 -26.00  41.52
 -52.00 -25.00  41.78
 -52.00 -24.00  42.10
 -52.00 -23.00  42.45
 -52.00 -22.00  42.81
 -52.00 -21.00  43.19
 -52.00 -20.00  43.61
 -52.00 -19.00  44.09
 -52.00 -18.00  44.67
 -52.00 -17.00  45.36
 -52.00 -16.00  46.13
 -52.00 -15.00  46.96
 -52.00 -14.00  47.78
 -52.00 -13.00  48.52
 -52.00 -12.00  49.12
 -52.00 -11.00  49.52
 -52.00 -10.00  49.71
 -52.00  -9.00  49.72
 -52.00  -8.00  49.60
 -52.00  -7.00  49.43
 -52.00  -6.00  49.30
 -52.00  -5.00  49.28
 -52.00  -4.00  49.40
 -52.00  -3.00  49.65
 -52.00  -2.00  49.97
 -52.00  -1.00  50.25
 -52.00   0.00  50.38
 -52.00   1.00  50.25
 -52.00   2.00  49.78
 -52.00   3.00  48.97
 -52.00   4.00  47.86
 -52.00   5.00  46.55
 -52.00   6.00  45.20
 -52.00   7.00  43.95
 -52.00   8.00  42.94
 -52.00   9.00  42.24
 -52.00  10.00  41.85
 -52.00  11.00  41.70
 -52.00  12.00  41.67
 -52.00  13.00  41.62
 -52.00  14.00  41.39
 -52.00  15.00  40.91
 -52.00  16.00  40.15
 -52.00  17.00  39.17
 -52.00  18.00  38.11
 -52.00  19.00  37.15
 -52.00  20.00  36.46
 -52.00  21.00  36.19
 -52.00  22.00  36.40
 -52.00  23.00  37.06
 -52.00  24.00  38.04
 -52.00  25.00  39.15
 -52.00  26.00  40.18
 -52.00  27.00  40.92
 -51.00 -37.00  45.57
 -51.00 -36.00  45.69
 -51.00 -35.00  45.54
 -51.00 -34.00  45.17
 -51.00 -33.00  44.63
 -51.00 -32.00  44.00
 -51.00 -31.00  43.36
 -51.00 -30.00  42.79
 -51.00 -29.00  42.36
 -51.00 -28.00  42.10
 -51.00 -27.00  42.02
 -51.00 -26.00  42.10
 -51.00 -25.00  42.32
 -51.00 -24.00  42.61
 -51.00 -23.00  42.96
 -51.00 -22.00  43.32
 -51.00 -21.00  43.70
 -51.00 -20.00  44.11
 -51.00 -19.00  44.56
 -51.00 -18.00  45.10
 -51.00 -17.00  45.73
 -51.00 -16.00  46.47
 -51.00 -15.00  47.29
 -51.00 -14.00  48.14
 -51.00 -13.00  48.96
 -51.00 -12.00  49.66
 -51.00 -11.00  50.20
 -51.00 -10.00  50.53
 -51.00  -9.00  50.65
 -51.00  -8.00  50.60
 -51.00  -7.00  50.44
 -51.00  -6.00  50.26
 -51.00  -5.00  50.16
 -51.00  -4.00  50.18
 -51.00  -3.00  50.35
 -51.00  -2.00  50.64
 -51.00  -1.00  50.97
 -51.00   0.00  51.22
 -51.00   1.00  51.27
 -51.00   2.00  51.02
 -51.00   3.00  50.41
 -51.00   4.00  49.46
 -51.00   5.00  48.23
 -51.00   6.00  46.84
 -51.00   7.00  45.47
 -51.00   8.00  44.25
 -51.00   9.00  43.30
 -51.00  10.00  42.68
 -51.00  11.00  42.36
 -51.00  12.00  42.26
 -51.00  13.00  42.22
 -51.00  14.00  42.11
 -51.00  15.00  41.78
 -51.00  16.00  41.17
 -51.00  17.00  40.30
 -51.00  18.00  39.25
 -51.00  19.00  38.19
 -51.00  20.00  37.30
 -51.00  21.00  36.75
 -51.00  22.00  36.65
 -51.00  23.00  37.05
 -51.00  24.00  37.86
 -51.00  25.00  38.94
 -51.00  26.00  40.06
 -51.00  27.00  40.99
 -50.00 -37.00  45.97
 -50.00 -36.00  46.25
 -50.00 -35.00  46.26
 -50.00 -34.00  46.02
 -50.00 -33.00  45.58
 -50.00 -32.00  45.01
 -50.00 -31.00  44.37
 -50.00 -30.00  43.76
 -50.00 -29.00  43.25
 -50.00 -28.00  42.89
 -50.00 -27.00  42.71
 -50.00 -26.00  42.70
 -50.00 -25.00  42.85
 -50.00 -24.00  43.10
 -50.00 -23.00  43.43
 -50.00 -22.00  43.80
 -50.00 -21.00  44.19
 -50.00 -20.00  44.60
 -50.00 -19.00  45.03
 -50.00 -18.00  45.53
 -50.00 -17.00  46.12
 -50.00 -16.00  46.81
 -50.00 -15.00  47.60
 -50.00 -14.00  48.46
 -50.00 -13.00  49.32
 -50.00 -12.00  50.12
 -50.00 -11.00  50.79
 -50.00 -10.00  51.26
 -50.00  -9.00  51.52
 -50.00  -8.00  51.57
 -50.00  -7.00  51.46
 -50.00  -6.00  51.27
 -50.00  -5.00  51.10
 -50.00  -4.00  51.03
 -50.00  -3.00  51.10
 -50.00  -2.00  51.33
 -50.00  -1.00  51.65
 -50.00   0.00  51.97
 -50.00   1.00  52.17
 -50.00   2.00  52.13
 -50.00   3.00  51.76
 -50.00   4.00  51.01
 -50.00   5.00  49.92
 -50.00   6.00  48.59
 -50.00   7.00  47.14
 -50.00   8.00  45.76
 -50.00   9.00  44.58
 -50.00  10.00  43.70
 -50.00  11.00  43.16
 -50.00  12.00  42.91
 -50.00  13.00  42.82
 -50.00  14.00  42.76
 -50.00  15.00  42.56
 -50.00  16.00  42.12
 -50.00  17.00  41.40
 -50.00  18.00  40.43
 -50.00  19.00  39.34
 -50.00  20.00  38.30
 -50.00  21.00  37.50
 -50.00  22.00  37.10
 -50.00  23.00  37.20
 -50.00  24.00  37.77
 -50.00  25.00  38.71
 -50.00  26.00  39.84
 -50.00  27.00  40.92
 -49.00 -37.00  46.21
 -49.00 -36.00  46.62
 -49.00 -35.00  46.79
 -49.00 -34.00  46.71
 -49.00 -33.00  46.40
 -49.00 -32.00  45.91
 -49.00 -31.00  45.32
 -49.00 -30.00  44.70
 -49.00 -29.00  44.14
 -49.00 -28.00  43.70
 -49.00 -27.00  43.42
 -49.00 -26.00  43.31
 -49.00 -25.00  43.38
 -49.00 -24.00  43.58
 -49.00 -23.00  43.88
 -49.00 -22.00  44.25
 -49.00 -21.00  44.64
 -49.00 -20.00  45.05
 -49.00 -19.00  45.49
 -49.00 -18.00  45.96
 -49.00 -17.00  46.51
 -49.00 -16.00  47.16
 -49.00 -15.00  47.90
 -49.00 -14.00  48.74
 -49.00 -13.00  49.62
 -49.00 -12.00  50.49
 -49.00 -11.00  51.26
 -49.00 -10.00  51.88
 -49.00  -9.00  52.28
 -49.00  -8.00  52.47
 -49.00  -7.00  52.45
 -49.00  -6.00  52.30
 -49.00  -5.00  52.10
 -49.00  -4.00  51.95
 -49.00  -3.00  51.91
 -49.00  -2.00  52.04
 -49.00  -1.00  52.31
 -49.00   0.00  52.65
 -49.00   1.00  52.96
 -49.00   2.00  53.10
 -49.00   3.00  52.96
 -49.00   4.00  52.46
 -49.00   5.00  51.57
 -49.00   6.00  50.36
 -49.00   7.00  48.93
 -49.00   8.00  47.45
 -49.00   9.00  46.07
 -49.00  10.00  44.94
 -49.00  11.00  44.14
 -49.00  12.00  43.67
 -49.00  13.00  43.46
 -49.00  14.00  43.38
 -49.00  15.00  43.27
 -49.00  16.00  42.98
 -49.00  17.00  42.43
 -49.00  18.00  41.59
 -49.00  19.00  40.54
 -49.00  20.00  39.43
 -49.00  21.00  38.44
 -49.00  22.00  37.76
 -49.00  23.00  37.53
 -49.00  24.00  37.81
 -49.00  25.00  38.53
 -49.00  26.00  39.57
 -49.00  27.00  40.71
 -48.00 -37.00  46.28
 -48.00 -36.00  46.82
 -48.00 -35.00  47.14
 -48.00 -34.00  47.21
 -48.00 -33.00  47.05
 -48.00 -32.00  46.68
 -48.00 -31.00  46.16
 -48.00 -30.00  45.58
 -48.00 -29.00  45.00
 -48.00 -28.00  44.50
 -48.00 -27.00  44.14
 -48.00 -26.00  43.94
 -48.00 -25.00  43.91
 -48.00 -24.00  44.04
 -48.00 -23.00  44.30
 -48.00 -22.00  44.65
 -48.00 -21.00  45.04
 -48.00 -20.00  45.47
 -48.00 -19.00  45.90
 -48.00 -18.00  46.37
 -48.00 -17.00  46.89
 -48.00 -16.00  47.49
 -48.00 -15.00  48.19
 -48.00 -14.00  48.99
 -48.00 -13.00  49.87
 -48.00 -12.00  50.77
 -48.00 -11.00  51.63
 -48.00 -10.00  52.37
 -48.00  -9.00  52.92
 -48.00  -8.00  53.26
 -48.00  -7.00  53.37
 -48.00  -6.00  53.29
 -48.00  -5.00  53.10
 -48.00  -4.00  52.90
 -48.00  -3.00  52.78
 -48.00  -2.00  52.80
 -48.00  -1.00  52.98
 -48.00   0.00  53.30
 -48.00   1.00  53.65
 -48.00   2.00  53.93
 -48.00   3.00  54.01
 -48.00   4.00  53.75
 -48.00   5.00  53.12
 -48.00   6.00  52.09
 -48.00   7.00  50.76
 -48.00   8.00  49.26
 -48.00   9.00  47.75
 -48.00  10.00  46.39
 -48.00  11.00  45.32
 -48.00  12.00  44.59
 -48.00  13.00  44.19
 -48.00  14.00  44.01
 -48.00  15.00  43.92
 -48.00  16.00  43.75
 -48.00  17.00  43.36
 -48.00  18.00  42.68
 -48.00  19.00  41.74
 -48.00  20.00  40.64
 -48.00  21.00  39.53
 -48.00  22.00  38.61
 -48.00  23.00  38.07
 -48.00  24.00  38.01
 -48.00  25.00  38.46
 -48.00  26.00  39.32
 -48.00  27.00  40.42
 -47.00 -37.00  46.23
 -47.00 -36.00  46.86
 -47.00 -35.00  47.30
 -47.00 -34.00  47.53
 -47.00 -33.00  47.51
 -47.00 -32.00  47.28
 -47.00 -31.00  46.88
 -47.00 -30.00  46.36
 -47.00 -29.00  45.80
 -47.00 -28.00  45.28
 -47.00 -27.00  44.85
 -47.00 -26.00  44.57
 -47.00 -25.00  44.46
 -47.00 -24.00  44.51
 -47.00 -23.00  44.71
 -47.00 -22.00  45.02
 -47.00 -21.00  45.41
 -47.00 -20.00  45.83
 -47.00 -19.00  46.28
 -47.00 -18.00  46.75
 -47.00 -17.00  47.26
 -47.00 -16.00  47.82
 -47.00 -15.00  48.48
 -47.00 -14.00  49.23
 -47.00 -13.00  50.08
 -47.00 -12.00  50.99
 -47.00 -11.00  51.90
 -47.00 -10.00  52.74
 -47.00  -9.00  53.43
 -47.00  -8.00  53.92
 -47.00  -7.00  54.17
 -47.00  -6.00  54.21
 -47.00  -5.00  54.08
 -47.00  -4.00  53.87
 -47.00  -3.00  53.69
 -47.00  -2.00  53.60
 -47.00  -1.00  53.68
 -47.00   0.00  53.93
 -47.00   1.00  54.28
 -47.00   2.00  54.65
 -47.00   3.00  54.89
 -47.00   4.00  54.87
 -47.00   5.00  54.50
 -47.00   6.00  53.72
 -47.00   7.00  52.56
 -47.00   8.00  51.12
 -47.00   9.00  49.55
 -47.00  10.00  48.03
 -47.00  11.00  46.71
 -47.00  12.00  45.71
 -47.00  13.00  45.05
 -47.00  14.00  44.71
 -47.00  15.00  44.55
 -47.00  16.00  44.42
 -47.00  17.00  44.17
 -47.00  18.00  43.68
 -47.00  19.00  42.89
 -47.00  20.00  41.86
 -47.00  21.00  40.71
 -47.00  22.00  39.63
 -47.00  23.00  38.81
 -47.00  24.00  38.42
 -47.00  25.00  38.53
 -47.00  26.00  39.14
 -47.00  27.00  40.11
 -46.00 -37.00  46.07
 -46.00 -36.00  46.76
 -46.00 -35.00  47.31
 -46.00 -34.00  47.67
 -46.00 -33.00  47.80
 -46.00 -32.00  47.71
 -46.00 -31.00  47.43
 -46.00 -30.00  47.01
 -46.00 -29.00  46.50
 -46.00 -28.00  45.99
 -46.00 -27.00  45.53
 -46.00 -26.00  45.19
 -46.00 -25.00  45.00
 -46.00 -24.00  44.97
 -46.00 -23.00  45.11
 -46.00 -22.00  45.37
 -46.00 -21.00  45.73
 -46.00 -20.00  46.15
 -46.00 -19.00  46.61
 -46.00 -18.00  47.09
 -46.00 -17.00  47.59
 -46.00 -16.00  48.14
 -46.00 -15.00  48.76
 -46.00 -14.00  49.47
 -46.00 -13.00  50.28
 -46.00 -12.00  51.17
 -46.00 -11.00  52.10
 -46.00 -10.00  53.00
 -46.00  -9.00  53.81
 -46.00  -8.00  54.44
 -46.00  -7.00  54.84
 -46.00  -6.00  55.02
 -46.00  -5.00  54.98
 -46.00  -4.00  54.81
 -46.00  -3.00  54.60
 -46.00  -2.00  54.44
 -46.00  -1.00  54.42
 -46.00   0.00  54.57
 -46.00   1.00  54.88
 -46.00   2.00  55.27
 -46.00   3.00  55.63
 -46.00   4.00  55.81
 -46.00   5.00  55.69
 -46.00   6.00  55.18
 -46.00   7.00  54.25
 -46.00   8.00  52.96
 -46.00   9.00  51.42
 -46.00  10.00  49.81
 -46.00  11.00  48.29
 -46.00  12.00  47.02
 -46.00  13.00  46.09
 -46.00  14.00  45.51
 -46.00  15.00  45.21
 -46.00  16.00  45.06
 -46.00  17.00  44.88
 -46.00  18.00  44.54
 -46.00  19.00  43.93
 -46.00  20.00  43.03
 -46.00  21.00  41.92
 -46.00  22.00  40.76
 -46.00  23.00  39.73
 -46.00  24.00  39.03
 -46.00  25.00  38.80
 -46.00  26.00  39.09
 -46.00  27.00  39.84
 -45.00 -37.00  45.85
 -45.00 -36.00  46.57
 -45.00 -35.00  47.19
 -45.00 -34.00  47.65
 -45.00 -33.00  47.92
 -45.00 -32.00  47.97
 -45.00 -31.00  47.82
 -45.00 -30.00  47.51
 -45.00 -29.00  47.09
 -45.00 -28.00  46.61
 -45.00 -27.00  46.15
 -45.00 -26.00  45.78
 -45.00 -25.00  45.53
 -45.00 -24.00  45.43
 -45.00 -23.00  45.50
 -45.00 -22.00  45.71
 -45.00 -21.00  46.03
 -45.00 -20.00  46.44
 -45.00 -19.00  46.90
 -45.00 -18.00  47.38
 -45.00 -17.00  47.89
 -45.00 -16.00  48.43
 -45.00 -15.00  49.02
 -45.00 -14.00  49.70
 -45.00 -13.00  50.47
 -45.00 -12.00  51.33
 -45.00 -11.00  52.26
 -45.00 -10.00  53.20
 -45.00  -9.00  54.08
 -45.00  -8.00  54.83
 -45.00  -7.00  55.38
 -45.00  -6.00  55.70
 -45.00  -5.00  55.79
 -45.00  -4.00  55.69
 -45.00  -3.00  55.49
 -45.00  -2.00  55.29
 -45.00  -1.00  55.18
 -45.00   0.00  55.23
 -45.00   1.00  55.46
 -45.00   2.00  55.83
 -45.00   3.00  56.25
 -45.00   4.00  56.58
 -45.00   5.00  56.69
 -45.00   6.00  56.45
 -45.00   7.00  55.78
 -45.00   8.00  54.70
 -45.00   9.00  53.27
 -45.00  10.00  51.65
 -45.00  11.00  50.00
 -45.00  12.00  48.51
 -45.00  13.00  47.30
 -45.00  14.00  46.46
 -45.00  15.00  45.95
 -45.00  16.00  45.69
 -45.00  17.00  45.53
 -45.00  18.00  45.29
 -45.00  19.00  44.84
 -45.00  20.00  44.10
 -45.00  21.00  43.10
 -45.00  22.00  41.93
 -45.00  23.00  40.77
 -45.00  24.00  39.83
 -45.00  25.00  39.27
 -45.00  26.00  39.22
 -45.00  27.00  39.67
 -44.00 -37.00  45.60
 -44.00 -36.00  46.32
 -44.00 -35.00  46.98
 -44.00 -34.00  47.52
 -44.00 -33.00  47.90
 -44.00 -32.00  48.07
 -44.00 -31.00  48.06
 -44.00 -30.00  47.86
 -44.00 -29.00  47.54
 -44.00 -28.00  47.12
 -44.00 -27.00  46.70
 -44.00 -26.00  46.31
 -44.00 -25.00  46.03
 -44.00 -24.00  45.88
 -44.00 -23.00  45.88
 -44.00 -22.00  46.04
 -44.00 -21.00  46.32
 -44.00 -20.00  46.70
 -44.00 -19.00  47.15
 -44.00 -18.00  47.64
 -44.00 -17.00  48.15
 -44.00 -16.00  48.69
 -44.00 -15.00  49.27
 -44.00 -14.00  49.92
 -44.00 -13.00  50.65
 -44.00 -12.00  51.48
 -44.00 -11.00  52.39
 -44.00 -10.00  53.34
 -44.00  -9.00  54.27
 -44.00  -8.00  55.11
 -44.00  -7.00  55.79
 -44.00  -6.00  56.25
 -44.00  -5.00  56.47
 -44.00  -4.00  56.47
 -44.00  -3.00  56.32
 -44.00  -2.00  56.11
 -44.00  -1.00  55.94
 -44.00   0.00  55.90
 -44.00   1.00  56.04
 -44.00   2.00  56.36
 -44.00   3.00  56.79
 -44.00   4.00  57.22
 -44.00   5.00  57.51
 -44.00   6.00  57.51
 -44.00   7.00  57.12
 -44.00   8.00  56.28
 -44.00   9.00  55.03
 -44.00  10.00  53.48
 -44.00  11.00  51.78
 -44.00  12.00  50.12
 -44.00  13.00  48.68
 -44.00  14.00  47.56
 -44.00  15.00  46.81
 -44.00  16.00  46.38
 -44.00  17.00  46.14
 -44.00  18.00  45.94
 -44.00  19.00  45.62
 -44.00  20.00  45.04
 -44.00  21.00  44.18
 -44.00  22.00  43.08
 -44.00  23.00  41.87
 -44.00  24.00  40.75
 -44.00  25.00  39.92
 -44.00  26.00  39.53
 -44.00  27.00  39.67
 -43.00 -37.00  45.42
 -43.00 -36.00  46.12
 -43.00 -35.00  46.79
 -43.00 -34.00  47.38
 -43.00 -33.00  47.83
 -43.00 -32.00  48.12
 -43.00 -31.00  48.22
 -43.00 -30.00  48.15
 -43.00 -29.00  47.92
 -43.00 -28.00  47.58
 -43.00 -27.00  47.20
 -43.00 -26.00  46.83
 -43.00 -25.00  46.53
 -43.00 -24.00  46.35
 -43.00 -23.00  46.30
 -43.00 -22.00  46.40
 -43.00 -21.00  46.64
 -43.00 -20.00  46.99
 -43.00 -19.00  47.42
 -43.00 -18.00  47.91
 -43.00 -17.00  48.42
 -43.00 -16.00  48.96
 -43.00 -15.00  49.53
 -43.00 -14.00  50.16
 -43.00 -13.00  50.86
 -43.00 -12.00  51.66
 -43.00 -11.00  52.54
 -43.00 -10.00  53.48
 -43.00  -9.00  54.44
 -43.00  -8.00  55.34
 -43.00  -7.00  56.11
 -43.00  -6.00  56.69
 -43.00  -5.00  57.04
 -43.00  -4.00  57.16
 -43.00  -3.00  57.08
 -43.00  -2.00  56.89
 -43.00  -1.00  56.69
 -43.00   0.00  56.58
 -43.00   1.00  56.64
 -43.00   2.00  56.88
 -43.00   3.00  57.29
 -43.00   4.00  57.77
 -43.00   5.00  58.20
 -43.00   6.00  58.41
 -43.00   7.00  58.27
 -43.00   8.00  57.70
 -43.00   9.00  56.68
 -43.00  10.00  55.27
 -43.00  11.00  53.60
 -43.00  12.00  51.84
 -43.00  13.00  50.20
 -43.00  14.00  48.83
 -43.00  15.00  47.81
 -43.00  16.00  47.16
 -43.00  17.00  46.79
 -43.00  18.00  46.56
 -43.00  19.00  46.31
 -43.00  20.00  45.87
 -43.00  21.00  45.16
 -43.00  22.00  44.17
 -43.00  23.00  42.99
 -43.00  24.00  41.77
 -43.00  25.00  40.73
 -43.00  26.00  40.04
 -43.00  27.00  39.85
 -42.00 -37.00  45.30
 -42.00 -36.00  45.95
 -42.00 -35.00  46.60
 -42.00 -34.00  47.21
 -42.00 -33.00  47.73
 -42.00 -32.00  48.10
 -42.00 -31.00  48.30
 -42.00 -30.00  48.33
 -42.00 -29.00  48.21
 -42.00 -28.00  47.96
 -42.00 -27.00  47.64
 -42.00 -26.00  47.30
 -42.00 -25.00  47.01
 -42.00 -24.00  46.80
 -42.00 -23.00  46.72
 -42.00 -22.00  46.77
 -42.00 -21.00  46.97
 -42.00 -20.00  47.28
 -42.00 -19.00  47.70
 -42.00 -18.00  48.17
 -42.00 -17.00  48.68
 -42.00 -16.00  49.23
 -42.00 -15.00  49.80
 -42.00 -14.00  50.41
 -42.00 -13.00  51.09
 -42.00 -12.00  51.85
 -42.00 -11.00  52.70
 -42.00 -10.00  53.63
 -42.00  -9.00  54.59
 -42.00  -8.00  55.53
 -42.00  -7.00  56.38
 -42.00  -6.00  57.06
 -42.00  -5.00  57.53
 -42.00  -4.00  57.76
 -42.00  -3.00  57.77
 -42.00  -2.00  57.63
 -42.00  -1.00  57.42
 -42.00   0.00  57.26
 -42.00   1.00  57.24
 -42.00   2.00  57.41
 -42.00   3.00  57.77
 -42.00   4.00  58.26
 -42.00   5.00  58.77
 -42.00   6.00  59.15
 -42.00   7.00  59.25
 -42.00   8.00  58.94
 -42.00   9.00  58.17
 -42.00  10.00  56.95
 -42.00  11.00  55.37
 -42.00  12.00  53.60
 -42.00  13.00  51.83
 -42.00  14.00  50.23
 -42.00  15.00  48.96
 -42.00  16.00  48.06
 -42.00  17.00  47.50
 -42.00  18.00  47.18
 -42.00  19.00  46.94
 -42.00  20.00  46.60
 -42.00  21.00  46.03
 -42.00  22.00  45.17
 -42.00  23.00  44.06
 -42.00  24.00  42.82
 -42.00  25.00  41.63
 -42.00  26.00  40.70
 -42.00  27.00  40.21
 -41.00 -37.00  45.25
 -41.00 -36.00  45.83
 -41.00 -35.00  46.45
 -41.00 -34.00  47.06
 -41.00 -33.00  47.60
 -41.00 -32.00  48.03
 -41.00 -31.00  48.32
 -41.00 -30.00  48.44
 -41.00 -29.00  48.41
 -41.00 -28.00  48.25
 -41.00 -27.00  48.00
 -41.00 -26.00  47.72
 -41.00 -25.00  47.44
 -41.00 -24.00  47.23
 -41.00 -23.00  47.13
 -41.00 -22.00  47.15
 -41.00 -21.00  47.31
 -41.00 -20.00  47.59
 -41.00 -19.00  47.98
 -41.00 -18.00  48.44
 -41.00 -17.00  48.95
 -41.00 -16.00  49.49
 -41.00 -15.00  50.07
 -41.00 -14.00  50.67
 -41.00 -13.00  51.34
 -41.00 -12.00  52.07
 -41.00 -11.00  52.89
 -41.00 -10.00  53.80
 -41.00  -9.00  54.75
 -41.00  -8.00  55.71
 -41.00  -7.00  56.61
 -41.00  -6.00  57.38
 -41.00  -5.00  57.95
 -41.00  -4.00  58.28
 -41.00  -3.00  58.39
 -41.00  -2.00  58.31
 -41.00  -1.00  58.12
 -41.00   0.00  57.94
 -41.00   1.00  57.85
 -41.00   2.00  57.93
 -41.00   3.00  58.23
 -41.00   4.00  58.70
 -41.00   5.00  59.26
 -41.00   6.00  59.77
 -41.00   7.00  60.06
 -41.00   8.00  60.01
 -41.00   9.00  59.49
 -41.00  10.00  58.50
 -41.00  11.00  57.07
 -41.00  12.00  55.34
 -41.00  13.00  53.50
 -41.00  14.00  51.74
 -41.00  15.00  50.23
 -41.00  16.00  49.08
 -41.00  17.00  48.30
 -41.00  18.00  47.84
 -41.00  19.00  47.54
 -41.00  20.00  47.25
 -41.00  21.00  46.80
 -41.00  22.00  46.08
 -41.00  23.00  45.07
 -41.00  24.00  43.86
 -41.00  25.00  42.59
 -41.00  26.00  41.48
 -41.00  27.00  40.71
 -40.00 -37.00  45.29
 -40.00 -36.00  45.78
 -40.00 -35.00  46.35
 -40.00 -34.00  46.93
 -40.00 -33.00  47.48
 -40.00 -32.00  47.95
 -40.00 -31.00  48.30
 -40.00 -30.00  48.50
 -40.00 -29.00  48.56
 -40.00 -28.00  48.49
 -40.00 -27.00  48.31
 -40.00 -26.00  48.08
 -40.00 -25.00  47.84
 -40.00 -24.00  47.64
 -40.00 -23.00  47.53
 -40.00 -22.00  47.53
 -40.00 -21.00  47.66
 -40.00 -20.00  47.92
 -40.00 -19.00  48.28
 -40.00 -18.00  48.72
 -40.00 -17.00  49.23
 -40.00 -16.00  49.77
 -40.00 -15.00  50.34
 -40.00 -14.00  50.94
 -40.00 -13.00  51.59
 -40.00 -12.00  52.31
 -40.00 -11.00  53.10
 -40.00 -10.00  53.98
 -40.00  -9.00  54.93
 -40.00  -8.00  55.89
 -40.00  -7.00  56.83
 -40.00  -6.00  57.66
 -40.00  -5.00  58.31
 -40.00  -4.00  58.75
 -40.00  -3.00  58.95
 -40.00  -2.00  58.94
 -40.00  -1.00  58.79
 -40.00   0.00  58.59
 -40.00   1.00  58.45
 -40.00   2.00  58.47
 -40.00   3.00  58.69
 -40.00   4.00  59.11
 -40.00   5.00  59.68
 -40.00   6.00  60.28
 -40.00   7.00  60.74
 -40.00   8.00  60.91
 -40.00   9.00  60.65
 -40.00  10.00  59.90
 -40.00  11.00  58.67
 -40.00  12.00  57.05
 -40.00  13.00  55.20
 -40.00  14.00  53.33
 -40.00  15.00  51.62
 -40.00  16.00  50.22
 -40.00  17.00  49.21
 -40.00  18.00  48.55
 -40.00  19.00  48.16
 -40.00  20.00  47.86
 -40.00  21.00  47.48
 -40.00  22.00  46.88
 -40.00  23.00  46.00
 -40.00  24.00  44.86
 -40.00  25.00  43.58
 -40.00  26.00  42.33
 -40.00  27.00  41.34
 -39.00 -37.00  45.41
 -39.00 -36.00  45.82
 -39.00 -35.00  46.31
 -39.00 -34.00  46.85
 -39.00 -33.00  47.39
 -39.00 -32.00  47.87
 -39.00 -31.00  48.27
 -39.00 -30.00  48.54
 -39.00 -29.00  48.68
 -39.00 -28.00  48.68
 -39.00 -27.00  48.58
 -39.00 -26.00  48.41
 -39.00 -25.00  48.21
 -39.00 -24.00  48.04
 -39.00 -23.00  47.93
 -39.00 -22.00  47.92
 -39.00 -21.00  48.03
 -39.00 -20.00  48.25
 -39.00 -19.00  48.59
 -39.00 -18.00  49.02
 -39.00 -17.00  49.51
 -39.00 -16.00  50.05
 -39.00 -15.00  50.62
 -39.00 -14.00  51.22
 -39.00 -13.00  51.87
 -39.00 -12.00  52.56
 -39.00 -11.00  53.34
 -39.00 -10.00  54.19
 -39.00  -9.00  55.11
 -39.00  -8.00  56.08
 -39.00  -7.00  57.03
 -39.00  -6.00  57.91
 -39.00  -5.00  58.64
 -39.00  -4.00  59.17
 -39.00  -3.00  59.46
 -39.00  -2.00  59.53
 -39.00  -1.00  59.43
 -39.00   0.00  59.23
 -39.00   1.00  59.06
 -39.00   2.00  59.01
 -39.00   3.00  59.15
 -39.00   4.00  59.51
 -39.00   5.00  60.06
 -39.00   6.00  60.71
 -39.00   7.00  61.30
 -39.00   8.00  61.66
 -39.00   9.00  61.65
 -39.00  10.00  61.17
 -39.00  11.00  60.16
 -39.00  12.00  58.70
 -39.00  13.00  56.91
 -39.00  14.00  54.98
 -39.00  15.00  53.11
 -39.00  16.00  51.49
 -39.00  17.00  50.23
 -39.00  18.00  49.36
 -39.00  19.00  48.81
 -39.00  20.00  48.45
 -39.00  21.00  48.11
 -39.00  22.00  47.61
 -39.00  23.00  46.86
 -39.00  24.00  45.81
 -39.00  25.00  44.56
 -39.00  26.00  43.24
 -39.00  27.00  42.08
 -38.00 -37.00  45.64
 -38.00 -36.00  45.96
 -38.00 -35.00  46.37
 -38.00 -34.00  46.84
 -38.00 -33.00  47.35
 -38.00 -32.00  47.83
 -38.00 -31.00  48.25
 -38.00 -30.00  48.57
 -38.00 -29.00  48.77
 -38.00 -28.00  48.85
 -38.00 -27.00  48.82
 -38.00 -26.00  48.71
 -38.00 -25.00  48.56
 -38.00 -24.00  48.42
 -38.00 -23.00  48.33
 -38.00 -22.00  48.31
 -38.00 -21.00  48.40
 -38.00 -20.00  48.61
 -38.00 -19.00  48.92
 -38.00 -18.00  49.33
 -38.00 -17.00  49.82
 -38.00 -16.00  50.35
 -38.00 -15.00  50.92
 -38.00 -14.00  51.52
 -38.00 -13.00  52.15
 -38.00 -12.00  52.84
 -38.00 -11.00  53.59
 -38.00 -10.00  54.42
 -38.00  -9.00  55.32
 -38.00  -8.00  56.27
 -38.00  -7.00  57.23
 -38.00  -6.00  58.14
 -38.00  -5.00  58.94
 -38.00  -4.00  59.54
 -38.00  -3.00  59.93
 -38.00  -2.00  60.08
 -38.00  -1.00  60.04
 -38.00   0.00  59.86
 -38.00   1.00  59.67
 -38.00   2.00  59.55
 -38.00   3.00  59.61
 -38.00   4.00  59.90
 -38.00   5.00  60.41
 -38.00   6.00  61.07
 -38.00   7.00  61.75
 -38.00   8.00  62.28
 -38.00   9.00  62.51
 -38.00  10.00  62.28
 -38.00  11.00  61.54
 -38.00  12.00  60.28
 -38.00  13.00  58.60
 -38.00  14.00  56.68
 -38.00  15.00  54.71
 -38.00  16.00  52.89
 -38.00  17.00  51.39
 -38.00  18.00  50.28
 -38.00  19.00  49.54
 -38.00  20.00  49.07
 -38.00  21.00  48.71
 -38.00  22.00  48.28
 -38.00  23.00  47.64
 -38.00  24.00  46.71
 -38.00  25.00  45.53
 -38.00  26.00  44.19
 -38.00  27.00  42.90
 -37.00 -37.00  45.98
 -37.00 -36.00  46.20
 -37.00 -35.00  46.52
 -37.00 -34.00  46.93
 -37.00 -33.00  47.38
 -37.00 -32.00  47.84
 -37.00 -31.00  48.26
 -37.00 -30.00  48.61
 -37.00 -29.00  48.86
 -37.00 -28.00  49.01
 -37.00 -27.00  49.04
 -37.00 -26.00  49.00
 -37.00 -25.00  48.90
 -37.00 -24.00  48.80
 -37.00 -23.00  48.72
 -37.00 -22.00  48.71
 -37.00 -21.00  48.80
 -37.00 -20.00  48.99
 -37.00 -19.00  49.28
 -37.00 -18.00  49.67
 -37.00 -17.00  50.14
 -37.00 -16.00  50.66
 -37.00 -15.00  51.23
 -37.00 -14.00  51.83
 -37.00 -13.00  52.46
 -37.00 -12.00  53.13
 -37.00 -11.00  53.86
 -37.00 -10.00  54.67
 -37.00  -9.00  55.54
 -37.00  -8.00  56.48
 -37.00  -7.00  57.44
 -37.00  -6.00  58.37
 -37.00  -5.00  59.21
 -37.00  -4.00  59.89
 -37.00  -3.00  60.36
 -37.00  -2.00  60.60
 -37.00  -1.00  60.62
 -37.00   0.00  60.48
 -37.00   1.00  60.28
 -37.00   2.00  60.12
 -37.00   3.00  60.10
 -37.00   4.00  60.30
 -37.00   5.00  60.74
 -37.00   6.00  61.37
 -37.00   7.00  62.11
 -37.00   8.00  62.78
 -37.00   9.00  63.21
 -37.00  10.00  63.25
 -37.00  11.00  62.78
 -37.00  12.00  61.77
 -37.00  13.00  60.27
 -37.00  14.00  58.41
 -37.00  15.00  56.39
 -37.00  16.00  54.43
 -37.00  17.00  52.70
 -37.00  18.00  51.33
 -37.00  19.00  50.37
 -37.00  20.00  49.74
 -37.00  21.00  49.31
 -37.00  22.00  48.91
 -37.00  23.00  48.36
 -37.00  24.00  47.56
 -37.00  25.00  46.47
 -37.00  26.00  45.17
 -37.00  27.00  43.80
 -36.00 -37.00  46.43
 -36.00 -36.00  46.56
 -36.00 -35.00  46.79
 -36.00 -34.00  47.12
 -36.00 -33.00  47.50
 -36.00 -32.00  47.92
 -36.00 -31.00  48.33
 -36.00 -30.00  48.69
 -36.00 -29.00  48.98
 -36.00 -28.00  49.17
 -36.00 -27.00  49.27
 -36.00 -26.00  49.28
 -36.00 -25.00  49.24
 -36.00 -24.00  49.18
 -36.00 -23.00  49.13
 -36.00 -22.00  49.13
 -36.00 -21.00  49.21
 -36.00 -20.00  49.39
 -36.00 -19.00  49.66
 -36.00 -18.00  50.03
 -36.00 -17.00  50.49
 -36.00 -16.00  51.00
 -36.00 -15.00  51.56
 -36.00 -14.00  52.15
 -36.00 -13.00  52.78
 -36.00 -12.00  53.44
 -36.00 -11.00  54.16
 -36.00 -10.00  54.94
 -36.00  -9.00  55.79
 -36.00  -8.00  56.71
 -36.00  -7.00  57.66
 -36.00  -6.00  58.60
 -36.00  -5.00  59.48
 -36.00  -4.00  60.22
 -36.00  -3.00  60.77
 -36.00  -2.00  61.09
 -36.00  -1.00  61.19
 -36.00   0.00  61.10
 -36.00   1.00  60.90
 -36.00   2.00  60.70
 -36.00   3.00  60.60
 -36.00   4.00  60.71
 -36.00   5.00  61.06
 -36.00   6.00  61.64
 -36.00   7.00  62.39
 -36.00   8.00  63.16
 -36.00   9.00  63.77
 -36.00  10.00  64.06
 -36.00  11.00  63.88
 -36.00  12.00  63.15
 -36.00  13.00  61.87
 -36.00  14.00  60.14
 -36.00  15.00  58.14
 -36.00  16.00  56.07
 -36.00  17.00  54.15
 -36.00  18.00  52.54
 -36.00  19.00  51.32
 -36.00  20.00  50.49
 -36.00  21.00  49.94
 -36.00  22.00  49.51
 -36.00  23.00  49.03
 -36.00  24.00  48.35
 -36.00  25.00  47.38
 -36.00  26.00  46.14
 -36.00  27.00  44.76
 -35.00 -37.00  46.98
 -35.00 -36.00  47.04
 -35.00 -35.00  47.18
 -35.00 -34.00  47.42
 -35.00 -33.00  47.73
 -35.00 -32.00  48.09
 -35.00 -31.00  48.47
 -35.00 -30.00  48.82
 -35.00 -29.00  49.12
 -35.00 -28.00  49.35
 -35.00 -27.00  49.49
 -35.00 -26.00  49.56
 -35.00 -25.00  49.57
 -35.00 -24.00  49.55
 -35.00 -23.00  49.53
 -35.00 -22.00  49.55
 -35.00 -21.00  49.64
 -35.00 -20.00  49.81
 -35.00 -19.00  50.07
 -35.00 -18.00  50.42
 -35.00 -17.00  50.86
 -35.00 -16.00  51.36
 -35.00 -15.00  51.91
 -35.00 -14.00  52.50
 -35.00 -13.00  53.12
 -35.00 -12.00  53.78
 -35.00 -11.00  54.49
 -35.00 -10.00  55.25
 -35.00  -9.00  56.07
 -35.00  -8.00  56.96
 -35.00  -7.00  57.90
 -35.00  -6.00  58.84
 -35.00  -5.00  59.74
 -35.00  -4.00  60.53
 -35.00  -3.00  61.15
 -35.00  -2.00  61.55
 -35.00  -1.00  61.73
 -35.00   0.00  61.70
 -35.00   1.00  61.52
 -35.00   2.00  61.30
 -35.00   3.00  61.14
 -35.00   4.00  61.14
 -35.00   5.00  61.39
 -35.00   6.00  61.90
 -35.00   7.00  62.62
 -35.00   8.00  63.44
 -35.00   9.00  64.20
 -35.00  10.00  64.72
 -35.00  11.00  64.81
 -35.00  12.00  64.38
 -35.00  13.00  63.37
 -35.00  14.00  61.83
 -35.00  15.00  59.91
 -35.00  16.00  57.81
 -35.00  17.00  55.73
 -35.00  18.00  53.89
 -35.00  19.00  52.42
 -35.00  20.00  51.35
 -35.00  21.00  50.63
 -35.00  22.00  50.13
 -35.00  23.00  49.67
 -35.00  24.00  49.07
 -35.00  25.00  48.22
 -35.00  26.00  47.09
 -35.00  27.00  45.74
 -34.00 -37.00  47.63
 -34.00 -36.00  47.62
 -34.00 -35.00  47.69
 -34.00 -34.00  47.84
 -34.00 -33.00  48.07
 -34.00 -32.00  48.37
 -34.00 -31.00  48.69
 -34.00 -30.00  49.02
 -34.00 -29.00  49.32
 -34.00 -28.00  49.56
 -34.00 -27.00  49.74
 -34.00 -26.00  49.85
 -34.00 -25.00  49.90
 -34.00 -24.00  49.92
 -34.00 -23.00  49.94
 -34.00 -22.00  49.98
 -34.00 -21.00  50.07
 -34.00 -20.00  50.24
 -34.00 -19.00  50.50
 -34.00 -18.00  50.84
 -34.00 -17.00  51.26
 -34.00 -16.00  51.75
 -34.00 -15.00  52.29
 -34.00 -14.00  52.88
 -34.00 -13.00  53.50
 -34.00 -12.00  54.15
 -34.00 -11.00  54.84
 -34.00 -10.00  55.59
 -34.00  -9.00  56.39
 -34.00  -8.00  57.26
 -34.00  -7.00  58.17
 -34.00  -6.00  59.11
 -34.00  -5.00  60.02
 -34.00  -4.00  60.84
 -34.00  -3.00  61.52
 -34.00  -2.00  62.00
 -34.00  -1.00  62.25
 -34.00   0.00  62.29
 -34.00   1.00  62.15
 -34.00   2.00  61.91
 -34.00   3.00  61.70
 -34.00   4.00  61.62
 -34.00   5.00  61.76
 -34.00   6.00  62.17
 -34.00   7.00  62.83
 -34.00   8.00  63.66
 -34.00   9.00  64.52
 -34.00  10.00  65.22
 -34.00  11.00  65.58
 -34.00  12.00  65.44
 -34.00  13.00  64.72
 -34.00  14.00  63.42
 -34.00  15.00  61.64
 -34.00  16.00  59.56
 -34.00  17.00  57.40
 -34.00  18.00  55.37
 -34.00  19.00  53.64
 -34.00  20.00  52.32
 -34.00  21.00  51.40
 -34.00  22.00  50.77
 -34.00  23.00  50.28
 -34.00  24.00  49.74
 -34.00  25.00  49.00
 -34.00  26.00  47.98
 -34.00  27.00  46.70
 -33.00 -37.00  48.34
 -33.00 -36.00  48.28
 -33.00 -35.00  48.28
 -33.00 -34.00  48.36
 -33.00 -33.00  48.51
 -33.00 -32.00  48.74
 -33.00 -31.00  49.00
 -33.00 -30.00  49.29
 -33.00 -29.00  49.57
 -33.00 -28.00  49.81
 -33.00 -27.00  50.00
 -33.00 -26.00  50.14
 -33.00 -25.00  50.23
 -33.00 -24.00  50.29
 -33.00 -23.00  50.33
 -33.00 -22.00  50.40
 -33.00 -21.00  50.51
 -33.00 -20.00  50.69
 -33.00 -19.00  50.94
 -33.00 -18.00  51.27
 -33.00 -17.00  51.68
 -33.00 -16.00  52.16
 -33.00 -15.00  52.70
 -33.00 -14.00  53.28
 -33.00 -13.00  53.89
 -33.00 -12.00  54.55
 -33.00 -11.00  55.24
 -33.00 -10.00  55.97
 -33.00  -9.00  56.76
 -33.00  -8.00  57.60
 -33.00  -7.00  58.50
 -33.00  -6.00  59.42
 -33.00  -5.00  60.33
 -33.00  -4.00  61.18
 -33.00  -3.00  61.90
 -33.00  -2.00  62.44
 -33.00  -1.00  62.76
 -33.00   0.00  62.86
 -33.00   1.00  62.76
 -33.00   2.00  62.53
 -33.00   3.00  62.29
 -33.00   4.00  62.13
 -33.00   5.00  62.17
 -33.00   6.00  62.47
 -33.00   7.00  63.06
 -33.00   8.00  63.87
 -33.00   9.00  64.78
 -33.00  10.00  65.62
 -33.00  11.00  66.19
 -33.00  12.00  66.32
 -33.00  13.00  65.89
 -33.00  14.00  64.86
 -33.00  15.00  63.27
 -33.00  16.00  61.27
 -33.00  17.00  59.07
 -33.00  18.00  56.90
 -33.00  19.00  54.96
 -33.00  20.00  53.39
 -33.00  21.00  52.24
 -33.00  22.00  51.45
 -33.00  23.00  50.89
 -33.00  24.00  50.36
 -33.00  25.00  49.70
 -33.00  26.00  48.79
 -33.00  27.00  47.60
 -32.00 -37.00  49.08
 -32.00 -36.00  48.97
 -32.00 -35.00  48.92
 -32.00 -34.00  48.94
 -32.00 -33.00  49.03
 -32.00 -32.00  49.18
 -32.00 -31.00  49.39
 -32.00 -30.00  49.63
 -32.00 -29.00  49.88
 -32.00 -28.00  50.10
 -32.00 -27.00  50.29
 -32.00 -26.00  50.44
 -32.00 -25.00  50.56
 -32.00 -24.00  50.64
 -32.00 -23.00  50.72
 -32.00 -22.00  50.82
 -32.00 -21.00  50.95
 -32.00 -20.00  51.14
 -32.00 -19.00  51.39
 -32.00 -18.00  51.72
 -32.00 -17.00  52.13
 -32.00 -16.00  52.60
 -32.00 -15.00  53.13
 -32.00 -14.00  53.71
 -32.00 -13.00  54.32
 -32.00 -12.00  54.98
 -32.00 -11.00  55.67
 -32.00 -10.00  56.40
 -32.00  -9.00  57.18
 -32.00  -8.00  58.01
 -32.00  -7.00  58.89
 -32.00  -6.00  59.79
 -32.00  -5.00  60.70
 -32.00  -4.00  61.55
 -32.00  -3.00  62.30
 -32.00  -2.00  62.88
 -32.00  -1.00  63.26
 -32.00   0.00  63.41
 -32.00   1.00  63.35
 -32.00   2.00  63.14
 -32.00   3.00  62.87
 -32.00   4.00  62.66
 -32.00   5.00  62.61
 -32.00   6.00  62.82
 -32.00   7.00  63.32
 -32.00   8.00  64.09
 -32.00   9.00  65.02
 -32.00  10.00  65.95
 -32.00  11.00  66.70
 -32.00  12.00  67.07
 -32.00  13.00  66.89
 -32.00  14.00  66.11
 -32.00  15.00  64.72
 -32.00  16.00  62.84
 -32.00  17.00  60.65
 -32.00  18.00  58.40
 -32.00  19.00  56.29
 -32.00  20.00  54.51
 -32.00  21.00  53.14
 -32.00  22.00  52.17
 -32.00  23.00  51.50
 -32.00  24.00  50.95
 -32.00  25.00  50.34
 -32.00  26.00  49.51
 -32.00  27.00  48.40
 -31.00 -37.00  49.79
 -31.00 -36.00  49.66
 -31.00 -35.00  49.57
 -31.00 -34.00  49.54
 -31.00 -33.00  49.57
 -31.00 -32.00  49.68
 -31.00 -31.00  49.83
 -31.00 -30.00  50.03
 -31.00 -29.00  50.23
 -31.00 -28.00  50.43
 -31.00 -27.00  50.61
 -31.00 -26.00  50.76
 -31.00 -25.00  50.88
 -31.00 -24.00  50.99
 -31.00 -23.00  51.10
 -31.00 -22.00  51.22
 -31.00 -21.00  51.37
 -31.00 -20.00  51.58
 -31.00 -19.00  51.85
 -31.00 -18.00  52.19
 -31.00 -17.00  52.59
 -31.00 -16.00  53.06
 -31.00 -15.00  53.59
 -31.00 -14.00  54.17
 -31.00 -13.00  54.79
 -31.00 -12.00  55.44
 -31.00 -11.00  56.14
 -31.00 -10.00  56.87
 -31.00  -9.00  57.65
 -31.00  -8.00  58.48
 -31.00  -7.00  59.34
 -31.00  -6.00  60.24
 -31.00  -5.00  61.13
 -31.00  -4.00  61.99
 -31.00  -3.00  62.74
 -31.00  -2.00  63.35
 -31.00  -1.00  63.76
 -31.00   0.00  63.95
 -31.00   1.00  63.92
 -31.00   2.00  63.73
 -31.00   3.00  63.45
 -31.00   4.00  63.19
 -31.00   5.00  63.08
 -31.00   6.00  63.21
 -31.00   7.00  63.64
 -31.00   8.00  64.36
 -31.00   9.00  65.29
 -31.00  10.00  66.29
 -31.00  11.00  67.16
 -31.00  12.00  67.71
 -31.00  13.00  67.75
 -31.00  14.00  67.18
 -31.00  15.00  65.98
 -31.00  16.00  64.22
 -31.00  17.00  62.07
 -31.00  18.00  59.77
 -31.00  19.00  57.54
 -31.00  20.00  55.59
 -31.00  21.00  54.03
 -31.00  22.00  52.90
 -31.00  23.00  52.11
 -31.00  24.00  51.51
 -31.00  25.00  50.90
 -31.00  26.00  50.13
 -31.00  27.00  49.09
 -30.00 -37.00  50.77
 -30.00 -36.00  50.63
 -30.00 -35.00  50.54
 -30.00 -34.00  50.52
 -30.00 -33.00  50.56
 -30.00 -32.00  50.66
 -30.00 -31.00  50.82
 -30.00 -30.00  51.01
 -30.00 -29.00  51.21
 -30.00 -28.00  51.41
 -30.00 -27.00  51.59
 -30.00 -26.00  51.74
 -30.00 -25.00  51.86
 -30.00 -24.00  51.98
 -30.00 -23.00  52.08
 -30.00 -22.00  52.21
 -30.00 -21.00  52.36
 -30.00 -20.00  52.55
 -30.00 -19.00  52.80
 -30.00 -18.00  53.11
 -30.00 -17.00  53.48
 -30.00 -16.00  53.91
 -30.00 -15.00  54.41
 -30.00 -14.00  54.97
 -30.00 -13.00  55.58
 -30.00 -12.00  56.24
 -30.00 -11.00  56.93
 -30.00 -10.00  57.66
 -30.00  -9.00  58.43
 -30.00  -8.00  59.23
 -30.00  -7.00  60.07
 -30.00  -6.00  60.92
 -30.00  -5.00  61.76
 -30.00  -4.00  62.57
 -30.00  -3.00  63.30
 -30.00  -2.00  63.89
 -30.00  -1.00  64.31
 -30.00   0.00  64.51
 -30.00   1.00  64.50
 -30.00   2.00  64.32
 -30.00   3.00  64.03
 -30.00   4.00  63.74
 -30.00   5.00  63.58
 -30.00   6.00  63.64
 -30.00   7.00  64.00
 -30.00   8.00  64.67
 -30.00   9.00  65.61
 -30.00  10.00  66.67
 -30.00  11.00  67.67
 -30.00  12.00  68.39
 -30.00  13.00  68.65
 -30.00  14.00  68.30
 -30.00  15.00  67.29
 -30.00  16.00  65.67
 -30.00  17.00  63.58
 -30.00  18.00  61.25
 -30.00  19.00  58.92
 -30.00  20.00  56.82
 -30.00  21.00  55.10
 -30.00  22.00  53.81
 -30.00  23.00  52.90
 -30.00  24.00  52.23
 -30.00  25.00  51.62
 -30.00  26.00  50.89
 -30.00  27.00  49.91
