 -83.00 -37.00  39.99
 -83.00 -36.00  40.98
 -83.00 -35.00  43.32
 -83.00 -34.00  47.44
 -83.00 -33.00  53.55
 -83.00 -32.00  61.63
 -83.00 -31.00  71.30
 -83.00 -30.00  81.85
 -83.00 -29.00  92.32
 -83.00 -28.00 101.64
 -83.00 -27.00 108.77
 -83.00 -26.00 112.90
 -83.00 -25.00 113.58
 -83.00 -24.00 110.79
 -83.00 -23.00 104.96
 -83.00 -22.00  96.88
 -83.00 -21.00  87.57
 -83.00 -20.00  78.10
 -83.00 -19.00  69.40
 -83.00 -18.00  62.17
 -83.00 -17.00  56.72
 -83.00 -16.00  53.05
 -83.00 -15.00  50.84
 -83.00 -14.00  49.66
 -83.00 -13.00  49.05
 -83.00 -12.00  48.67
 -83.00 -11.00  48.42
 -83.00 -10.00  48.45
 -83.00  -9.00  49.12
 -83.00  -8.00  50.89
 -83.00  -7.00  54.22
 -83.00  -6.00  59.38
 -83.00  -5.00  66.35
 -83.00  -4.00  74.78
 -83.00  -3.00  83.99
 -83.00  -2.00  93.05
 -83.00  -1.00 100.93
 -83.00   0.00 106.64
 -83.00   1.00 109.44
 -83.00   2.00 108.91
 -83.00   3.00 105.08
 -83.00   4.00  98.35
 -83.00   5.00  89.48
 -83.00   6.00  79.44
 -83.00   7.00  69.22
 -83.00   8.00  59.75
 -83.00   9.00  51.71
 -83.00  10.00  45.51
 -83.00  11.00  41.25
 -83.00  12.00  38.76
 -83.00  13.00  37.70
 -83.00  14.00  37.64
 -83.00  15.00  38.16
 -83.00  16.00  38.90
 -83.00  17.00  39.62
 -83.00  18.00  40.19
 -83.00  19.00  40.57
 -83.00  20.00  40.77
 -83.00  21.00  40.79
 -83.00  22.00  40.63
 -83.00  23.00  40.26
 -83.00  24.00  39.70
 -83.00  25.00  38.97
 -83.00  26.00  38.21
 -83.00  27.00  37.68
 -82.00 -37.00  39.98
 -82.00 -36.00  41.02
 -82.00 -35.00  43.44
 -82.00 -34.00  47.65
 -82.00 -33.00  53.87
 -82.00 -32.00  62.06
 -82.00 -31.00  71.81
 -82.00 -30.00  82.40
 -82.00 -29.00  92.86
 -82.00 -28.00 102.10
 -82.00 -27.00 109.10
 -82.00 -26.00 113.06
 -82.00 -25.00 113.56
 -82.00 -24.00 110.60
 -82.00 -23.00 104.63
 -82.00 -22.00  96.48
 -82.00 -21.00  87.16
 -82.00 -20.00  77.73
 -82.00 -19.00  69.14
 -82.00 -18.00  62.02
 -82.00 -17.00  56.69
 -82.00 -16.00  53.10
 -82.00 -15.00  50.95
 -82.00 -14.00  49.78
 -82.00 -13.00  49.16
 -82.00 -12.00  48.78
 -82.00 -11.00  48.56
 -82.00 -10.00  48.66
 -82.00  -9.00  49.46
 -82.00  -8.00  51.43
 -82.00  -7.00  54.98
 -82.00  -6.00  60.37
 -82.00  -5.00  67.53
 -82.00  -4.00  76.07
 -82.00  -3.00  85.26
 -82.00  -2.00  94.15
 -82.00  -1.00 101.71
 -82.00   0.00 106.97
 -82.00   1.00 109.23
 -82.00   2.00 108.14
 -82.00   3.00 103.77
 -82.00   4.00  96.62
 -82.00   5.00  87.46
 -82.00   6.00  77.31
 -82.00   7.00  67.16
 -82.00   8.00  57.90
 -82.00   9.00  50.20
 -82.00  10.00  44.38
 -82.00  11.00  40.51
 -82.00  12.00  38.36
 -82.00  13.00  37.56
 -82.00  14.00  37.65
 -82.00  15.00  38.21
 -82.00  16.00  38.91
 -82.00  17.00  39.54
 -82.00  18.00  40.01
 -82.00  19.00  40.29
 -82.00  20.00  40.43
 -82.00  21.00  40.43
 -82.00  22.00  40.29
 -82.00  23.00  39.98
 -82.00  24.00  39.48
 -82.00  25.00  38.82
 -82.00  26.00  38.11
 -82.00  27.00  37.61
 -81.00 -37.00  39.94
 -81.00 -36.00  41.00
 -81.00 -35.00  43.44
 -81.00 -34.00  47.69
 -81.00 -33.00  53.96
 -81.00 -32.00  62.19
 -81.00 -31.00  71.98
 -81.00 -30.00  82.59
 -81.00 -29.00  93.05
 -81.00 -28.00 102.26
 -81.00 -27.00 109.21
 -81.00 -26.00 113.10
 -81.00 -25.00 113.52
 -81.00 -24.00 110.49
 -81.00 -23.00 104.49
 -81.00 -22.00  96.32
 -81.00 -21.00  87.02
 -81.00 -20.00  77.65
 -81.00 -19.00  69.12
 -81.00 -18.00  62.08
 -81.00 -17.00  56.80
 -81.00 -16.00  53.25
 -81.00 -15.00  51.12
 -81.00 -14.00  49.95
 -81.00 -13.00  49.31
 -81.00 -12.00  48.92
 -81.00 -11.00  48.72
 -81.00 -10.00  48.89
 -81.00  -9.00  49.79
 -81.00  -8.00  51.91
 -81.00  -7.00  55.63
 -81.00  -6.00  61.17
 -81.00  -5.00  68.45
 -81.00  -4.00  77.02
 -81.00  -3.00  86.15
 -81.00  -2.00  94.86
 -81.00  -1.00 102.11
 -81.00   0.00 106.98
 -81.00   1.00 108.79
 -81.00   2.00 107.23
 -81.00   3.00 102.45
 -81.00   4.00  94.96
 -81.00   5.00  85.61
 -81.00   6.00  75.40
 -81.00   7.00  65.34
 -81.00   8.00  56.31
 -81.00   9.00  48.91
 -81.00  10.00  43.44
 -81.00  11.00  39.91
 -81.00  12.00  38.05
 -81.00  13.00  37.45
 -81.00  14.00  37.65
 -81.00  15.00  38.24
 -81.00  16.00  38.89
 -81.00  17.00  39.43
 -81.00  18.00  39.79
 -81.00  19.00  39.99
 -81.00  20.00  40.07
 -81.00  21.00  40.06
 -81.00  22.00  39.96
 -81.00  23.00  39.72
 -81.00  24.00  39.29
 -81.00  25.00  38.70
 -81.00  26.00  38.03
 -81.00  27.00  37.54
 -80.00 -37.00  39.88
 -80.00 -36.00  40.93
 -80.00 -35.00  43.35
 -80.00 -34.00  47.57
 -80.00 -33.00  53.83
 -80.00 -32.00  62.05
 -80.00 -31.00  71.84
 -80.00 -30.00  82.46
 -80.00 -29.00  92.93
 -80.00 -28.00 102.16
 -80.00 -27.00 109.12
 -80.00 -26.00 113.02
 -80.00 -25.00 113.47
 -80.00 -24.00 110.47
 -80.00 -23.00 104.50
 -80.00 -22.00  96.38
 -80.00 -21.00  87.13
 -80.00 -20.00  77.81
 -80.00 -19.00  69.32
 -80.00 -18.00  62.31
 -80.00 -17.00  57.05
 -80.00 -16.00  53.49
 -80.00 -15.00  51.34
 -80.00 -14.00  50.14
 -80.00 -13.00  49.49
 -80.00 -12.00  49.09
 -80.00 -11.00  48.90
 -80.00 -10.00  49.12
 -80.00  -9.00  50.11
 -80.00  -8.00  52.32
 -80.00  -7.00  56.15
 -80.00  -6.00  61.79
 -80.00  -5.00  69.11
 -80.00  -4.00  77.67
 -80.00  -3.00  86.69
 -80.00  -2.00  95.20
 -80.00  -1.00 102.18
 -80.00   0.00 106.71
 -80.00   1.00 108.14
 -80.00   2.00 106.22
 -80.00   3.00 101.11
 -80.00   4.00  93.39
 -80.00   5.00  83.91
 -80.00   6.00  73.69
 -80.00   7.00  63.75
 -80.00   8.00  54.92
 -80.00   9.00  47.80
 -80.00  10.00  42.64
 -80.00  11.00  39.40
 -80.00  12.00  37.78
 -80.00  13.00  37.35
 -80.00  14.00  37.64
 -80.00  15.00  38.23
 -80.00  16.00  38.83
 -80.00  17.00  39.28
 -80.00  18.00  39.54
 -80.00  19.00  39.66
 -80.00  20.00  39.70
 -80.00  21.00  39.70
 -80.00  22.00  39.64
 -80.00  23.00  39.47
 -80.00  24.00  39.12
 -80.00  25.00  38.59
 -80.00  26.00  37.96
 -80.00  27.00  37.47
 -79.00 -37.00  39.81
 -79.00 -36.00  40.81
 -79.00 -35.00  43.18
 -79.00 -34.00  47.33
 -79.00 -33.00  53.53
 -79.00 -32.00  61.70
 -79.00 -31.00  71.46
 -79.00 -30.00  82.07
 -79.00 -29.00  92.56
 -79.00 -28.00 101.83
 -79.00 -27.00 108.85
 -79.00 -26.00 112.85
 -79.00 -25.00 113.38
 -79.00 -24.00 110.49
 -79.00 -23.00 104.62
 -79.00 -22.00  96.59
 -79.00 -21.00  87.41
 -79.00 -20.00  78.14
 -79.00 -19.00  69.68
 -79.00 -18.00  62.67
 -79.00 -17.00  57.39
 -79.00 -16.00  53.80
 -79.00 -15.00  51.60
 -79.00 -14.00  50.37
 -79.00 -13.00  49.68
 -79.00 -12.00  49.27
 -79.00 -11.00  49.10
 -79.00 -10.00  49.35
 -79.00  -9.00  50.39
 -79.00  -8.00  52.67
 -79.00  -7.00  56.56
 -79.00  -6.00  62.23
 -79.00  -5.00  69.55
 -79.00  -4.00  78.04
 -79.00  -3.00  86.93
 -79.00  -2.00  95.25
 -79.00  -1.00 101.97
 -79.00   0.00 106.20
 -79.00   1.00 107.32
 -79.00   2.00 105.10
 -79.00   3.00  99.75
 -79.00   4.00  91.86
 -79.00   5.00  82.30
 -79.00   6.00  72.12
 -79.00   7.00  62.30
 -79.00   8.00  53.68
 -79.00   9.00  46.82
 -79.00  10.00  41.93
 -79.00  11.00  38.95
 -79.00  12.00  37.54
 -79.00  13.00  37.25
 -79.00  14.00  37.61
 -79.00  15.00  38.20
 -79.00  16.00  38.74
 -79.00  17.00  39.10
 -79.00  18.00  39.27
 -79.00  19.00  39.32
 -79.00  20.00  39.33
 -79.00  21.00  39.33
 -79.00  22.00  39.32
 -79.00  23.00  39.22
 -79.00  24.00  38.95
 -79.00  25.00  38.49
 -79.00  26.00  37.90
 -79.00  27.00  37.38
 -78.00 -37.00  39.72
 -78.00 -36.00  40.66
 -78.00 -35.00  42.95
 -78.00 -34.00  47.01
 -78.00 -33.00  53.11
 -78.00 -32.00  61.20
 -78.00 -31.00  70.90
 -78.00 -30.00  81.49
 -78.00 -29.00  91.99
 -78.00 -28.00 101.32
 -78.00 -27.00 108.45
 -78.00 -26.00 112.57
 -78.00 -25.00 113.26
 -78.00 -24.00 110.52
 -78.00 -23.00 104.80
 -78.00 -22.00  96.89
 -78.00 -21.00  87.81
 -78.00 -20.00  78.59
 -78.00 -19.00  70.15
 -78.00 -18.00  63.13
 -78.00 -17.00  57.81
 -78.00 -16.00  54.16
 -78.00 -15.00  51.90
 -78.00 -14.00  50.61
 -78.00 -13.00  49.88
 -78.00 -12.00  49.46
 -78.00 -11.00  49.29
 -78.00 -10.00  49.57
 -78.00  -9.00  50.65
 -78.00  -8.00  52.97
 -78.00  -7.00  56.88
 -78.00  -6.00  62.54
 -78.00  -5.00  69.80
 -78.00  -4.00  78.19
 -78.00  -3.00  86.92
 -78.00  -2.00  95.03
 -78.00  -1.00 101.51
 -78.00   0.00 105.47
 -78.00   1.00 106.33
 -78.00   2.00 103.88
 -78.00   3.00  98.34
 -78.00   4.00  90.33
 -78.00   5.00  80.75
 -78.00   6.00  70.63
 -78.00   7.00  60.95
 -78.00   8.00  52.54
 -78.00   9.00  45.91
 -78.00  10.00  41.28
 -78.00  11.00  38.53
 -78.00  12.00  37.31
 -78.00  13.00  37.15
 -78.00  14.00  37.56
 -78.00  15.00  38.14
 -78.00  16.00  38.63
 -78.00  17.00  38.91
 -78.00  18.00  38.99
 -78.00  19.00  38.97
 -78.00  20.00  38.94
 -78.00  21.00  38.95
 -78.00  22.00  38.99
 -78.00  23.00  38.96
 -78.00  24.00  38.78
 -78.00  25.00  38.38
 -78.00  26.00  37.82
 -78.00  27.00  37.29
 -77.00 -37.00  39.62
 -77.00 -36.00  40.49
 -77.00 -35.00  42.68
 -77.00 -34.00  46.63
 -77.00 -33.00  52.61
 -77.00 -32.00  60.59
 -77.00 -31.00  70.21
 -77.00 -30.00  80.76
 -77.00 -29.00  91.28
 -77.00 -28.00 100.68
 -77.00 -27.00 107.93
 -77.00 -26.00 112.21
 -77.00 -25.00 113.09
 -77.00 -24.00 110.54
 -77.00 -23.00 105.00
 -77.00 -22.00  97.24
 -77.00 -21.00  88.27
 -77.00 -20.00  79.12
 -77.00 -19.00  70.70
 -77.00 -18.00  63.65
 -77.00 -17.00  58.27
 -77.00 -16.00  54.55
 -77.00 -15.00  52.22
 -77.00 -14.00  50.86
 -77.00 -13.00  50.10
 -77.00 -12.00  49.65
 -77.00 -11.00  49.49
 -77.00 -10.00  49.78
 -77.00  -9.00  50.88
 -77.00  -8.00  53.21
 -77.00  -7.00  57.11
 -77.00  -6.00  62.72
 -77.00  -5.00  69.89
 -77.00  -4.00  78.14
 -77.00  -3.00  86.70
 -77.00  -2.00  94.59
 -77.00  -1.00 100.83
 -77.00   0.00 104.55
 -77.00   1.00 105.18
 -77.00   2.00 102.53
 -77.00   3.00  96.86
 -77.00   4.00  88.79
 -77.00   5.00  79.22
 -77.00   6.00  69.18
 -77.00   7.00  59.65
 -77.00   8.00  51.45
 -77.00   9.00  45.06
 -77.00  10.00  40.66
 -77.00  11.00  38.12
 -77.00  12.00  37.07
 -77.00  13.00  37.03
 -77.00  14.00  37.49
 -77.00  15.00  38.06
 -77.00  16.00  38.49
 -77.00  17.00  38.69
 -77.00  18.00  38.69
 -77.00  19.00  38.61
 -77.00  20.00  38.55
 -77.00  21.00  38.57
 -77.00  22.00  38.65
 -77.00  23.00  38.70
 -77.00  24.00  38.60
 -77.00  25.00  38.27
 -77.00  26.00  37.73
 -77.00  27.00  37.18
 -76.00 -37.00  39.66
 -76.00 -36.00  40.44
 -76.00 -35.00  42.46
 -76.00 -34.00  46.19
 -76.00 -33.00  51.91
 -76.00 -32.00  59.61
 -76.00 -31.00  68.95
 -76.00 -30.00  79.26
 -76.00 -29.00  89.60
 -76.00 -28.00  98.93
 -76.00 -27.00 106.20
 -76.00 -26.00 110.62
 -76.00 -25.00 111.72
 -76.00 -24.00 109.46
 -76.00 -23.00 104.22
 -76.00 -22.00  96.75
 -76.00 -21.00  88.02
 -76.00 -20.00  79.04
 -76.00 -19.00  70.70
 -76.00 -18.00  63.66
 -76.00 -17.00  58.24
 -76.00 -16.00  54.45
 -76.00 -15.00  52.03
 -76.00 -14.00  50.62
 -76.00 -13.00  49.82
 -76.00 -12.00  49.38
 -76.00 -11.00  49.26
 -76.00 -10.00  49.60
 -76.00  -9.00  50.75
 -76.00  -8.00  53.09
 -76.00  -7.00  56.97
 -76.00  -6.00  62.50
 -76.00  -5.00  69.53
 -76.00  -4.00  77.60
 -76.00  -3.00  85.93
 -76.00  -2.00  93.58
 -76.00  -1.00  99.57
 -76.00   0.00 103.06
 -76.00   1.00 103.49
 -76.00   2.00 100.69
 -76.00   3.00  94.91
 -76.00   4.00  86.80
 -76.00   5.00  77.24
 -76.00   6.00  67.28
 -76.00   7.00  57.88
 -76.00   8.00  49.84
 -76.00   9.00  43.65
 -76.00  10.00  39.45
 -76.00  11.00  37.11
 -76.00  12.00  36.23
 -76.00  13.00  36.31
 -76.00  14.00  36.86
 -76.00  15.00  37.47
 -76.00  16.00  37.90
 -76.00  17.00  38.07
 -76.00  18.00  38.03
 -76.00  19.00  37.91
 -76.00  20.00  37.83
 -76.00  21.00  37.85
 -76.00  22.00  37.96
 -76.00  23.00  38.05
 -76.00  24.00  37.98
 -76.00  25.00  37.67
 -76.00  26.00  37.12
 -76.00  27.00  36.49
 -75.00 -37.00  39.69
 -75.00 -36.00  40.35
 -75.00 -35.00  42.19
 -75.00 -34.00  45.68
 -75.00 -33.00  51.11
 -75.00 -32.00  58.48
 -75.00 -31.00  67.51
 -75.00 -30.00  77.55
 -75.00 -29.00  87.70
 -75.00 -28.00  96.94
 -75.00 -27.00 104.26
 -75.00 -26.00 108.84
 -75.00 -25.00 110.19
 -75.00 -24.00 108.25
 -75.00 -23.00 103.36
 -75.00 -22.00  96.22
 -75.00 -21.00  87.76
 -75.00 -20.00  78.97
 -75.00 -19.00  70.73
 -75.00 -18.00  63.70
 -75.00 -17.00  58.23
 -75.00 -16.00  54.35
 -75.00 -15.00  51.84
 -75.00 -14.00  50.35
 -75.00 -13.00  49.52
 -75.00 -12.00  49.09
 -75.00 -11.00  48.99
 -75.00 -10.00  49.38
 -75.00  -9.00  50.56
 -75.00  -8.00  52.90
 -75.00  -7.00  56.72
 -75.00  -6.00  62.15
 -75.00  -5.00  69.02
 -75.00  -4.00  76.89
 -75.00  -3.00  84.99
 -75.00  -2.00  92.40
 -75.00  -1.00  98.17
 -75.00   0.00 101.46
 -75.00   1.00 101.74
 -75.00   2.00  98.83
 -75.00   3.00  93.00
 -75.00   4.00  84.88
 -75.00   5.00  75.36
 -75.00   6.00  65.48
 -75.00   7.00  56.20
 -75.00   8.00  48.31
 -75.00   9.00  42.28
 -75.00  10.00  38.26
 -75.00  11.00  36.09
 -75.00  12.00  35.36
 -75.00  13.00  35.56
 -75.00  14.00  36.19
 -75.00  15.00  36.85
 -75.00  16.00  37.28
 -75.00  17.00  37.43
 -75.00  18.00  37.36
 -75.00  19.00  37.21
 -75.00  20.00  37.11
 -75.00  21.00  37.13
 -75.00  22.00  37.26
 -75.00  23.00  37.38
 -75.00  24.00  37.35
 -75.00  25.00  37.05
 -75.00  26.00  36.48
 -75.00  27.00  35.78
 -74.00 -37.00  39.69
 -74.00 -36.00  40.22
 -74.00 -35.00  41.87
 -74.00 -34.00  45.08
 -74.00 -33.00  50.17
 -74.00 -32.00  57.19
 -74.00 -31.00  65.86
 -74.00 -30.00  75.59
 -74.00 -29.00  85.54
 -74.00 -28.00  94.69
 -74.00 -27.00 102.06
 -74.00 -26.00 106.83
 -74.00 -25.00 108.49
 -74.00 -24.00 106.93
 -74.00 -23.00 102.44
 -74.00 -22.00  95.68
 -74.00 -21.00  87.53
 -74.00 -20.00  78.95
 -74.00 -19.00  70.81
 -74.00 -18.00  63.79
 -74.00 -17.00  58.26
 -74.00 -16.00  54.27
 -74.00 -15.00  51.66
 -74.00 -14.00  50.08
 -74.00 -13.00  49.20
 -74.00 -12.00  48.76
 -74.00 -11.00  48.68
 -74.00 -10.00  49.10
 -74.00  -9.00  50.29
 -74.00  -8.00  52.61
 -74.00  -7.00  56.35
 -74.00  -6.00  61.64
 -74.00  -5.00  68.33
 -74.00  -4.00  75.97
 -74.00  -3.00  83.84
 -74.00  -2.00  91.04
 -74.00  -1.00  96.62
 -74.00   0.00  99.77
 -74.00   1.00  99.95
 -74.00   2.00  97.01
 -74.00   3.00  91.18
 -74.00   4.00  83.10
 -74.00   5.00  73.65
 -74.00   6.00  63.85
 -74.00   7.00  54.68
 -74.00   8.00  46.91
 -74.00   9.00  41.01
 -74.00  10.00  37.12
 -74.00  11.00  35.07
 -74.00  12.00  34.46
 -74.00  13.00  34.77
 -74.00  14.00  35.48
 -74.00  15.00  36.18
 -74.00  16.00  36.64
 -74.00  17.00  36.78
 -74.00  18.00  36.69
 -74.00  19.00  36.51
 -74.00  20.00  36.39
 -74.00  21.00  36.41
 -74.00  22.00  36.55
 -74.00  23.00  36.70
 -74.00  24.00  36.70
 -74.00  25.00  36.42
 -74.00  26.00  35.83
 -74.00  27.00  35.07
 -73.00 -37.00  39.66
 -73.00 -36.00  40.06
 -73.00 -35.00  41.48
 -73.00 -34.00  44.38
 -73.00 -33.00  49.10
 -73.00 -32.00  55.69
 -73.00 -31.00  63.96
 -73.00 -30.00  73.35
 -73.00 -29.00  83.06
 -73.00 -28.00  92.13
 -73.00 -27.00  99.57
 -73.00 -26.00 104.58
 -73.00 -25.00 106.61
 -73.00 -24.00 105.50
 -73.00 -23.00 101.48
 -73.00 -22.00  95.16
 -73.00 -21.00  87.36
 -73.00 -20.00  79.01
 -73.00 -19.00  71.00
 -73.00 -18.00  63.98
 -73.00 -17.00  58.36
 -73.00 -16.00  54.25
 -73.00 -15.00  51.50
 -73.00 -14.00  49.82
 -73.00 -13.00  48.87
 -73.00 -12.00  48.41
 -73.00 -11.00  48.34
 -73.00 -10.00  48.76
 -73.00  -9.00  49.94
 -73.00  -8.00  52.20
 -73.00  -7.00  55.83
 -73.00  -6.00  60.94
 -73.00  -5.00  67.42
 -73.00  -4.00  74.83
 -73.00  -3.00  82.47
 -73.00  -2.00  89.47
 -73.00  -1.00  94.92
 -73.00   0.00  98.00
 -73.00   1.00  98.17
 -73.00   2.00  95.26
 -73.00   3.00  89.51
 -73.00   4.00  81.52
 -73.00   5.00  72.17
 -73.00   6.00  62.47
 -73.00   7.00  53.38
 -73.00   8.00  45.68
 -73.00   9.00  39.85
 -73.00  10.00  36.04
 -73.00  11.00  34.07
 -73.00  12.00  33.55
 -73.00  13.00  33.94
 -73.00  14.00  34.72
 -73.00  15.00  35.49
 -73.00  16.00  35.97
 -73.00  17.00  36.13
 -73.00  18.00  36.02
 -73.00  19.00  35.82
 -73.00  20.00  35.68
 -73.00  21.00  35.69
 -73.00  22.00  35.84
 -73.00  23.00  36.01
 -73.00  24.00  36.04
 -73.00  25.00  35.78
 -73.00  26.00  35.18
 -73.00  27.00  34.36
 -72.00 -37.00  39.62
 -72.00 -36.00  39.86
 -72.00 -35.00  41.03
 -72.00 -34.00  43.59
 -72.00 -33.00  47.87
 -72.00 -32.00  53.99
 -72.00 -31.00  61.79
 -72.00 -30.00  70.79
 -72.00 -29.00  80.24
 -72.00 -28.00  89.21
 -72.00 -27.00  96.76
 -72.00 -26.00 102.05
 -72.00 -25.00 104.51
 -72.00 -24.00 103.92
 -72.00 -23.00 100.47
 -72.00 -22.00  94.65
 -72.00 -21.00  87.27
 -72.00 -20.00  79.20
 -72.00 -19.00  71.31
 -72.00 -18.00  64.29
 -72.00 -17.00  58.57
 -72.00 -16.00  54.30
 -72.00 -15.00  51.39
 -72.00 -14.00  49.57
 -72.00 -13.00  48.53
 -72.00 -12.00  48.03
 -72.00 -11.00  47.94
 -72.00 -10.00  48.36
 -72.00  -9.00  49.50
 -72.00  -8.00  51.67
 -72.00  -7.00  55.14
 -72.00  -6.00  60.05
 -72.00  -5.00  66.27
 -72.00  -4.00  73.43
 -72.00  -3.00  80.85
 -72.00  -2.00  87.69
 -72.00  -1.00  93.06
 -72.00   0.00  96.14
 -72.00   1.00  96.40
 -72.00   2.00  93.63
 -72.00   3.00  88.04
 -72.00   4.00  80.21
 -72.00   5.00  70.99
 -72.00   6.00  61.39
 -72.00   7.00  52.35
 -72.00   8.00  44.67
 -72.00   9.00  38.85
 -72.00  10.00  35.05
 -72.00  11.00  33.10
 -72.00  12.00  32.62
 -72.00  13.00  33.07
 -72.00  14.00  33.92
 -72.00  15.00  34.75
 -72.00  16.00  35.29
 -72.00  17.00  35.47
 -72.00  18.00  35.37
 -72.00  19.00  35.15
 -72.00  20.00  34.99
 -72.00  21.00  34.98
 -72.00  22.00  35.13
 -72.00  23.00  35.31
 -72.00  24.00  35.37
 -72.00  25.00  35.14
 -72.00  26.00  34.55
 -72.00  27.00  33.68
 -71.00 -37.00  39.56
 -71.00 -36.00  39.64
 -71.00 -35.00  40.54
 -71.00 -34.00  42.71
 -71.00 -33.00  46.50
 -71.00 -32.00  52.10
 -71.00 -31.00  59.37
 -71.00 -30.00  67.92
 -71.00 -29.00  77.06
 -71.00 -28.00  85.92
 -71.00 -27.00  93.58
 -71.00 -26.00  99.19
 -71.00 -25.00 102.15
 -71.00 -24.00 102.18
 -71.00 -23.00  99.36
 -71.00 -22.00  94.15
 -71.00 -21.00  87.24
 -71.00 -20.00  79.50
 -71.00 -19.00  71.77
 -71.00 -18.00  64.74
 -71.00 -17.00  58.90
 -71.00 -16.00  54.45
 -71.00 -15.00  51.34
 -71.00 -14.00  49.36
 -71.00 -13.00  48.20
 -71.00 -12.00  47.63
 -71.00 -11.00  47.51
 -71.00 -10.00  47.89
 -71.00  -9.00  48.96
 -71.00  -8.00  51.00
 -71.00  -7.00  54.28
 -71.00  -6.00  58.94
 -71.00  -5.00  64.89
 -71.00  -4.00  71.77
 -71.00  -3.00  78.98
 -71.00  -2.00  85.69
 -71.00  -1.00  91.03
 -71.00   0.00  94.20
 -71.00   1.00  94.64
 -71.00   2.00  92.12
 -71.00   3.00  86.79
 -71.00   4.00  79.19
 -71.00   5.00  70.15
 -71.00   6.00  60.64
 -71.00   7.00  51.63
 -71.00   8.00  43.92
 -71.00   9.00  38.04
 -71.00  10.00  34.17
 -71.00  11.00  32.17
 -71.00  12.00  31.68
 -71.00  13.00  32.16
 -71.00  14.00  33.07
 -71.00  15.00  33.97
 -71.00  16.00  34.58
 -71.00  17.00  34.81
 -71.00  18.00  34.73
 -71.00  19.00  34.51
 -71.00  20.00  34.33
 -71.00  21.00  34.30
 -71.00  22.00  34.43
 -71.00  23.00  34.62
 -71.00  24.00  34.71
 -71.00  25.00  34.51
 -71.00  26.00  33.94
 -71.00  27.00  33.04
 -70.00 -37.00  39.49
 -70.00 -36.00  39.42
 -70.00 -35.00  40.03
 -70.00 -34.00  41.79
 -70.00 -33.00  45.06
 -70.00 -32.00  50.06
 -70.00 -31.00  56.74
 -70.00 -30.00  64.78
 -70.00 -29.00  73.56
 -70.00 -28.00  82.28
 -70.00 -27.00  90.03
 -70.00 -26.00  95.99
 -70.00 -25.00  99.50
 -70.00 -24.00 100.20
 -70.00 -23.00  98.11
 -70.00 -22.00  93.58
 -70.00 -21.00  87.24
 -70.00 -20.00  79.89
 -70.00 -19.00  72.35
 -70.00 -18.00  65.34
 -70.00 -17.00  59.38
 -70.00 -16.00  54.73
 -70.00 -15.00  51.39
 -70.00 -14.00  49.20
 -70.00 -13.00  47.89
 -70.00 -12.00  47.22
 -70.00 -11.00  47.04
 -70.00 -10.00  47.36
 -70.00  -9.00  48.33
 -70.00  -8.00  50.22
 -70.00  -7.00  53.28
 -70.00  -6.00  57.65
 -70.00  -5.00  63.29
 -70.00  -4.00  69.88
 -70.00  -3.00  76.86
 -70.00  -2.00  83.46
 -70.00  -1.00  88.83
 -70.00   0.00  92.17
 -70.00   1.00  92.89
 -70.00   2.00  90.71
 -70.00   3.00  85.74
 -70.00   4.00  78.46
 -70.00   5.00  69.64
 -70.00   6.00  60.25
 -70.00   7.00  51.25
 -70.00   8.00  43.46
 -70.00   9.00  37.44
 -70.00  10.00  33.42
 -70.00  11.00  31.31
 -70.00  12.00  30.74
 -70.00  13.00  31.22
 -70.00  14.00  32.17
 -70.00  15.00  33.16
 -70.00  16.00  33.86
 -70.00  17.00  34.16
 -70.00  18.00  34.12
 -70.00  19.00  33.91
 -70.00  20.00  33.70
 -70.00  21.00  33.64
 -70.00  22.00  33.75
 -70.00  23.00  33.95
 -70.00  24.00  34.06
 -70.00  25.00  33.90
 -70.00  26.00  33.37
 -70.00  27.00  32.46
 -69.00 -37.00  39.41
 -69.00 -36.00  39.19
 -69.00 -35.00  39.53
 -69.00 -34.00  40.87
 -69.00 -33.00  43.59
 -69.00 -32.00  47.96
 -69.00 -31.00  54.00
 -69.00 -30.00  61.45
 -69.00 -29.00  69.81
 -69.00 -28.00  78.32
 -69.00 -27.00  86.14
 -69.00 -26.00  92.43
 -69.00 -25.00  96.50
 -69.00 -24.00  97.93
 -69.00 -23.00  96.64
 -69.00 -22.00  92.88
 -69.00 -21.00  87.19
 -69.00 -20.00  80.30
 -69.00 -19.00  73.02
 -69.00 -18.00  66.06
 -69.00 -17.00  59.99
 -69.00 -16.00  55.13
 -69.00 -15.00  51.53
 -69.00 -14.00  49.11
 -69.00 -13.00  47.61
 -69.00 -12.00  46.80
 -69.00 -11.00  46.53
 -69.00 -10.00  46.77
 -69.00  -9.00  47.63
 -69.00  -8.00  49.35
 -69.00  -7.00  52.15
 -69.00  -6.00  56.21
 -69.00  -5.00  61.51
 -69.00  -4.00  67.79
 -69.00  -3.00  74.54
 -69.00  -2.00  81.04
 -69.00  -1.00  86.47
 -69.00   0.00  90.03
 -69.00   1.00  91.11
 -69.00   2.00  89.36
 -69.00   3.00  84.84
 -69.00   4.00  77.96
 -69.00   5.00  69.43
 -69.00   6.00  60.19
 -69.00   7.00  51.19
 -69.00   8.00  43.28
 -69.00   9.00  37.07
 -69.00  10.00  32.83
 -69.00  11.00  30.52
 -69.00  12.00  29.82
 -69.00  13.00  30.24
 -69.00  14.00  31.23
 -69.00  15.00  32.29
 -69.00  16.00  33.10
 -69.00  17.00  33.50
 -69.00  18.00  33.53
 -69.00  19.00  33.34
 -69.00  20.00  33.12
 -69.00  21.00  33.02
 -69.00  22.00  33.10
 -69.00  23.00  33.28
 -69.00  24.00  33.42
 -69.00  25.00  33.31
 -69.00  26.00  32.83
 -69.00  27.00  31.95
 -68.00 -37.00  39.33
 -68.00 -36.00  38.99
 -68.00 -35.00  39.07
 -68.00 -34.00  39.99
 -68.00 -33.00  42.17
 -68.00 -32.00  45.88
 -68.00 -31.00  51.22
 -68.00 -30.00  58.03
 -68.00 -29.00  65.89
 -68.00 -28.00  74.13
 -68.00 -27.00  81.95
 -68.00 -26.00  88.52
 -68.00 -25.00  93.14
 -68.00 -24.00  95.32
 -68.00 -23.00  94.87
 -68.00 -22.00  91.94
 -68.00 -21.00  86.98
 -68.00 -20.00  80.65
 -68.00 -19.00  73.70
 -68.00 -18.00  66.86
 -68.00 -17.00  60.71
 -68.00 -16.00  55.64
 -68.00 -15.00  51.78
 -68.00 -14.00  49.09
 -68.00 -13.00  47.37
 -68.00 -12.00  46.40
 -68.00 -11.00  46.01
 -68.00 -10.00  46.14
 -68.00  -9.00  46.87
 -68.00  -8.00  48.40
 -68.00  -7.00  50.94
 -68.00  -6.00  54.67
 -68.00  -5.00  59.61
 -68.00  -4.00  65.55
 -68.00  -3.00  72.05
 -68.00  -2.00  78.45
 -68.00  -1.00  83.95
 -68.00   0.00  87.77
 -68.00   1.00  89.26
 -68.00   2.00  88.02
 -68.00   3.00  84.03
 -68.00   4.00  77.63
 -68.00   5.00  69.46
 -68.00   6.00  60.41
 -68.00   7.00  51.43
 -68.00   8.00  43.39
 -68.00   9.00  36.93
 -68.00  10.00  32.41
 -68.00  11.00  29.84
 -68.00  12.00  28.94
 -68.00  13.00  29.26
 -68.00  14.00  30.24
 -68.00  15.00  31.38
 -68.00  16.00  32.30
 -68.00  17.00  32.83
 -68.00  18.00  32.95
 -68.00  19.00  32.80
 -68.00  20.00  32.58
 -68.00  21.00  32.45
 -68.00  22.00  32.48
 -68.00  23.00  32.65
 -68.00  24.00  32.80
 -68.00  25.00  32.74
 -68.00  26.00  32.32
 -68.00  27.00  31.49
 -67.00 -37.00  39.23
 -67.00 -36.00  38.79
 -67.00 -35.00  38.65
 -67.00 -34.00  39.20
 -67.00 -33.00  40.83
 -67.00 -32.00  43.88
 -67.00 -31.00  48.51
 -67.00 -30.00  54.63
 -67.00 -29.00  61.92
 -67.00 -28.00  69.79
 -67.00 -27.00  77.53
 -67.00 -26.00  84.32
 -67.00 -25.00  89.43
 -67.00 -24.00  92.33
 -67.00 -23.00  92.74
 -67.00 -22.00  90.70
 -67.00 -21.00  86.54
 -67.00 -20.00  80.85
 -67.00 -19.00  74.31
 -67.00 -18.00  67.65
 -67.00 -17.00  61.49
 -67.00 -16.00  56.24
 -67.00 -15.00  52.13
 -67.00 -14.00  49.16
 -67.00 -13.00  47.19
 -67.00 -12.00  46.03
 -67.00 -11.00  45.49
 -67.00 -10.00  45.49
 -67.00  -9.00  46.08
 -67.00  -8.00  47.40
 -67.00  -7.00  49.67
 -67.00  -6.00  53.06
 -67.00  -5.00  57.63
 -67.00  -4.00  63.22
 -67.00  -3.00  69.45
 -67.00  -2.00  75.73
 -67.00  -1.00  81.30
 -67.00   0.00  85.38
 -67.00   1.00  87.31
 -67.00   2.00  86.63
 -67.00   3.00  83.24
 -67.00   4.00  77.39
 -67.00   5.00  69.65
 -67.00   6.00  60.85
 -67.00   7.00  51.92
 -67.00   8.00  43.75
 -67.00   9.00  37.03
 -67.00  10.00  32.18
 -67.00  11.00  29.29
 -67.00  12.00  28.14
 -67.00  13.00  28.30
 -67.00  14.00  29.24
 -67.00  15.00  30.43
 -67.00  16.00  31.47
 -67.00  17.00  32.13
 -67.00  18.00  32.37
 -67.00  19.00  32.29
 -67.00  20.00  32.08
 -67.00  21.00  31.92
 -67.00  22.00  31.91
 -67.00  23.00  32.05
 -67.00  24.00  32.20
 -67.00  25.00  32.19
 -67.00  26.00  31.84
 -67.00  27.00  31.07
 -66.00 -37.00  39.12
 -66.00 -36.00  38.62
 -66.00 -35.00  38.29
 -66.00 -34.00  38.49
 -66.00 -33.00  39.63
 -66.00 -32.00  42.03
 -66.00 -31.00  45.93
 -66.00 -30.00  51.33
 -66.00 -29.00  57.98
 -66.00 -28.00  65.41
 -66.00 -27.00  72.96
 -66.00 -26.00  79.87
 -66.00 -25.00  85.40
 -66.00 -24.00  88.97
 -66.00 -23.00  90.22
 -66.00 -22.00  89.08
 -66.00 -21.00  85.79
 -66.00 -20.00  80.80
 -66.00 -19.00  74.78
 -66.00 -18.00  68.39
 -66.00 -17.00  62.28
 -66.00 -16.00  56.91
 -66.00 -15.00  52.56
 -66.00 -14.00  49.31
 -66.00 -13.00  47.08
 -66.00 -12.00  45.69
 -66.00 -11.00  44.98
 -66.00 -10.00  44.83
 -66.00  -9.00  45.26
 -66.00  -8.00  46.38
 -66.00  -7.00  48.38
 -66.00  -6.00  51.43
 -66.00  -5.00  55.62
 -66.00  -4.00  60.84
 -66.00  -3.00  66.78
 -66.00  -2.00  72.91
 -66.00  -1.00  78.52
 -66.00   0.00  82.86
 -66.00   1.00  85.23
 -66.00   2.00  85.14
 -66.00   3.00  82.40
 -66.00   4.00  77.16
 -66.00   5.00  69.92
 -66.00   6.00  61.44
 -66.00   7.00  52.62
 -66.00   8.00  44.34
 -66.00   9.00  37.36
 -66.00  10.00  32.16
 -66.00  11.00  28.89
 -66.00  12.00  27.43
 -66.00  13.00  27.38
 -66.00  14.00  28.23
 -66.00  15.00  29.45
 -66.00  16.00  30.60
 -66.00  17.00  31.41
 -66.00  18.00  31.78
 -66.00  19.00  31.80
 -66.00  20.00  31.63
 -66.00  21.00  31.45
 -66.00  22.00  31.40
 -66.00  23.00  31.49
 -66.00  24.00  31.64
 -66.00  25.00  31.66
 -66.00  26.00  31.39
 -66.00  27.00  30.70
 -65.00 -37.00  38.98
 -65.00 -36.00  38.44
 -65.00 -35.00  37.97
 -65.00 -34.00  37.89
 -65.00 -33.00  38.56
 -65.00 -32.00  40.36
 -65.00 -31.00  43.55
 -65.00 -30.00  48.19
 -65.00 -29.00  54.16
 -65.00 -28.00  61.06
 -65.00 -27.00  68.32
 -65.00 -26.00  75.24
 -65.00 -25.00  81.09
 -65.00 -24.00  85.26
 -65.00 -23.00  87.30
 -65.00 -22.00  87.06
 -65.00 -21.00  84.66
 -65.00 -20.00  80.46
 -65.00 -19.00  75.02
 -65.00 -18.00  69.01
 -65.00 -17.00  63.03
 -65.00 -16.00  57.60
 -65.00 -15.00  53.06
 -65.00 -14.00  49.54
 -65.00 -13.00  47.04
 -65.00 -12.00  45.41
 -65.00 -11.00  44.49
 -65.00 -10.00  44.17
 -65.00  -9.00  44.43
 -65.00  -8.00  45.34
 -65.00  -7.00  47.07
 -65.00  -6.00  49.79
 -65.00  -5.00  53.60
 -65.00  -4.00  58.44
 -65.00  -3.00  64.07
 -65.00  -2.00  70.02
 -65.00  -1.00  75.64
 -65.00   0.00  80.21
 -65.00   1.00  83.01
 -65.00   2.00  83.52
 -65.00   3.00  81.46
 -65.00   4.00  76.90
 -65.00   5.00  70.22
 -65.00   6.00  62.13
 -65.00   7.00  53.48
 -65.00   8.00  45.15
 -65.00   9.00  37.93
 -65.00  10.00  32.36
 -65.00  11.00  28.69
 -65.00  12.00  26.85
 -65.00  13.00  26.53
 -65.00  14.00  27.25
 -65.00  15.00  28.46
 -65.00  16.00  29.70
 -65.00  17.00  30.65
 -65.00  18.00  31.18
 -65.00  19.00  31.31
 -65.00  20.00  31.20
 -65.00  21.00  31.03
 -65.00  22.00  30.94
 -65.00  23.00  30.99
 -65.00  24.00  31.12
 -65.00  25.00  31.17
 -65.00  26.00  30.96
 -65.00  27.00  30.37
 -64.00 -37.00  38.81
 -64.00 -36.00  38.27
 -64.00 -35.00  37.69
 -64.00 -34.00  37.37
 -64.00 -33.00  37.64
 -64.00 -32.00  38.88
 -64.00 -31.00  41.37
 -64.00 -30.00  45.26
 -64.00 -29.00  50.50
 -64.00 -28.00  56.80
 -64.00 -27.00  63.68
 -64.00 -26.00  70.49
 -64.00 -25.00  76.55
 -64.00 -24.00  81.21
 -64.00 -23.00  83.98
 -64.00 -22.00  84.62
 -64.00 -21.00  83.12
 -64.00 -20.00  79.76
 -64.00 -19.00  75.00
 -64.00 -18.00  69.45
 -64.00 -17.00  63.70
 -64.00 -16.00  58.29
 -64.00 -15.00  53.61
 -64.00 -14.00  49.86
 -64.00 -13.00  47.08
 -64.00 -12.00  45.19
 -64.00 -11.00  44.05
 -64.00 -10.00  43.54
 -64.00  -9.00  43.61
 -64.00  -8.00  44.31
 -64.00  -7.00  45.77
 -64.00  -6.00  48.16
 -64.00  -5.00  51.58
 -64.00  -4.00  56.04
 -64.00  -3.00  61.33
 -64.00  -2.00  67.07
 -64.00  -1.00  72.66
 -64.00   0.00  77.42
 -64.00   1.00  80.64
 -64.00   2.00  81.74
 -64.00   3.00  80.39
 -64.00   4.00  76.55
 -64.00   5.00  70.51
 -64.00   6.00  62.89
 -64.00   7.00  54.48
 -64.00   8.00  46.16
 -64.00   9.00  38.73
 -64.00  10.00  32.79
 -64.00  11.00  28.69
 -64.00  12.00  26.44
 -64.00  13.00  25.79
 -64.00  14.00  26.31
 -64.00  15.00  27.46
 -64.00  16.00  28.77
 -64.00  17.00  29.86
 -64.00  18.00  30.55
 -64.00  19.00  30.83
 -64.00  20.00  30.80
 -64.00  21.00  30.65
 -64.00  22.00  30.54
 -64.00  23.00  30.55
 -64.00  24.00  30.65
 -64.00  25.00  30.71
 -64.00  26.00  30.57
 -64.00  27.00  30.06
 -63.00 -37.00  38.61
 -63.00 -36.00  38.08
 -63.00 -35.00  37.44
 -63.00 -34.00  36.93
 -63.00 -33.00  36.86
 -63.00 -32.00  37.58
 -63.00 -31.00  39.42
 -63.00 -30.00  42.56
 -63.00 -29.00  47.05
 -63.00 -28.00  52.68
 -63.00 -27.00  59.08
 -63.00 -26.00  65.67
 -63.00 -25.00  71.80
 -63.00 -24.00  76.85
 -63.00 -23.00  80.28
 -63.00 -22.00  81.75
 -63.00 -21.00  81.16
 -63.00 -20.00  78.68
 -63.00 -19.00  74.67
 -63.00 -18.00  69.67
 -63.00 -17.00  64.25
 -63.00 -16.00  58.95
 -63.00 -15.00  54.19
 -63.00 -14.00  50.24
 -63.00 -13.00  47.21
 -63.00 -12.00  45.05
 -63.00 -11.00  43.67
 -63.00 -10.00  42.94
 -63.00  -9.00  42.80
 -63.00  -8.00  43.28
 -63.00  -7.00  44.48
 -63.00  -6.00  46.54
 -63.00  -5.00  49.58
 -63.00  -4.00  53.64
 -63.00  -3.00  58.58
 -63.00  -2.00  64.06
 -63.00  -1.00  69.59
 -63.00   0.00  74.49
 -63.00   1.00  78.09
 -63.00   2.00  79.78
 -63.00   3.00  79.16
 -63.00   4.00  76.08
 -63.00   5.00  70.76
 -63.00   6.00  63.69
 -63.00   7.00  55.61
 -63.00   8.00  47.37
 -63.00   9.00  39.78
 -63.00  10.00  33.50
 -63.00  11.00  28.95
 -63.00  12.00  26.24
 -63.00  13.00  25.20
 -63.00  14.00  25.44
 -63.00  15.00  26.48
 -63.00  16.00  27.81
 -63.00  17.00  29.02
 -63.00  18.00  29.88
 -63.00  19.00  30.32
 -63.00  20.00  30.41
 -63.00  21.00  30.32
 -63.00  22.00  30.20
 -63.00  23.00  30.17
 -63.00  24.00  30.23
 -63.00  25.00  30.29
 -63.00  26.00  30.20
 -63.00  27.00  29.79
 -62.00 -37.00  38.36
 -62.00 -36.00  37.87
 -62.00 -35.00  37.21
 -62.00 -34.00  36.56
 -62.00 -33.00  36.21
 -62.00 -32.00  36.48
 -62.00 -31.00  37.69
 -62.00 -30.00  40.11
 -62.00 -29.00  43.82
 -62.00 -28.00  48.74
 -62.00 -27.00  54.56
 -62.00 -26.00  60.81
 -62.00 -25.00  66.91
 -62.00 -24.00  72.22
 -62.00 -23.00  76.20
 -62.00 -22.00  78.44
 -62.00 -21.00  78.75
 -62.00 -20.00  77.18
 -62.00 -19.00  73.99
 -62.00 -18.00  69.64
 -62.00 -17.00  64.65
 -62.00 -16.00  59.55
 -62.00 -15.00  54.80
 -62.00 -14.00  50.70
 -62.00 -13.00  47.43
 -62.00 -12.00  45.01
 -62.00 -11.00  43.37
 -62.00 -10.00  42.40
 -62.00  -9.00  42.04
 -62.00  -8.00  42.29
 -62.00  -7.00  43.21
 -62.00  -6.00  44.94
 -62.00  -5.00  47.60
 -62.00  -4.00  51.24
 -62.00  -3.00  55.80
 -62.00  -2.00  61.01
 -62.00  -1.00  66.41
 -62.00   0.00  71.41
 -62.00   1.00  75.36
 -62.00   2.00  77.62
 -62.00   3.00  77.73
 -62.00   4.00  75.47
 -62.00   5.00  70.93
 -62.00   6.00  64.51
 -62.00   7.00  56.86
 -62.00   8.00  48.78
 -62.00   9.00  41.09
 -62.00  10.00  34.50
 -62.00  11.00  29.49
 -62.00  12.00  26.28
 -62.00  13.00  24.78
 -62.00  14.00  24.69
 -62.00  15.00  25.54
 -62.00  16.00  26.83
 -62.00  17.00  28.14
 -62.00  18.00  29.17
 -62.00  19.00  29.78
 -62.00  20.00  30.02
 -62.00  21.00  30.00
 -62.00  22.00  29.90
 -62.00  23.00  29.85
 -62.00  24.00  29.87
 -62.00  25.00  29.93
 -62.00  26.00  29.87
 -62.00  27.00  29.55
 -61.00 -37.00  38.08
 -61.00 -36.00  37.63
 -61.00 -35.00  36.98
 -61.00 -34.00  36.25
 -61.00 -33.00  35.67
 -61.00 -32.00  35.55
 -61.00 -31.00  36.20
 -61.00 -30.00  37.92
 -61.00 -29.00  40.86
 -61.00 -28.00  45.01
 -61.00 -27.00  50.17
 -61.00 -26.00  55.97
 -61.00 -25.00  61.89
 -61.00 -24.00  67.35
 -61.00 -23.00  71.77
 -61.00 -22.00  74.70
 -61.00 -21.00  75.87
 -61.00 -20.00  75.22
 -61.00 -19.00  72.91
 -61.00 -18.00  69.30
 -61.00 -17.00  64.85
 -61.00 -16.00  60.06
 -61.00 -15.00  55.40
 -61.00 -14.00  51.23
 -61.00 -13.00  47.76
 -61.00 -12.00  45.09
 -61.00 -11.00  43.17
 -61.00 -10.00  41.95
 -61.00  -9.00  41.35
 -61.00  -8.00  41.34
 -61.00  -7.00  41.98
 -61.00  -6.00  43.38
 -61.00  -5.00  45.64
 -61.00  -4.00  48.87
 -61.00  -3.00  53.02
 -61.00  -2.00  57.90
 -61.00  -1.00  63.13
 -61.00   0.00  68.18
 -61.00   1.00  72.42
 -61.00   2.00  75.22
 -61.00   3.00  76.07
 -61.00   4.00  74.67
 -61.00   5.00  70.99
 -61.00   6.00  65.31
 -61.00   7.00  58.20
 -61.00   8.00  50.39
 -61.00   9.00  42.69
 -61.00  10.00  35.83
 -61.00  11.00  30.37
 -61.00  12.00  26.62
 -61.00  13.00  24.60
 -61.00  14.00  24.09
 -61.00  15.00  24.67
 -61.00  16.00  25.86
 -61.00  17.00  27.22
 -61.00  18.00  28.39
 -61.00  19.00  29.19
 -61.00  20.00  29.60
 -61.00  21.00  29.70
 -61.00  22.00  29.64
 -61.00  23.00  29.58
 -61.00  24.00  29.57
 -61.00  25.00  29.61
 -61.00  26.00  29.58
 -61.00  27.00  29.33
 -60.00 -37.00  37.74
 -60.00 -36.00  37.36
 -60.00 -35.00  36.74
 -60.00 -34.00  35.97
 -60.00 -33.00  35.23
 -60.00 -32.00  34.79
 -60.00 -31.00  34.95
 -60.00 -30.00  36.02
 -60.00 -29.00  38.19
 -60.00 -28.00  41.55
 -60.00 -27.00  45.99
 -60.00 -26.00  51.23
 -60.00 -25.00  56.84
 -60.00 -24.00  62.29
 -60.00 -23.00  67.01
 -60.00 -22.00  70.53
 -60.00 -21.00  72.50
 -60.00 -20.00  72.76
 -60.00 -19.00  71.37
 -60.00 -18.00  68.58
 -60.00 -17.00  64.77
 -60.00 -16.00  60.41
 -60.00 -15.00  55.95
 -60.00 -14.00  51.79
 -60.00 -13.00  48.18
 -60.00 -12.00  45.28
 -60.00 -11.00  43.10
 -60.00 -10.00  41.61
 -60.00  -9.00  40.75
 -60.00  -8.00  40.47
 -60.00  -7.00  40.82
 -60.00  -6.00  41.87
 -60.00  -5.00  43.75
 -60.00  -4.00  46.54
 -60.00  -3.00  50.25
 -60.00  -2.00  54.76
 -60.00  -1.00  59.77
 -60.00   0.00  64.80
 -60.00   1.00  69.27
 -60.00   2.00  72.57
 -60.00   3.00  74.15
 -60.00   4.00  73.62
 -60.00   5.00  70.86
 -60.00   6.00  66.04
 -60.00   7.00  59.59
 -60.00   8.00  52.17
 -60.00   9.00  44.55
 -60.00  10.00  37.50
 -60.00  11.00  31.61
 -60.00  12.00  27.31
 -60.00  13.00  24.71
 -60.00  14.00  23.69
 -60.00  15.00  23.91
 -60.00  16.00  24.92
 -60.00  17.00  26.26
 -60.00  18.00  27.55
 -60.00  19.00  28.53
 -60.00  20.00  29.13
 -60.00  21.00  29.38
 -60.00  22.00  29.40
 -60.00  23.00  29.36
 -60.00  24.00  29.33
 -60.00  25.00  29.35
 -60.00  26.00  29.33
 -60.00  27.00  29.15
 -59.00 -37.00  37.36
 -59.00 -36.00  37.03
 -59.00 -35.00  36.48
 -59.00 -34.00  35.72
 -59.00 -33.00  34.88
 -59.00 -32.00  34.20
 -59.00 -31.00  33.94
 -59.00 -30.00  34.42
 -59.00 -29.00  35.86
 -59.00 -28.00  38.42
 -59.00 -27.00  42.09
 -59.00 -26.00  46.68
 -59.00 -25.00  51.84
 -59.00 -24.00  57.12
 -59.00 -23.00  62.00
 -59.00 -22.00  65.98
 -59.00 -21.00  68.65
 -59.00 -20.00  69.79
 -59.00 -19.00  69.32
 -59.00 -18.00  67.41
 -59.00 -17.00  64.34
 -59.00 -16.00  60.52
 -59.00 -15.00  56.39
 -59.00 -14.00  52.33
 -59.00 -13.00  48.67
 -59.00 -12.00  45.58
 -59.00 -11.00  43.16
 -59.00 -10.00  41.40
 -59.00  -9.00  40.26
 -59.00  -8.00  39.71
 -59.00  -7.00  39.75
 -59.00  -6.00  40.46
 -59.00  -5.00  41.94
 -59.00  -4.00  44.28
 -59.00  -3.00  47.54
 -59.00  -2.00  51.64
 -59.00  -1.00  56.35
 -59.00   0.00  61.29
 -59.00   1.00  65.92
 -59.00   2.00  69.65
 -59.00   3.00  71.92
 -59.00   4.00  72.27
 -59.00   5.00  70.48
 -59.00   6.00  66.60
 -59.00   7.00  60.93
 -59.00   8.00  54.04
 -59.00   9.00  46.64
 -59.00  10.00  39.49
 -59.00  11.00  33.24
 -59.00  12.00  28.39
 -59.00  13.00  25.17
 -59.00  14.00  23.56
 -59.00  15.00  23.32
 -59.00  16.00  24.05
 -59.00  17.00  25.30
 -59.00  18.00  26.65
 -59.00  19.00  27.80
 -59.00  20.00  28.59
 -59.00  21.00  29.01
 -59.00  22.00  29.16
 -59.00  23.00  29.16
 -59.00  24.00  29.14
 -59.00  25.00  29.13
 -59.00  26.00  29.12
 -59.00  27.00  29.00
 -58.00 -37.00  36.94
 -58.00 -36.00  36.66
 -58.00 -35.00  36.17
 -58.00 -34.00  35.46
 -58.00 -33.00  34.59
 -58.00 -32.00  33.74
 -58.00 -31.00  33.16
 -58.00 -30.00  33.12
 -58.00 -29.00  33.91
 -58.00 -28.00  35.69
 -58.00 -27.00  38.56
 -58.00 -26.00  42.42
 -58.00 -25.00  47.02
 -58.00 -24.00  51.99
 -58.00 -23.00  56.85
 -58.00 -22.00  61.12
 -58.00 -21.00  64.37
 -58.00 -20.00  66.29
 -58.00 -19.00  66.73
 -58.00 -18.00  65.72
 -58.00 -17.00  63.47
 -58.00 -16.00  60.31
 -58.00 -15.00  56.62
 -58.00 -14.00  52.79
 -58.00 -13.00  49.16
 -58.00 -12.00  45.97
 -58.00 -11.00  43.35
 -58.00 -10.00  41.33
 -58.00  -9.00  39.92
 -58.00  -8.00  39.08
 -58.00  -7.00  38.81
 -58.00  -6.00  39.17
 -58.00  -5.00  40.25
 -58.00  -4.00  42.15
 -58.00  -3.00  44.93
 -58.00  -2.00  48.58
 -58.00  -1.00  52.94
 -58.00   0.00  57.70
 -58.00   1.00  62.40
 -58.00   2.00  66.48
 -58.00   3.00  69.37
 -58.00   4.00  70.57
 -58.00   5.00  69.77
 -58.00   6.00  66.89
 -58.00   7.00  62.12
 -58.00   8.00  55.90
 -58.00   9.00  48.87
 -58.00  10.00  41.75
 -58.00  11.00  35.23
 -58.00  12.00  29.87
 -58.00  13.00  26.02
 -58.00  14.00  23.77
 -58.00  15.00  22.98
 -58.00  16.00  23.32
 -58.00  17.00  24.37
 -58.00  18.00  25.70
 -58.00  19.00  26.98
 -58.00  20.00  27.96
 -58.00  21.00  28.59
 -58.00  22.00  28.89
 -58.00  23.00  28.98
 -58.00  24.00  28.98
 -58.00  25.00  28.97
 -58.00  26.00  28.95
 -58.00  27.00  28.87
 -57.00 -37.00  36.48
 -57.00 -36.00  36.25
 -57.00 -35.00  35.83
 -57.00 -34.00  35.18
 -57.00 -33.00  34.32
 -57.00 -32.00  33.39
 -57.00 -31.00  32.57
 -57.00 -30.00  32.13
 -57.00 -29.00  32.33
 -57.00 -28.00  33.40
 -57.00 -27.00  35.48
 -57.00 -26.00  38.56
 -57.00 -25.00  42.51
 -57.00 -24.00  47.01
 -57.00 -23.00  51.69
 -57.00 -22.00  56.07
 -57.00 -21.00  59.74
 -57.00 -20.00  62.31
 -57.00 -19.00  63.58
 -57.00 -18.00  63.47
 -57.00 -17.00  62.09
 -57.00 -16.00  59.66
 -57.00 -15.00  56.53
 -57.00 -14.00  53.06
 -57.00 -13.00  49.59
 -57.00 -12.00  46.38
 -57.00 -11.00  43.62
 -57.00 -10.00  41.39
 -57.00  -9.00  39.72
 -57.00  -8.00  38.60
 -57.00  -7.00  38.03
 -57.00  -6.00  38.05
 -57.00  -5.00  38.73
 -57.00  -4.00  40.18
 -57.00  -3.00  42.48
 -57.00  -2.00  45.65
 -57.00  -1.00  49.61
 -57.00   0.00  54.11
 -57.00   1.00  58.77
 -57.00   2.00  63.09
 -57.00   3.00  66.50
 -57.00   4.00  68.50
 -57.00   5.00  68.67
 -57.00   6.00  66.83
 -57.00   7.00  63.05
 -57.00   8.00  57.64
 -57.00   9.00  51.13
 -57.00  10.00  44.20
 -57.00  11.00  37.53
 -57.00  12.00  31.75
 -57.00  13.00  27.29
 -57.00  14.00  24.36
 -57.00  15.00  22.94
 -57.00  16.00  22.79
 -57.00  17.00  23.53
 -57.00  18.00  24.76
 -57.00  19.00  26.09
 -57.00  20.00  27.24
 -57.00  21.00  28.07
 -57.00  22.00  28.55
 -57.00  23.00  28.77
 -57.00  24.00  28.83
 -57.00  25.00  28.83
 -57.00  26.00  28.82
 -57.00  27.00  28.76
 -56.00 -37.00  35.99
 -56.00 -36.00  35.79
 -56.00 -35.00  35.43
 -56.00 -34.00  34.86
 -56.00 -33.00  34.06
 -56.00 -32.00  33.10
 -56.00 -31.00  32.14
 -56.00 -30.00  31.40
 -56.00 -29.00  31.12
 -56.00 -28.00  31.56
 -56.00 -27.00  32.90
 -56.00 -26.00  35.20
 -56.00 -25.00  38.42
 -56.00 -24.00  42.35
 -56.00 -23.00  46.68
 -56.00 -22.00  51.00
 -56.00 -21.00  54.89
 -56.00 -20.00  57.96
 -56.00 -19.00  59.94
 -56.00 -18.00  60.66
 -56.00 -17.00  60.14
 -56.00 -16.00  58.51
 -56.00 -15.00  56.04
 -56.00 -14.00  53.05
 -56.00 -13.00  49.85
 -56.00 -12.00  46.74
 -56.00 -11.00  43.93
 -56.00 -10.00  41.55
 -56.00  -9.00  39.66
 -56.00  -8.00  38.28
 -56.00  -7.00  37.42
 -56.00  -6.00  37.10
 -56.00  -5.00  37.40
 -56.00  -4.00  38.42
 -56.00  -3.00  40.24
 -56.00  -2.00  42.92
 -56.00  -1.00  46.43
 -56.00   0.00  50.60
 -56.00   1.00  55.12
 -56.00   2.00  59.55
 -56.00   3.00  63.38
 -56.00   4.00  66.06
 -56.00   5.00  67.15
 -56.00   6.00  66.35
 -56.00   7.00  63.61
 -56.00   8.00  59.12
 -56.00   9.00  53.29
 -56.00  10.00  46.71
 -56.00  11.00  40.06
 -56.00  12.00  33.97
 -56.00  13.00  28.97
 -56.00  14.00  25.37
 -56.00  15.00  23.27
 -56.00  16.00  22.53
 -56.00  17.00  22.86
 -56.00  18.00  23.88
 -56.00  19.00  25.18
 -56.00  20.00  26.44
 -56.00  21.00  27.46
 -56.00  22.00  28.14
 -56.00  23.00  28.51
 -56.00  24.00  28.67
 -56.00  25.00  28.71
 -56.00  26.00  28.71
 -56.00  27.00  28.68
 -55.00 -37.00  35.50
 -55.00 -36.00  35.30
 -55.00 -35.00  34.99
 -55.00 -34.00  34.50
 -55.00 -33.00  33.78
 -55.00 -32.00  32.85
 -55.00 -31.00  31.82
 -55.00 -30.00  30.88
 -55.00 -29.00  30.24
 -55.00 -28.00  30.15
 -55.00 -27.00  30.82
 -55.00 -26.00  32.38
 -55.00 -25.00  34.86
 -55.00 -24.00  38.14
 -55.00 -23.00  41.99
 -55.00 -22.00  46.07
 -55.00 -21.00  50.00
 -55.00 -20.00  53.39
 -55.00 -19.00  55.91
 -55.00 -18.00  57.36
 -55.00 -17.00  57.65
 -55.00 -16.00  56.83
 -55.00 -15.00  55.08
 -55.00 -14.00  52.66
 -55.00 -13.00  49.86
 -55.00 -12.00  46.97
 -55.00 -11.00  44.21
 -55.00 -10.00  41.76
 -55.00  -9.00  39.71
 -55.00  -8.00  38.11
 -55.00  -7.00  36.98
 -55.00  -6.00  36.36
 -55.00  -5.00  36.30
 -55.00  -4.00  36.89
 -55.00  -3.00  38.24
 -55.00  -2.00  40.43
 -55.00  -1.00  43.46
 -55.00   0.00  47.24
 -55.00   1.00  51.53
 -55.00   2.00  55.96
 -55.00   3.00  60.06
 -55.00   4.00  63.31
 -55.00   5.00  65.22
 -55.00   6.00  65.42
 -55.00   7.00  63.75
 -55.00   8.00  60.25
 -55.00   9.00  55.22
 -55.00  10.00  49.17
 -55.00  11.00  42.70
 -55.00  12.00  36.45
 -55.00  13.00  31.02
 -55.00  14.00  26.79
 -55.00  15.00  24.00
 -55.00  16.00  22.61
 -55.00  17.00  22.43
 -55.00  18.00  23.11
 -55.00  19.00  24.29
 -55.00  20.00  25.59
 -55.00  21.00  26.75
 -55.00  22.00  27.63
 -55.00  23.00  28.19
 -55.00  24.00  28.48
 -55.00  25.00  27.73
 -55.00  26.00  27.77
 -55.00  27.00  27.75
 -54.00 -37.00  35.05
 -54.00 -36.00  34.84
 -54.00 -35.00  34.56
 -54.00 -34.00  34.11
 -54.00 -33.00  33.45
 -54.00 -32.00  32.57
 -54.00 -31.00  31.52
 -54.00 -30.00  30.43
 -54.00 -29.00  29.51
 -54.00 -28.00  28.97
 -54.00 -27.00  29.04
 -54.00 -26.00  29.89
 -54.00 -25.00  31.60
 -54.00 -24.00  34.13
 -54.00 -23.00  37.34
 -54.00 -22.00  40.98
 -54.00 -21.00  44.70
 -54.00 -20.00  48.15
 -54.00 -19.00  51.01
 -54.00 -18.00  53.01
 -54.00 -17.00  54.01
 -54.00 -16.00  53.97
 -54.00 -15.00  52.99
 -54.00 -14.00  51.26
 -54.00 -13.00  49.01
 -54.00 -12.00  46.52
 -54.00 -11.00  43.99
 -54.00 -10.00  41.62
 -54.00  -9.00  39.54
 -54.00  -8.00  37.80
 -54.00  -7.00  36.46
 -54.00  -6.00  35.57
 -54.00  -5.00  35.19
 -54.00  -4.00  35.41
 -54.00  -3.00  36.34
 -54.00  -2.00  38.08
 -54.00  -1.00  40.68
 -54.00   0.00  44.10
 -54.00   1.00  48.16
 -54.00   2.00  52.57
 -54.00   3.00  56.88
 -54.00   4.00  60.62
 -54.00   5.00  63.27
 -54.00   6.00  64.40
 -54.00   7.00  63.75
 -54.00   8.00  61.26
 -54.00   9.00  57.10
 -54.00  10.00  51.66
 -54.00  11.00  45.48
 -54.00  12.00  39.20
 -54.00  13.00  33.41
 -54.00  14.00  28.61
 -54.00  15.00  25.11
 -54.00  16.00  23.02
 -54.00  17.00  22.22
 -54.00  18.00  22.46
 -54.00  19.00  23.39
 -54.00  20.00  24.64
 -54.00  21.00  25.04
 -54.00  22.00  26.06
 -54.00  23.00  26.81
 -54.00  24.00  27.28
 -54.00  25.00  27.53
 -54.00  26.00  27.63
 -54.00  27.00  27.64
 -53.00 -37.00  34.60
 -53.00 -36.00  34.38
 -53.00 -35.00  34.10
 -53.00 -34.00  33.70
 -53.00 -33.00  33.11
 -53.00 -32.00  32.29
 -53.00 -31.00  31.26
 -53.00 -30.00  30.11
 -53.00 -29.00  29.00
 -53.00 -28.00  28.13
 -53.00 -27.00  27.72
 -53.00 -26.00  27.96
 -53.00 -25.00  28.97
 -53.00 -24.00  30.79
 -53.00 -23.00  33.34
 -53.00 -22.00  36.44
 -53.00 -21.00  39.83
 -53.00 -20.00  43.19
 -53.00 -19.00  46.19
 -53.00 -18.00  48.56
 -53.00 -17.00  50.11
 -53.00 -16.00  50.75
 -53.00 -15.00  50.49
 -53.00 -14.00  49.45
 -53.00 -13.00  47.81
 -53.00 -12.00  45.79
 -53.00 -11.00  43.60
 -53.00 -10.00  41.43
 -53.00  -9.00  39.40
 -53.00  -8.00  37.61
 -53.00  -7.00  36.13
 -53.00  -6.00  35.02
 -53.00  -5.00  34.34
 -53.00  -4.00  34.20
 -53.00  -3.00  34.72
 -53.00  -2.00  36.02
 -53.00  -1.00  38.17
 -53.00   0.00  41.18
 -53.00   1.00  44.95
 -53.00   2.00  49.23
 -53.00   3.00  53.66
 -53.00   4.00  57.76
 -53.00   5.00  61.03
 -53.00   6.00  63.01
 -53.00   7.00  63.35
 -53.00   8.00  61.88
 -53.00   9.00  58.66
 -53.00  10.00  53.96
 -53.00  11.00  48.25
 -53.00  12.00  42.10
 -53.00  13.00  36.12
 -53.00  14.00  30.86
 -53.00  15.00  26.72
 -53.00  16.00  23.91
 -53.00  17.00  22.44
 -53.00  18.00  21.43
 -53.00  19.00  21.99
 -53.00  20.00  23.02
 -53.00  21.00  24.22
 -53.00  22.00  25.34
 -53.00  23.00  26.25
 -53.00  24.00  26.89
 -53.00  25.00  27.27
 -53.00  26.00  27.47
 -53.00  27.00  27.54
 -52.00 -37.00  34.10
 -52.00 -36.00  33.88
 -52.00 -35.00  33.62
 -52.00 -34.00  33.26
 -52.00 -33.00  32.73
 -52.00 -32.00  31.99
 -52.00 -31.00  31.02
 -52.00 -30.00  29.87
 -52.00 -29.00  28.67
 -52.00 -28.00  27.57
 -52.00 -27.00  26.79
 -52.00 -26.00  26.53
 -52.00 -25.00  26.94
 -52.00 -24.00  28.11
 -52.00 -23.00  30.02
 -52.00 -22.00  32.58
 -52.00 -21.00  35.56
 -52.00 -20.00  38.70
 -52.00 -19.00  41.70
 -52.00 -18.00  44.30
 -52.00 -17.00  46.25
 -52.00 -16.00  47.44
 -52.00 -15.00  47.80
 -52.00 -14.00  47.41
 -52.00 -13.00  46.37
 -52.00 -12.00  44.87
 -52.00 -11.00  43.09
 -52.00 -10.00  41.19
 -52.00  -9.00  39.32
 -52.00  -8.00  37.57
 -52.00  -7.00  36.02
 -52.00  -6.00  34.74
 -52.00  -5.00  33.82
 -52.00  -4.00  33.35
 -52.00  -3.00  33.47
 -52.00  -2.00  34.31
 -52.00  -1.00  35.99
 -52.00   0.00  38.55
 -52.00   1.00  41.95
 -52.00   2.00  46.00
 -52.00   3.00  50.40
 -52.00   4.00  54.73
 -52.00   5.00  58.49
 -52.00   6.00  61.21
 -52.00   7.00  62.47
 -52.00   8.00  62.01
 -52.00   9.00  59.78
 -52.00  10.00  55.94
 -52.00  11.00  50.85
 -52.00  12.00  45.02
 -52.00  13.00  39.03
 -52.00  14.00  33.46
 -52.00  15.00  27.32
 -52.00  16.00  24.21
 -52.00  17.00  22.27
 -52.00  18.00  21.46
 -52.00  19.00  21.58
 -52.00  20.00  22.34
 -52.00  21.00  23.44
 -52.00  22.00  24.60
 -52.00  23.00  25.63
 -52.00  24.00  26.43
 -52.00  25.00  26.96
 -52.00  26.00  27.27
 -52.00  27.00  27.42
 -51.00 -37.00  33.53
 -51.00 -36.00  33.32
 -51.00 -35.00  33.08
 -51.00 -34.00  32.76
 -51.00 -33.00  32.31
 -51.00 -32.00  31.66
 -51.00 -31.00  30.78
 -51.00 -30.00  29.68
 -51.00 -29.00  28.45
 -51.00 -28.00  27.22
 -51.00 -27.00  26.18
 -51.00 -26.00  25.52
 -51.00 -25.00  25.43
 -51.00 -24.00  26.02
 -51.00 -23.00  27.34
 -51.00 -22.00  29.34
 -51.00 -21.00  31.87
 -51.00 -20.00  34.72
 -51.00 -19.00  37.62
 -51.00 -18.00  40.30
 -51.00 -17.00  42.53
 -51.00 -16.00  44.13
 -51.00 -15.00  45.03
 -51.00 -14.00  45.21
 -51.00 -13.00  44.76
 -51.00 -12.00  43.79
 -51.00 -11.00  42.45
 -51.00 -10.00  40.89
 -51.00  -9.00  39.25
 -51.00  -8.00  37.61
 -51.00  -7.00  36.07
 -51.00  -6.00  34.71
 -51.00  -5.00  33.59
 -51.00  -4.00  32.84
 -51.00  -3.00  32.60
 -51.00  -2.00  33.00
 -51.00  -1.00  34.19
 -51.00   0.00  36.26
 -51.00   1.00  39.22
 -51.00   2.00  42.95
 -51.00   3.00  47.21
 -51.00   4.00  51.62
 -51.00   5.00  55.73
 -51.00   6.00  59.06
 -51.00   7.00  61.15
 -51.00   8.00  61.66
 -51.00   9.00  60.45
 -51.00  10.00  57.54
 -51.00  11.00  53.20
 -51.00  12.00  44.51
 -51.00  13.00  39.33
 -51.00  14.00  34.19
 -51.00  15.00  29.60
 -51.00  16.00  25.90
 -51.00  17.00  23.32
 -51.00  18.00  21.89
 -51.00  19.00  21.49
 -51.00  20.00  21.88
 -51.00  21.00  22.77
 -51.00  22.00  23.88
 -51.00  23.00  24.97
 -51.00  24.00  25.89
 -51.00  25.00  26.57
 -51.00  26.00  27.02
 -51.00  27.00  27.27
 -50.00 -37.00  32.90
 -50.00 -36.00  32.71
 -50.00 -35.00  32.49
 -50.00 -34.00  32.21
 -50.00 -33.00  31.83
 -50.00 -32.00  31.28
 -50.00 -31.00  30.51
 -50.00 -30.00  29.50
 -50.00 -29.00  28.30
 -50.00 -28.00  27.02
 -50.00 -27.00  25.81
 -50.00 -26.00  24.86
 -50.00 -25.00  24.35
 -50.00 -24.00  24.45
 -50.00 -23.00  25.22
 -50.00 -22.00  26.69
 -50.00 -21.00  28.75
 -50.00 -20.00  31.25
 -50.00 -19.00  33.96
 -50.00 -18.00  36.62
 -50.00 -17.00  39.00
 -50.00 -16.00  40.92
 -50.00 -15.00  42.25
 -50.00 -14.00  42.93
 -50.00 -13.00  43.01
 -50.00 -12.00  42.55
 -50.00 -11.00  41.67
 -50.00 -10.00  40.50
 -50.00  -9.00  39.14
 -50.00  -8.00  37.70
 -50.00  -7.00  36.25
 -50.00  -6.00  34.87
 -50.00  -5.00  33.64
 -50.00  -4.00  32.67
 -50.00  -3.00  32.10
 -50.00  -2.00  32.09
 -50.00  -1.00  32.79
 -50.00   0.00  34.35
 -50.00   1.00  36.82
 -50.00   2.00  40.14
 -50.00   3.00  44.14
 -50.00   4.00  48.51
 -50.00   5.00  52.83
 -50.00   6.00  56.63
 -50.00   7.00  59.44
 -50.00   8.00  60.86
 -50.00   9.00  56.04
 -50.00  10.00  54.43
 -50.00  11.00  51.37
 -50.00  12.00  47.15
 -50.00  13.00  42.20
 -50.00  14.00  37.04
 -50.00  15.00  32.15
 -50.00  16.00  27.98
 -50.00  17.00  24.80
 -50.00  18.00  22.73
 -50.00  19.00  21.75
 -50.00  20.00  21.68
 -50.00  21.00  22.26
 -50.00  22.00  23.22
 -50.00  23.00  24.29
 -50.00  24.00  25.29
 -50.00  25.00  26.10
 -50.00  26.00  26.68
 -50.00  27.00  27.05
 -49.00 -37.00  32.19
 -49.00 -36.00  32.04
 -49.00 -35.00  31.84
 -49.00 -34.00  31.60
 -49.00 -33.00  31.28
 -49.00 -32.00  30.83
 -49.00 -31.00  30.18
 -49.00 -30.00  29.29
 -49.00 -29.00  28.18
 -49.00 -28.00  26.92
 -49.00 -27.00  25.62
 -49.00 -26.00  24.47
 -49.00 -25.00  23.64
 -49.00 -24.00  23.31
 -49.00 -23.00  23.60
 -49.00 -22.00  24.56
 -49.00 -21.00  26.16
 -49.00 -20.00  28.27
 -49.00 -19.00  30.72
 -49.00 -18.00  33.28
 -49.00 -17.00  35.72
 -49.00 -16.00  37.85
 -49.00 -15.00  39.51
 -49.00 -14.00  40.62
 -49.00 -13.00  41.16
 -49.00 -12.00  41.19
 -49.00 -11.00  40.77
 -49.00 -10.00  40.00
 -49.00  -9.00  38.98
 -49.00  -8.00  37.79
 -49.00  -7.00  36.50
 -49.00  -6.00  35.18
 -49.00  -5.00  33.91
 -49.00  -4.00  32.79
 -49.00  -3.00  31.96
 -49.00  -2.00  31.58
 -49.00  -1.00  31.83
 -49.00   0.00  32.87
 -49.00   1.00  34.80
 -49.00   2.00  37.65
 -49.00   3.00  41.29
 -49.00   4.00  45.49
 -49.00   5.00  49.88
 -49.00   6.00  54.01
 -49.00   7.00  53.08
 -49.00   8.00  55.26
 -49.00   9.00  56.06
 -49.00  10.00  55.31
 -49.00  11.00  53.04
 -49.00  12.00  49.45
 -49.00  13.00  44.91
 -49.00  14.00  39.89
 -49.00  15.00  34.88
 -49.00  16.00  30.35
 -49.00  17.00  26.64
 -49.00  18.00  23.97
 -49.00  19.00  22.38
 -49.00  20.00  21.78
 -49.00  21.00  21.96
 -49.00  22.00  22.67
 -49.00  23.00  23.64
 -49.00  24.00  24.65
 -49.00  25.00  25.55
 -49.00  26.00  26.26
 -49.00  27.00  26.76
 -48.00 -37.00  31.38
 -48.00 -36.00  31.29
 -48.00 -35.00  31.13
 -48.00 -34.00  30.93
 -48.00 -33.00  30.67
 -48.00 -32.00  30.30
 -48.00 -31.00  29.77
 -48.00 -30.00  29.03
 -48.00 -29.00  28.04
 -48.00 -28.00  26.86
 -48.00 -27.00  25.56
 -48.00 -26.00  24.29
 -48.00 -25.00  23.23
 -48.00 -24.00  22.56
 -48.00 -23.00  22.42
 -48.00 -22.00  22.92
 -48.00 -21.00  24.05
 -48.00 -20.00  25.76
 -48.00 -19.00  27.90
 -48.00 -18.00  30.29
 -48.00 -17.00  32.70
 -48.00 -16.00  34.95
 -48.00 -15.00  36.86
 -48.00 -14.00  38.31
 -48.00 -13.00  39.26
 -48.00 -12.00  39.72
 -48.00 -11.00  39.74
 -48.00 -10.00  39.38
 -48.00  -9.00  38.71
 -48.00  -8.00  37.82
 -48.00  -7.00  36.76
 -48.00  -6.00  35.58
 -48.00  -5.00  34.34
 -48.00  -4.00  33.16
 -48.00  -3.00  32.14
 -48.00  -2.00  31.45
 -48.00  -1.00  31.28
 -48.00   0.00  31.82
 -48.00   1.00  33.22
 -48.00   2.00  35.53
 -48.00   3.00  38.73
 -48.00   4.00  39.38
 -48.00   5.00  43.44
 -48.00   6.00  47.51
 -48.00   7.00  51.16
 -48.00   8.00  53.95
 -48.00   9.00  55.51
 -48.00  10.00  55.62
 -48.00  11.00  54.19
 -48.00  12.00  51.34
 -48.00  13.00  47.35
 -48.00  14.00  42.63
 -48.00  15.00  37.66
 -48.00  16.00  32.91
 -48.00  17.00  28.78
 -48.00  18.00  25.56
 -48.00  19.00  23.38
 -48.00  20.00  22.21
 -48.00  21.00  21.92
 -48.00  22.00  22.29
 -48.00  23.00  23.07
 -48.00  24.00  24.02
 -48.00  25.00  24.95
 -48.00  26.00  25.75
 -48.00  27.00  26.37
 -47.00 -37.00  30.49
 -47.00 -36.00  30.48
 -47.00 -35.00  30.37
 -47.00 -34.00  30.20
 -47.00 -33.00  29.98
 -47.00 -32.00  29.70
 -47.00 -31.00  29.28
 -47.00 -30.00  28.68
 -47.00 -29.00  27.84
 -47.00 -28.00  26.78
 -47.00 -27.00  25.54
 -47.00 -26.00  24.25
 -47.00 -25.00  23.05
 -47.00 -24.00  22.12
 -47.00 -23.00  21.63
 -47.00 -22.00  21.70
 -47.00 -21.00  22.39
 -47.00 -20.00  23.68
 -47.00 -19.00  25.49
 -47.00 -18.00  27.64
 -47.00 -17.00  29.96
 -47.00 -16.00  32.24
 -47.00 -15.00  34.31
 -47.00 -14.00  36.04
 -47.00 -13.00  37.33
 -47.00 -12.00  38.18
 -47.00 -11.00  38.60
 -47.00 -10.00  38.63
 -47.00  -9.00  38.34
 -47.00  -8.00  37.77
 -47.00  -7.00  36.97
 -47.00  -6.00  35.99
 -47.00  -5.00  34.87
 -47.00  -4.00  33.69
 -47.00  -3.00  32.57
 -47.00  -2.00  31.66
 -47.00  -1.00  31.14
 -47.00   0.00  31.22
 -47.00   1.00  32.08
 -47.00   2.00  31.32
 -47.00   3.00  33.83
 -47.00   4.00  37.12
 -47.00   5.00  40.97
 -47.00   6.00  45.04
 -47.00   7.00  48.94
 -47.00   8.00  52.20
 -47.00   9.00  54.45
 -47.00  10.00  55.36
 -47.00  11.00  54.79
 -47.00  12.00  52.74
 -47.00  13.00  49.42
 -47.00  14.00  45.15
 -47.00  15.00  40.37
 -47.00  16.00  35.56
 -47.00  17.00  31.14
 -47.00  18.00  27.45
 -47.00  19.00  24.71
 -47.00  20.00  22.97
 -47.00  21.00  22.16
 -47.00  22.00  22.12
 -47.00  23.00  22.62
 -47.00  24.00  23.42
 -47.00  25.00  24.33
 -47.00  26.00  25.18
 -47.00  27.00  25.89
 -46.00 -37.00  29.50
 -46.00 -36.00  29.59
 -46.00 -35.00  29.55
 -46.00 -34.00  29.42
 -46.00 -33.00  29.25
 -46.00 -32.00  29.02
 -46.00 -31.00  28.70
 -46.00 -30.00  28.23
 -46.00 -29.00  27.55
 -46.00 -28.00  26.64
 -46.00 -27.00  25.52
 -46.00 -26.00  24.27
 -46.00 -25.00  23.01
 -46.00 -24.00  21.91
 -46.00 -23.00  21.14
 -46.00 -22.00  20.85
 -46.00 -21.00  21.14
 -46.00 -20.00  22.03
 -46.00 -19.00  23.47
 -46.00 -18.00  25.35
 -46.00 -17.00  27.51
 -46.00 -16.00  29.76
 -46.00 -15.00  31.91
 -46.00 -14.00  33.83
 -46.00 -13.00  35.41
 -46.00 -12.00  36.59
 -46.00 -11.00  37.37
 -46.00 -10.00  37.77
 -46.00  -9.00  37.83
 -46.00  -8.00  37.60
 -46.00  -7.00  37.09
 -46.00  -6.00  36.35
 -46.00  -5.00  35.41
 -46.00  -4.00  34.33
 -46.00  -3.00  33.19
 -46.00  -2.00  32.13
 -46.00  -1.00  31.34
 -46.00   0.00  28.86
 -46.00   1.00  29.18
 -46.00   2.00  30.28
 -46.00   3.00  32.26
 -46.00   4.00  35.09
 -46.00   5.00  38.61
 -46.00   6.00  42.56
 -46.00   7.00  46.55
 -46.00   8.00  50.15
 -46.00   9.00  52.96
 -46.00  10.00  54.60
 -46.00  11.00  54.85
 -46.00  12.00  53.63
 -46.00  13.00  51.03
 -46.00  14.00  47.33
 -46.00  15.00  42.89
 -46.00  16.00  38.16
 -46.00  17.00  33.58
 -46.00  18.00  29.54
 -46.00  19.00  26.31
 -46.00  20.00  24.02
 -46.00  21.00  22.68
 -46.00  22.00  22.18
 -46.00  23.00  22.33
 -46.00  24.00  22.92
 -46.00  25.00  23.72
 -46.00  26.00  24.56
 -46.00  27.00  25.33
 -45.00 -37.00  28.42
 -45.00 -36.00  28.64
 -45.00 -35.00  28.69
 -45.00 -34.00  28.61
 -45.00 -33.00  28.48
 -45.00 -32.00  28.30
 -45.00 -31.00  28.05
 -45.00 -30.00  27.69
 -45.00 -29.00  27.16
 -45.00 -28.00  26.42
 -45.00 -27.00  25.44
 -45.00 -26.00  24.29
 -45.00 -25.00  23.05
 -45.00 -24.00  21.87
 -45.00 -23.00  20.91
 -45.00 -22.00  20.33
 -45.00 -21.00  20.26
 -45.00 -20.00  20.76
 -45.00 -19.00  21.84
 -45.00 -18.00  23.41
 -45.00 -17.00  25.36
 -45.00 -16.00  27.51
 -45.00 -15.00  29.68
 -45.00 -14.00  31.72
 -45.00 -13.00  33.51
 -45.00 -12.00  34.97
 -45.00 -11.00  36.07
 -45.00 -10.00  36.81
 -45.00  -9.00  37.21
 -45.00  -8.00  37.30
 -45.00  -7.00  37.10
 -45.00  -6.00  36.64
 -45.00  -5.00  35.91
 -45.00  -4.00  34.98
 -45.00  -3.00  33.90
 -45.00  -2.00  30.63
 -45.00  -1.00  29.72
 -45.00   0.00  29.11
 -45.00   1.00  29.00
 -45.00   2.00  29.61
 -45.00   3.00  31.05
 -45.00   4.00  33.37
 -45.00   5.00  36.48
 -45.00   6.00  40.18
 -45.00   7.00  44.12
 -45.00   8.00  47.92
 -45.00   9.00  51.15
 -45.00  10.00  53.41
 -45.00  11.00  54.41
 -45.00  12.00  53.99
 -45.00  13.00  52.16
 -45.00  14.00  49.09
 -45.00  15.00  45.10
 -45.00  16.00  40.59
 -45.00  17.00  36.00
 -45.00  18.00  31.73
 -45.00  19.00  28.10
 -45.00  20.00  25.32
 -45.00  21.00  23.47
 -45.00  22.00  22.49
 -45.00  23.00  22.24
 -45.00  24.00  22.54
 -45.00  25.00  23.17
 -45.00  26.00  23.95
 -45.00  27.00  24.74
 -44.00 -37.00  27.28
 -44.00 -36.00  27.63
 -44.00 -35.00  27.78
 -44.00 -34.00  27.78
 -44.00 -33.00  27.69
 -44.00 -32.00  27.55
 -44.00 -31.00  27.36
 -44.00 -30.00  27.09
 -44.00 -29.00  26.68
 -44.00 -28.00  26.09
 -44.00 -27.00  25.28
 -44.00 -26.00  24.26
 -44.00 -25.00  23.09
 -44.00 -24.00  21.90
 -44.00 -23.00  20.83
 -44.00 -22.00  20.04
 -44.00 -21.00  19.67
 -44.00 -20.00  19.84
 -44.00 -19.00  20.56
 -44.00 -18.00  21.82
 -44.00 -17.00  23.52
 -44.00 -16.00  25.51
 -44.00 -15.00  27.63
 -44.00 -14.00  29.73
 -44.00 -13.00  31.67
 -44.00 -12.00  33.35
 -44.00 -11.00  34.72
 -44.00 -10.00  35.76
 -44.00  -9.00  36.48
 -44.00  -8.00  36.88
 -44.00  -7.00  36.99
 -44.00  -6.00  36.80
 -44.00  -5.00  33.69
 -44.00  -4.00  33.18
 -44.00  -3.00  32.39
 -44.00  -2.00  31.40
 -44.00  -1.00  30.39
 -44.00   0.00  29.55
 -44.00   1.00  29.10
 -44.00   2.00  29.26
 -44.00   3.00  30.19
 -44.00   4.00  32.00
 -44.00   5.00  34.65
 -44.00   6.00  38.00
 -44.00   7.00  41.78
 -44.00   8.00  45.64
 -44.00   9.00  49.15
 -44.00  10.00  51.90
 -44.00  11.00  53.55
 -44.00  12.00  53.88
 -44.00  13.00  52.80
 -44.00  14.00  50.41
 -44.00  15.00  46.94
 -44.00  16.00  42.76
 -44.00  17.00  38.27
 -44.00  18.00  33.90
 -44.00  19.00  29.98
 -44.00  20.00  26.79
 -44.00  21.00  24.46
 -44.00  22.00  23.01
 -44.00  23.00  22.34
 -44.00  24.00  22.31
 -44.00  25.00  22.72
 -44.00  26.00  23.38
 -44.00  27.00  24.13
 -43.00 -37.00  26.13
 -43.00 -36.00  26.62
 -43.00 -35.00  26.89
 -43.00 -34.00  26.98
 -43.00 -33.00  26.95
 -43.00 -32.00  26.86
 -43.00 -31.00  26.71
 -43.00 -30.00  26.50
 -43.00 -29.00  26.19
 -43.00 -28.00  25.72
 -43.00 -27.00  25.06
 -43.00 -26.00  24.18
 -43.00 -25.00  23.12
 -43.00 -24.00  21.97
 -43.00 -23.00  20.86
 -43.00 -22.00  19.93
 -43.00 -21.00  19.33
 -43.00 -20.00  19.19
 -43.00 -19.00  19.59
 -43.00 -18.00  20.51
 -43.00 -17.00  21.92
 -43.00 -16.00  23.70
 -43.00 -15.00  25.70
 -43.00 -14.00  27.78
 -43.00 -13.00  29.79
 -43.00 -12.00  31.62
 -43.00 -11.00  33.20
 -43.00 -10.00  34.50
 -43.00  -9.00  35.49
 -43.00  -8.00  36.19
 -43.00  -7.00  33.56
 -43.00  -6.00  33.95
 -43.00  -5.00  33.97
 -43.00  -4.00  33.64
 -43.00  -3.00  32.97
 -43.00  -2.00  32.05
 -43.00  -1.00  31.01
 -43.00   0.00  30.02
 -43.00   1.00  29.30
 -43.00   2.00  29.08
 -43.00   3.00  29.54
 -43.00   4.00  30.83
 -43.00   5.00  32.99
 -43.00   6.00  35.93
 -43.00   7.00  39.45
 -43.00   8.00  43.23
 -43.00   9.00  46.89
 -43.00  10.00  50.00
 -43.00  11.00  52.21
 -43.00  12.00  53.21
 -43.00  13.00  52.86
 -43.00  14.00  51.17
 -43.00  15.00  48.30
 -43.00  16.00  44.55
 -43.00  17.00  40.29
 -43.00  18.00  35.93
 -43.00  19.00  31.84
 -43.00  20.00  28.33
 -43.00  21.00  25.60
 -43.00  22.00  23.70
 -43.00  23.00  22.62
 -43.00  24.00  22.24
 -43.00  25.00  22.39
 -43.00  26.00  22.88
 -43.00  27.00  23.55
 -42.00 -37.00  24.97
 -42.00 -36.00  25.57
 -42.00 -35.00  25.97
 -42.00 -34.00  26.16
 -42.00 -33.00  26.21
 -42.00 -32.00  26.17
 -42.00 -31.00  26.06
 -42.00 -30.00  25.90
 -42.00 -29.00  25.66
 -42.00 -28.00  25.30
 -42.00 -27.00  24.76
 -42.00 -26.00  24.02
 -42.00 -25.00  23.09
 -42.00 -24.00  22.02
 -42.00 -23.00  20.92
 -42.00 -22.00  19.91
 -42.00 -21.00  19.16
 -42.00 -20.00  18.78
 -42.00 -19.00  18.89
 -42.00 -18.00  19.51
 -42.00 -17.00  20.63
 -42.00 -16.00  22.17
 -42.00 -15.00  24.01
 -42.00 -14.00  26.01
 -42.00 -13.00  28.03
 -42.00 -12.00  29.96
 -42.00 -11.00  31.70
 -42.00 -10.00  33.21
 -42.00  -9.00  31.22
 -42.00  -8.00  32.43
 -42.00  -7.00  33.34
 -42.00  -6.00  33.90
 -42.00  -5.00  34.11
 -42.00  -4.00  33.95
 -42.00  -3.00  33.43
 -42.00  -2.00  32.61
 -42.00  -1.00  31.60
 -42.00   0.00  30.53
 -42.00   1.00  29.62
 -42.00   2.00  29.09
 -42.00   3.00  29.15
 -42.00   4.00  29.97
 -42.00   5.00  31.63
 -42.00   6.00  34.14
 -42.00   7.00  37.32
 -42.00   8.00  40.93
 -42.00   9.00  44.62
 -42.00  10.00  47.97
 -42.00  11.00  50.60
 -42.00  12.00  52.17
 -42.00  13.00  52.49
 -42.00  14.00  51.47
 -42.00  15.00  49.22
 -42.00  16.00  45.95
 -42.00  17.00  42.01
 -42.00  18.00  37.77
 -42.00  19.00  33.62
 -42.00  20.00  29.89
 -42.00  21.00  26.83
 -42.00  22.00  24.54
 -42.00  23.00  23.07
 -42.00  24.00  22.33
 -42.00  25.00  22.18
 -42.00  26.00  22.47
 -42.00  27.00  23.03
 -41.00 -37.00  23.82
 -41.00 -36.00  24.51
 -41.00 -35.00  25.02
 -41.00 -34.00  25.32
 -41.00 -33.00  25.46
 -41.00 -32.00  25.48
 -41.00 -31.00  25.42
 -41.00 -30.00  25.30
 -41.00 -29.00  25.12
 -41.00 -28.00  24.84
 -41.00 -27.00  24.41
 -41.00 -26.00  23.80
 -41.00 -25.00  23.00
 -41.00 -24.00  22.03
 -41.00 -23.00  20.97
 -41.00 -22.00  19.95
 -41.00 -21.00  19.09
 -41.00 -20.00  18.54
 -41.00 -19.00  18.40
 -41.00 -18.00  18.75
 -41.00 -17.00  19.59
 -41.00 -16.00  20.89
 -41.00 -15.00  22.54
 -41.00 -14.00  24.43
 -41.00 -13.00  26.42
 -41.00 -12.00  25.28
 -41.00 -11.00  27.20
 -41.00 -10.00  28.99
 -41.00  -9.00  30.58
 -41.00  -8.00  31.93
 -41.00  -7.00  32.98
 -41.00  -6.00  33.72
 -41.00  -5.00  34.11
 -41.00  -4.00  34.12
 -41.00  -3.00  33.76
 -41.00  -2.00  33.07
 -41.00  -1.00  32.12
 -41.00   0.00  31.04
 -41.00   1.00  30.01
 -41.00   2.00  29.24
 -41.00   3.00  28.96
 -41.00   4.00  29.35
 -41.00   5.00  30.56
 -41.00   6.00  32.61
 -41.00   7.00  35.43
 -41.00   8.00  38.79
 -41.00   9.00  42.40
 -41.00  10.00  45.87
 -41.00  11.00  48.81
 -41.00  12.00  50.86
 -41.00  13.00  51.76
 -41.00  14.00  51.38
 -41.00  15.00  49.73
 -41.00  16.00  46.98
 -41.00  17.00  43.42
 -41.00  18.00  39.39
 -41.00  19.00  35.27
 -41.00  20.00  31.42
 -41.00  21.00  28.10
 -41.00  22.00  25.48
 -41.00  23.00  23.64
 -41.00  24.00  22.56
 -41.00  25.00  22.11
 -41.00  26.00  22.17
 -41.00  27.00  22.57
 -40.00 -37.00  22.71
 -40.00 -36.00  23.46
 -40.00 -35.00  24.06
 -40.00 -34.00  24.47
 -40.00 -33.00  24.70
 -40.00 -32.00  24.79
 -40.00 -31.00  24.78
 -40.00 -30.00  24.71
 -40.00 -29.00  24.57
 -40.00 -28.00  24.36
 -40.00 -27.00  24.02
 -40.00 -26.00  23.52
 -40.00 -25.00  22.84
 -40.00 -24.00  21.99
 -40.00 -23.00  21.01
 -40.00 -22.00  20.01
 -40.00 -21.00  19.10
 -40.00 -20.00  18.42
 -40.00 -19.00  18.09
 -40.00 -18.00  18.20
 -40.00 -17.00  18.78
 -40.00 -16.00  19.83
 -40.00 -15.00  21.28
 -40.00 -14.00  20.50
 -40.00 -13.00  22.36
 -40.00 -12.00  24.31
 -40.00 -11.00  26.27
 -40.00 -10.00  28.14
 -40.00  -9.00  29.83
 -40.00  -8.00  31.30
 -40.00  -7.00  32.50
 -40.00  -6.00  33.40
 -40.00  -5.00  33.95
 -40.00  -4.00  34.14
 -40.00  -3.00  33.95
 -40.00  -2.00  33.41
 -40.00  -1.00  32.56
 -40.00   0.00  31.51
 -40.00   1.00  30.41
 -40.00   2.00  29.48
 -40.00   3.00  28.92
 -40.00   4.00  28.94
 -40.00   5.00  29.72
 -40.00   6.00  31.33
 -40.00   7.00  33.75
 -40.00   8.00  36.81
 -40.00   9.00  40.27
 -40.00  10.00  43.76
 -40.00  11.00  46.91
 -40.00  12.00  49.34
 -40.00  13.00  50.74
 -40.00  14.00  50.94
 -40.00  15.00  49.89
 -40.00  16.00  47.67
 -40.00  17.00  44.53
 -40.00  18.00  40.78
 -40.00  19.00  36.77
 -40.00  20.00  32.87
 -40.00  21.00  29.37
 -40.00  22.00  26.49
 -40.00  23.00  24.33
 -40.00  24.00  22.91
 -40.00  25.00  22.16
 -40.00  26.00  21.97
 -40.00  27.00  22.18
 -39.00 -37.00  21.65
 -39.00 -36.00  22.42
 -39.00 -35.00  23.09
 -39.00 -34.00  23.59
 -39.00 -33.00  23.92
 -39.00 -32.00  24.09
 -39.00 -31.00  24.15
 -39.00 -30.00  24.12
 -39.00 -29.00  24.03
 -39.00 -28.00  23.87
 -39.00 -27.00  23.61
 -39.00 -26.00  23.21
 -39.00 -25.00  22.65
 -39.00 -24.00  21.90
 -39.00 -23.00  21.02
 -39.00 -22.00  20.06
 -39.00 -21.00  19.14
 -39.00 -20.00  18.38
 -39.00 -19.00  17.90
 -39.00 -18.00  17.80
 -39.00 -17.00  16.23
 -39.00 -16.00  16.97
 -39.00 -15.00  18.12
 -39.00 -14.00  19.62
 -39.00 -13.00  21.38
 -39.00 -12.00  23.30
 -39.00 -11.00  25.27
 -39.00 -10.00  27.19
 -39.00  -9.00  28.97
 -39.00  -8.00  30.55
 -39.00  -7.00  31.88
 -39.00  -6.00  32.92
 -39.00  -5.00  33.64
 -39.00  -4.00  34.00
 -39.00  -3.00  33.99
 -39.00  -2.00  33.61
 -39.00  -1.00  32.89
 -39.00   0.00  31.91
 -39.00   1.00  30.80
 -39.00   2.00  29.75
 -39.00   3.00  28.98
 -39.00   4.00  28.69
 -39.00   5.00  29.07
 -39.00   6.00  30.26
 -39.00   7.00  32.26
 -39.00   8.00  34.98
 -39.00   9.00  38.22
 -39.00  10.00  41.65
 -39.00  11.00  44.91
 -39.00  12.00  47.63
 -39.00  13.00  49.48
 -39.00  14.00  50.21
 -39.00  15.00  49.72
 -39.00  16.00  48.05
 -39.00  17.00  45.37
 -39.00  18.00  41.95
 -39.00  19.00  38.13
 -39.00  20.00  34.25
 -39.00  21.00  30.65
 -39.00  22.00  27.55
 -39.00  23.00  25.10
 -39.00  24.00  23.37
 -39.00  25.00  22.33
 -39.00  26.00  21.87
 -39.00  27.00  21.88
 -38.00 -37.00  20.66
 -38.00 -36.00  21.41
 -38.00 -35.00  22.12
 -38.00 -34.00  22.71
 -38.00 -33.00  23.13
 -38.00 -32.00  23.39
 -38.00 -31.00  23.52
 -38.00 -30.00  23.55
 -38.00 -29.00  23.51
 -38.00 -28.00  23.40
 -38.00 -27.00  23.20
 -38.00 -26.00  22.88
 -38.00 -25.00  22.42
 -38.00 -24.00  21.79
 -38.00 -23.00  21.00
 -38.00 -22.00  20.11
 -38.00 -21.00  19.21
 -38.00 -20.00  16.68
 -38.00 -19.00  16.11
 -38.00 -18.00  15.84
 -38.00 -17.00  15.95
 -38.00 -16.00  16.47
 -38.00 -15.00  17.42
 -38.00 -14.00  18.76
 -38.00 -13.00  20.40
 -38.00 -12.00  22.25
 -38.00 -11.00  24.19
 -38.00 -10.00  26.13
 -38.00  -9.00  27.98
 -38.00  -8.00  29.65
 -38.00  -7.00  31.11
 -38.00  -6.00  32.29
 -38.00  -5.00  33.16
 -38.00  -4.00  33.70
 -38.00  -3.00  33.87
 -38.00  -2.00  33.66
 -38.00  -1.00  33.09
 -38.00   0.00  32.22
 -38.00   1.00  31.15
 -38.00   2.00  30.05
 -38.00   3.00  29.11
 -38.00   4.00  28.55
 -38.00   5.00  28.59
 -38.00   6.00  29.36
 -38.00   7.00  30.94
 -38.00   8.00  33.29
 -38.00   9.00  36.25
 -38.00  10.00  39.55
 -38.00  11.00  42.85
 -38.00  12.00  45.78
 -38.00  13.00  47.99
 -38.00  14.00  49.20
 -38.00  15.00  49.26
 -38.00  16.00  48.14
 -38.00  17.00  45.95
 -38.00  18.00  42.91
 -38.00  19.00  39.34
 -38.00  20.00  35.57
 -38.00  21.00  31.92
 -38.00  22.00  28.65
 -38.00  23.00  25.97
 -38.00  24.00  23.95
 -38.00  25.00  22.61
 -38.00  26.00  21.89
 -38.00  27.00  21.67
 -37.00 -37.00  19.76
 -37.00 -36.00  20.45
 -37.00 -35.00  21.17
 -37.00 -34.00  21.81
 -37.00 -33.00  22.32
 -37.00 -32.00  22.67
 -37.00 -31.00  22.88
 -37.00 -30.00  22.98
 -37.00 -29.00  22.99
 -37.00 -28.00  22.93
 -37.00 -27.00  22.79
 -37.00 -26.00  22.55
 -37.00 -25.00  22.18
 -37.00 -24.00  21.65
 -37.00 -23.00  19.26
 -37.00 -22.00  18.50
 -37.00 -21.00  17.69
 -37.00 -20.00  16.90
 -37.00 -19.00  16.24
 -37.00 -18.00  15.82
 -37.00 -17.00  15.74
 -37.00 -16.00  16.05
 -37.00 -15.00  16.79
 -37.00 -14.00  17.93
 -37.00 -13.00  19.42
 -37.00 -12.00  21.16
 -37.00 -11.00  23.05
 -37.00 -10.00  24.98
 -37.00  -9.00  26.87
 -37.00  -8.00  28.62
 -37.00  -7.00  30.17
 -37.00  -6.00  31.48
 -37.00  -5.00  32.51
 -37.00  -4.00  33.22
 -37.00  -3.00  33.58
 -37.00  -2.00  33.56
 -37.00  -1.00  33.16
 -37.00   0.00  32.43
 -37.00   1.00  31.44
 -37.00   2.00  30.33
 -37.00   3.00  29.29
 -37.00   4.00  28.52
 -37.00   5.00  28.23
 -37.00   6.00  28.62
 -37.00   7.00  29.78
 -37.00   8.00  31.73
 -37.00   9.00  34.36
 -37.00  10.00  37.46
 -37.00  11.00  40.72
 -37.00  12.00  43.79
 -37.00  13.00  46.30
 -37.00  14.00  47.95
 -37.00  15.00  48.53
 -37.00  16.00  47.95
 -37.00  17.00  46.28
 -37.00  18.00  43.68
 -37.00  19.00  40.41
 -37.00  20.00  36.80
 -37.00  21.00  33.17
 -37.00  22.00  29.81
 -37.00  23.00  26.92
 -37.00  24.00  24.64
 -37.00  25.00  23.02
 -37.00  26.00  22.02
 -37.00  27.00  21.56
 -36.00 -37.00  18.97
 -36.00 -36.00  19.56
 -36.00 -35.00  20.25
 -36.00 -34.00  20.93
 -36.00 -33.00  21.51
 -36.00 -32.00  21.95
 -36.00 -31.00  22.25
 -36.00 -30.00  22.42
 -36.00 -29.00  22.49
 -36.00 -28.00  22.48
 -36.00 -27.00  22.40
 -36.00 -26.00  20.62
 -36.00 -25.00  20.35
 -36.00 -24.00  19.94
 -36.00 -23.00  19.38
 -36.00 -22.00  18.70
 -36.00 -21.00  17.92
 -36.00 -20.00  17.12
 -36.00 -19.00  16.40
 -36.00 -18.00  15.86
 -36.00 -17.00  15.60
 -36.00 -16.00  15.71
 -36.00 -15.00  16.23
 -36.00 -14.00  17.16
 -36.00 -13.00  18.47
 -36.00 -12.00  20.07
 -36.00 -11.00  21.87
 -36.00 -10.00  23.76
 -36.00  -9.00  25.65
 -36.00  -8.00  27.45
 -36.00  -7.00  29.09
 -36.00  -6.00  30.51
 -36.00  -5.00  31.68
 -36.00  -4.00  32.56
 -36.00  -3.00  33.10
 -36.00  -2.00  33.27
 -36.00  -1.00  33.07
 -36.00   0.00  32.51
 -36.00   1.00  31.64
 -36.00   2.00  30.58
 -36.00   3.00  29.49
 -36.00   4.00  28.55
 -36.00   5.00  28.00
 -36.00   6.00  28.03
 -36.00   7.00  28.78
 -36.00   8.00  30.32
 -36.00   9.00  32.59
 -36.00  10.00  35.43
 -36.00  11.00  38.57
 -36.00  12.00  41.69
 -36.00  13.00  44.43
 -36.00  14.00  46.45
 -36.00  15.00  47.52
 -36.00  16.00  47.48
 -36.00  17.00  46.34
 -36.00  18.00  44.21
 -36.00  19.00  41.31
 -36.00  20.00  37.93
 -36.00  21.00  34.39
 -36.00  22.00  30.98
 -36.00  23.00  27.94
 -36.00  24.00  25.44
 -36.00  25.00  23.55
 -36.00  26.00  22.27
 -36.00  27.00  21.56
 -35.00 -37.00  18.32
 -35.00 -36.00  18.77
 -35.00 -35.00  19.40
 -35.00 -34.00  20.08
 -35.00 -33.00  20.71
 -35.00 -32.00  21.23
 -35.00 -31.00  21.62
 -35.00 -30.00  21.87
 -35.00 -29.00  20.43
 -35.00 -28.00  20.53
 -35.00 -27.00  20.54
 -35.00 -26.00  20.44
 -35.00 -25.00  20.24
 -35.00 -24.00  19.92
 -35.00 -23.00  19.45
 -35.00 -22.00  18.84
 -35.00 -21.00  18.12
 -35.00 -20.00  17.33
 -35.00 -19.00  16.58
 -35.00 -18.00  15.95
 -35.00 -17.00  15.54
 -35.00 -16.00  15.46
 -35.00 -15.00  15.77
 -35.00 -14.00  16.48
 -35.00 -13.00  17.58
 -35.00 -12.00  19.01
 -35.00 -11.00  20.69
 -35.00 -10.00  22.51
 -35.00  -9.00  24.37
 -35.00  -8.00  26.19
 -35.00  -7.00  27.88
 -35.00  -6.00  29.40
 -35.00  -5.00  30.70
 -35.00  -4.00  31.72
 -35.00  -3.00  32.44
 -35.00  -2.00  32.81
 -35.00  -1.00  32.81
 -35.00   0.00  32.44
 -35.00   1.00  31.72
 -35.00   2.00  30.76
 -35.00   3.00  29.66
 -35.00   4.00  28.63
 -35.00   5.00  27.87
 -35.00   6.00  27.59
 -35.00   7.00  27.96
 -35.00   8.00  29.08
 -35.00   9.00  30.96
 -35.00  10.00  33.49
 -35.00  11.00  36.45
 -35.00  12.00  39.54
 -35.00  13.00  42.42
 -35.00  14.00  44.75
 -35.00  15.00  46.25
 -35.00  16.00  46.73
 -35.00  17.00  46.12
 -35.00  18.00  44.48
 -35.00  19.00  41.99
 -35.00  20.00  38.90
 -35.00  21.00  35.52
 -35.00  22.00  32.13
 -35.00  23.00  28.99
 -35.00  24.00  26.31
 -35.00  25.00  24.18
 -35.00  26.00  22.65
 -35.00  27.00  21.68
 -34.00 -37.00  17.83
 -34.00 -36.00  18.12
 -34.00 -35.00  18.66
 -34.00 -34.00  19.31
 -34.00 -33.00  18.28
 -34.00 -32.00  18.92
 -34.00 -31.00  19.45
 -34.00 -30.00  19.84
 -34.00 -29.00  20.10
 -34.00 -28.00  20.24
 -34.00 -27.00  20.29
 -34.00 -26.00  20.24
 -34.00 -25.00  20.10
 -34.00 -24.00  19.84
 -34.00 -23.00  19.45
 -34.00 -22.00  18.92
 -34.00 -21.00  18.26
 -34.00 -20.00  17.51
 -34.00 -19.00  16.75
 -34.00 -18.00  16.06
 -34.00 -17.00  15.54
 -34.00 -16.00  15.30
 -34.00 -15.00  15.41
 -34.00 -14.00  15.91
 -34.00 -13.00  16.80
 -34.00 -12.00  18.05
 -34.00 -11.00  19.57
 -34.00 -10.00  21.28
 -34.00  -9.00  23.09
 -34.00  -8.00  24.89
 -34.00  -7.00  26.61
 -34.00  -6.00  28.20
 -34.00  -5.00  29.59
 -34.00  -4.00  30.74
 -34.00  -3.00  31.61
 -34.00  -2.00  32.17
 -34.00  -1.00  32.37
 -34.00   0.00  32.19
 -34.00   1.00  31.66
 -34.00   2.00  30.82
 -34.00   3.00  29.78
 -34.00   4.00  28.71
 -34.00   5.00  27.80
 -34.00   6.00  27.27
 -34.00   7.00  27.30
 -34.00   8.00  28.04
 -34.00   9.00  29.53
 -34.00  10.00  31.72
 -34.00  11.00  34.44
 -34.00  12.00  37.43
 -34.00  13.00  40.37
 -34.00  14.00  42.92
 -34.00  15.00  44.77
 -34.00  16.00  45.70
 -34.00  17.00  45.59
 -34.00  18.00  44.45
 -34.00  19.00  42.39
 -34.00  20.00  39.64
 -34.00  21.00  36.47
 -34.00  22.00  33.17
 -34.00  23.00  30.00
 -34.00  24.00  27.19
 -34.00  25.00  24.87
 -34.00  26.00  23.10
 -34.00  27.00  21.91
 -33.00 -37.00  15.71
 -33.00 -36.00  15.93
 -33.00 -35.00  16.42
 -33.00 -34.00  17.08
 -33.00 -33.00  17.78
 -33.00 -32.00  18.44
 -33.00 -31.00  19.01
 -33.00 -30.00  19.45
 -33.00 -29.00  19.76
 -33.00 -28.00  19.95
 -33.00 -27.00  20.03
 -33.00 -26.00  20.03
 -33.00 -25.00  19.93
 -33.00 -24.00  19.73
 -33.00 -23.00  19.40
 -33.00 -22.00  18.94
 -33.00 -21.00  18.35
 -33.00 -20.00  17.64
 -33.00 -19.00  16.89
 -33.00 -18.00  16.16
 -33.00 -17.00  15.57
 -33.00 -16.00  15.20
 -33.00 -15.00  15.14
 -33.00 -14.00  15.45
 -33.00 -13.00  16.15
 -33.00 -12.00  17.21
 -33.00 -11.00  18.57
 -33.00 -10.00  20.16
 -33.00  -9.00  21.88
 -33.00  -8.00  23.63
 -33.00  -7.00  25.35
 -33.00  -6.00  26.97
 -33.00  -5.00  28.42
 -33.00  -4.00  29.67
 -33.00  -3.00  30.68
 -33.00  -2.00  31.39
 -33.00  -1.00  31.77
 -33.00   0.00  31.79
 -33.00   1.00  31.43
 -33.00   2.00  30.74
 -33.00   3.00  29.80
 -33.00   4.00  28.74
 -33.00   5.00  27.74
 -33.00   6.00  27.02
 -33.00   7.00  26.78
 -33.00   8.00  27.18
 -33.00   9.00  28.31
 -33.00  10.00  30.16
 -33.00  11.00  32.61
 -33.00  12.00  35.45
 -33.00  13.00  38.37
 -33.00  14.00  41.05
 -33.00  15.00  43.17
 -33.00  16.00  44.47
 -33.00  17.00  44.80
 -33.00  18.00  44.10
 -33.00  19.00  42.47
 -33.00  20.00  40.07
 -33.00  21.00  37.15
 -33.00  22.00  34.00
 -33.00  23.00  30.86
 -33.00  24.00  27.99
 -33.00  25.00  25.53
 -33.00  26.00  23.59
 -33.00  27.00  22.19
 -32.00 -37.00  15.61
 -32.00 -36.00  15.69
 -32.00 -35.00  16.07
 -32.00 -34.00  16.65
 -32.00 -33.00  17.33
 -32.00 -32.00  18.00
 -32.00 -31.00  18.60
 -32.00 -30.00  19.08
 -32.00 -29.00  19.43
 -32.00 -28.00  19.66
 -32.00 -27.00  19.78
 -32.00 -26.00  19.81
 -32.00 -25.00  19.75
 -32.00 -24.00  19.58
 -32.00 -23.00  19.31
 -32.00 -22.00  18.91
 -32.00 -21.00  18.37
 -32.00 -20.00  17.71
 -32.00 -19.00  16.98
 -32.00 -18.00  16.24
 -32.00 -17.00  15.59
 -32.00 -16.00  15.13
 -32.00 -15.00  14.95
 -32.00 -14.00  15.11
 -32.00 -13.00  15.63
 -32.00 -12.00  16.52
 -32.00 -11.00  17.73
 -32.00 -10.00  19.19
 -32.00  -9.00  20.81
 -32.00  -8.00  22.50
 -32.00  -7.00  24.18
 -32.00  -6.00  25.79
 -32.00  -5.00  27.28
 -32.00  -4.00  28.59
 -32.00  -3.00  29.69
 -32.00  -2.00  30.53
 -32.00  -1.00  31.06
 -32.00   0.00  31.24
 -32.00   1.00  31.06
 -32.00   2.00  30.52
 -32.00   3.00  29.68
 -32.00   4.00  28.67
 -32.00   5.00  27.64
 -32.00   6.00  26.80
 -32.00   7.00  26.35
 -32.00   8.00  26.48
 -32.00   9.00  27.31
 -32.00  10.00  28.85
 -32.00  11.00  31.04
 -32.00  12.00  33.69
 -32.00  13.00  36.54
 -32.00  14.00  39.26
 -32.00  15.00  41.55
 -32.00  16.00  43.12
 -32.00  17.00  43.79
 -32.00  18.00  43.48
 -32.00  19.00  42.22
 -32.00  20.00  40.15
 -32.00  21.00  37.50
 -32.00  22.00  34.52
 -32.00  23.00  31.47
 -32.00  24.00  28.60
 -32.00  25.00  26.08
 -32.00  26.00  24.02
 -32.00  27.00  22.47
 -31.00 -37.00  15.55
 -31.00 -36.00  15.50
 -31.00 -35.00  15.79
 -31.00 -34.00  16.31
 -31.00 -33.00  16.95
 -31.00 -32.00  17.62
 -31.00 -31.00  18.23
 -31.00 -30.00  18.74
 -31.00 -29.00  19.13
 -31.00 -28.00  19.39
 -31.00 -27.00  19.54
 -31.00 -26.00  19.59
 -31.00 -25.00  19.56
 -31.00 -24.00  19.43
 -31.00 -23.00  19.19
 -31.00 -22.00  18.82
 -31.00 -21.00  18.33
 -31.00 -20.00  17.71
 -31.00 -19.00  17.00
 -31.00 -18.00  16.26
 -31.00 -17.00  15.59
 -31.00 -16.00  15.07
 -31.00 -15.00  14.80
 -31.00 -14.00  14.84
 -31.00 -13.00  15.24
 -31.00 -12.00  16.00
 -31.00 -11.00  17.07
 -31.00 -10.00  18.41
 -31.00  -9.00  19.92
 -31.00  -8.00  21.54
 -31.00  -7.00  23.17
 -31.00  -6.00  24.75
 -31.00  -5.00  26.24
 -31.00  -4.00  27.58
 -31.00  -3.00  28.73
 -31.00  -2.00  29.66
 -31.00  -1.00  30.30
 -31.00   0.00  30.61
 -31.00   1.00  30.56
 -31.00   2.00  30.15
 -31.00   3.00  29.42
 -31.00   4.00  28.47
 -31.00   5.00  27.45
 -31.00   6.00  26.54
 -31.00   7.00  25.97
 -31.00   8.00  25.90
 -31.00   9.00  26.49
 -31.00  10.00  27.80
 -31.00  11.00  29.76
 -31.00  12.00  32.23
 -31.00  13.00  34.97
 -31.00  14.00  37.67
 -31.00  15.00  40.03
 -31.00  16.00  41.77
 -31.00  17.00  42.67
 -31.00  18.00  42.63
 -31.00  19.00  41.66
 -31.00  20.00  39.87
 -31.00  21.00  37.45
 -31.00  22.00  34.66
 -31.00  23.00  31.74
 -31.00  24.00  28.93
 -31.00  25.00  26.40
 -31.00  26.00  24.30
 -31.00  27.00  22.66
 -30.00 -37.00  15.60
 -30.00 -36.00  15.50
 -30.00 -35.00  15.75
 -30.00 -34.00  16.26
 -30.00 -33.00  16.91
 -30.00 -32.00  17.62
 -30.00 -31.00  18.30
 -30.00 -30.00  18.88
 -30.00 -29.00  19.34
 -30.00 -28.00  19.67
 -30.00 -27.00  19.87
 -30.00 -26.00  19.96
 -30.00 -25.00  19.95
 -30.00 -24.00  19.81
 -30.00 -23.00  19.56
 -30.00 -22.00  19.17
 -30.00 -21.00  18.64
 -30.00 -20.00  17.99
 -30.00 -19.00  17.24
 -30.00 -18.00  16.47
 -30.00 -17.00  15.74
 -30.00 -16.00  15.16
 -30.00 -15.00  14.81
 -30.00 -14.00  14.77
 -30.00 -13.00  15.06
 -30.00 -12.00  15.70
 -30.00 -11.00  16.66
 -30.00 -10.00  17.87
 -30.00  -9.00  19.26
 -30.00  -8.00  20.76
 -30.00  -7.00  22.28
 -30.00  -6.00  23.76
 -30.00  -5.00  25.17
 -30.00  -4.00  26.45
 -30.00  -3.00  27.56
 -30.00  -2.00  28.48
 -30.00  -1.00  29.14
 -30.00   0.00  29.51
 -30.00   1.00  29.54
 -30.00   2.00  29.22
 -30.00   3.00  28.59
 -30.00   4.00  27.72
 -30.00   5.00  26.73
 -30.00   6.00  25.82
 -30.00   7.00  25.17
 -30.00   8.00  24.97
 -30.00   9.00  25.36
 -30.00  10.00  26.42
 -30.00  11.00  28.13
 -30.00  12.00  30.37
 -30.00  13.00  32.92
 -30.00  14.00  35.51
 -30.00  15.00  37.85
 -30.00  16.00  39.67
 -30.00  17.00  40.75
 -30.00  18.00  40.98
 -30.00  19.00  40.33
 -30.00  20.00  38.88
 -30.00  21.00  36.81
 -30.00  22.00  34.34
 -30.00  23.00  31.68
 -30.00  24.00  29.08
 -30.00  25.00  26.69
 -30.00  26.00  24.66
 -30.00  27.00  23.05
