 -83.00 -37.00  17.87
 -83.00 -36.00  17.80
 -83.00 -35.00  17.92
 -83.00 -34.00  18.14
 -83.00 -33.00  18.43
 -83.00 -32.00  18.74
 -83.00 -31.00  19.07
 -83.00 -30.00  19.46
 -83.00 -29.00  19.99
 -83.00 -28.00  20.75
 -83.00 -27.00  21.84
 -83.00 -26.00  23.29
 -83.00 -25.00  25.10
 -83.00 -24.00  27.18
 -83.00 -23.00  29.39
 -83.00 -22.00  31.53
 -83.00 -21.00  33.39
 -83.00 -20.00  34.76
 -83.00 -19.00  35.52
 -83.00 -18.00  35.59
 -83.00 -17.00  34.99
 -83.00 -16.00  33.84
 -83.00 -15.00  32.30
 -83.00 -14.00  30.57
 -83.00 -13.00  28.84
 -83.00 -12.00  27.26
 -83.00 -11.00  25.93
 -83.00 -10.00  24.87
 -83.00  -9.00  24.06
 -83.00  -8.00  23.41
 -83.00  -7.00  22.82
 -83.00  -6.00  22.20
 -83.00  -5.00  21.50
 -83.00  -4.00  20.68
 -83.00  -3.00  19.77
 -83.00  -2.00  18.83
 -83.00  -1.00  17.94
 -83.00   0.00  17.18
 -83.00   1.00  16.61
 -83.00   2.00  16.26
 -83.00   3.00  16.14
 -83.00   4.00  16.21
 -83.00   5.00  16.42
 -83.00   6.00  16.72
 -83.00   7.00  17.03
 -83.00   8.00  17.34
 -83.00   9.00  17.62
 -83.00  10.00  17.89
 -83.00  11.00  18.16
 -83.00  12.00  18.46
 -83.00  13.00  18.82
 -83.00  14.00  19.26
 -83.00  15.00  19.76
 -83.00  16.00  20.30
 -83.00  17.00  20.84
 -83.00  18.00  21.31
 -83.00  19.00  21.66
 -83.00  20.00  21.86
 -83.00  21.00  21.87
 -83.00  22.00  21.71
 -83.00  23.00  21.38
 -83.00  24.00  20.94
 -83.00  25.00  20.43
 -83.00  26.00  19.91
 -83.00  27.00  19.43
 -82.00 -37.00  17.79
 -82.00 -36.00  17.74
 -82.00 -35.00  17.85
 -82.00 -34.00  18.08
 -82.00 -33.00  18.36
 -82.00 -32.00  18.66
 -82.00 -31.00  18.98
 -82.00 -30.00  19.37
 -82.00 -29.00  19.89
 -82.00 -28.00  20.65
 -82.00 -27.00  21.72
 -82.00 -26.00  23.15
 -82.00 -25.00  24.93
 -82.00 -24.00  26.96
 -82.00 -23.00  29.10
 -82.00 -22.00  31.16
 -82.00 -21.00  32.94
 -82.00 -20.00  34.23
 -82.00 -19.00  34.92
 -82.00 -18.00  34.94
 -82.00 -17.00  34.32
 -82.00 -16.00  33.16
 -82.00 -15.00  31.64
 -82.00 -14.00  29.95
 -82.00 -13.00  28.26
 -82.00 -12.00  26.73
 -82.00 -11.00  25.44
 -82.00 -10.00  24.43
 -82.00  -9.00  23.64
 -82.00  -8.00  23.00
 -82.00  -7.00  22.43
 -82.00  -6.00  21.82
 -82.00  -5.00  21.11
 -82.00  -4.00  20.30
 -82.00  -3.00  19.40
 -82.00  -2.00  18.47
 -82.00  -1.00  17.59
 -82.00   0.00  16.85
 -82.00   1.00  16.30
 -82.00   2.00  15.97
 -82.00   3.00  15.87
 -82.00   4.00  15.97
 -82.00   5.00  16.20
 -82.00   6.00  16.50
 -82.00   7.00  16.83
 -82.00   8.00  17.15
 -82.00   9.00  17.44
 -82.00  10.00  17.70
 -82.00  11.00  17.97
 -82.00  12.00  18.27
 -82.00  13.00  18.63
 -82.00  14.00  19.07
 -82.00  15.00  19.58
 -82.00  16.00  20.12
 -82.00  17.00  20.65
 -82.00  18.00  21.11
 -82.00  19.00  21.46
 -82.00  20.00  21.64
 -82.00  21.00  21.63
 -82.00  22.00  21.43
 -82.00  23.00  21.08
 -82.00  24.00  20.62
 -82.00  25.00  20.10
 -82.00  26.00  19.58
 -82.00  27.00  19.10
 -81.00 -37.00  17.71
 -81.00 -36.00  17.67
 -81.00 -35.00  17.78
 -81.00 -34.00  18.01
 -81.00 -33.00  18.28
 -81.00 -32.00  18.58
 -81.00 -31.00  18.89
 -81.00 -30.00  19.27
 -81.00 -29.00  19.79
 -81.00 -28.00  20.53
 -81.00 -27.00  21.58
 -81.00 -26.00  22.98
 -81.00 -25.00  24.71
 -81.00 -24.00  26.69
 -81.00 -23.00  28.76
 -81.00 -22.00  30.75
 -81.00 -21.00  32.45
 -81.00 -20.00  33.68
 -81.00 -19.00  34.32
 -81.00 -18.00  34.31
 -81.00 -17.00  33.68
 -81.00 -16.00  32.54
 -81.00 -15.00  31.05
 -81.00 -14.00  29.39
 -81.00 -13.00  27.75
 -81.00 -12.00  26.26
 -81.00 -11.00  25.01
 -81.00 -10.00  24.02
 -81.00  -9.00  23.25
 -81.00  -8.00  22.63
 -81.00  -7.00  22.06
 -81.00  -6.00  21.46
 -81.00  -5.00  20.77
 -81.00  -4.00  19.96
 -81.00  -3.00  19.08
 -81.00  -2.00  18.16
 -81.00  -1.00  17.31
 -81.00   0.00  16.58
 -81.00   1.00  16.04
 -81.00   2.00  15.73
 -81.00   3.00  15.65
 -81.00   4.00  15.75
 -81.00   5.00  16.00
 -81.00   6.00  16.31
 -81.00   7.00  16.65
 -81.00   8.00  16.97
 -81.00   9.00  17.25
 -81.00  10.00  17.52
 -81.00  11.00  17.78
 -81.00  12.00  18.08
 -81.00  13.00  18.44
 -81.00  14.00  18.88
 -81.00  15.00  19.39
 -81.00  16.00  19.93
 -81.00  17.00  20.46
 -81.00  18.00  20.92
 -81.00  19.00  21.25
 -81.00  20.00  21.42
 -81.00  21.00  21.39
 -81.00  22.00  21.18
 -81.00  23.00  20.81
 -81.00  24.00  20.33
 -81.00  25.00  19.80
 -81.00  26.00  19.28
 -81.00  27.00  18.80
 -80.00 -37.00  17.65
 -80.00 -36.00  17.60
 -80.00 -35.00  17.71
 -80.00 -34.00  17.93
 -80.00 -33.00  18.20
 -80.00 -32.00  18.49
 -80.00 -31.00  18.80
 -80.00 -30.00  19.17
 -80.00 -29.00  19.67
 -80.00 -28.00  20.40
 -80.00 -27.00  21.43
 -80.00 -26.00  22.79
 -80.00 -25.00  24.46
 -80.00 -24.00  26.38
 -80.00 -23.00  28.38
 -80.00 -22.00  30.30
 -80.00 -21.00  31.94
 -80.00 -20.00  33.12
 -80.00 -19.00  33.72
 -80.00 -18.00  33.70
 -80.00 -17.00  33.08
 -80.00 -16.00  31.97
 -80.00 -15.00  30.51
 -80.00 -14.00  28.89
 -80.00 -13.00  27.28
 -80.00 -12.00  25.83
 -80.00 -11.00  24.61
 -80.00 -10.00  23.64
 -80.00  -9.00  22.89
 -80.00  -8.00  22.28
 -80.00  -7.00  21.72
 -80.00  -6.00  21.13
 -80.00  -5.00  20.46
 -80.00  -4.00  19.67
 -80.00  -3.00  18.80
 -80.00  -2.00  17.91
 -80.00  -1.00  17.07
 -80.00   0.00  16.36
 -80.00   1.00  15.84
 -80.00   2.00  15.54
 -80.00   3.00  15.46
 -80.00   4.00  15.57
 -80.00   5.00  15.81
 -80.00   6.00  16.13
 -80.00   7.00  16.47
 -80.00   8.00  16.79
 -80.00   9.00  17.07
 -80.00  10.00  17.33
 -80.00  11.00  17.60
 -80.00  12.00  17.89
 -80.00  13.00  18.26
 -80.00  14.00  18.69
 -80.00  15.00  19.20
 -80.00  16.00  19.74
 -80.00  17.00  20.27
 -80.00  18.00  20.73
 -80.00  19.00  21.05
 -80.00  20.00  21.21
 -80.00  21.00  21.17
 -80.00  22.00  20.94
 -80.00  23.00  20.56
 -80.00  24.00  20.07
 -80.00  25.00  19.53
 -80.00  26.00  19.01
 -80.00  27.00  18.54
 -79.00 -37.00  17.58
 -79.00 -36.00  17.53
 -79.00 -35.00  17.64
 -79.00 -34.00  17.85
 -79.00 -33.00  18.11
 -79.00 -32.00  18.39
 -79.00 -31.00  18.70
 -79.00 -30.00  19.06
 -79.00 -29.00  19.56
 -79.00 -28.00  20.27
 -79.00 -27.00  21.26
 -79.00 -26.00  22.58
 -79.00 -25.00  24.20
 -79.00 -24.00  26.04
 -79.00 -23.00  27.98
 -79.00 -22.00  29.83
 -79.00 -21.00  31.41
 -79.00 -20.00  32.55
 -79.00 -19.00  33.13
 -79.00 -18.00  33.11
 -79.00 -17.00  32.51
 -79.00 -16.00  31.42
 -79.00 -15.00  30.01
 -79.00 -14.00  28.43
 -79.00 -13.00  26.86
 -79.00 -12.00  25.43
 -79.00 -11.00  24.23
 -79.00 -10.00  23.28
 -79.00  -9.00  22.54
 -79.00  -8.00  21.94
 -79.00  -7.00  21.40
 -79.00  -6.00  20.83
 -79.00  -5.00  20.17
 -79.00  -4.00  19.41
 -79.00  -3.00  18.57
 -79.00  -2.00  17.70
 -79.00  -1.00  16.88
 -79.00   0.00  16.18
 -79.00   1.00  15.67
 -79.00   2.00  15.38
 -79.00   3.00  15.30
 -79.00   4.00  15.41
 -79.00   5.00  15.65
 -79.00   6.00  15.97
 -79.00   7.00  16.30
 -79.00   8.00  16.62
 -79.00   9.00  16.90
 -79.00  10.00  17.15
 -79.00  11.00  17.41
 -79.00  12.00  17.71
 -79.00  13.00  18.07
 -79.00  14.00  18.50
 -79.00  15.00  19.01
 -79.00  16.00  19.55
 -79.00  17.00  20.07
 -79.00  18.00  20.53
 -79.00  19.00  20.85
 -79.00  20.00  21.00
 -79.00  21.00  20.95
 -79.00  22.00  20.71
 -79.00  23.00  20.32
 -79.00  24.00  19.82
 -79.00  25.00  19.28
 -79.00  26.00  18.76
 -79.00  27.00  18.29
 -78.00 -37.00  17.52
 -78.00 -36.00  17.46
 -78.00 -35.00  17.56
 -78.00 -34.00  17.77
 -78.00 -33.00  18.02
 -78.00 -32.00  18.30
 -78.00 -31.00  18.60
 -78.00 -30.00  18.96
 -78.00 -29.00  19.44
 -78.00 -28.00  20.13
 -78.00 -27.00  21.09
 -78.00 -26.00  22.36
 -78.00 -25.00  23.92
 -78.00 -24.00  25.69
 -78.00 -23.00  27.56
 -78.00 -22.00  29.35
 -78.00 -21.00  30.87
 -78.00 -20.00  31.98
 -78.00 -19.00  32.55
 -78.00 -18.00  32.53
 -78.00 -17.00  31.96
 -78.00 -16.00  30.91
 -78.00 -15.00  29.53
 -78.00 -14.00  27.99
 -78.00 -13.00  26.46
 -78.00 -12.00  25.06
 -78.00 -11.00  23.88
 -78.00 -10.00  22.94
 -78.00  -9.00  22.21
 -78.00  -8.00  21.62
 -78.00  -7.00  21.09
 -78.00  -6.00  20.53
 -78.00  -5.00  19.90
 -78.00  -4.00  19.17
 -78.00  -3.00  18.35
 -78.00  -2.00  17.51
 -78.00  -1.00  16.71
 -78.00   0.00  16.03
 -78.00   1.00  15.53
 -78.00   2.00  15.24
 -78.00   3.00  15.16
 -78.00   4.00  15.26
 -78.00   5.00  15.50
 -78.00   6.00  15.81
 -78.00   7.00  16.13
 -78.00   8.00  16.44
 -78.00   9.00  16.72
 -78.00  10.00  16.97
 -78.00  11.00  17.23
 -78.00  12.00  17.52
 -78.00  13.00  17.87
 -78.00  14.00  18.31
 -78.00  15.00  18.81
 -78.00  16.00  19.35
 -78.00  17.00  19.88
 -78.00  18.00  20.33
 -78.00  19.00  20.65
 -78.00  20.00  20.79
 -78.00  21.00  20.74
 -78.00  22.00  20.49
 -78.00  23.00  20.09
 -78.00  24.00  19.59
 -78.00  25.00  19.05
 -78.00  26.00  18.52
 -78.00  27.00  18.06
 -77.00 -37.00  17.47
 -77.00 -36.00  17.40
 -77.00 -35.00  17.49
 -77.00 -34.00  17.68
 -77.00 -33.00  17.93
 -77.00 -32.00  18.21
 -77.00 -31.00  18.50
 -77.00 -30.00  18.85
 -77.00 -29.00  19.33
 -77.00 -28.00  19.99
 -77.00 -27.00  20.92
 -77.00 -26.00  22.14
 -77.00 -25.00  23.64
 -77.00 -24.00  25.34
 -77.00 -23.00  27.14
 -77.00 -22.00  28.86
 -77.00 -21.00  30.34
 -77.00 -20.00  31.41
 -77.00 -19.00  31.97
 -77.00 -18.00  31.97
 -77.00 -17.00  31.42
 -77.00 -16.00  30.41
 -77.00 -15.00  29.07
 -77.00 -14.00  27.58
 -77.00 -13.00  26.08
 -77.00 -12.00  24.70
 -77.00 -11.00  23.53
 -77.00 -10.00  22.60
 -77.00  -9.00  21.88
 -77.00  -8.00  21.30
 -77.00  -7.00  20.78
 -77.00  -6.00  20.24
 -77.00  -5.00  19.64
 -77.00  -4.00  18.94
 -77.00  -3.00  18.16
 -77.00  -2.00  17.35
 -77.00  -1.00  16.58
 -77.00   0.00  15.91
 -77.00   1.00  15.42
 -77.00   2.00  15.13
 -77.00   3.00  15.04
 -77.00   4.00  15.13
 -77.00   5.00  15.36
 -77.00   6.00  15.65
 -77.00   7.00  15.97
 -77.00   8.00  16.27
 -77.00   9.00  16.54
 -77.00  10.00  16.79
 -77.00  11.00  17.04
 -77.00  12.00  17.33
 -77.00  13.00  17.68
 -77.00  14.00  18.11
 -77.00  15.00  18.61
 -77.00  16.00  19.15
 -77.00  17.00  19.68
 -77.00  18.00  20.13
 -77.00  19.00  20.44
 -77.00  20.00  20.58
 -77.00  21.00  20.53
 -77.00  22.00  20.28
 -77.00  23.00  19.87
 -77.00  24.00  19.37
 -77.00  25.00  18.83
 -77.00  26.00  18.30
 -77.00  27.00  17.83
 -76.00 -37.00  17.20
 -76.00 -36.00  17.10
 -76.00 -35.00  17.15
 -76.00 -34.00  17.32
 -76.00 -33.00  17.54
 -76.00 -32.00  17.79
 -76.00 -31.00  18.06
 -76.00 -30.00  18.38
 -76.00 -29.00  18.82
 -76.00 -28.00  19.43
 -76.00 -27.00  20.28
 -76.00 -26.00  21.40
 -76.00 -25.00  22.79
 -76.00 -24.00  24.37
 -76.00 -23.00  26.04
 -76.00 -22.00  27.65
 -76.00 -21.00  29.04
 -76.00 -20.00  30.06
 -76.00 -19.00  30.60
 -76.00 -18.00  30.62
 -76.00 -17.00  30.12
 -76.00 -16.00  29.19
 -76.00 -15.00  27.95
 -76.00 -14.00  26.56
 -76.00 -13.00  25.15
 -76.00 -12.00  23.86
 -76.00 -11.00  22.77
 -76.00 -10.00  21.89
 -76.00  -9.00  21.22
 -76.00  -8.00  20.68
 -76.00  -7.00  20.21
 -76.00  -6.00  19.73
 -76.00  -5.00  19.18
 -76.00  -4.00  18.54
 -76.00  -3.00  17.82
 -76.00  -2.00  17.07
 -76.00  -1.00  16.36
 -76.00   0.00  15.74
 -76.00   1.00  15.27
 -76.00   2.00  15.00
 -76.00   3.00  14.91
 -76.00   4.00  14.99
 -76.00   5.00  15.20
 -76.00   6.00  15.48
 -76.00   7.00  15.78
 -76.00   8.00  16.06
 -76.00   9.00  16.31
 -76.00  10.00  16.55
 -76.00  11.00  16.80
 -76.00  12.00  17.09
 -76.00  13.00  17.45
 -76.00  14.00  17.89
 -76.00  15.00  18.41
 -76.00  16.00  18.96
 -76.00  17.00  19.50
 -76.00  18.00  19.96
 -76.00  19.00  20.29
 -76.00  20.00  20.43
 -76.00  21.00  20.37
 -76.00  22.00  20.11
 -76.00  23.00  19.69
 -76.00  24.00  19.17
 -76.00  25.00  18.61
 -76.00  26.00  18.07
 -76.00  27.00  17.58
 -75.00 -37.00  16.93
 -75.00 -36.00  16.79
 -75.00 -35.00  16.81
 -75.00 -34.00  16.94
 -75.00 -33.00  17.14
 -75.00 -32.00  17.36
 -75.00 -31.00  17.61
 -75.00 -30.00  17.90
 -75.00 -29.00  18.30
 -75.00 -28.00  18.85
 -75.00 -27.00  19.62
 -75.00 -26.00  20.65
 -75.00 -25.00  21.92
 -75.00 -24.00  23.39
 -75.00 -23.00  24.94
 -75.00 -22.00  26.44
 -75.00 -21.00  27.74
 -75.00 -20.00  28.71
 -75.00 -19.00  29.24
 -75.00 -18.00  29.27
 -75.00 -17.00  28.83
 -75.00 -16.00  27.98
 -75.00 -15.00  26.84
 -75.00 -14.00  25.54
 -75.00 -13.00  24.23
 -75.00 -12.00  23.02
 -75.00 -11.00  22.00
 -75.00 -10.00  21.18
 -75.00  -9.00  20.55
 -75.00  -8.00  20.07
 -75.00  -7.00  19.64
 -75.00  -6.00  19.21
 -75.00  -5.00  18.72
 -75.00  -4.00  18.14
 -75.00  -3.00  17.49
 -75.00  -2.00  16.80
 -75.00  -1.00  16.13
 -75.00   0.00  15.56
 -75.00   1.00  15.12
 -75.00   2.00  14.86
 -75.00   3.00  14.78
 -75.00   4.00  14.86
 -75.00   5.00  15.05
 -75.00   6.00  15.30
 -75.00   7.00  15.58
 -75.00   8.00  15.84
 -75.00   9.00  16.08
 -75.00  10.00  16.31
 -75.00  11.00  16.56
 -75.00  12.00  16.85
 -75.00  13.00  17.21
 -75.00  14.00  17.66
 -75.00  15.00  18.19
 -75.00  16.00  18.76
 -75.00  17.00  19.31
 -75.00  18.00  19.79
 -75.00  19.00  20.12
 -75.00  20.00  20.27
 -75.00  21.00  20.21
 -75.00  22.00  19.95
 -75.00  23.00  19.52
 -75.00  24.00  18.98
 -75.00  25.00  18.41
 -75.00  26.00  17.84
 -75.00  27.00  17.34
 -74.00 -37.00  16.65
 -74.00 -36.00  16.48
 -74.00 -35.00  16.46
 -74.00 -34.00  16.56
 -74.00 -33.00  16.73
 -74.00 -32.00  16.93
 -74.00 -31.00  17.15
 -74.00 -30.00  17.41
 -74.00 -29.00  17.77
 -74.00 -28.00  18.26
 -74.00 -27.00  18.96
 -74.00 -26.00  19.89
 -74.00 -25.00  21.05
 -74.00 -24.00  22.39
 -74.00 -23.00  23.82
 -74.00 -22.00  25.22
 -74.00 -21.00  26.44
 -74.00 -20.00  27.36
 -74.00 -19.00  27.87
 -74.00 -18.00  27.93
 -74.00 -17.00  27.55
 -74.00 -16.00  26.78
 -74.00 -15.00  25.73
 -74.00 -14.00  24.54
 -74.00 -13.00  23.32
 -74.00 -12.00  22.20
 -74.00 -11.00  21.24
 -74.00 -10.00  20.48
 -74.00  -9.00  19.90
 -74.00  -8.00  19.45
 -74.00  -7.00  19.07
 -74.00  -6.00  18.69
 -74.00  -5.00  18.25
 -74.00  -4.00  17.73
 -74.00  -3.00  17.14
 -74.00  -2.00  16.52
 -74.00  -1.00  15.91
 -74.00   0.00  15.38
 -74.00   1.00  14.97
 -74.00   2.00  14.73
 -74.00   3.00  14.65
 -74.00   4.00  14.71
 -74.00   5.00  14.88
 -74.00   6.00  15.12
 -74.00   7.00  15.37
 -74.00   8.00  15.62
 -74.00   9.00  15.84
 -74.00  10.00  16.06
 -74.00  11.00  16.30
 -74.00  12.00  16.60
 -74.00  13.00  16.97
 -74.00  14.00  17.43
 -74.00  15.00  17.97
 -74.00  16.00  18.55
 -74.00  17.00  19.12
 -74.00  18.00  19.61
 -74.00  19.00  19.95
 -74.00  20.00  20.11
 -74.00  21.00  20.05
 -74.00  22.00  19.79
 -74.00  23.00  19.36
 -74.00  24.00  18.81
 -74.00  25.00  18.21
 -74.00  26.00  17.63
 -74.00  27.00  17.11
 -73.00 -37.00  16.39
 -73.00 -36.00  16.17
 -73.00 -35.00  16.12
 -73.00 -34.00  16.18
 -73.00 -33.00  16.31
 -73.00 -32.00  16.49
 -73.00 -31.00  16.68
 -73.00 -30.00  16.92
 -73.00 -29.00  17.23
 -73.00 -28.00  17.67
 -73.00 -27.00  18.29
 -73.00 -26.00  19.12
 -73.00 -25.00  20.17
 -73.00 -24.00  21.39
 -73.00 -23.00  22.70
 -73.00 -22.00  23.99
 -73.00 -21.00  25.13
 -73.00 -20.00  26.01
 -73.00 -19.00  26.51
 -73.00 -18.00  26.61
 -73.00 -17.00  26.28
 -73.00 -16.00  25.60
 -73.00 -15.00  24.65
 -73.00 -14.00  23.55
 -73.00 -13.00  22.43
 -73.00 -12.00  21.38
 -73.00 -11.00  20.49
 -73.00 -10.00  19.78
 -73.00  -9.00  19.24
 -73.00  -8.00  18.84
 -73.00  -7.00  18.50
 -73.00  -6.00  18.16
 -73.00  -5.00  17.77
 -73.00  -4.00  17.32
 -73.00  -3.00  16.79
 -73.00  -2.00  16.23
 -73.00  -1.00  15.68
 -73.00   0.00  15.19
 -73.00   1.00  14.81
 -73.00   2.00  14.58
 -73.00   3.00  14.51
 -73.00   4.00  14.56
 -73.00   5.00  14.72
 -73.00   6.00  14.93
 -73.00   7.00  15.16
 -73.00   8.00  15.39
 -73.00   9.00  15.60
 -73.00  10.00  15.81
 -73.00  11.00  16.05
 -73.00  12.00  16.34
 -73.00  13.00  16.72
 -73.00  14.00  17.18
 -73.00  15.00  17.73
 -73.00  16.00  18.33
 -73.00  17.00  18.91
 -73.00  18.00  19.41
 -73.00  19.00  19.77
 -73.00  20.00  19.94
 -73.00  21.00  19.89
 -73.00  22.00  19.64
 -73.00  23.00  19.20
 -73.00  24.00  18.65
 -73.00  25.00  18.04
 -73.00  26.00  17.43
 -73.00  27.00  16.89
 -72.00 -37.00  16.14
 -72.00 -36.00  15.88
 -72.00 -35.00  15.77
 -72.00 -34.00  15.79
 -72.00 -33.00  15.89
 -72.00 -32.00  16.04
 -72.00 -31.00  16.21
 -72.00 -30.00  16.42
 -72.00 -29.00  16.69
 -72.00 -28.00  17.07
 -72.00 -27.00  17.61
 -72.00 -26.00  18.35
 -72.00 -25.00  19.28
 -72.00 -24.00  20.38
 -72.00 -23.00  21.58
 -72.00 -22.00  22.77
 -72.00 -21.00  23.83
 -72.00 -20.00  24.67
 -72.00 -19.00  25.17
 -72.00 -18.00  25.30
 -72.00 -17.00  25.04
 -72.00 -16.00  24.44
 -72.00 -15.00  23.59
 -72.00 -14.00  22.59
 -72.00 -13.00  21.56
 -72.00 -12.00  20.59
 -72.00 -11.00  19.76
 -72.00 -10.00  19.10
 -72.00  -9.00  18.60
 -72.00  -8.00  18.23
 -72.00  -7.00  17.92
 -72.00  -6.00  17.63
 -72.00  -5.00  17.30
 -72.00  -4.00  16.90
 -72.00  -3.00  16.44
 -72.00  -2.00  15.93
 -72.00  -1.00  15.43
 -72.00   0.00  14.99
 -72.00   1.00  14.65
 -72.00   2.00  14.43
 -72.00   3.00  14.35
 -72.00   4.00  14.40
 -72.00   5.00  14.54
 -72.00   6.00  14.73
 -72.00   7.00  14.94
 -72.00   8.00  15.15
 -72.00   9.00  15.35
 -72.00  10.00  15.55
 -72.00  11.00  15.78
 -72.00  12.00  16.07
 -72.00  13.00  16.45
 -72.00  14.00  16.92
 -72.00  15.00  17.48
 -72.00  16.00  18.08
 -72.00  17.00  18.68
 -72.00  18.00  19.20
 -72.00  19.00  19.58
 -72.00  20.00  19.77
 -72.00  21.00  19.74
 -72.00  22.00  19.49
 -72.00  23.00  19.06
 -72.00  24.00  18.51
 -72.00  25.00  17.88
 -72.00  26.00  17.26
 -72.00  27.00  16.69
 -71.00 -37.00  15.91
 -71.00 -36.00  15.60
 -71.00 -35.00  15.44
 -71.00 -34.00  15.41
 -71.00 -33.00  15.48
 -71.00 -32.00  15.60
 -71.00 -31.00  15.74
 -71.00 -30.00  15.92
 -71.00 -29.00  16.15
 -71.00 -28.00  16.48
 -71.00 -27.00  16.94
 -71.00 -26.00  17.58
 -71.00 -25.00  18.40
 -71.00 -24.00  19.38
 -71.00 -23.00  20.46
 -71.00 -22.00  21.55
 -71.00 -21.00  22.54
 -71.00 -20.00  23.34
 -71.00 -19.00  23.84
 -71.00 -18.00  24.00
 -71.00 -17.00  23.82
 -71.00 -16.00  23.31
 -71.00 -15.00  22.56
 -71.00 -14.00  21.66
 -71.00 -13.00  20.71
 -71.00 -12.00  19.82
 -71.00 -11.00  19.04
 -71.00 -10.00  18.43
 -71.00  -9.00  17.96
 -71.00  -8.00  17.62
 -71.00  -7.00  17.35
 -71.00  -6.00  17.10
 -71.00  -5.00  16.82
 -71.00  -4.00  16.47
 -71.00  -3.00  16.07
 -71.00  -2.00  15.63
 -71.00  -1.00  15.18
 -71.00   0.00  14.78
 -71.00   1.00  14.47
 -71.00   2.00  14.27
 -71.00   3.00  14.19
 -71.00   4.00  14.23
 -71.00   5.00  14.35
 -71.00   6.00  14.52
 -71.00   7.00  14.72
 -71.00   8.00  14.91
 -71.00   9.00  15.09
 -71.00  10.00  15.29
 -71.00  11.00  15.51
 -71.00  12.00  15.80
 -71.00  13.00  16.17
 -71.00  14.00  16.65
 -71.00  15.00  17.21
 -71.00  16.00  17.82
 -71.00  17.00  18.43
 -71.00  18.00  18.97
 -71.00  19.00  19.37
 -71.00  20.00  19.59
 -71.00  21.00  19.58
 -71.00  22.00  19.36
 -71.00  23.00  18.94
 -71.00  24.00  18.39
 -71.00  25.00  17.76
 -71.00  26.00  17.12
 -71.00  27.00  16.52
 -70.00 -37.00  15.72
 -70.00 -36.00  15.34
 -70.00 -35.00  15.12
 -70.00 -34.00  15.05
 -70.00 -33.00  15.07
 -70.00 -32.00  15.16
 -70.00 -31.00  15.28
 -70.00 -30.00  15.43
 -70.00 -29.00  15.62
 -70.00 -28.00  15.89
 -70.00 -27.00  16.28
 -70.00 -26.00  16.82
 -70.00 -25.00  17.53
 -70.00 -24.00  18.40
 -70.00 -23.00  19.36
 -70.00 -22.00  20.35
 -70.00 -21.00  21.27
 -70.00 -20.00  22.03
 -70.00 -19.00  22.53
 -70.00 -18.00  22.73
 -70.00 -17.00  22.61
 -70.00 -16.00  22.20
 -70.00 -15.00  21.54
 -70.00 -14.00  20.74
 -70.00 -13.00  19.88
 -70.00 -12.00  19.06
 -70.00 -11.00  18.35
 -70.00 -10.00  17.77
 -70.00  -9.00  17.34
 -70.00  -8.00  17.02
 -70.00  -7.00  16.78
 -70.00  -6.00  16.56
 -70.00  -5.00  16.32
 -70.00  -4.00  16.04
 -70.00  -3.00  15.69
 -70.00  -2.00  15.30
 -70.00  -1.00  14.91
 -70.00   0.00  14.55
 -70.00   1.00  14.27
 -70.00   2.00  14.08
 -70.00   3.00  14.01
 -70.00   4.00  14.04
 -70.00   5.00  14.15
 -70.00   6.00  14.31
 -70.00   7.00  14.49
 -70.00   8.00  14.66
 -70.00   9.00  14.84
 -70.00  10.00  15.02
 -70.00  11.00  15.24
 -70.00  12.00  15.52
 -70.00  13.00  15.88
 -70.00  14.00  16.35
 -70.00  15.00  16.91
 -70.00  16.00  17.53
 -70.00  17.00  18.15
 -70.00  18.00  18.71
 -70.00  19.00  19.15
 -70.00  20.00  19.39
 -70.00  21.00  19.42
 -70.00  22.00  19.23
 -70.00  23.00  18.84
 -70.00  24.00  18.29
 -70.00  25.00  17.66
 -70.00  26.00  17.00
 -70.00  27.00  16.38
 -69.00 -37.00  15.56
 -69.00 -36.00  15.11
 -69.00 -35.00  14.84
 -69.00 -34.00  14.70
 -69.00 -33.00  14.68
 -69.00 -32.00  14.74
 -69.00 -31.00  14.83
 -69.00 -30.00  14.95
 -69.00 -29.00  15.10
 -69.00 -28.00  15.32
 -69.00 -27.00  15.64
 -69.00 -26.00  16.09
 -69.00 -25.00  16.70
 -69.00 -24.00  17.44
 -69.00 -23.00  18.29
 -69.00 -22.00  19.18
 -69.00 -21.00  20.03
 -69.00 -20.00  20.75
 -69.00 -19.00  21.25
 -69.00 -18.00  21.49
 -69.00 -17.00  21.43
 -69.00 -16.00  21.10
 -69.00 -15.00  20.55
 -69.00 -14.00  19.84
 -69.00 -13.00  19.07
 -69.00 -12.00  18.32
 -69.00 -11.00  17.66
 -69.00 -10.00  17.12
 -69.00  -9.00  16.72
 -69.00  -8.00  16.43
 -69.00  -7.00  16.21
 -69.00  -6.00  16.03
 -69.00  -5.00  15.83
 -69.00  -4.00  15.58
 -69.00  -3.00  15.29
 -69.00  -2.00  14.96
 -69.00  -1.00  14.62
 -69.00   0.00  14.30
 -69.00   1.00  14.04
 -69.00   2.00  13.88
 -69.00   3.00  13.81
 -69.00   4.00  13.84
 -69.00   5.00  13.94
 -69.00   6.00  14.08
 -69.00   7.00  14.25
 -69.00   8.00  14.42
 -69.00   9.00  14.58
 -69.00  10.00  14.75
 -69.00  11.00  14.96
 -69.00  12.00  15.23
 -69.00  13.00  15.59
 -69.00  14.00  16.05
 -69.00  15.00  16.60
 -69.00  16.00  17.22
 -69.00  17.00  17.85
 -69.00  18.00  18.44
 -69.00  19.00  18.90
 -69.00  20.00  19.19
 -69.00  21.00  19.26
 -69.00  22.00  19.11
 -69.00  23.00  18.74
 -69.00  24.00  18.22
 -69.00  25.00  17.59
 -69.00  26.00  16.92
 -69.00  27.00  16.27
 -68.00 -37.00  15.44
 -68.00 -36.00  14.93
 -68.00 -35.00  14.58
 -68.00 -34.00  14.39
 -68.00 -33.00  14.32
 -68.00 -32.00  14.33
 -68.00 -31.00  14.39
 -68.00 -30.00  14.48
 -68.00 -29.00  14.61
 -68.00 -28.00  14.78
 -68.00 -27.00  15.03
 -68.00 -26.00  15.40
 -68.00 -25.00  15.90
 -68.00 -24.00  16.53
 -68.00 -23.00  17.27
 -68.00 -22.00  18.07
 -68.00 -21.00  18.84
 -68.00 -20.00  19.51
 -68.00 -19.00  20.01
 -68.00 -18.00  20.28
 -68.00 -17.00  20.28
 -68.00 -16.00  20.03
 -68.00 -15.00  19.57
 -68.00 -14.00  18.96
 -68.00 -13.00  18.27
 -68.00 -12.00  17.59
 -68.00 -11.00  16.98
 -68.00 -10.00  16.48
 -68.00  -9.00  16.10
 -68.00  -8.00  15.83
 -68.00  -7.00  15.64
 -68.00  -6.00  15.48
 -68.00  -5.00  15.32
 -68.00  -4.00  15.12
 -68.00  -3.00  14.88
 -68.00  -2.00  14.59
 -68.00  -1.00  14.30
 -68.00   0.00  14.02
 -68.00   1.00  13.79
 -68.00   2.00  13.65
 -68.00   3.00  13.59
 -68.00   4.00  13.62
 -68.00   5.00  13.71
 -68.00   6.00  13.85
 -68.00   7.00  14.01
 -68.00   8.00  14.17
 -68.00   9.00  14.33
 -68.00  10.00  14.49
 -68.00  11.00  14.68
 -68.00  12.00  14.94
 -68.00  13.00  15.28
 -68.00  14.00  15.73
 -68.00  15.00  16.28
 -68.00  16.00  16.89
 -68.00  17.00  17.53
 -68.00  18.00  18.14
 -68.00  19.00  18.63
 -68.00  20.00  18.96
 -68.00  21.00  19.08
 -68.00  22.00  18.98
 -68.00  23.00  18.66
 -68.00  24.00  18.16
 -68.00  25.00  17.54
 -68.00  26.00  16.86
 -68.00  27.00  16.19
 -67.00 -37.00  15.36
 -67.00 -36.00  14.78
 -67.00 -35.00  14.37
 -67.00 -34.00  14.11
 -67.00 -33.00  13.98
 -67.00 -32.00  13.95
 -67.00 -31.00  13.98
 -67.00 -30.00  14.04
 -67.00 -29.00  14.13
 -67.00 -28.00  14.27
 -67.00 -27.00  14.46
 -67.00 -26.00  14.75
 -67.00 -25.00  15.16
 -67.00 -24.00  15.68
 -67.00 -23.00  16.32
 -67.00 -22.00  17.01
 -67.00 -21.00  17.71
 -67.00 -20.00  18.33
 -67.00 -19.00  18.81
 -67.00 -18.00  19.10
 -67.00 -17.00  19.16
 -67.00 -16.00  18.98
 -67.00 -15.00  18.61
 -67.00 -14.00  18.08
 -67.00 -13.00  17.48
 -67.00 -12.00  16.87
 -67.00 -11.00  16.31
 -67.00 -10.00  15.85
 -67.00  -9.00  15.50
 -67.00  -8.00  15.25
 -67.00  -7.00  15.07
 -67.00  -6.00  14.94
 -67.00  -5.00  14.80
 -67.00  -4.00  14.64
 -67.00  -3.00  14.44
 -67.00  -2.00  14.20
 -67.00  -1.00  13.95
 -67.00   0.00  13.71
 -67.00   1.00  13.52
 -67.00   2.00  13.39
 -67.00   3.00  13.34
 -67.00   4.00  13.37
 -67.00   5.00  13.47
 -67.00   6.00  13.61
 -67.00   7.00  13.76
 -67.00   8.00  13.92
 -67.00   9.00  14.07
 -67.00  10.00  14.23
 -67.00  11.00  14.41
 -67.00  12.00  14.66
 -67.00  13.00  14.98
 -67.00  14.00  15.41
 -67.00  15.00  15.94
 -67.00  16.00  16.55
 -67.00  17.00  17.19
 -67.00  18.00  17.81
 -67.00  19.00  18.34
 -67.00  20.00  18.72
 -67.00  21.00  18.89
 -67.00  22.00  18.84
 -67.00  23.00  18.57
 -67.00  24.00  18.10
 -67.00  25.00  17.50
 -67.00  26.00  16.83
 -67.00  27.00  16.14
 -66.00 -37.00  15.33
 -66.00 -36.00  14.69
 -66.00 -35.00  14.20
 -66.00 -34.00  13.86
 -66.00 -33.00  13.68
 -66.00 -32.00  13.60
 -66.00 -31.00  13.59
 -66.00 -30.00  13.63
 -66.00 -29.00  13.69
 -66.00 -28.00  13.79
 -66.00 -27.00  13.93
 -66.00 -26.00  14.15
 -66.00 -25.00  14.47
 -66.00 -24.00  14.90
 -66.00 -23.00  15.43
 -66.00 -22.00  16.03
 -66.00 -21.00  16.64
 -66.00 -20.00  17.21
 -66.00 -19.00  17.67
 -66.00 -18.00  17.97
 -66.00 -17.00  18.07
 -66.00 -16.00  17.96
 -66.00 -15.00  17.66
 -66.00 -14.00  17.22
 -66.00 -13.00  16.70
 -66.00 -12.00  16.15
 -66.00 -11.00  15.65
 -66.00 -10.00  15.22
 -66.00  -9.00  14.90
 -66.00  -8.00  14.67
 -66.00  -7.00  14.51
 -66.00  -6.00  14.39
 -66.00  -5.00  14.29
 -66.00  -4.00  14.16
 -66.00  -3.00  13.99
 -66.00  -2.00  13.79
 -66.00  -1.00  13.58
 -66.00   0.00  13.37
 -66.00   1.00  13.20
 -66.00   2.00  13.10
 -66.00   3.00  13.07
 -66.00   4.00  13.11
 -66.00   5.00  13.21
 -66.00   6.00  13.35
 -66.00   7.00  13.51
 -66.00   8.00  13.67
 -66.00   9.00  13.82
 -66.00  10.00  13.97
 -66.00  11.00  14.15
 -66.00  12.00  14.38
 -66.00  13.00  14.68
 -66.00  14.00  15.09
 -66.00  15.00  15.60
 -66.00  16.00  16.20
 -66.00  17.00  16.84
 -66.00  18.00  17.47
 -66.00  19.00  18.03
 -66.00  20.00  18.45
 -66.00  21.00  18.68
 -66.00  22.00  18.69
 -66.00  23.00  18.47
 -66.00  24.00  18.05
 -66.00  25.00  17.48
 -66.00  26.00  16.81
 -66.00  27.00  16.12
 -65.00 -37.00  15.35
 -65.00 -36.00  14.64
 -65.00 -35.00  14.08
 -65.00 -34.00  13.67
 -65.00 -33.00  13.41
 -65.00 -32.00  13.28
 -65.00 -31.00  13.23
 -65.00 -30.00  13.24
 -65.00 -29.00  13.28
 -65.00 -28.00  13.34
 -65.00 -27.00  13.45
 -65.00 -26.00  13.61
 -65.00 -25.00  13.85
 -65.00 -24.00  14.19
 -65.00 -23.00  14.62
 -65.00 -22.00  15.12
 -65.00 -21.00  15.66
 -65.00 -20.00  16.17
 -65.00 -19.00  16.60
 -65.00 -18.00  16.90
 -65.00 -17.00  17.03
 -65.00 -16.00  16.97
 -65.00 -15.00  16.74
 -65.00 -14.00  16.38
 -65.00 -13.00  15.93
 -65.00 -12.00  15.45
 -65.00 -11.00  14.99
 -65.00 -10.00  14.61
 -65.00  -9.00  14.31
 -65.00  -8.00  14.09
 -65.00  -7.00  13.95
 -65.00  -6.00  13.86
 -65.00  -5.00  13.77
 -65.00  -4.00  13.66
 -65.00  -3.00  13.53
 -65.00  -2.00  13.37
 -65.00  -1.00  13.18
 -65.00   0.00  13.01
 -65.00   1.00  12.86
 -65.00   2.00  12.78
 -65.00   3.00  12.76
 -65.00   4.00  12.81
 -65.00   5.00  12.93
 -65.00   6.00  13.08
 -65.00   7.00  13.24
 -65.00   8.00  13.41
 -65.00   9.00  13.57
 -65.00  10.00  13.72
 -65.00  11.00  13.89
 -65.00  12.00  14.10
 -65.00  13.00  14.39
 -65.00  14.00  14.77
 -65.00  15.00  15.26
 -65.00  16.00  15.84
 -65.00  17.00  16.47
 -65.00  18.00  17.11
 -65.00  19.00  17.70
 -65.00  20.00  18.16
 -65.00  21.00  18.45
 -65.00  22.00  18.52
 -65.00  23.00  18.36
 -65.00  24.00  17.99
 -65.00  25.00  17.45
 -65.00  26.00  16.81
 -65.00  27.00  16.11
 -64.00 -37.00  15.42
 -64.00 -36.00  14.65
 -64.00 -35.00  14.01
 -64.00 -34.00  13.53
 -64.00 -33.00  13.20
 -64.00 -32.00  13.01
 -64.00 -31.00  12.92
 -64.00 -30.00  12.89
 -64.00 -29.00  12.90
 -64.00 -28.00  12.94
 -64.00 -27.00  13.00
 -64.00 -26.00  13.11
 -64.00 -25.00  13.29
 -64.00 -24.00  13.55
 -64.00 -23.00  13.89
 -64.00 -22.00  14.30
 -64.00 -21.00  14.75
 -64.00 -20.00  15.20
 -64.00 -19.00  15.60
 -64.00 -18.00  15.89
 -64.00 -17.00  16.03
 -64.00 -16.00  16.02
 -64.00 -15.00  15.85
 -64.00 -14.00  15.56
 -64.00 -13.00  15.17
 -64.00 -12.00  14.75
 -64.00 -11.00  14.35
 -64.00 -10.00  14.00
 -64.00  -9.00  13.73
 -64.00  -8.00  13.53
 -64.00  -7.00  13.41
 -64.00  -6.00  13.32
 -64.00  -5.00  13.25
 -64.00  -4.00  13.17
 -64.00  -3.00  13.06
 -64.00  -2.00  12.93
 -64.00  -1.00  12.77
 -64.00   0.00  12.62
 -64.00   1.00  12.50
 -64.00   2.00  12.43
 -64.00   3.00  12.43
 -64.00   4.00  12.49
 -64.00   5.00  12.62
 -64.00   6.00  12.78
 -64.00   7.00  12.96
 -64.00   8.00  13.14
 -64.00   9.00  13.31
 -64.00  10.00  13.47
 -64.00  11.00  13.64
 -64.00  12.00  13.84
 -64.00  13.00  14.11
 -64.00  14.00  14.46
 -64.00  15.00  14.92
 -64.00  16.00  15.47
 -64.00  17.00  16.10
 -64.00  18.00  16.74
 -64.00  19.00  17.35
 -64.00  20.00  17.85
 -64.00  21.00  18.19
 -64.00  22.00  18.32
 -64.00  23.00  18.23
 -64.00  24.00  17.92
 -64.00  25.00  17.43
 -64.00  26.00  16.81
 -64.00  27.00  16.12
 -63.00 -37.00  15.55
 -63.00 -36.00  14.72
 -63.00 -35.00  14.01
 -63.00 -34.00  13.45
 -63.00 -33.00  13.04
 -63.00 -32.00  12.78
 -63.00 -31.00  12.64
 -63.00 -30.00  12.57
 -63.00 -29.00  12.56
 -63.00 -28.00  12.57
 -63.00 -27.00  12.60
 -63.00 -26.00  12.67
 -63.00 -25.00  12.79
 -63.00 -24.00  12.97
 -63.00 -23.00  13.23
 -63.00 -22.00  13.56
 -63.00 -21.00  13.93
 -63.00 -20.00  14.32
 -63.00 -19.00  14.67
 -63.00 -18.00  14.94
 -63.00 -17.00  15.10
 -63.00 -16.00  15.12
 -63.00 -15.00  15.00
 -63.00 -14.00  14.76
 -63.00 -13.00  14.44
 -63.00 -12.00  14.08
 -63.00 -11.00  13.72
 -63.00 -10.00  13.41
 -63.00  -9.00  13.16
 -63.00  -8.00  12.99
 -63.00  -7.00  12.87
 -63.00  -6.00  12.81
 -63.00  -5.00  12.75
 -63.00  -4.00  12.69
 -63.00  -3.00  12.60
 -63.00  -2.00  12.49
 -63.00  -1.00  12.35
 -63.00   0.00  12.22
 -63.00   1.00  12.12
 -63.00   2.00  12.06
 -63.00   3.00  12.07
 -63.00   4.00  12.14
 -63.00   5.00  12.28
 -63.00   6.00  12.46
 -63.00   7.00  12.66
 -63.00   8.00  12.86
 -63.00   9.00  13.05
 -63.00  10.00  13.22
 -63.00  11.00  13.39
 -63.00  12.00  13.59
 -63.00  13.00  13.83
 -63.00  14.00  14.16
 -63.00  15.00  14.59
 -63.00  16.00  15.11
 -63.00  17.00  15.71
 -63.00  18.00  16.35
 -63.00  19.00  16.97
 -63.00  20.00  17.51
 -63.00  21.00  17.90
 -63.00  22.00  18.10
 -63.00  23.00  18.08
 -63.00  24.00  17.84
 -63.00  25.00  17.40
 -63.00  26.00  16.82
 -63.00  27.00  16.15
 -62.00 -37.00  15.72
 -62.00 -36.00  14.86
 -62.00 -35.00  14.07
 -62.00 -34.00  13.43
 -62.00 -33.00  12.94
 -62.00 -32.00  12.61
 -62.00 -31.00  12.41
 -62.00 -30.00  12.30
 -62.00 -29.00  12.25
 -62.00 -28.00  12.24
 -62.00 -27.00  12.25
 -62.00 -26.00  12.28
 -62.00 -25.00  12.35
 -62.00 -24.00  12.47
 -62.00 -23.00  12.65
 -62.00 -22.00  12.90
 -62.00 -21.00  13.20
 -62.00 -20.00  13.52
 -62.00 -19.00  13.82
 -62.00 -18.00  14.07
 -62.00 -17.00  14.23
 -62.00 -16.00  14.27
 -62.00 -15.00  14.20
 -62.00 -14.00  14.01
 -62.00 -13.00  13.74
 -62.00 -12.00  13.43
 -62.00 -11.00  13.11
 -62.00 -10.00  12.83
 -62.00  -9.00  12.61
 -62.00  -8.00  12.45
 -62.00  -7.00  12.36
 -62.00  -6.00  12.30
 -62.00  -5.00  12.26
 -62.00  -4.00  12.22
 -62.00  -3.00  12.15
 -62.00  -2.00  12.05
 -62.00  -1.00  11.94
 -62.00   0.00  11.82
 -62.00   1.00  11.72
 -62.00   2.00  11.67
 -62.00   3.00  11.69
 -62.00   4.00  11.77
 -62.00   5.00  11.92
 -62.00   6.00  12.12
 -62.00   7.00  12.34
 -62.00   8.00  12.57
 -62.00   9.00  12.78
 -62.00  10.00  12.97
 -62.00  11.00  13.15
 -62.00  12.00  13.34
 -62.00  13.00  13.57
 -62.00  14.00  13.87
 -62.00  15.00  14.26
 -62.00  16.00  14.75
 -62.00  17.00  15.32
 -62.00  18.00  15.95
 -62.00  19.00  16.58
 -62.00  20.00  17.14
 -62.00  21.00  17.59
 -62.00  22.00  17.85
 -62.00  23.00  17.91
 -62.00  24.00  17.74
 -62.00  25.00  17.37
 -62.00  26.00  16.83
 -62.00  27.00  16.18
 -61.00 -37.00  15.96
 -61.00 -36.00  15.06
 -61.00 -35.00  14.21
 -61.00 -34.00  13.49
 -61.00 -33.00  12.92
 -61.00 -32.00  12.51
 -61.00 -31.00  12.24
 -61.00 -30.00  12.08
 -61.00 -29.00  11.99
 -61.00 -28.00  11.96
 -61.00 -27.00  11.94
 -61.00 -26.00  11.95
 -61.00 -25.00  11.97
 -61.00 -24.00  12.04
 -61.00 -23.00  12.16
 -61.00 -22.00  12.33
 -61.00 -21.00  12.55
 -61.00 -20.00  12.80
 -61.00 -19.00  13.06
 -61.00 -18.00  13.28
 -61.00 -17.00  13.43
 -61.00 -16.00  13.49
 -61.00 -15.00  13.44
 -61.00 -14.00  13.30
 -61.00 -13.00  13.08
 -61.00 -12.00  12.81
 -61.00 -11.00  12.53
 -61.00 -10.00  12.28
 -61.00  -9.00  12.08
 -61.00  -8.00  11.94
 -61.00  -7.00  11.86
 -61.00  -6.00  11.82
 -61.00  -5.00  11.79
 -61.00  -4.00  11.76
 -61.00  -3.00  11.71
 -61.00  -2.00  11.63
 -61.00  -1.00  11.53
 -61.00   0.00  11.42
 -61.00   1.00  11.33
 -61.00   2.00  11.28
 -61.00   3.00  11.29
 -61.00   4.00  11.38
 -61.00   5.00  11.54
 -61.00   6.00  11.75
 -61.00   7.00  11.99
 -61.00   8.00  12.25
 -61.00   9.00  12.49
 -61.00  10.00  12.70
 -61.00  11.00  12.90
 -61.00  12.00  13.10
 -61.00  13.00  13.31
 -61.00  14.00  13.59
 -61.00  15.00  13.94
 -61.00  16.00  14.39
 -61.00  17.00  14.93
 -61.00  18.00  15.53
 -61.00  19.00  16.16
 -61.00  20.00  16.75
 -61.00  21.00  17.24
 -61.00  22.00  17.57
 -61.00  23.00  17.70
 -61.00  24.00  17.62
 -61.00  25.00  17.32
 -61.00  26.00  16.84
 -61.00  27.00  16.23
 -60.00 -37.00  16.24
 -60.00 -36.00  15.33
 -60.00 -35.00  14.43
 -60.00 -34.00  13.63
 -60.00 -33.00  12.98
 -60.00 -32.00  12.48
 -60.00 -31.00  12.13
 -60.00 -30.00  11.91
 -60.00 -29.00  11.79
 -60.00 -28.00  11.72
 -60.00 -27.00  11.68
 -60.00 -26.00  11.66
 -60.00 -25.00  11.66
 -60.00 -24.00  11.68
 -60.00 -23.00  11.74
 -60.00 -22.00  11.84
 -60.00 -21.00  11.99
 -60.00 -20.00  12.18
 -60.00 -19.00  12.38
 -60.00 -18.00  12.56
 -60.00 -17.00  12.70
 -60.00 -16.00  12.77
 -60.00 -15.00  12.74
 -60.00 -14.00  12.64
 -60.00 -13.00  12.46
 -60.00 -12.00  12.23
 -60.00 -11.00  11.99
 -60.00 -10.00  11.77
 -60.00  -9.00  11.59
 -60.00  -8.00  11.46
 -60.00  -7.00  11.39
 -60.00  -6.00  11.36
 -60.00  -5.00  11.35
 -60.00  -4.00  11.33
 -60.00  -3.00  11.30
 -60.00  -2.00  11.23
 -60.00  -1.00  11.14
 -60.00   0.00  11.03
 -60.00   1.00  10.94
 -60.00   2.00  10.89
 -60.00   3.00  10.89
 -60.00   4.00  10.98
 -60.00   5.00  11.13
 -60.00   6.00  11.35
 -60.00   7.00  11.62
 -60.00   8.00  11.90
 -60.00   9.00  12.17
 -60.00  10.00  12.42
 -60.00  11.00  12.65
 -60.00  12.00  12.85
 -60.00  13.00  13.06
 -60.00  14.00  13.32
 -60.00  15.00  13.63
 -60.00  16.00  14.04
 -60.00  17.00  14.54
 -60.00  18.00  15.11
 -60.00  19.00  15.72
 -60.00  20.00  16.33
 -60.00  21.00  16.86
 -60.00  22.00  17.25
 -60.00  23.00  17.47
 -60.00  24.00  17.47
 -60.00  25.00  17.25
 -60.00  26.00  16.84
 -60.00  27.00  16.28
 -59.00 -37.00  16.58
 -59.00 -36.00  15.67
 -59.00 -35.00  14.74
 -59.00 -34.00  13.87
 -59.00 -33.00  13.12
 -59.00 -32.00  12.53
 -59.00 -31.00  12.10
 -59.00 -30.00  11.81
 -59.00 -29.00  11.63
 -59.00 -28.00  11.53
 -59.00 -27.00  11.47
 -59.00 -26.00  11.43
 -59.00 -25.00  11.40
 -59.00 -24.00  11.39
 -59.00 -23.00  11.40
 -59.00 -22.00  11.44
 -59.00 -21.00  11.53
 -59.00 -20.00  11.65
 -59.00 -19.00  11.79
 -59.00 -18.00  11.94
 -59.00 -17.00  12.05
 -59.00 -16.00  12.12
 -59.00 -15.00  12.11
 -59.00 -14.00  12.03
 -59.00 -13.00  11.89
 -59.00 -12.00  11.69
 -59.00 -11.00  11.48
 -59.00 -10.00  11.28
 -59.00  -9.00  11.12
 -59.00  -8.00  11.00
 -59.00  -7.00  10.94
 -59.00  -6.00  10.92
 -59.00  -5.00  10.92
 -59.00  -4.00  10.92
 -59.00  -3.00  10.91
 -59.00  -2.00  10.86
 -59.00  -1.00  10.78
 -59.00   0.00  10.68
 -59.00   1.00  10.58
 -59.00   2.00  10.51
 -59.00   3.00  10.51
 -59.00   4.00  10.57
 -59.00   5.00  10.72
 -59.00   6.00  10.94
 -59.00   7.00  11.22
 -59.00   8.00  11.53
 -59.00   9.00  11.84
 -59.00  10.00  12.12
 -59.00  11.00  12.38
 -59.00  12.00  12.60
 -59.00  13.00  12.82
 -59.00  14.00  13.05
 -59.00  15.00  13.34
 -59.00  16.00  13.70
 -59.00  17.00  14.15
 -59.00  18.00  14.68
 -59.00  19.00  15.28
 -59.00  20.00  15.88
 -59.00  21.00  16.44
 -59.00  22.00  16.90
 -59.00  23.00  17.19
 -59.00  24.00  17.28
 -59.00  25.00  17.16
 -59.00  26.00  16.84
 -59.00  27.00  16.34
 -58.00 -37.00  16.94
 -58.00 -36.00  16.06
 -58.00 -35.00  15.12
 -58.00 -34.00  14.20
 -58.00 -33.00  13.37
 -58.00 -32.00  12.68
 -58.00 -31.00  12.16
 -58.00 -30.00  11.79
 -58.00 -29.00  11.54
 -58.00 -28.00  11.40
 -58.00 -27.00  11.31
 -58.00 -26.00  11.25
 -58.00 -25.00  11.20
 -58.00 -24.00  11.16
 -58.00 -23.00  11.13
 -58.00 -22.00  11.13
 -58.00 -21.00  11.15
 -58.00 -20.00  11.21
 -58.00 -19.00  11.30
 -58.00 -18.00  11.40
 -58.00 -17.00  11.49
 -58.00 -16.00  11.55
 -58.00 -15.00  11.55
 -58.00 -14.00  11.49
 -58.00 -13.00  11.37
 -58.00 -12.00  11.21
 -58.00 -11.00  11.03
 -58.00 -10.00  10.84
 -58.00  -9.00  10.69
 -58.00  -8.00  10.58
 -58.00  -7.00  10.53
 -58.00  -6.00  10.51
 -58.00  -5.00  10.53
 -58.00  -4.00  10.54
 -58.00  -3.00  10.54
 -58.00  -2.00  10.51
 -58.00  -1.00  10.45
 -58.00   0.00  10.35
 -58.00   1.00  10.25
 -58.00   2.00  10.17
 -58.00   3.00  10.14
 -58.00   4.00  10.18
 -58.00   5.00  10.31
 -58.00   6.00  10.52
 -58.00   7.00  10.81
 -58.00   8.00  11.13
 -58.00   9.00  11.47
 -58.00  10.00  11.79
 -58.00  11.00  12.09
 -58.00  12.00  12.34
 -58.00  13.00  12.57
 -58.00  14.00  12.80
 -58.00  15.00  13.06
 -58.00  16.00  13.38
 -58.00  17.00  13.78
 -58.00  18.00  14.26
 -58.00  19.00  14.82
 -58.00  20.00  15.42
 -58.00  21.00  16.00
 -58.00  22.00  16.50
 -58.00  23.00  16.87
 -58.00  24.00  17.06
 -58.00  25.00  17.04
 -58.00  26.00  16.80
 -58.00  27.00  16.38
 -57.00 -37.00  17.32
 -57.00 -36.00  16.50
 -57.00 -35.00  15.57
 -57.00 -34.00  14.61
 -57.00 -33.00  13.71
 -57.00 -32.00  12.93
 -57.00 -31.00  12.31
 -57.00 -30.00  11.85
 -57.00 -29.00  11.53
 -57.00 -28.00  11.33
 -57.00 -27.00  11.21
 -57.00 -26.00  11.13
 -57.00 -25.00  11.06
 -57.00 -24.00  11.00
 -57.00 -23.00  10.95
 -57.00 -22.00  10.90
 -57.00 -21.00  10.88
 -57.00 -20.00  10.88
 -57.00 -19.00  10.91
 -57.00 -18.00  10.96
 -57.00 -17.00  11.02
 -57.00 -16.00  11.06
 -57.00 -15.00  11.06
 -57.00 -14.00  11.02
 -57.00 -13.00  10.92
 -57.00 -12.00  10.78
 -57.00 -11.00  10.62
 -57.00 -10.00  10.45
 -57.00  -9.00  10.31
 -57.00  -8.00  10.21
 -57.00  -7.00  10.15
 -57.00  -6.00  10.14
 -57.00  -5.00  10.16
 -57.00  -4.00  10.19
 -57.00  -3.00  10.21
 -57.00  -2.00  10.20
 -57.00  -1.00  10.15
 -57.00   0.00  10.07
 -57.00   1.00   9.97
 -57.00   2.00   9.87
 -57.00   3.00   9.82
 -57.00   4.00   9.83
 -57.00   5.00   9.93
 -57.00   6.00  10.11
 -57.00   7.00  10.39
 -57.00   8.00  10.72
 -57.00   9.00  11.08
 -57.00  10.00  11.44
 -57.00  11.00  11.78
 -57.00  12.00  12.07
 -57.00  13.00  12.33
 -57.00  14.00  12.56
 -57.00  15.00  12.80
 -57.00  16.00  13.08
 -57.00  17.00  13.43
 -57.00  18.00  13.86
 -57.00  19.00  14.37
 -57.00  20.00  14.94
 -57.00  21.00  15.53
 -57.00  22.00  16.07
 -57.00  23.00  16.51
 -57.00  24.00  16.79
 -57.00  25.00  16.87
 -57.00  26.00  16.74
 -57.00  27.00  16.41
 -56.00 -37.00  17.69
 -56.00 -36.00  16.96
 -56.00 -35.00  16.07
 -56.00 -34.00  15.10
 -56.00 -33.00  14.15
 -56.00 -32.00  13.29
 -56.00 -31.00  12.57
 -56.00 -30.00  12.01
 -56.00 -29.00  11.61
 -56.00 -28.00  11.34
 -56.00 -27.00  11.17
 -56.00 -26.00  11.06
 -56.00 -25.00  10.98
 -56.00 -24.00  10.91
 -56.00 -23.00  10.83
 -56.00 -22.00  10.76
 -56.00 -21.00  10.69
 -56.00 -20.00  10.64
 -56.00 -19.00  10.62
 -56.00 -18.00  10.62
 -56.00 -17.00  10.64
 -56.00 -16.00  10.66
 -56.00 -15.00  10.65
 -56.00 -14.00  10.62
 -56.00 -13.00  10.54
 -56.00 -12.00  10.42
 -56.00 -11.00  10.28
 -56.00 -10.00  10.12
 -56.00  -9.00   9.99
 -56.00  -8.00   9.88
 -56.00  -7.00   9.82
 -56.00  -6.00   9.81
 -56.00  -5.00   9.83
 -56.00  -4.00   9.88
 -56.00  -3.00   9.91
 -56.00  -2.00   9.92
 -56.00  -1.00   9.90
 -56.00   0.00   9.83
 -56.00   1.00   9.73
 -56.00   2.00   9.62
 -56.00   3.00   9.54
 -56.00   4.00   9.52
 -56.00   5.00   9.58
 -56.00   6.00   9.73
 -56.00   7.00   9.98
 -56.00   8.00  10.30
 -56.00   9.00  10.68
 -56.00  10.00  11.07
 -56.00  11.00  11.44
 -56.00  12.00  11.78
 -56.00  13.00  12.07
 -56.00  14.00  12.32
 -56.00  15.00  12.56
 -56.00  16.00  12.81
 -56.00  17.00  13.11
 -56.00  18.00  13.49
 -56.00  19.00  13.95
 -56.00  20.00  14.48
 -56.00  21.00  15.05
 -56.00  22.00  15.61
 -56.00  23.00  16.10
 -56.00  24.00  16.47
 -56.00  25.00  16.66
 -56.00  26.00  16.64
 -56.00  27.00  16.41
 -55.00 -37.00  18.03
 -55.00 -36.00  17.42
 -55.00 -35.00  16.60
 -55.00 -34.00  15.65
 -55.00 -33.00  14.67
 -55.00 -32.00  13.74
 -55.00 -31.00  12.93
 -55.00 -30.00  12.27
 -55.00 -29.00  11.77
 -55.00 -28.00  11.43
 -55.00 -27.00  11.20
 -55.00 -26.00  11.06
 -55.00 -25.00  10.96
 -55.00 -24.00  10.88
 -55.00 -23.00  10.79
 -55.00 -22.00  10.69
 -55.00 -21.00  10.59
 -55.00 -20.00  10.51
 -55.00 -19.00  10.44
 -55.00 -18.00  10.39
 -55.00 -17.00  10.37
 -55.00 -16.00  10.35
 -55.00 -15.00  10.33
 -55.00 -14.00  10.30
 -55.00 -13.00  10.23
 -55.00 -12.00  10.13
 -55.00 -11.00  10.00
 -55.00 -10.00   9.86
 -55.00  -9.00   9.72
 -55.00  -8.00   9.62
 -55.00  -7.00   9.55
 -55.00  -6.00   9.53
 -55.00  -5.00   9.55
 -55.00  -4.00   9.60
 -55.00  -3.00   9.65
 -55.00  -2.00   9.69
 -55.00  -1.00   9.68
 -55.00   0.00   9.63
 -55.00   1.00   9.55
 -55.00   2.00   9.44
 -55.00   3.00   9.34
 -55.00   4.00   9.28
 -55.00   5.00   9.29
 -55.00   6.00   9.40
 -55.00   7.00   9.60
 -55.00   8.00   9.91
 -55.00   9.00  10.28
 -55.00  10.00  10.69
 -55.00  11.00  11.09
 -55.00  12.00  11.47
 -55.00  13.00  11.80
 -55.00  14.00  12.08
 -55.00  15.00  12.32
 -55.00  16.00  12.56
 -55.00  17.00  12.82
 -55.00  18.00  13.15
 -55.00  19.00  13.55
 -55.00  20.00  14.03
 -55.00  21.00  14.58
 -55.00  22.00  15.14
 -55.00  23.00  15.67
 -55.00  24.00  16.11
 -55.00  25.00  16.39
 -55.00  26.00  16.49
 -55.00  27.00  16.37
 -54.00 -37.00  18.34
 -54.00 -36.00  17.88
 -54.00 -35.00  17.16
 -54.00 -34.00  16.26
 -54.00 -33.00  15.28
 -54.00 -32.00  14.29
 -54.00 -31.00  13.39
 -54.00 -30.00  12.62
 -54.00 -29.00  12.01
 -54.00 -28.00  11.57
 -54.00 -27.00  11.27
 -54.00 -26.00  11.07
 -54.00 -25.00  10.94
 -54.00 -24.00  10.84
 -54.00 -23.00  10.75
 -54.00 -22.00  10.64
 -54.00 -21.00  10.52
 -54.00 -20.00  10.40
 -54.00 -19.00  10.29
 -54.00 -18.00  10.19
 -54.00 -17.00  10.12
 -54.00 -16.00  10.07
 -54.00 -15.00  10.02
 -54.00 -14.00   9.97
 -54.00 -13.00   9.91
 -54.00 -12.00   9.81
 -54.00 -11.00   9.70
 -54.00 -10.00   9.57
 -54.00  -9.00   9.44
 -54.00  -8.00   9.34
 -54.00  -7.00   9.27
 -54.00  -6.00   9.24
 -54.00  -5.00   9.27
 -54.00  -4.00   9.32
 -54.00  -3.00   9.40
 -54.00  -2.00   9.46
 -54.00  -1.00   9.49
 -54.00   0.00   9.48
 -54.00   1.00   9.41
 -54.00   2.00   9.32
 -54.00   3.00   9.21
 -54.00   4.00   9.12
 -54.00   5.00   9.10
 -54.00   6.00   9.16
 -54.00   7.00   9.33
 -54.00   8.00   9.60
 -54.00   9.00   9.96
 -54.00  10.00  10.38
 -54.00  11.00  10.82
 -54.00  12.00  11.25
 -54.00  13.00  11.63
 -54.00  14.00  11.95
 -54.00  15.00  12.21
 -54.00  16.00  12.45
 -54.00  17.00  12.68
 -54.00  18.00  12.95
 -54.00  19.00  13.29
 -54.00  20.00  13.72
 -54.00  21.00  14.21
 -54.00  22.00  14.76
 -54.00  23.00  15.31
 -54.00  24.00  15.80
 -54.00  25.00  16.18
 -54.00  26.00  16.38
 -54.00  27.00  16.38
 -53.00 -37.00  18.60
 -53.00 -36.00  18.32
 -53.00 -35.00  17.73
 -53.00 -34.00  16.92
 -53.00 -33.00  15.96
 -53.00 -32.00  14.95
 -53.00 -31.00  13.98
 -53.00 -30.00  13.11
 -53.00 -29.00  12.40
 -53.00 -28.00  11.85
 -53.00 -27.00  11.46
 -53.00 -26.00  11.20
 -53.00 -25.00  11.03
 -53.00 -24.00  10.91
 -53.00 -23.00  10.81
 -53.00 -22.00  10.70
 -53.00 -21.00  10.58
 -53.00 -20.00  10.44
 -53.00 -19.00  10.29
 -53.00 -18.00  10.16
 -53.00 -17.00  10.04
 -53.00 -16.00   9.95
 -53.00 -15.00   9.88
 -53.00 -14.00   9.81
 -53.00 -13.00   9.74
 -53.00 -12.00   9.65
 -53.00 -11.00   9.55
 -53.00 -10.00   9.42
 -53.00  -9.00   9.30
 -53.00  -8.00   9.19
 -53.00  -7.00   9.11
 -53.00  -6.00   9.07
 -53.00  -5.00   9.08
 -53.00  -4.00   9.13
 -53.00  -3.00   9.21
 -53.00  -2.00   9.29
 -53.00  -1.00   9.36
 -53.00   0.00   9.38
 -53.00   1.00   9.35
 -53.00   2.00   9.28
 -53.00   3.00   9.17
 -53.00   4.00   9.07
 -53.00   5.00   9.01
 -53.00   6.00   9.03
 -53.00   7.00   9.15
 -53.00   8.00   9.37
 -53.00   9.00   9.71
 -53.00  10.00  10.12
 -53.00  11.00  10.58
 -53.00  12.00  11.04
 -53.00  13.00  11.47
 -53.00  14.00  11.83
 -53.00  15.00  12.13
 -53.00  16.00  12.38
 -53.00  17.00  12.60
 -53.00  18.00  12.83
 -53.00  19.00  13.11
 -53.00  20.00  13.47
 -53.00  21.00  13.91
 -53.00  22.00  14.42
 -53.00  23.00  14.96
 -53.00  24.00  15.49
 -53.00  25.00  15.93
 -53.00  26.00  16.24
 -53.00  27.00  16.35
 -52.00 -37.00  18.79
 -52.00 -36.00  18.69
 -52.00 -35.00  18.28
 -52.00 -34.00  17.59
 -52.00 -33.00  16.70
 -52.00 -32.00  15.70
 -52.00 -31.00  14.69
 -52.00 -30.00  13.75
 -52.00 -29.00  12.93
 -52.00 -28.00  12.27
 -52.00 -27.00  11.78
 -52.00 -26.00  11.45
 -52.00 -25.00  11.23
 -52.00 -24.00  11.09
 -52.00 -23.00  10.98
 -52.00 -22.00  10.87
 -52.00 -21.00  10.75
 -52.00 -20.00  10.61
 -52.00 -19.00  10.45
 -52.00 -18.00  10.29
 -52.00 -17.00  10.14
 -52.00 -16.00  10.01
 -52.00 -15.00   9.90
 -52.00 -14.00   9.81
 -52.00 -13.00   9.73
 -52.00 -12.00   9.64
 -52.00 -11.00   9.55
 -52.00 -10.00   9.43
 -52.00  -9.00   9.31
 -52.00  -8.00   9.19
 -52.00  -7.00   9.10
 -52.00  -6.00   9.03
 -52.00  -5.00   9.02
 -52.00  -4.00   9.05
 -52.00  -3.00   9.12
 -52.00  -2.00   9.21
 -52.00  -1.00   9.29
 -52.00   0.00   9.35
 -52.00   1.00   9.35
 -52.00   2.00   9.31
 -52.00   3.00   9.22
 -52.00   4.00   9.12
 -52.00   5.00   9.03
 -52.00   6.00   9.00
 -52.00   7.00   9.06
 -52.00   8.00   9.23
 -52.00   9.00   9.51
 -52.00  10.00   9.90
 -52.00  11.00  10.35
 -52.00  12.00  10.83
 -52.00  13.00  11.30
 -52.00  14.00  11.71
 -52.00  15.00  12.06
 -52.00  16.00  12.33
 -52.00  17.00  12.55
 -52.00  18.00  12.76
 -52.00  19.00  12.99
 -52.00  20.00  13.27
 -52.00  21.00  13.65
 -52.00  22.00  14.10
 -52.00  23.00  14.62
 -52.00  24.00  15.16
 -52.00  25.00  15.65
 -52.00  26.00  16.04
 -52.00  27.00  16.27
 -51.00 -37.00  18.89
 -51.00 -36.00  18.99
 -51.00 -35.00  18.76
 -51.00 -34.00  18.22
 -51.00 -33.00  17.45
 -51.00 -32.00  16.50
 -51.00 -31.00  15.49
 -51.00 -30.00  14.49
 -51.00 -29.00  13.59
 -51.00 -28.00  12.83
 -51.00 -27.00  12.24
 -51.00 -26.00  11.82
 -51.00 -25.00  11.54
 -51.00 -24.00  11.36
 -51.00 -23.00  11.24
 -51.00 -22.00  11.13
 -51.00 -21.00  11.02
 -51.00 -20.00  10.88
 -51.00 -19.00  10.72
 -51.00 -18.00  10.55
 -51.00 -17.00  10.37
 -51.00 -16.00  10.21
 -51.00 -15.00  10.07
 -51.00 -14.00   9.96
 -51.00 -13.00   9.86
 -51.00 -12.00   9.77
 -51.00 -11.00   9.68
 -51.00 -10.00   9.58
 -51.00  -9.00   9.46
 -51.00  -8.00   9.34
 -51.00  -7.00   9.23
 -51.00  -6.00   9.14
 -51.00  -5.00   9.09
 -51.00  -4.00   9.09
 -51.00  -3.00   9.13
 -51.00  -2.00   9.21
 -51.00  -1.00   9.30
 -51.00   0.00   9.37
 -51.00   1.00   9.41
 -51.00   2.00   9.40
 -51.00   3.00   9.34
 -51.00   4.00   9.25
 -51.00   5.00   9.14
 -51.00   6.00   9.08
 -51.00   7.00   9.08
 -51.00   8.00   9.18
 -51.00   9.00   9.40
 -51.00  10.00   9.73
 -51.00  11.00  10.15
 -51.00  12.00  10.63
 -51.00  13.00  11.12
 -51.00  14.00  11.58
 -51.00  15.00  11.97
 -51.00  16.00  12.28
 -51.00  17.00  12.52
 -51.00  18.00  12.72
 -51.00  19.00  12.91
 -51.00  20.00  13.14
 -51.00  21.00  13.44
 -51.00  22.00  13.83
 -51.00  23.00  14.30
 -51.00  24.00  14.82
 -51.00  25.00  15.34
 -51.00  26.00  15.80
 -51.00  27.00  16.13
 -50.00 -37.00  18.88
 -50.00 -36.00  19.18
 -50.00 -35.00  19.15
 -50.00 -34.00  18.80
 -50.00 -33.00  18.17
 -50.00 -32.00  17.32
 -50.00 -31.00  16.35
 -50.00 -30.00  15.34
 -50.00 -29.00  14.37
 -50.00 -28.00  13.52
 -50.00 -27.00  12.83
 -50.00 -26.00  12.31
 -50.00 -25.00  11.95
 -50.00 -24.00  11.72
 -50.00 -23.00  11.57
 -50.00 -22.00  11.47
 -50.00 -21.00  11.37
 -50.00 -20.00  11.24
 -50.00 -19.00  11.09
 -50.00 -18.00  10.91
 -50.00 -17.00  10.72
 -50.00 -16.00  10.54
 -50.00 -15.00  10.37
 -50.00 -14.00  10.23
 -50.00 -13.00  10.12
 -50.00 -12.00  10.02
 -50.00 -11.00   9.93
 -50.00 -10.00   9.84
 -50.00  -9.00   9.73
 -50.00  -8.00   9.61
 -50.00  -7.00   9.49
 -50.00  -6.00   9.38
 -50.00  -5.00   9.29
 -50.00  -4.00   9.25
 -50.00  -3.00   9.25
 -50.00  -2.00   9.30
 -50.00  -1.00   9.38
 -50.00   0.00   9.46
 -50.00   1.00   9.52
 -50.00   2.00   9.54
 -50.00   3.00   9.51
 -50.00   4.00   9.44
 -50.00   5.00   9.34
 -50.00   6.00   9.25
 -50.00   7.00   9.20
 -50.00   8.00   9.23
 -50.00   9.00   9.37
 -50.00  10.00   9.64
 -50.00  11.00  10.01
 -50.00  12.00  10.46
 -50.00  13.00  10.96
 -50.00  14.00  11.44
 -50.00  15.00  11.87
 -50.00  16.00  12.23
 -50.00  17.00  12.50
 -50.00  18.00  12.71
 -50.00  19.00  12.88
 -50.00  20.00  13.05
 -50.00  21.00  13.29
 -50.00  22.00  13.60
 -50.00  23.00  14.01
 -50.00  24.00  14.49
 -50.00  25.00  15.01
 -50.00  26.00  15.52
 -50.00  27.00  15.93
 -49.00 -37.00  18.76
 -49.00 -36.00  19.26
 -49.00 -35.00  19.44
 -49.00 -34.00  19.29
 -49.00 -33.00  18.83
 -49.00 -32.00  18.12
 -49.00 -31.00  17.22
 -49.00 -30.00  16.23
 -49.00 -29.00  15.24
 -49.00 -28.00  14.33
 -49.00 -27.00  13.54
 -49.00 -26.00  12.92
 -49.00 -25.00  12.48
 -49.00 -24.00  12.17
 -49.00 -23.00  11.99
 -49.00 -22.00  11.87
 -49.00 -21.00  11.77
 -49.00 -20.00  11.66
 -49.00 -19.00  11.53
 -49.00 -18.00  11.36
 -49.00 -17.00  11.17
 -49.00 -16.00  10.97
 -49.00 -15.00  10.78
 -49.00 -14.00  10.61
 -49.00 -13.00  10.47
 -49.00 -12.00  10.36
 -49.00 -11.00  10.27
 -49.00 -10.00  10.18
 -49.00  -9.00  10.09
 -49.00  -8.00   9.98
 -49.00  -7.00   9.85
 -49.00  -6.00   9.73
 -49.00  -5.00   9.61
 -49.00  -4.00   9.53
 -49.00  -3.00   9.49
 -49.00  -2.00   9.49
 -49.00  -1.00   9.54
 -49.00   0.00   9.61
 -49.00   1.00   9.68
 -49.00   2.00   9.73
 -49.00   3.00   9.73
 -49.00   4.00   9.69
 -49.00   5.00   9.60
 -49.00   6.00   9.50
 -49.00   7.00   9.41
 -49.00   8.00   9.39
 -49.00   9.00   9.45
 -49.00  10.00   9.63
 -49.00  11.00   9.94
 -49.00  12.00  10.34
 -49.00  13.00  10.81
 -49.00  14.00  11.30
 -49.00  15.00  11.76
 -49.00  16.00  12.16
 -49.00  17.00  12.48
 -49.00  18.00  12.71
 -49.00  19.00  12.87
 -49.00  20.00  13.02
 -49.00  21.00  13.19
 -49.00  22.00  13.43
 -49.00  23.00  13.76
 -49.00  24.00  14.19
 -49.00  25.00  14.68
 -49.00  26.00  15.20
 -49.00  27.00  15.68
 -48.00 -37.00  18.55
 -48.00 -36.00  19.22
 -48.00 -35.00  19.60
 -48.00 -34.00  19.66
 -48.00 -33.00  19.40
 -48.00 -32.00  18.85
 -48.00 -31.00  18.08
 -48.00 -30.00  17.16
 -48.00 -29.00  16.17
 -48.00 -28.00  15.22
 -48.00 -27.00  14.36
 -48.00 -26.00  13.65
 -48.00 -25.00  13.10
 -48.00 -24.00  12.72
 -48.00 -23.00  12.47
 -48.00 -22.00  12.32
 -48.00 -21.00  12.22
 -48.00 -20.00  12.12
 -48.00 -19.00  12.01
 -48.00 -18.00  11.86
 -48.00 -17.00  11.67
 -48.00 -16.00  11.47
 -48.00 -15.00  11.26
 -48.00 -14.00  11.07
 -48.00 -13.00  10.91
 -48.00 -12.00  10.78
 -48.00 -11.00  10.68
 -48.00 -10.00  10.60
 -48.00  -9.00  10.51
 -48.00  -8.00  10.42
 -48.00  -7.00  10.30
 -48.00  -6.00  10.17
 -48.00  -5.00  10.03
 -48.00  -4.00   9.91
 -48.00  -3.00   9.83
 -48.00  -2.00   9.78
 -48.00  -1.00   9.79
 -48.00   0.00   9.84
 -48.00   1.00   9.90
 -48.00   2.00   9.96
 -48.00   3.00   9.99
 -48.00   4.00   9.98
 -48.00   5.00   9.91
 -48.00   6.00   9.82
 -48.00   7.00   9.71
 -48.00   8.00   9.64
 -48.00   9.00   9.63
 -48.00  10.00   9.73
 -48.00  11.00   9.94
 -48.00  12.00  10.28
 -48.00  13.00  10.70
 -48.00  14.00  11.17
 -48.00  15.00  11.65
 -48.00  16.00  12.09
 -48.00  17.00  12.44
 -48.00  18.00  12.71
 -48.00  19.00  12.89
 -48.00  20.00  13.02
 -48.00  21.00  13.15
 -48.00  22.00  13.31
 -48.00  23.00  13.56
 -48.00  24.00  13.92
 -48.00  25.00  14.36
 -48.00  26.00  14.87
 -48.00  27.00  15.38
 -47.00 -37.00  18.24
 -47.00 -36.00  19.06
 -47.00 -35.00  19.63
 -47.00 -34.00  19.90
 -47.00 -33.00  19.86
 -47.00 -32.00  19.50
 -47.00 -31.00  18.88
 -47.00 -30.00  18.06
 -47.00 -29.00  17.12
 -47.00 -28.00  16.16
 -47.00 -27.00  15.25
 -47.00 -26.00  14.46
 -47.00 -25.00  13.83
 -47.00 -24.00  13.36
 -47.00 -23.00  13.04
 -47.00 -22.00  12.84
 -47.00 -21.00  12.72
 -47.00 -20.00  12.62
 -47.00 -19.00  12.52
 -47.00 -18.00  12.39
 -47.00 -17.00  12.22
 -47.00 -16.00  12.02
 -47.00 -15.00  11.80
 -47.00 -14.00  11.60
 -47.00 -13.00  11.41
 -47.00 -12.00  11.27
 -47.00 -11.00  11.15
 -47.00 -10.00  11.07
 -47.00  -9.00  10.99
 -47.00  -8.00  10.90
 -47.00  -7.00  10.80
 -47.00  -6.00  10.67
 -47.00  -5.00  10.53
 -47.00  -4.00  10.39
 -47.00  -3.00  10.26
 -47.00  -2.00  10.17
 -47.00  -1.00  10.13
 -47.00   0.00  10.13
 -47.00   1.00  10.18
 -47.00   2.00  10.23
 -47.00   3.00  10.28
 -47.00   4.00  10.29
 -47.00   5.00  10.26
 -47.00   6.00  10.18
 -47.00   7.00  10.07
 -47.00   8.00   9.97
 -47.00   9.00   9.90
 -47.00  10.00   9.92
 -47.00  11.00  10.05
 -47.00  12.00  10.29
 -47.00  13.00  10.65
 -47.00  14.00  11.08
 -47.00  15.00  11.55
 -47.00  16.00  12.00
 -47.00  17.00  12.39
 -47.00  18.00  12.70
 -47.00  19.00  12.91
 -47.00  20.00  13.04
 -47.00  21.00  13.14
 -47.00  22.00  13.26
 -47.00  23.00  13.43
 -47.00  24.00  13.70
 -47.00  25.00  14.07
 -47.00  26.00  14.54
 -47.00  27.00  15.06
 -46.00 -37.00  17.87
 -46.00 -36.00  18.81
 -46.00 -35.00  19.55
 -46.00 -34.00  20.02
 -46.00 -33.00  20.18
 -46.00 -32.00  20.03
 -46.00 -31.00  19.59
 -46.00 -30.00  18.90
 -46.00 -29.00  18.06
 -46.00 -28.00  17.13
 -46.00 -27.00  16.20
 -46.00 -26.00  15.35
 -46.00 -25.00  14.64
 -46.00 -24.00  14.08
 -46.00 -23.00  13.68
 -46.00 -22.00  13.42
 -46.00 -21.00  13.25
 -46.00 -20.00  13.15
 -46.00 -19.00  13.05
 -46.00 -18.00  12.94
 -46.00 -17.00  12.79
 -46.00 -16.00  12.60
 -46.00 -15.00  12.39
 -46.00 -14.00  12.17
 -46.00 -13.00  11.97
 -46.00 -12.00  11.79
 -46.00 -11.00  11.66
 -46.00 -10.00  11.57
 -46.00  -9.00  11.49
 -46.00  -8.00  11.42
 -46.00  -7.00  11.33
 -46.00  -6.00  11.22
 -46.00  -5.00  11.08
 -46.00  -4.00  10.93
 -46.00  -3.00  10.77
 -46.00  -2.00  10.64
 -46.00  -1.00  10.55
 -46.00   0.00  10.51
 -46.00   1.00  10.52
 -46.00   2.00  10.55
 -46.00   3.00  10.60
 -46.00   4.00  10.64
 -46.00   5.00  10.63
 -46.00   6.00  10.58
 -46.00   7.00  10.48
 -46.00   8.00  10.36
 -46.00   9.00  10.26
 -46.00  10.00  10.21
 -46.00  11.00  10.24
 -46.00  12.00  10.40
 -46.00  13.00  10.66
 -46.00  14.00  11.03
 -46.00  15.00  11.47
 -46.00  16.00  11.92
 -46.00  17.00  12.34
 -46.00  18.00  12.68
 -46.00  19.00  12.93
 -46.00  20.00  13.08
 -46.00  21.00  13.17
 -46.00  22.00  13.25
 -46.00  23.00  13.35
 -46.00  24.00  13.53
 -46.00  25.00  13.83
 -46.00  26.00  14.23
 -46.00  27.00  14.72
 -45.00 -37.00  17.47
 -45.00 -36.00  18.50
 -45.00 -35.00  19.37
 -45.00 -34.00  20.01
 -45.00 -33.00  20.37
 -45.00 -32.00  20.43
 -45.00 -31.00  20.18
 -45.00 -30.00  19.66
 -45.00 -29.00  18.93
 -45.00 -28.00  18.07
 -45.00 -27.00  17.16
 -45.00 -26.00  16.29
 -45.00 -25.00  15.51
 -45.00 -24.00  14.87
 -45.00 -23.00  14.38
 -45.00 -22.00  14.05
 -45.00 -21.00  13.84
 -45.00 -20.00  13.70
 -45.00 -19.00  13.60
 -45.00 -18.00  13.50
 -45.00 -17.00  13.37
 -45.00 -16.00  13.20
 -45.00 -15.00  12.99
 -45.00 -14.00  12.76
 -45.00 -13.00  12.55
 -45.00 -12.00  12.36
 -45.00 -11.00  12.20
 -45.00 -10.00  12.09
 -45.00  -9.00  12.01
 -45.00  -8.00  11.95
 -45.00  -7.00  11.88
 -45.00  -6.00  11.79
 -45.00  -5.00  11.66
 -45.00  -4.00  11.51
 -45.00  -3.00  11.34
 -45.00  -2.00  11.18
 -45.00  -1.00  11.04
 -45.00   0.00  10.96
 -45.00   1.00  10.92
 -45.00   2.00  10.93
 -45.00   3.00  10.96
 -45.00   4.00  11.00
 -45.00   5.00  11.02
 -45.00   6.00  10.99
 -45.00   7.00  10.92
 -45.00   8.00  10.80
 -45.00   9.00  10.67
 -45.00  10.00  10.57
 -45.00  11.00  10.53
 -45.00  12.00  10.59
 -45.00  13.00  10.77
 -45.00  14.00  11.06
 -45.00  15.00  11.44
 -45.00  16.00  11.86
 -45.00  17.00  12.28
 -45.00  18.00  12.65
 -45.00  19.00  12.94
 -45.00  20.00  13.12
 -45.00  21.00  13.22
 -45.00  22.00  13.27
 -45.00  23.00  13.33
 -45.00  24.00  13.43
 -45.00  25.00  13.63
 -45.00  26.00  13.95
 -45.00  27.00  14.39
 -44.00 -37.00  17.08
 -44.00 -36.00  18.15
 -44.00 -35.00  19.12
 -44.00 -34.00  19.91
 -44.00 -33.00  20.44
 -44.00 -32.00  20.70
 -44.00 -31.00  20.64
 -44.00 -30.00  20.30
 -44.00 -29.00  19.72
 -44.00 -28.00  18.96
 -44.00 -27.00  18.10
 -44.00 -26.00  17.23
 -44.00 -25.00  16.41
 -44.00 -24.00  15.71
 -44.00 -23.00  15.15
 -44.00 -22.00  14.74
 -44.00 -21.00  14.47
 -44.00 -20.00  14.29
 -44.00 -19.00  14.17
 -44.00 -18.00  14.07
 -44.00 -17.00  13.95
 -44.00 -16.00  13.79
 -44.00 -15.00  13.59
 -44.00 -14.00  13.37
 -44.00 -13.00  13.15
 -44.00 -12.00  12.94
 -44.00 -11.00  12.76
 -44.00 -10.00  12.64
 -44.00  -9.00  12.55
 -44.00  -8.00  12.49
 -44.00  -7.00  12.43
 -44.00  -6.00  12.35
 -44.00  -5.00  12.25
 -44.00  -4.00  12.11
 -44.00  -3.00  11.94
 -44.00  -2.00  11.76
 -44.00  -1.00  11.59
 -44.00   0.00  11.46
 -44.00   1.00  11.38
 -44.00   2.00  11.35
 -44.00   3.00  11.36
 -44.00   4.00  11.40
 -44.00   5.00  11.42
 -44.00   6.00  11.42
 -44.00   7.00  11.37
 -44.00   8.00  11.27
 -44.00   9.00  11.14
 -44.00  10.00  11.00
 -44.00  11.00  10.90
 -44.00  12.00  10.88
 -44.00  13.00  10.96
 -44.00  14.00  11.16
 -44.00  15.00  11.46
 -44.00  16.00  11.84
 -44.00  17.00  12.25
 -44.00  18.00  12.63
 -44.00  19.00  12.95
 -44.00  20.00  13.16
 -44.00  21.00  13.29
 -44.00  22.00  13.33
 -44.00  23.00  13.35
 -44.00  24.00  13.38
 -44.00  25.00  13.50
 -44.00  26.00  13.73
 -44.00  27.00  14.09
 -43.00 -37.00  16.74
 -43.00 -36.00  17.83
 -43.00 -35.00  18.87
 -43.00 -34.00  19.77
 -43.00 -33.00  20.46
 -43.00 -32.00  20.89
 -43.00 -31.00  21.03
 -43.00 -30.00  20.87
 -43.00 -29.00  20.45
 -43.00 -28.00  19.80
 -43.00 -27.00  19.02
 -43.00 -26.00  18.17
 -43.00 -25.00  17.34
 -43.00 -24.00  16.59
 -43.00 -23.00  15.96
 -43.00 -22.00  15.48
 -43.00 -21.00  15.14
 -43.00 -20.00  14.91
 -43.00 -19.00  14.76
 -43.00 -18.00  14.64
 -43.00 -17.00  14.52
 -43.00 -16.00  14.37
 -43.00 -15.00  14.19
 -43.00 -14.00  13.97
 -43.00 -13.00  13.73
 -43.00 -12.00  13.51
 -43.00 -11.00  13.31
 -43.00 -10.00  13.17
 -43.00  -9.00  13.06
 -43.00  -8.00  13.00
 -43.00  -7.00  12.95
 -43.00  -6.00  12.89
 -43.00  -5.00  12.81
 -43.00  -4.00  12.69
 -43.00  -3.00  12.53
 -43.00  -2.00  12.35
 -43.00  -1.00  12.16
 -43.00   0.00  12.00
 -43.00   1.00  11.87
 -43.00   2.00  11.80
 -43.00   3.00  11.79
 -43.00   4.00  11.81
 -43.00   5.00  11.84
 -43.00   6.00  11.85
 -43.00   7.00  11.83
 -43.00   8.00  11.75
 -43.00   9.00  11.62
 -43.00  10.00  11.47
 -43.00  11.00  11.33
 -43.00  12.00  11.23
 -43.00  13.00  11.23
 -43.00  14.00  11.34
 -43.00  15.00  11.56
 -43.00  16.00  11.87
 -43.00  17.00  12.24
 -43.00  18.00  12.62
 -43.00  19.00  12.95
 -43.00  20.00  13.20
 -43.00  21.00  13.35
 -43.00  22.00  13.41
 -43.00  23.00  13.40
 -43.00  24.00  13.39
 -43.00  25.00  13.43
 -43.00  26.00  13.58
 -43.00  27.00  13.85
 -42.00 -37.00  16.46
 -42.00 -36.00  17.55
 -42.00 -35.00  18.63
 -42.00 -34.00  19.61
 -42.00 -33.00  20.43
 -42.00 -32.00  21.02
 -42.00 -31.00  21.33
 -42.00 -30.00  21.35
 -42.00 -29.00  21.08
 -42.00 -28.00  20.58
 -42.00 -27.00  19.89
 -42.00 -26.00  19.09
 -42.00 -25.00  18.27
 -42.00 -24.00  17.49
 -42.00 -23.00  16.81
 -42.00 -22.00  16.27
 -42.00 -21.00  15.86
 -42.00 -20.00  15.58
 -42.00 -19.00  15.39
 -42.00 -18.00  15.25
 -42.00 -17.00  15.12
 -42.00 -16.00  14.97
 -42.00 -15.00  14.79
 -42.00 -14.00  14.57
 -42.00 -13.00  14.34
 -42.00 -12.00  14.10
 -42.00 -11.00  13.89
 -42.00 -10.00  13.72
 -42.00  -9.00  13.60
 -42.00  -8.00  13.52
 -42.00  -7.00  13.48
 -42.00  -6.00  13.44
 -42.00  -5.00  13.38
 -42.00  -4.00  13.28
 -42.00  -3.00  13.14
 -42.00  -2.00  12.97
 -42.00  -1.00  12.77
 -42.00   0.00  12.58
 -42.00   1.00  12.42
 -42.00   2.00  12.31
 -42.00   3.00  12.26
 -42.00   4.00  12.26
 -42.00   5.00  12.28
 -42.00   6.00  12.31
 -42.00   7.00  12.30
 -42.00   8.00  12.25
 -42.00   9.00  12.14
 -42.00  10.00  11.98
 -42.00  11.00  11.81
 -42.00  12.00  11.67
 -42.00  13.00  11.59
 -42.00  14.00  11.61
 -42.00  15.00  11.74
 -42.00  16.00  11.98
 -42.00  17.00  12.30
 -42.00  18.00  12.65
 -42.00  19.00  12.99
 -42.00  20.00  13.26
 -42.00  21.00  13.43
 -42.00  22.00  13.51
 -42.00  23.00  13.50
 -42.00  24.00  13.46
 -42.00  25.00  13.44
 -42.00  26.00  13.50
 -42.00  27.00  13.68
 -41.00 -37.00  16.25
 -41.00 -36.00  17.32
 -41.00 -35.00  18.41
 -41.00 -34.00  19.45
 -41.00 -33.00  20.37
 -41.00 -32.00  21.09
 -41.00 -31.00  21.56
 -41.00 -30.00  21.74
 -41.00 -29.00  21.64
 -41.00 -28.00  21.28
 -41.00 -27.00  20.70
 -41.00 -26.00  19.98
 -41.00 -25.00  19.19
 -41.00 -24.00  18.41
 -41.00 -23.00  17.69
 -41.00 -22.00  17.09
 -41.00 -21.00  16.62
 -41.00 -20.00  16.28
 -41.00 -19.00  16.05
 -41.00 -18.00  15.88
 -41.00 -17.00  15.74
 -41.00 -16.00  15.59
 -41.00 -15.00  15.41
 -41.00 -14.00  15.20
 -41.00 -13.00  14.96
 -41.00 -12.00  14.71
 -41.00 -11.00  14.48
 -41.00 -10.00  14.29
 -41.00  -9.00  14.15
 -41.00  -8.00  14.07
 -41.00  -7.00  14.02
 -41.00  -6.00  13.99
 -41.00  -5.00  13.96
 -41.00  -4.00  13.88
 -41.00  -3.00  13.77
 -41.00  -2.00  13.60
 -41.00  -1.00  13.41
 -41.00   0.00  13.20
 -41.00   1.00  13.01
 -41.00   2.00  12.87
 -41.00   3.00  12.78
 -41.00   4.00  12.75
 -41.00   5.00  12.76
 -41.00   6.00  12.78
 -41.00   7.00  12.79
 -41.00   8.00  12.76
 -41.00   9.00  12.67
 -41.00  10.00  12.53
 -41.00  11.00  12.35
 -41.00  12.00  12.16
 -41.00  13.00  12.02
 -41.00  14.00  11.96
 -41.00  15.00  12.01
 -41.00  16.00  12.16
 -41.00  17.00  12.42
 -41.00  18.00  12.73
 -41.00  19.00  13.06
 -41.00  20.00  13.34
 -41.00  21.00  13.54
 -41.00  22.00  13.63
 -41.00  23.00  13.63
 -41.00  24.00  13.57
 -41.00  25.00  13.50
 -41.00  26.00  13.48
 -41.00  27.00  13.58
 -40.00 -37.00  16.13
 -40.00 -36.00  17.15
 -40.00 -35.00  18.24
 -40.00 -34.00  19.31
 -40.00 -33.00  20.29
 -40.00 -32.00  21.12
 -40.00 -31.00  21.73
 -40.00 -30.00  22.08
 -40.00 -29.00  22.14
 -40.00 -28.00  21.92
 -40.00 -27.00  21.47
 -40.00 -26.00  20.84
 -40.00 -25.00  20.10
 -40.00 -24.00  19.33
 -40.00 -23.00  18.59
 -40.00 -22.00  17.95
 -40.00 -21.00  17.43
 -40.00 -20.00  17.04
 -40.00 -19.00  16.75
 -40.00 -18.00  16.55
 -40.00 -17.00  16.39
 -40.00 -16.00  16.23
 -40.00 -15.00  16.05
 -40.00 -14.00  15.84
 -40.00 -13.00  15.59
 -40.00 -12.00  15.34
 -40.00 -11.00  15.09
 -40.00 -10.00  14.88
 -40.00  -9.00  14.73
 -40.00  -8.00  14.63
 -40.00  -7.00  14.58
 -40.00  -6.00  14.56
 -40.00  -5.00  14.54
 -40.00  -4.00  14.49
 -40.00  -3.00  14.40
 -40.00  -2.00  14.26
 -40.00  -1.00  14.07
 -40.00   0.00  13.86
 -40.00   1.00  13.65
 -40.00   2.00  13.47
 -40.00   3.00  13.35
 -40.00   4.00  13.28
 -40.00   5.00  13.27
 -40.00   6.00  13.29
 -40.00   7.00  13.31
 -40.00   8.00  13.29
 -40.00   9.00  13.23
 -40.00  10.00  13.10
 -40.00  11.00  12.92
 -40.00  12.00  12.71
 -40.00  13.00  12.52
 -40.00  14.00  12.39
 -40.00  15.00  12.35
 -40.00  16.00  12.43
 -40.00  17.00  12.61
 -40.00  18.00  12.87
 -40.00  19.00  13.17
 -40.00  20.00  13.45
 -40.00  21.00  13.66
 -40.00  22.00  13.78
 -40.00  23.00  13.79
 -40.00  24.00  13.72
 -40.00  25.00  13.62
 -40.00  26.00  13.54
 -40.00  27.00  13.54
 -39.00 -37.00  16.08
 -39.00 -36.00  17.06
 -39.00 -35.00  18.12
 -39.00 -34.00  19.20
 -39.00 -33.00  20.23
 -39.00 -32.00  21.15
 -39.00 -31.00  21.88
 -39.00 -30.00  22.37
 -39.00 -29.00  22.58
 -39.00 -28.00  22.52
 -39.00 -27.00  22.20
 -39.00 -26.00  21.67
 -39.00 -25.00  21.00
 -39.00 -24.00  20.26
 -39.00 -23.00  19.52
 -39.00 -22.00  18.85
 -39.00 -21.00  18.28
 -39.00 -20.00  17.84
 -39.00 -19.00  17.50
 -39.00 -18.00  17.26
 -39.00 -17.00  17.07
 -39.00 -16.00  16.90
 -39.00 -15.00  16.71
 -39.00 -14.00  16.50
 -39.00 -13.00  16.25
 -39.00 -12.00  15.99
 -39.00 -11.00  15.73
 -39.00 -10.00  15.51
 -39.00  -9.00  15.33
 -39.00  -8.00  15.21
 -39.00  -7.00  15.15
 -39.00  -6.00  15.13
 -39.00  -5.00  15.13
 -39.00  -4.00  15.11
 -39.00  -3.00  15.04
 -39.00  -2.00  14.92
 -39.00  -1.00  14.75
 -39.00   0.00  14.54
 -39.00   1.00  14.32
 -39.00   2.00  14.11
 -39.00   3.00  13.95
 -39.00   4.00  13.85
 -39.00   5.00  13.81
 -39.00   6.00  13.82
 -39.00   7.00  13.84
 -39.00   8.00  13.84
 -39.00   9.00  13.80
 -39.00  10.00  13.69
 -39.00  11.00  13.52
 -39.00  12.00  13.31
 -39.00  13.00  13.08
 -39.00  14.00  12.89
 -39.00  15.00  12.77
 -39.00  16.00  12.76
 -39.00  17.00  12.86
 -39.00  18.00  13.06
 -39.00  19.00  13.32
 -39.00  20.00  13.59
 -39.00  21.00  13.81
 -39.00  22.00  13.95
 -39.00  23.00  13.98
 -39.00  24.00  13.92
 -39.00  25.00  13.79
 -39.00  26.00  13.65
 -39.00  27.00  13.58
 -38.00 -37.00  16.12
 -38.00 -36.00  17.04
 -38.00 -35.00  18.06
 -38.00 -34.00  19.13
 -38.00 -33.00  20.19
 -38.00 -32.00  21.18
 -38.00 -31.00  22.01
 -38.00 -30.00  22.63
 -38.00 -29.00  22.99
 -38.00 -28.00  23.07
 -38.00 -27.00  22.89
 -38.00 -26.00  22.48
 -38.00 -25.00  21.89
 -38.00 -24.00  21.20
 -38.00 -23.00  20.48
 -38.00 -22.00  19.79
 -38.00 -21.00  19.19
 -38.00 -20.00  18.69
 -38.00 -19.00  18.31
 -38.00 -18.00  18.02
 -38.00 -17.00  17.80
 -38.00 -16.00  17.61
 -38.00 -15.00  17.41
 -38.00 -14.00  17.20
 -38.00 -13.00  16.95
 -38.00 -12.00  16.68
 -38.00 -11.00  16.41
 -38.00 -10.00  16.16
 -38.00  -9.00  15.96
 -38.00  -8.00  15.83
 -38.00  -7.00  15.75
 -38.00  -6.00  15.73
 -38.00  -5.00  15.74
 -38.00  -4.00  15.73
 -38.00  -3.00  15.70
 -38.00  -2.00  15.61
 -38.00  -1.00  15.46
 -38.00   0.00  15.26
 -38.00   1.00  15.03
 -38.00   2.00  14.80
 -38.00   3.00  14.61
 -38.00   4.00  14.47
 -38.00   5.00  14.40
 -38.00   6.00  14.38
 -38.00   7.00  14.40
 -38.00   8.00  14.41
 -38.00   9.00  14.39
 -38.00  10.00  14.31
 -38.00  11.00  14.15
 -38.00  12.00  13.94
 -38.00  13.00  13.69
 -38.00  14.00  13.45
 -38.00  15.00  13.27
 -38.00  16.00  13.17
 -38.00  17.00  13.19
 -38.00  18.00  13.32
 -38.00  19.00  13.52
 -38.00  20.00  13.77
 -38.00  21.00  13.99
 -38.00  22.00  14.14
 -38.00  23.00  14.20
 -38.00  24.00  14.14
 -38.00  25.00  14.00
 -38.00  26.00  13.82
 -38.00  27.00  13.68
 -37.00 -37.00  16.24
 -37.00 -36.00  17.10
 -37.00 -35.00  18.07
 -37.00 -34.00  19.12
 -37.00 -33.00  20.19
 -37.00 -32.00  21.22
 -37.00 -31.00  22.13
 -37.00 -30.00  22.87
 -37.00 -29.00  23.37
 -37.00 -28.00  23.60
 -37.00 -27.00  23.56
 -37.00 -26.00  23.28
 -37.00 -25.00  22.79
 -37.00 -24.00  22.16
 -37.00 -23.00  21.47
 -37.00 -22.00  20.78
 -37.00 -21.00  20.14
 -37.00 -20.00  19.60
 -37.00 -19.00  19.17
 -37.00 -18.00  18.83
 -37.00 -17.00  18.58
 -37.00 -16.00  18.36
 -37.00 -15.00  18.15
 -37.00 -14.00  17.93
 -37.00 -13.00  17.68
 -37.00 -12.00  17.40
 -37.00 -11.00  17.12
 -37.00 -10.00  16.85
 -37.00  -9.00  16.63
 -37.00  -8.00  16.47
 -37.00  -7.00  16.38
 -37.00  -6.00  16.35
 -37.00  -5.00  16.36
 -37.00  -4.00  16.38
 -37.00  -3.00  16.37
 -37.00  -2.00  16.31
 -37.00  -1.00  16.19
 -37.00   0.00  16.00
 -37.00   1.00  15.78
 -37.00   2.00  15.54
 -37.00   3.00  15.31
 -37.00   4.00  15.14
 -37.00   5.00  15.03
 -37.00   6.00  14.98
 -37.00   7.00  14.98
 -37.00   8.00  15.00
 -37.00   9.00  14.99
 -37.00  10.00  14.94
 -37.00  11.00  14.81
 -37.00  12.00  14.60
 -37.00  13.00  14.35
 -37.00  14.00  14.07
 -37.00  15.00  13.83
 -37.00  16.00  13.66
 -37.00  17.00  13.59
 -37.00  18.00  13.63
 -37.00  19.00  13.78
 -37.00  20.00  13.98
 -37.00  21.00  14.19
 -37.00  22.00  14.35
 -37.00  23.00  14.43
 -37.00  24.00  14.39
 -37.00  25.00  14.25
 -37.00  26.00  14.05
 -37.00  27.00  13.85
 -36.00 -37.00  16.46
 -36.00 -36.00  17.25
 -36.00 -35.00  18.17
 -36.00 -34.00  19.18
 -36.00 -33.00  20.24
 -36.00 -32.00  21.29
 -36.00 -31.00  22.27
 -36.00 -30.00  23.10
 -36.00 -29.00  23.72
 -36.00 -28.00  24.10
 -36.00 -27.00  24.21
 -36.00 -26.00  24.06
 -36.00 -25.00  23.68
 -36.00 -24.00  23.13
 -36.00 -23.00  22.48
 -36.00 -22.00  21.80
 -36.00 -21.00  21.15
 -36.00 -20.00  20.57
 -36.00 -19.00  20.09
 -36.00 -18.00  19.71
 -36.00 -17.00  19.41
 -36.00 -16.00  19.17
 -36.00 -15.00  18.94
 -36.00 -14.00  18.71
 -36.00 -13.00  18.45
 -36.00 -12.00  18.17
 -36.00 -11.00  17.88
 -36.00 -10.00  17.59
 -36.00  -9.00  17.35
 -36.00  -8.00  17.16
 -36.00  -7.00  17.05
 -36.00  -6.00  17.00
 -36.00  -5.00  17.01
 -36.00  -4.00  17.04
 -36.00  -3.00  17.06
 -36.00  -2.00  17.03
 -36.00  -1.00  16.94
 -36.00   0.00  16.78
 -36.00   1.00  16.56
 -36.00   2.00  16.31
 -36.00   3.00  16.07
 -36.00   4.00  15.86
 -36.00   5.00  15.71
 -36.00   6.00  15.62
 -36.00   7.00  15.60
 -36.00   8.00  15.61
 -36.00   9.00  15.61
 -36.00  10.00  15.58
 -36.00  11.00  15.48
 -36.00  12.00  15.29
 -36.00  13.00  15.04
 -36.00  14.00  14.74
 -36.00  15.00  14.45
 -36.00  16.00  14.21
 -36.00  17.00  14.06
 -36.00  18.00  14.02
 -36.00  19.00  14.08
 -36.00  20.00  14.24
 -36.00  21.00  14.42
 -36.00  22.00  14.59
 -36.00  23.00  14.68
 -36.00  24.00  14.67
 -36.00  25.00  14.54
 -36.00  26.00  14.33
 -36.00  27.00  14.08
 -35.00 -37.00  16.75
 -35.00 -36.00  17.49
 -35.00 -35.00  18.35
 -35.00 -34.00  19.32
 -35.00 -33.00  20.35
 -35.00 -32.00  21.41
 -35.00 -31.00  22.42
 -35.00 -30.00  23.33
 -35.00 -29.00  24.07
 -35.00 -28.00  24.58
 -35.00 -27.00  24.83
 -35.00 -26.00  24.82
 -35.00 -25.00  24.56
 -35.00 -24.00  24.10
 -35.00 -23.00  23.51
 -35.00 -22.00  22.85
 -35.00 -21.00  22.19
 -35.00 -20.00  21.58
 -35.00 -19.00  21.06
 -35.00 -18.00  20.63
 -35.00 -17.00  20.29
 -35.00 -16.00  20.02
 -35.00 -15.00  19.77
 -35.00 -14.00  19.53
 -35.00 -13.00  19.27
 -35.00 -12.00  18.98
 -35.00 -11.00  18.67
 -35.00 -10.00  18.37
 -35.00  -9.00  18.10
 -35.00  -8.00  17.89
 -35.00  -7.00  17.75
 -35.00  -6.00  17.69
 -35.00  -5.00  17.69
 -35.00  -4.00  17.72
 -35.00  -3.00  17.76
 -35.00  -2.00  17.77
 -35.00  -1.00  17.71
 -35.00   0.00  17.58
 -35.00   1.00  17.38
 -35.00   2.00  17.13
 -35.00   3.00  16.87
 -35.00   4.00  16.62
 -35.00   5.00  16.43
 -35.00   6.00  16.31
 -35.00   7.00  16.25
 -35.00   8.00  16.24
 -35.00   9.00  16.25
 -35.00  10.00  16.23
 -35.00  11.00  16.16
 -35.00  12.00  16.00
 -35.00  13.00  15.76
 -35.00  14.00  15.46
 -35.00  15.00  15.13
 -35.00  16.00  14.83
 -35.00  17.00  14.60
 -35.00  18.00  14.47
 -35.00  19.00  14.46
 -35.00  20.00  14.55
 -35.00  21.00  14.69
 -35.00  22.00  14.85
 -35.00  23.00  14.95
 -35.00  24.00  14.96
 -35.00  25.00  14.86
 -35.00  26.00  14.65
 -35.00  27.00  14.37
 -34.00 -37.00  17.13
 -34.00 -36.00  17.83
 -34.00 -35.00  18.63
 -34.00 -34.00  19.54
 -34.00 -33.00  20.54
 -34.00 -32.00  21.59
 -34.00 -31.00  22.62
 -34.00 -30.00  23.59
 -34.00 -29.00  24.41
 -34.00 -28.00  25.04
 -34.00 -27.00  25.42
 -34.00 -26.00  25.54
 -34.00 -25.00  25.40
 -34.00 -24.00  25.05
 -34.00 -23.00  24.53
 -34.00 -22.00  23.91
 -34.00 -21.00  23.25
 -34.00 -20.00  22.63
 -34.00 -19.00  22.07
 -34.00 -18.00  21.59
 -34.00 -17.00  21.21
 -34.00 -16.00  20.90
 -34.00 -15.00  20.63
 -34.00 -14.00  20.38
 -34.00 -13.00  20.11
 -34.00 -12.00  19.81
 -34.00 -11.00  19.50
 -34.00 -10.00  19.19
 -34.00  -9.00  18.89
 -34.00  -8.00  18.65
 -34.00  -7.00  18.49
 -34.00  -6.00  18.40
 -34.00  -5.00  18.39
 -34.00  -4.00  18.42
 -34.00  -3.00  18.48
 -34.00  -2.00  18.51
 -34.00  -1.00  18.49
 -34.00   0.00  18.39
 -34.00   1.00  18.22
 -34.00   2.00  17.98
 -34.00   3.00  17.71
 -34.00   4.00  17.43
 -34.00   5.00  17.20
 -34.00   6.00  17.03
 -34.00   7.00  16.94
 -34.00   8.00  16.91
 -34.00   9.00  16.91
 -34.00  10.00  16.90
 -34.00  11.00  16.85
 -34.00  12.00  16.72
 -34.00  13.00  16.50
 -34.00  14.00  16.21
 -34.00  15.00  15.86
 -34.00  16.00  15.51
 -34.00  17.00  15.21
 -34.00  18.00  15.00
 -34.00  19.00  14.90
 -34.00  20.00  14.92
 -34.00  21.00  15.01
 -34.00  22.00  15.14
 -34.00  23.00  15.25
 -34.00  24.00  15.28
 -34.00  25.00  15.20
 -34.00  26.00  15.00
 -34.00  27.00  14.72
 -33.00 -37.00  17.57
 -33.00 -36.00  18.24
 -33.00 -35.00  19.00
 -33.00 -34.00  19.86
 -33.00 -33.00  20.82
 -33.00 -32.00  21.84
 -33.00 -31.00  22.88
 -33.00 -30.00  23.88
 -33.00 -29.00  24.76
 -33.00 -28.00  25.48
 -33.00 -27.00  25.98
 -33.00 -26.00  26.22
 -33.00 -25.00  26.20
 -33.00 -24.00  25.95
 -33.00 -23.00  25.51
 -33.00 -22.00  24.93
 -33.00 -21.00  24.30
 -33.00 -20.00  23.66
 -33.00 -19.00  23.07
 -33.00 -18.00  22.56
 -33.00 -17.00  22.14
 -33.00 -16.00  21.80
 -33.00 -15.00  21.50
 -33.00 -14.00  21.23
 -33.00 -13.00  20.96
 -33.00 -12.00  20.66
 -33.00 -11.00  20.34
 -33.00 -10.00  20.02
 -33.00  -9.00  19.71
 -33.00  -8.00  19.44
 -33.00  -7.00  19.25
 -33.00  -6.00  19.14
 -33.00  -5.00  19.11
 -33.00  -4.00  19.14
 -33.00  -3.00  19.21
 -33.00  -2.00  19.26
 -33.00  -1.00  19.28
 -33.00   0.00  19.21
 -33.00   1.00  19.07
 -33.00   2.00  18.84
 -33.00   3.00  18.57
 -33.00   4.00  18.28
 -33.00   5.00  18.01
 -33.00   6.00  17.80
 -33.00   7.00  17.66
 -33.00   8.00  17.60
 -33.00   9.00  17.58
 -33.00  10.00  17.58
 -33.00  11.00  17.54
 -33.00  12.00  17.44
 -33.00  13.00  17.25
 -33.00  14.00  16.97
 -33.00  15.00  16.62
 -33.00  16.00  16.24
 -33.00  17.00  15.88
 -33.00  18.00  15.59
 -33.00  19.00  15.41
 -33.00  20.00  15.35
 -33.00  21.00  15.39
 -33.00  22.00  15.48
 -33.00  23.00  15.58
 -33.00  24.00  15.62
 -33.00  25.00  15.56
 -33.00  26.00  15.38
 -33.00  27.00  15.10
 -32.00 -37.00  18.06
 -32.00 -36.00  18.71
 -32.00 -35.00  19.44
 -32.00 -34.00  20.26
 -32.00 -33.00  21.18
 -32.00 -32.00  22.17
 -32.00 -31.00  23.20
 -32.00 -30.00  24.21
 -32.00 -29.00  25.15
 -32.00 -28.00  25.93
 -32.00 -27.00  26.51
 -32.00 -26.00  26.86
 -32.00 -25.00  26.94
 -32.00 -24.00  26.78
 -32.00 -23.00  26.41
 -32.00 -22.00  25.89
 -32.00 -21.00  25.28
 -32.00 -20.00  24.65
 -32.00 -19.00  24.04
 -32.00 -18.00  23.51
 -32.00 -17.00  23.05
 -32.00 -16.00  22.68
 -32.00 -15.00  22.36
 -32.00 -14.00  22.07
 -32.00 -13.00  21.79
 -32.00 -12.00  21.49
 -32.00 -11.00  21.17
 -32.00 -10.00  20.83
 -32.00  -9.00  20.51
 -32.00  -8.00  20.23
 -32.00  -7.00  20.01
 -32.00  -6.00  19.88
 -32.00  -5.00  19.84
 -32.00  -4.00  19.86
 -32.00  -3.00  19.94
 -32.00  -2.00  20.02
 -32.00  -1.00  20.06
 -32.00   0.00  20.03
 -32.00   1.00  19.91
 -32.00   2.00  19.71
 -32.00   3.00  19.44
 -32.00   4.00  19.13
 -32.00   5.00  18.84
 -32.00   6.00  18.59
 -32.00   7.00  18.41
 -32.00   8.00  18.31
 -32.00   9.00  18.28
 -32.00  10.00  18.27
 -32.00  11.00  18.24
 -32.00  12.00  18.16
 -32.00  13.00  17.99
 -32.00  14.00  17.73
 -32.00  15.00  17.38
 -32.00  16.00  16.98
 -32.00  17.00  16.58
 -32.00  18.00  16.23
 -32.00  19.00  15.98
 -32.00  20.00  15.84
 -32.00  21.00  15.82
 -32.00  22.00  15.87
 -32.00  23.00  15.95
 -32.00  24.00  16.00
 -32.00  25.00  15.95
 -32.00  26.00  15.79
 -32.00  27.00  15.50
 -31.00 -37.00  18.58
 -31.00 -36.00  19.22
 -31.00 -35.00  19.93
 -31.00 -34.00  20.73
 -31.00 -33.00  21.62
 -31.00 -32.00  22.58
 -31.00 -31.00  23.60
 -31.00 -30.00  24.61
 -31.00 -29.00  25.57
 -31.00 -28.00  26.40
 -31.00 -27.00  27.04
 -31.00 -26.00  27.46
 -31.00 -25.00  27.62
 -31.00 -24.00  27.54
 -31.00 -23.00  27.23
 -31.00 -22.00  26.75
 -31.00 -21.00  26.17
 -31.00 -20.00  25.54
 -31.00 -19.00  24.93
 -31.00 -18.00  24.38
 -31.00 -17.00  23.90
 -31.00 -16.00  23.50
 -31.00 -15.00  23.17
 -31.00 -14.00  22.87
 -31.00 -13.00  22.58
 -31.00 -12.00  22.28
 -31.00 -11.00  21.95
 -31.00 -10.00  21.62
 -31.00  -9.00  21.29
 -31.00  -8.00  20.99
 -31.00  -7.00  20.76
 -31.00  -6.00  20.62
 -31.00  -5.00  20.56
 -31.00  -4.00  20.59
 -31.00  -3.00  20.67
 -31.00  -2.00  20.76
 -31.00  -1.00  20.83
 -31.00   0.00  20.83
 -31.00   1.00  20.74
 -31.00   2.00  20.55
 -31.00   3.00  20.29
 -31.00   4.00  19.98
 -31.00   5.00  19.66
 -31.00   6.00  19.38
 -31.00   7.00  19.17
 -31.00   8.00  19.04
 -31.00   9.00  18.98
 -31.00  10.00  18.96
 -31.00  11.00  18.94
 -31.00  12.00  18.88
 -31.00  13.00  18.73
 -31.00  14.00  18.48
 -31.00  15.00  18.13
 -31.00  16.00  17.72
 -31.00  17.00  17.29
 -31.00  18.00  16.89
 -31.00  19.00  16.58
 -31.00  20.00  16.38
 -31.00  21.00  16.30
 -31.00  22.00  16.32
 -31.00  23.00  16.37
 -31.00  24.00  16.41
 -31.00  25.00  16.36
 -31.00  26.00  16.21
 -31.00  27.00  15.92
 -30.00 -37.00  19.24
 -30.00 -36.00  19.88
 -30.00 -35.00  20.59
 -30.00 -34.00  21.39
 -30.00 -33.00  22.28
 -30.00 -32.00  23.26
 -30.00 -31.00  24.29
 -30.00 -30.00  25.34
 -30.00 -29.00  26.34
 -30.00 -28.00  27.22
 -30.00 -27.00  27.93
 -30.00 -26.00  28.40
 -30.00 -25.00  28.61
 -30.00 -24.00  28.57
 -30.00 -23.00  28.28
 -30.00 -22.00  27.81
 -30.00 -21.00  27.22
 -30.00 -20.00  26.57
 -30.00 -19.00  25.92
 -30.00 -18.00  25.33
 -30.00 -17.00  24.82
 -30.00 -16.00  24.39
 -30.00 -15.00  24.03
 -30.00 -14.00  23.72
 -30.00 -13.00  23.42
 -30.00 -12.00  23.11
 -30.00 -11.00  22.79
 -30.00 -10.00  22.44
 -30.00  -9.00  22.10
 -30.00  -8.00  21.79
 -30.00  -7.00  21.55
 -30.00  -6.00  21.38
 -30.00  -5.00  21.32
 -30.00  -4.00  21.34
 -30.00  -3.00  21.42
 -30.00  -2.00  21.53
 -30.00  -1.00  21.61
 -30.00   0.00  21.64
 -30.00   1.00  21.57
 -30.00   2.00  21.40
 -30.00   3.00  21.14
 -30.00   4.00  20.82
 -30.00   5.00  20.49
 -30.00   6.00  20.18
 -30.00   7.00  19.94
 -30.00   8.00  19.77
 -30.00   9.00  19.69
 -30.00  10.00  19.66
 -30.00  11.00  19.64
 -30.00  12.00  19.58
 -30.00  13.00  19.45
 -30.00  14.00  19.23
 -30.00  15.00  18.90
 -30.00  16.00  18.49
 -30.00  17.00  18.05
 -30.00  18.00  17.64
 -30.00  19.00  17.30
 -30.00  20.00  17.06
 -30.00  21.00  16.94
 -30.00  22.00  16.93
 -30.00  23.00  16.96
 -30.00  24.00  17.00
 -30.00  25.00  16.97
 -30.00  26.00  16.83
 -30.00  27.00  16.56
