 -83.00 -37.00  71.05
 -83.00 -36.00  72.46
 -83.00 -35.00  73.57
 -83.00 -34.00  74.47
 -83.00 -33.00  75.28
 -83.00 -32.00  76.12
 -83.00 -31.00  77.07
 -83.00 -30.00  78.15
 -83.00 -29.00  79.33
 -83.00 -28.00  80.57
 -83.00 -27.00  81.78
 -83.00 -26.00  82.89
 -83.00 -25.00  83.87
 -83.00 -24.00  84.70
 -83.00 -23.00  85.40
 -83.00 -22.00  85.97
 -83.00 -21.00  86.43
 -83.00 -20.00  86.79
 -83.00 -19.00  87.02
 -83.00 -18.00  87.09
 -83.00 -17.00  87.00
 -83.00 -16.00  86.76
 -83.00 -15.00  86.43
 -83.00 -14.00  86.12
 -83.00 -13.00  85.98
 -83.00 -12.00  86.18
 -83.00 -11.00  86.86
 -83.00 -10.00  88.08
 -83.00  -9.00  89.84
 -83.00  -8.00  92.01
 -83.00  -7.00  94.36
 -83.00  -6.00  96.61
 -83.00  -5.00  98.46
 -83.00  -4.00  99.64
 -83.00  -3.00  99.99
 -83.00  -2.00  99.44
 -83.00  -1.00  98.08
 -83.00   0.00  96.08
 -83.00   1.00  93.68
 -83.00   2.00  91.16
 -83.00   3.00  88.73
 -83.00   4.00  86.55
 -83.00   5.00  84.66
 -83.00   6.00  83.02
 -83.00   7.00  81.54
 -83.00   8.00  80.08
 -83.00   9.00  78.55
 -83.00  10.00  76.89
 -83.00  11.00  75.10
 -83.00  12.00  73.27
 -83.00  13.00  71.50
 -83.00  14.00  69.91
 -83.00  15.00  68.61
 -83.00  16.00  67.64
 -83.00  17.00  66.99
 -83.00  18.00  66.61
 -83.00  19.00  66.42
 -83.00  20.00  66.34
 -83.00  21.00  66.31
 -83.00  22.00  66.34
 -83.00  23.00  66.47
 -83.00  24.00  66.77
 -83.00  25.00  67.33
 -83.00  26.00  68.20
 -83.00  27.00  69.40
 -82.00 -37.00  71.48
 -82.00 -36.00  72.87
 -82.00 -35.00  73.96
 -82.00 -34.00  74.86
 -82.00 -33.00  75.70
 -82.00 -32.00  76.57
 -82.00 -31.00  77.57
 -82.00 -30.00  78.70
 -82.00 -29.00  79.94
 -82.00 -28.00  81.22
 -82.00 -27.00  82.47
 -82.00 -26.00  83.60
 -82.00 -25.00  84.59
 -82.00 -24.00  85.43
 -82.00 -23.00  86.11
 -82.00 -22.00  86.66
 -82.00 -21.00  87.09
 -82.00 -20.00  87.41
 -82.00 -19.00  87.60
 -82.00 -18.00  87.63
 -82.00 -17.00  87.49
 -82.00 -16.00  87.21
 -82.00 -15.00  86.85
 -82.00 -14.00  86.53
 -82.00 -13.00  86.41
 -82.00 -12.00  86.65
 -82.00 -11.00  87.40
 -82.00 -10.00  88.71
 -82.00  -9.00  90.57
 -82.00  -8.00  92.83
 -82.00  -7.00  95.27
 -82.00  -6.00  97.59
 -82.00  -5.00  99.48
 -82.00  -4.00 100.69
 -82.00  -3.00 101.04
 -82.00  -2.00 100.48
 -82.00  -1.00  99.09
 -82.00   0.00  97.07
 -82.00   1.00  94.65
 -82.00   2.00  92.10
 -82.00   3.00  89.65
 -82.00   4.00  87.43
 -82.00   5.00  85.51
 -82.00   6.00  83.84
 -82.00   7.00  82.31
 -82.00   8.00  80.82
 -82.00   9.00  79.25
 -82.00  10.00  77.56
 -82.00  11.00  75.75
 -82.00  12.00  73.90
 -82.00  13.00  72.13
 -82.00  14.00  70.55
 -82.00  15.00  69.24
 -82.00  16.00  68.27
 -82.00  17.00  67.61
 -82.00  18.00  67.22
 -82.00  19.00  67.01
 -82.00  20.00  66.92
 -82.00  21.00  66.91
 -82.00  22.00  66.98
 -82.00  23.00  67.16
 -82.00  24.00  67.54
 -82.00  25.00  68.19
 -82.00  26.00  69.16
 -82.00  27.00  70.44
 -81.00 -37.00  71.85
 -81.00 -36.00  73.23
 -81.00 -35.00  74.31
 -81.00 -34.00  75.22
 -81.00 -33.00  76.07
 -81.00 -32.00  76.99
 -81.00 -31.00  78.03
 -81.00 -30.00  79.22
 -81.00 -29.00  80.51
 -81.00 -28.00  81.84
 -81.00 -27.00  83.12
 -81.00 -26.00  84.29
 -81.00 -25.00  85.29
 -81.00 -24.00  86.12
 -81.00 -23.00  86.80
 -81.00 -22.00  87.33
 -81.00 -21.00  87.73
 -81.00 -20.00  88.02
 -81.00 -19.00  88.17
 -81.00 -18.00  88.15
 -81.00 -17.00  87.98
 -81.00 -16.00  87.66
 -81.00 -15.00  87.27
 -81.00 -14.00  86.95
 -81.00 -13.00  86.84
 -81.00 -12.00  87.12
 -81.00 -11.00  87.91
 -81.00 -10.00  89.30
 -81.00  -9.00  91.24
 -81.00  -8.00  93.59
 -81.00  -7.00  96.11
 -81.00  -6.00  98.51
 -81.00  -5.00 100.46
 -81.00  -4.00 101.72
 -81.00  -3.00 102.10
 -81.00  -2.00 101.55
 -81.00  -1.00 100.17
 -81.00   0.00  98.13
 -81.00   1.00  95.69
 -81.00   2.00  93.11
 -81.00   3.00  90.63
 -81.00   4.00  88.38
 -81.00   5.00  86.41
 -81.00   6.00  84.69
 -81.00   7.00  83.12
 -81.00   8.00  81.58
 -81.00   9.00  79.98
 -81.00  10.00  78.26
 -81.00  11.00  76.44
 -81.00  12.00  74.58
 -81.00  13.00  72.80
 -81.00  14.00  71.21
 -81.00  15.00  69.90
 -81.00  16.00  68.91
 -81.00  17.00  68.23
 -81.00  18.00  67.82
 -81.00  19.00  67.60
 -81.00  20.00  67.51
 -81.00  21.00  67.51
 -81.00  22.00  67.61
 -81.00  23.00  67.85
 -81.00  24.00  68.30
 -81.00  25.00  69.04
 -81.00  26.00  70.09
 -81.00  27.00  71.45
 -80.00 -37.00  72.17
 -80.00 -36.00  73.54
 -80.00 -35.00  74.62
 -80.00 -34.00  75.54
 -80.00 -33.00  76.42
 -80.00 -32.00  77.37
 -80.00 -31.00  78.46
 -80.00 -30.00  79.70
 -80.00 -29.00  81.05
 -80.00 -28.00  82.43
 -80.00 -27.00  83.75
 -80.00 -26.00  84.95
 -80.00 -25.00  85.97
 -80.00 -24.00  86.80
 -80.00 -23.00  87.47
 -80.00 -22.00  87.98
 -80.00 -21.00  88.36
 -80.00 -20.00  88.61
 -80.00 -19.00  88.72
 -80.00 -18.00  88.67
 -80.00 -17.00  88.46
 -80.00 -16.00  88.11
 -80.00 -15.00  87.70
 -80.00 -14.00  87.37
 -80.00 -13.00  87.26
 -80.00 -12.00  87.56
 -80.00 -11.00  88.40
 -80.00 -10.00  89.84
 -80.00  -9.00  91.85
 -80.00  -8.00  94.28
 -80.00  -7.00  96.89
 -80.00  -6.00  99.36
 -80.00  -5.00 101.40
 -80.00  -4.00 102.72
 -80.00  -3.00 103.15
 -80.00  -2.00 102.65
 -80.00  -1.00 101.29
 -80.00   0.00  99.26
 -80.00   1.00  96.81
 -80.00   2.00  94.20
 -80.00   3.00  91.68
 -80.00   4.00  89.37
 -80.00   5.00  87.35
 -80.00   6.00  85.57
 -80.00   7.00  83.95
 -80.00   8.00  82.37
 -80.00   9.00  80.74
 -80.00  10.00  79.00
 -80.00  11.00  77.16
 -80.00  12.00  75.30
 -80.00  13.00  73.52
 -80.00  14.00  71.92
 -80.00  15.00  70.59
 -80.00  16.00  69.57
 -80.00  17.00  68.86
 -80.00  18.00  68.42
 -80.00  19.00  68.18
 -80.00  20.00  68.08
 -80.00  21.00  68.10
 -80.00  22.00  68.23
 -80.00  23.00  68.53
 -80.00  24.00  69.06
 -80.00  25.00  69.87
 -80.00  26.00  70.99
 -80.00  27.00  72.42
 -79.00 -37.00  72.43
 -79.00 -36.00  73.80
 -79.00 -35.00  74.90
 -79.00 -34.00  75.83
 -79.00 -33.00  76.73
 -79.00 -32.00  77.72
 -79.00 -31.00  78.85
 -79.00 -30.00  80.15
 -79.00 -29.00  81.55
 -79.00 -28.00  82.98
 -79.00 -27.00  84.35
 -79.00 -26.00  85.58
 -79.00 -25.00  86.62
 -79.00 -24.00  87.47
 -79.00 -23.00  88.12
 -79.00 -22.00  88.62
 -79.00 -21.00  88.98
 -79.00 -20.00  89.20
 -79.00 -19.00  89.27
 -79.00 -18.00  89.19
 -79.00 -17.00  88.94
 -79.00 -16.00  88.56
 -79.00 -15.00  88.13
 -79.00 -14.00  87.79
 -79.00 -13.00  87.68
 -79.00 -12.00  88.00
 -79.00 -11.00  88.86
 -79.00 -10.00  90.35
 -79.00  -9.00  92.41
 -79.00  -8.00  94.91
 -79.00  -7.00  97.60
 -79.00  -6.00 100.17
 -79.00  -5.00 102.29
 -79.00  -4.00 103.70
 -79.00  -3.00 104.21
 -79.00  -2.00 103.77
 -79.00  -1.00 102.45
 -79.00   0.00 100.44
 -79.00   1.00  97.98
 -79.00   2.00  95.35
 -79.00   3.00  92.78
 -79.00   4.00  90.42
 -79.00   5.00  88.33
 -79.00   6.00  86.48
 -79.00   7.00  84.81
 -79.00   8.00  83.19
 -79.00   9.00  81.52
 -79.00  10.00  79.76
 -79.00  11.00  77.92
 -79.00  12.00  76.05
 -79.00  13.00  74.26
 -79.00  14.00  72.64
 -79.00  15.00  71.29
 -79.00  16.00  70.24
 -79.00  17.00  69.50
 -79.00  18.00  69.03
 -79.00  19.00  68.76
 -79.00  20.00  68.66
 -79.00  21.00  68.69
 -79.00  22.00  68.86
 -79.00  23.00  69.21
 -79.00  24.00  69.80
 -79.00  25.00  70.68
 -79.00  26.00  71.87
 -79.00  27.00  73.35
 -78.00 -37.00  72.65
 -78.00 -36.00  74.03
 -78.00 -35.00  75.14
 -78.00 -34.00  76.08
 -78.00 -33.00  77.01
 -78.00 -32.00  78.04
 -78.00 -31.00  79.22
 -78.00 -30.00  80.56
 -78.00 -29.00  82.02
 -78.00 -28.00  83.51
 -78.00 -27.00  84.92
 -78.00 -26.00  86.19
 -78.00 -25.00  87.26
 -78.00 -24.00  88.11
 -78.00 -23.00  88.77
 -78.00 -22.00  89.25
 -78.00 -21.00  89.58
 -78.00 -20.00  89.77
 -78.00 -19.00  89.81
 -78.00 -18.00  89.69
 -78.00 -17.00  89.42
 -78.00 -16.00  89.01
 -78.00 -15.00  88.57
 -78.00 -14.00  88.21
 -78.00 -13.00  88.10
 -78.00 -12.00  88.42
 -78.00 -11.00  89.31
 -78.00 -10.00  90.82
 -78.00  -9.00  92.94
 -78.00  -8.00  95.50
 -78.00  -7.00  98.27
 -78.00  -6.00 100.93
 -78.00  -5.00 103.15
 -78.00  -4.00 104.66
 -78.00  -3.00 105.27
 -78.00  -2.00 104.91
 -78.00  -1.00 103.65
 -78.00   0.00 101.66
 -78.00   1.00  99.21
 -78.00   2.00  96.55
 -78.00   3.00  93.93
 -78.00   4.00  91.50
 -78.00   5.00  89.33
 -78.00   6.00  87.42
 -78.00   7.00  85.68
 -78.00   8.00  84.01
 -78.00   9.00  82.32
 -78.00  10.00  80.54
 -78.00  11.00  78.69
 -78.00  12.00  76.82
 -78.00  13.00  75.02
 -78.00  14.00  73.39
 -78.00  15.00  72.01
 -78.00  16.00  70.93
 -78.00  17.00  70.15
 -78.00  18.00  69.63
 -78.00  19.00  69.34
 -78.00  20.00  69.23
 -78.00  21.00  69.27
 -78.00  22.00  69.48
 -78.00  23.00  69.89
 -78.00  24.00  70.54
 -78.00  25.00  71.49
 -78.00  26.00  72.74
 -78.00  27.00  74.27
 -77.00 -37.00  72.84
 -77.00 -36.00  74.23
 -77.00 -35.00  75.35
 -77.00 -34.00  76.31
 -77.00 -33.00  77.27
 -77.00 -32.00  78.33
 -77.00 -31.00  79.55
 -77.00 -30.00  80.95
 -77.00 -29.00  82.47
 -77.00 -28.00  84.01
 -77.00 -27.00  85.47
 -77.00 -26.00  86.78
 -77.00 -25.00  87.88
 -77.00 -24.00  88.74
 -77.00 -23.00  89.40
 -77.00 -22.00  89.86
 -77.00 -21.00  90.17
 -77.00 -20.00  90.33
 -77.00 -19.00  90.34
 -77.00 -18.00  90.19
 -77.00 -17.00  89.89
 -77.00 -16.00  89.46
 -77.00 -15.00  89.00
 -77.00 -14.00  88.63
 -77.00 -13.00  88.51
 -77.00 -12.00  88.83
 -77.00 -11.00  89.73
 -77.00 -10.00  91.27
 -77.00  -9.00  93.43
 -77.00  -8.00  96.05
 -77.00  -7.00  98.90
 -77.00  -6.00 101.65
 -77.00  -5.00 103.98
 -77.00  -4.00 105.61
 -77.00  -3.00 106.32
 -77.00  -2.00 106.05
 -77.00  -1.00 104.86
 -77.00   0.00 102.92
 -77.00   1.00 100.47
 -77.00   2.00  97.79
 -77.00   3.00  95.11
 -77.00   4.00  92.61
 -77.00   5.00  90.36
 -77.00   6.00  88.37
 -77.00   7.00  86.57
 -77.00   8.00  84.85
 -77.00   9.00  83.12
 -77.00  10.00  81.34
 -77.00  11.00  79.48
 -77.00  12.00  77.61
 -77.00  13.00  75.81
 -77.00  14.00  74.16
 -77.00  15.00  72.75
 -77.00  16.00  71.63
 -77.00  17.00  70.80
 -77.00  18.00  70.25
 -77.00  19.00  69.93
 -77.00  20.00  69.80
 -77.00  21.00  69.86
 -77.00  22.00  70.10
 -77.00  23.00  70.56
 -77.00  24.00  71.28
 -77.00  25.00  72.29
 -77.00  26.00  73.60
 -77.00  27.00  75.17
 -76.00 -37.00  73.07
 -76.00 -36.00  74.44
 -76.00 -35.00  75.55
 -76.00 -34.00  76.51
 -76.00 -33.00  77.48
 -76.00 -32.00  78.57
 -76.00 -31.00  79.84
 -76.00 -30.00  81.28
 -76.00 -29.00  82.85
 -76.00 -28.00  84.44
 -76.00 -27.00  85.95
 -76.00 -26.00  87.28
 -76.00 -25.00  88.38
 -76.00 -24.00  89.23
 -76.00 -23.00  89.84
 -76.00 -22.00  90.25
 -76.00 -21.00  90.48
 -76.00 -20.00  90.55
 -76.00 -19.00  90.47
 -76.00 -18.00  90.23
 -76.00 -17.00  89.85
 -76.00 -16.00  89.37
 -76.00 -15.00  88.86
 -76.00 -14.00  88.47
 -76.00 -13.00  88.36
 -76.00 -12.00  88.70
 -76.00 -11.00  89.64
 -76.00 -10.00  91.24
 -76.00  -9.00  93.47
 -76.00  -8.00  96.19
 -76.00  -7.00  99.15
 -76.00  -6.00 102.02
 -76.00  -5.00 104.47
 -76.00  -4.00 106.21
 -76.00  -3.00 107.03
 -76.00  -2.00 106.84
 -76.00  -1.00 105.70
 -76.00   0.00 103.77
 -76.00   1.00 101.29
 -76.00   2.00  98.54
 -76.00   3.00  95.76
 -76.00   4.00  93.13
 -76.00   5.00  90.75
 -76.00   6.00  88.63
 -76.00   7.00  86.71
 -76.00   8.00  84.90
 -76.00   9.00  83.11
 -76.00  10.00  81.28
 -76.00  11.00  79.42
 -76.00  12.00  77.56
 -76.00  13.00  75.78
 -76.00  14.00  74.16
 -76.00  15.00  72.78
 -76.00  16.00  71.69
 -76.00  17.00  70.88
 -76.00  18.00  70.34
 -76.00  19.00  70.03
 -76.00  20.00  69.91
 -76.00  21.00  69.97
 -76.00  22.00  70.22
 -76.00  23.00  70.68
 -76.00  24.00  71.39
 -76.00  25.00  72.39
 -76.00  26.00  73.68
 -76.00  27.00  75.24
 -75.00 -37.00  73.28
 -75.00 -36.00  74.63
 -75.00 -35.00  75.72
 -75.00 -34.00  76.69
 -75.00 -33.00  77.67
 -75.00 -32.00  78.78
 -75.00 -31.00  80.09
 -75.00 -30.00  81.58
 -75.00 -29.00  83.20
 -75.00 -28.00  84.84
 -75.00 -27.00  86.39
 -75.00 -26.00  87.76
 -75.00 -25.00  88.86
 -75.00 -24.00  89.69
 -75.00 -23.00  90.26
 -75.00 -22.00  90.60
 -75.00 -21.00  90.75
 -75.00 -20.00  90.73
 -75.00 -19.00  90.56
 -75.00 -18.00  90.24
 -75.00 -17.00  89.78
 -75.00 -16.00  89.24
 -75.00 -15.00  88.69
 -75.00 -14.00  88.28
 -75.00 -13.00  88.16
 -75.00 -12.00  88.52
 -75.00 -11.00  89.48
 -75.00 -10.00  91.13
 -75.00  -9.00  93.43
 -75.00  -8.00  96.23
 -75.00  -7.00  99.29
 -75.00  -6.00 102.28
 -75.00  -5.00 104.86
 -75.00  -4.00 106.73
 -75.00  -3.00 107.67
 -75.00  -2.00 107.58
 -75.00  -1.00 106.51
 -75.00   0.00 104.60
 -75.00   1.00 102.11
 -75.00   2.00  99.29
 -75.00   3.00  96.41
 -75.00   4.00  93.65
 -75.00   5.00  91.12
 -75.00   6.00  88.86
 -75.00   7.00  86.80
 -75.00   8.00  84.89
 -75.00   9.00  83.02
 -75.00  10.00  81.16
 -75.00  11.00  79.29
 -75.00  12.00  77.44
 -75.00  13.00  75.69
 -75.00  14.00  74.11
 -75.00  15.00  72.76
 -75.00  16.00  71.70
 -75.00  17.00  70.91
 -75.00  18.00  70.39
 -75.00  19.00  70.08
 -75.00  20.00  69.97
 -75.00  21.00  70.03
 -75.00  22.00  70.27
 -75.00  23.00  70.72
 -75.00  24.00  71.43
 -75.00  25.00  72.41
 -75.00  26.00  73.67
 -75.00  27.00  75.20
 -74.00 -37.00  73.46
 -74.00 -36.00  74.79
 -74.00 -35.00  75.88
 -74.00 -34.00  76.84
 -74.00 -33.00  77.83
 -74.00 -32.00  78.96
 -74.00 -31.00  80.30
 -74.00 -30.00  81.84
 -74.00 -29.00  83.51
 -74.00 -28.00  85.20
 -74.00 -27.00  86.80
 -74.00 -26.00  88.19
 -74.00 -25.00  89.31
 -74.00 -24.00  90.13
 -74.00 -23.00  90.65
 -74.00 -22.00  90.93
 -74.00 -21.00  91.00
 -74.00 -20.00  90.89
 -74.00 -19.00  90.62
 -74.00 -18.00  90.22
 -74.00 -17.00  89.69
 -74.00 -16.00  89.08
 -74.00 -15.00  88.50
 -74.00 -14.00  88.05
 -74.00 -13.00  87.92
 -74.00 -12.00  88.27
 -74.00 -11.00  89.25
 -74.00 -10.00  90.93
 -74.00  -9.00  93.28
 -74.00  -8.00  96.15
 -74.00  -7.00  99.30
 -74.00  -6.00 102.41
 -74.00  -5.00 105.13
 -74.00  -4.00 107.15
 -74.00  -3.00 108.23
 -74.00  -2.00 108.27
 -74.00  -1.00 107.29
 -74.00   0.00 105.43
 -74.00   1.00 102.93
 -74.00   2.00 100.06
 -74.00   3.00  97.07
 -74.00   4.00  94.17
 -74.00   5.00  91.49
 -74.00   6.00  89.06
 -74.00   7.00  86.86
 -74.00   8.00  84.83
 -74.00   9.00  82.89
 -74.00  10.00  80.98
 -74.00  11.00  79.10
 -74.00  12.00  77.27
 -74.00  13.00  75.55
 -74.00  14.00  74.00
 -74.00  15.00  72.70
 -74.00  16.00  71.66
 -74.00  17.00  70.89
 -74.00  18.00  70.38
 -74.00  19.00  70.09
 -74.00  20.00  69.97
 -74.00  21.00  70.03
 -74.00  22.00  70.26
 -74.00  23.00  70.70
 -74.00  24.00  71.38
 -74.00  25.00  72.33
 -74.00  26.00  73.56
 -74.00  27.00  75.04
 -73.00 -37.00  73.60
 -73.00 -36.00  74.92
 -73.00 -35.00  76.00
 -73.00 -34.00  76.96
 -73.00 -33.00  77.96
 -73.00 -32.00  79.10
 -73.00 -31.00  80.46
 -73.00 -30.00  82.04
 -73.00 -29.00  83.76
 -73.00 -28.00  85.51
 -73.00 -27.00  87.16
 -73.00 -26.00  88.59
 -73.00 -25.00  89.72
 -73.00 -24.00  90.53
 -73.00 -23.00  91.02
 -73.00 -22.00  91.24
 -73.00 -21.00  91.23
 -73.00 -20.00  91.03
 -73.00 -19.00  90.67
 -73.00 -18.00  90.18
 -73.00 -17.00  89.58
 -73.00 -16.00  88.91
 -73.00 -15.00  88.28
 -73.00 -14.00  87.80
 -73.00 -13.00  87.64
 -73.00 -12.00  87.98
 -73.00 -11.00  88.95
 -73.00 -10.00  90.63
 -73.00  -9.00  93.00
 -73.00  -8.00  95.93
 -73.00  -7.00  99.16
 -73.00  -6.00 102.39
 -73.00  -5.00 105.26
 -73.00  -4.00 107.44
 -73.00  -3.00 108.70
 -73.00  -2.00 108.89
 -73.00  -1.00 108.04
 -73.00   0.00 106.26
 -73.00   1.00 103.78
 -73.00   2.00 100.86
 -73.00   3.00  97.77
 -73.00   4.00  94.73
 -73.00   5.00  91.87
 -73.00   6.00  89.27
 -73.00   7.00  86.91
 -73.00   8.00  84.75
 -73.00   9.00  82.71
 -73.00  10.00  80.76
 -73.00  11.00  78.86
 -73.00  12.00  77.05
 -73.00  13.00  75.36
 -73.00  14.00  73.85
 -73.00  15.00  72.58
 -73.00  16.00  71.57
 -73.00  17.00  70.83
 -73.00  18.00  70.33
 -73.00  19.00  70.03
 -73.00  20.00  69.92
 -73.00  21.00  69.97
 -73.00  22.00  70.19
 -73.00  23.00  70.60
 -73.00  24.00  71.25
 -73.00  25.00  72.16
 -73.00  26.00  73.33
 -73.00  27.00  74.76
 -72.00 -37.00  73.70
 -72.00 -36.00  75.03
 -72.00 -35.00  76.10
 -72.00 -34.00  77.06
 -72.00 -33.00  78.05
 -72.00 -32.00  79.20
 -72.00 -31.00  80.58
 -72.00 -30.00  82.19
 -72.00 -29.00  83.95
 -72.00 -28.00  85.75
 -72.00 -27.00  87.46
 -72.00 -26.00  88.94
 -72.00 -25.00  90.10
 -72.00 -24.00  90.91
 -72.00 -23.00  91.38
 -72.00 -22.00  91.54
 -72.00 -21.00  91.45
 -72.00 -20.00  91.17
 -72.00 -19.00  90.72
 -72.00 -18.00  90.14
 -72.00 -17.00  89.46
 -72.00 -16.00  88.74
 -72.00 -15.00  88.05
 -72.00 -14.00  87.53
 -72.00 -13.00  87.34
 -72.00 -12.00  87.63
 -72.00 -11.00  88.57
 -72.00 -10.00  90.23
 -72.00  -9.00  92.59
 -72.00  -8.00  95.54
 -72.00  -7.00  98.84
 -72.00  -6.00 102.18
 -72.00  -5.00 105.21
 -72.00  -4.00 107.58
 -72.00  -3.00 109.04
 -72.00  -2.00 109.44
 -72.00  -1.00 108.75
 -72.00   0.00 107.09
 -72.00   1.00 104.65
 -72.00   2.00 101.71
 -72.00   3.00  98.53
 -72.00   4.00  95.34
 -72.00   5.00  92.31
 -72.00   6.00  89.52
 -72.00   7.00  86.98
 -72.00   8.00  84.67
 -72.00   9.00  82.53
 -72.00  10.00  80.51
 -72.00  11.00  78.60
 -72.00  12.00  76.79
 -72.00  13.00  75.13
 -72.00  14.00  73.67
 -72.00  15.00  72.43
 -72.00  16.00  71.45
 -72.00  17.00  70.72
 -72.00  18.00  70.23
 -72.00  19.00  69.93
 -72.00  20.00  69.81
 -72.00  21.00  69.85
 -72.00  22.00  70.05
 -72.00  23.00  70.43
 -72.00  24.00  71.04
 -72.00  25.00  71.88
 -72.00  26.00  72.99
 -72.00  27.00  74.34
 -71.00 -37.00  73.77
 -71.00 -36.00  75.09
 -71.00 -35.00  76.17
 -71.00 -34.00  77.12
 -71.00 -33.00  78.10
 -71.00 -32.00  79.25
 -71.00 -31.00  80.63
 -71.00 -30.00  82.26
 -71.00 -29.00  84.07
 -71.00 -28.00  85.93
 -71.00 -27.00  87.69
 -71.00 -26.00  89.23
 -71.00 -25.00  90.44
 -71.00 -24.00  91.27
 -71.00 -23.00  91.73
 -71.00 -22.00  91.85
 -71.00 -21.00  91.69
 -71.00 -20.00  91.32
 -71.00 -19.00  90.78
 -71.00 -18.00  90.12
 -71.00 -17.00  89.37
 -71.00 -16.00  88.58
 -71.00 -15.00  87.84
 -71.00 -14.00  87.26
 -71.00 -13.00  87.01
 -71.00 -12.00  87.24
 -71.00 -11.00  88.11
 -71.00 -10.00  89.71
 -71.00  -9.00  92.03
 -71.00  -8.00  94.98
 -71.00  -7.00  98.33
 -71.00  -6.00 101.77
 -71.00  -5.00 104.95
 -71.00  -4.00 107.54
 -71.00  -3.00 109.24
 -71.00  -2.00 109.88
 -71.00  -1.00 109.41
 -71.00   0.00 107.91
 -71.00   1.00 105.57
 -71.00   2.00 102.64
 -71.00   3.00  99.38
 -71.00   4.00  96.05
 -71.00   5.00  92.83
 -71.00   6.00  89.84
 -71.00   7.00  87.10
 -71.00   8.00  84.62
 -71.00   9.00  82.36
 -71.00  10.00  80.26
 -71.00  11.00  78.31
 -71.00  12.00  76.51
 -71.00  13.00  74.87
 -71.00  14.00  73.44
 -71.00  15.00  72.23
 -71.00  16.00  71.28
 -71.00  17.00  70.57
 -71.00  18.00  70.08
 -71.00  19.00  69.78
 -71.00  20.00  69.65
 -71.00  21.00  69.67
 -71.00  22.00  69.85
 -71.00  23.00  70.19
 -71.00  24.00  70.74
 -71.00  25.00  71.52
 -71.00  26.00  72.54
 -71.00  27.00  73.81
 -70.00 -37.00  73.79
 -70.00 -36.00  75.13
 -70.00 -35.00  76.21
 -70.00 -34.00  77.15
 -70.00 -33.00  78.12
 -70.00 -32.00  79.25
 -70.00 -31.00  80.63
 -70.00 -30.00  82.27
 -70.00 -29.00  84.11
 -70.00 -28.00  86.02
 -70.00 -27.00  87.85
 -70.00 -26.00  89.46
 -70.00 -25.00  90.73
 -70.00 -24.00  91.60
 -70.00 -23.00  92.07
 -70.00 -22.00  92.16
 -70.00 -21.00  91.95
 -70.00 -20.00  91.50
 -70.00 -19.00  90.88
 -70.00 -18.00  90.13
 -70.00 -17.00  89.30
 -70.00 -16.00  88.44
 -70.00 -15.00  87.63
 -70.00 -14.00  86.99
 -70.00 -13.00  86.67
 -70.00 -12.00  86.81
 -70.00 -11.00  87.59
 -70.00 -10.00  89.09
 -70.00  -9.00  91.34
 -70.00  -8.00  94.24
 -70.00  -7.00  97.60
 -70.00  -6.00 101.13
 -70.00  -5.00 104.47
 -70.00  -4.00 107.28
 -70.00  -3.00 109.25
 -70.00  -2.00 110.18
 -70.00  -1.00 109.99
 -70.00   0.00 108.71
 -70.00   1.00 106.51
 -70.00   2.00 103.63
 -70.00   3.00 100.33
 -70.00   4.00  96.87
 -70.00   5.00  93.46
 -70.00   6.00  90.25
 -70.00   7.00  87.30
 -70.00   8.00  84.63
 -70.00   9.00  82.21
 -70.00  10.00  80.02
 -70.00  11.00  78.02
 -70.00  12.00  76.20
 -70.00  13.00  74.58
 -70.00  14.00  73.17
 -70.00  15.00  72.00
 -70.00  16.00  71.07
 -70.00  17.00  70.37
 -70.00  18.00  69.89
 -70.00  19.00  69.59
 -70.00  20.00  69.45
 -70.00  21.00  69.45
 -70.00  22.00  69.59
 -70.00  23.00  69.89
 -70.00  24.00  70.37
 -70.00  25.00  71.07
 -70.00  26.00  72.00
 -70.00  27.00  73.16
 -69.00 -37.00  73.77
 -69.00 -36.00  75.13
 -69.00 -35.00  76.22
 -69.00 -34.00  77.16
 -69.00 -33.00  78.11
 -69.00 -32.00  79.22
 -69.00 -31.00  80.57
 -69.00 -30.00  82.21
 -69.00 -29.00  84.07
 -69.00 -28.00  86.03
 -69.00 -27.00  87.94
 -69.00 -26.00  89.63
 -69.00 -25.00  90.98
 -69.00 -24.00  91.91
 -69.00 -23.00  92.40
 -69.00 -22.00  92.49
 -69.00 -21.00  92.24
 -69.00 -20.00  91.72
 -69.00 -19.00  91.01
 -69.00 -18.00  90.18
 -69.00 -17.00  89.27
 -69.00 -16.00  88.34
 -69.00 -15.00  87.46
 -69.00 -14.00  86.74
 -69.00 -13.00  86.33
 -69.00 -12.00  86.37
 -69.00 -11.00  87.02
 -69.00 -10.00  88.40
 -69.00  -9.00  90.53
 -69.00  -8.00  93.35
 -69.00  -7.00  96.69
 -69.00  -6.00 100.27
 -69.00  -5.00 103.76
 -69.00  -4.00 106.80
 -69.00  -3.00 109.07
 -69.00  -2.00 110.32
 -69.00  -1.00 110.45
 -69.00   0.00 109.45
 -69.00   1.00 107.45
 -69.00   2.00 104.67
 -69.00   3.00 101.36
 -69.00   4.00  97.80
 -69.00   5.00  94.22
 -69.00   6.00  90.79
 -69.00   7.00  87.60
 -69.00   8.00  84.72
 -69.00   9.00  82.12
 -69.00  10.00  79.80
 -69.00  11.00  77.73
 -69.00  12.00  75.88
 -69.00  13.00  74.26
 -69.00  14.00  72.87
 -69.00  15.00  71.72
 -69.00  16.00  70.81
 -69.00  17.00  70.13
 -69.00  18.00  69.65
 -69.00  19.00  69.35
 -69.00  20.00  69.20
 -69.00  21.00  69.18
 -69.00  22.00  69.29
 -69.00  23.00  69.54
 -69.00  24.00  69.95
 -69.00  25.00  70.56
 -69.00  26.00  71.38
 -69.00  27.00  72.42
 -68.00 -37.00  73.73
 -68.00 -36.00  75.11
 -68.00 -35.00  76.22
 -68.00 -34.00  77.16
 -68.00 -33.00  78.08
 -68.00 -32.00  79.15
 -68.00 -31.00  80.47
 -68.00 -30.00  82.09
 -68.00 -29.00  83.96
 -68.00 -28.00  85.97
 -68.00 -27.00  87.95
 -68.00 -26.00  89.74
 -68.00 -25.00  91.18
 -68.00 -24.00  92.19
 -68.00 -23.00  92.74
 -68.00 -22.00  92.84
 -68.00 -21.00  92.56
 -68.00 -20.00  91.99
 -68.00 -19.00  91.20
 -68.00 -18.00  90.28
 -68.00 -17.00  89.29
 -68.00 -16.00  88.28
 -68.00 -15.00  87.32
 -68.00 -14.00  86.52
 -68.00 -13.00  86.01
 -68.00 -12.00  85.93
 -68.00 -11.00  86.44
 -68.00 -10.00  87.65
 -68.00  -9.00  89.63
 -68.00  -8.00  92.33
 -68.00  -7.00  95.61
 -68.00  -6.00  99.22
 -68.00  -5.00 102.82
 -68.00  -4.00 106.08
 -68.00  -3.00 108.65
 -68.00  -2.00 110.26
 -68.00  -1.00 110.75
 -68.00   0.00 110.08
 -68.00   1.00 108.35
 -68.00   2.00 105.73
 -68.00   3.00 102.47
 -68.00   4.00  98.85
 -68.00   5.00  95.11
 -68.00   6.00  91.46
 -68.00   7.00  88.03
 -68.00   8.00  84.90
 -68.00   9.00  82.10
 -68.00  10.00  79.62
 -68.00  11.00  77.44
 -68.00  12.00  75.54
 -68.00  13.00  73.90
 -68.00  14.00  72.52
 -68.00  15.00  71.39
 -68.00  16.00  70.51
 -68.00  17.00  69.84
 -68.00  18.00  69.37
 -68.00  19.00  69.07
 -68.00  20.00  68.91
 -68.00  21.00  68.87
 -68.00  22.00  68.94
 -68.00  23.00  69.14
 -68.00  24.00  69.49
 -68.00  25.00  70.00
 -68.00  26.00  70.70
 -68.00  27.00  71.62
 -67.00 -37.00  73.65
 -67.00 -36.00  75.07
 -67.00 -35.00  76.20
 -67.00 -34.00  77.15
 -67.00 -33.00  78.05
 -67.00 -32.00  79.07
 -67.00 -31.00  80.35
 -67.00 -30.00  81.93
 -67.00 -29.00  83.79
 -67.00 -28.00  85.83
 -67.00 -27.00  87.88
 -67.00 -26.00  89.77
 -67.00 -25.00  91.33
 -67.00 -24.00  92.45
 -67.00 -23.00  93.07
 -67.00 -22.00  93.21
 -67.00 -21.00  92.92
 -67.00 -20.00  92.31
 -67.00 -19.00  91.45
 -67.00 -18.00  90.45
 -67.00 -17.00  89.36
 -67.00 -16.00  88.27
 -67.00 -15.00  87.23
 -67.00 -14.00  86.34
 -67.00 -13.00  85.72
 -67.00 -12.00  85.51
 -67.00 -11.00  85.85
 -67.00 -10.00  86.89
 -67.00  -9.00  88.68
 -67.00  -8.00  91.23
 -67.00  -7.00  94.40
 -67.00  -6.00  97.98
 -67.00  -5.00 101.68
 -67.00  -4.00 105.13
 -67.00  -3.00 108.00
 -67.00  -2.00 109.97
 -67.00  -1.00 110.86
 -67.00   0.00 110.58
 -67.00   1.00 109.16
 -67.00   2.00 106.77
 -67.00   3.00 103.62
 -67.00   4.00  99.98
 -67.00   5.00  96.12
 -67.00   6.00  92.26
 -67.00   7.00  88.58
 -67.00   8.00  85.20
 -67.00   9.00  82.16
 -67.00  10.00  79.49
 -67.00  11.00  77.17
 -67.00  12.00  75.19
 -67.00  13.00  73.51
 -67.00  14.00  72.13
 -67.00  15.00  71.01
 -67.00  16.00  70.15
 -67.00  17.00  69.50
 -67.00  18.00  69.05
 -67.00  19.00  68.75
 -67.00  20.00  68.58
 -67.00  21.00  68.53
 -67.00  22.00  68.57
 -67.00  23.00  68.72
 -67.00  24.00  68.99
 -67.00  25.00  69.41
 -67.00  26.00  70.00
 -67.00  27.00  70.78
 -66.00 -37.00  73.56
 -66.00 -36.00  75.02
 -66.00 -35.00  76.18
 -66.00 -34.00  77.13
 -66.00 -33.00  78.01
 -66.00 -32.00  78.99
 -66.00 -31.00  80.20
 -66.00 -30.00  81.73
 -66.00 -29.00  83.57
 -66.00 -28.00  85.63
 -66.00 -27.00  87.75
 -66.00 -26.00  89.74
 -66.00 -25.00  91.42
 -66.00 -24.00  92.66
 -66.00 -23.00  93.38
 -66.00 -22.00  93.59
 -66.00 -21.00  93.32
 -66.00 -20.00  92.68
 -66.00 -19.00  91.77
 -66.00 -18.00  90.68
 -66.00 -17.00  89.51
 -66.00 -16.00  88.32
 -66.00 -15.00  87.19
 -66.00 -14.00  86.20
 -66.00 -13.00  85.47
 -66.00 -12.00  85.12
 -66.00 -11.00  85.30
 -66.00 -10.00  86.13
 -66.00  -9.00  87.72
 -66.00  -8.00  90.07
 -66.00  -7.00  93.09
 -66.00  -6.00  96.61
 -66.00  -5.00 100.35
 -66.00  -4.00 103.96
 -66.00  -3.00 107.10
 -66.00  -2.00 109.44
 -66.00  -1.00 110.75
 -66.00   0.00 110.89
 -66.00   1.00 109.85
 -66.00   2.00 107.75
 -66.00   3.00 104.77
 -66.00   4.00 101.17
 -66.00   5.00  97.23
 -66.00   6.00  93.20
 -66.00   7.00  89.28
 -66.00   8.00  85.62
 -66.00   9.00  82.33
 -66.00  10.00  79.43
 -66.00  11.00  76.94
 -66.00  12.00  74.84
 -66.00  13.00  73.10
 -66.00  14.00  71.69
 -66.00  15.00  70.58
 -66.00  16.00  69.73
 -66.00  17.00  69.11
 -66.00  18.00  68.67
 -66.00  19.00  68.39
 -66.00  20.00  68.22
 -66.00  21.00  68.15
 -66.00  22.00  68.17
 -66.00  23.00  68.28
 -66.00  24.00  68.48
 -66.00  25.00  68.81
 -66.00  26.00  69.28
 -66.00  27.00  69.92
 -65.00 -37.00  73.45
 -65.00 -36.00  74.95
 -65.00 -35.00  76.15
 -65.00 -34.00  77.12
 -65.00 -33.00  77.98
 -65.00 -32.00  78.90
 -65.00 -31.00  80.05
 -65.00 -30.00  81.51
 -65.00 -29.00  83.31
 -65.00 -28.00  85.37
 -65.00 -27.00  87.54
 -65.00 -26.00  89.63
 -65.00 -25.00  91.44
 -65.00 -24.00  92.82
 -65.00 -23.00  93.67
 -65.00 -22.00  93.97
 -65.00 -21.00  93.75
 -65.00 -20.00  93.11
 -65.00 -19.00  92.15
 -65.00 -18.00  90.98
 -65.00 -17.00  89.72
 -65.00 -16.00  88.44
 -65.00 -15.00  87.21
 -65.00 -14.00  86.12
 -65.00 -13.00  85.27
 -65.00 -12.00  84.78
 -65.00 -11.00  84.78
 -65.00 -10.00  85.41
 -65.00  -9.00  86.76
 -65.00  -8.00  88.89
 -65.00  -7.00  91.73
 -65.00  -6.00  95.13
 -65.00  -5.00  98.86
 -65.00  -4.00 102.59
 -65.00  -3.00 105.96
 -65.00  -2.00 108.66
 -65.00  -1.00 110.39
 -65.00   0.00 110.98
 -65.00   1.00 110.37
 -65.00   2.00 108.61
 -65.00   3.00 105.88
 -65.00   4.00 102.39
 -65.00   5.00  98.43
 -65.00   6.00  94.26
 -65.00   7.00  90.12
 -65.00   8.00  86.19
 -65.00   9.00  82.61
 -65.00  10.00  79.46
 -65.00  11.00  76.76
 -65.00  12.00  74.50
 -65.00  13.00  72.66
 -65.00  14.00  71.21
 -65.00  15.00  70.09
 -65.00  16.00  69.25
 -65.00  17.00  68.65
 -65.00  18.00  68.24
 -65.00  19.00  67.98
 -65.00  20.00  67.82
 -65.00  21.00  67.75
 -65.00  22.00  67.75
 -65.00  23.00  67.81
 -65.00  24.00  67.96
 -65.00  25.00  68.20
 -65.00  26.00  68.56
 -65.00  27.00  69.06
 -64.00 -37.00  73.33
 -64.00 -36.00  74.87
 -64.00 -35.00  76.11
 -64.00 -34.00  77.10
 -64.00 -33.00  77.95
 -64.00 -32.00  78.83
 -64.00 -31.00  79.90
 -64.00 -30.00  81.28
 -64.00 -29.00  83.02
 -64.00 -28.00  85.06
 -64.00 -27.00  87.27
 -64.00 -26.00  89.45
 -64.00 -25.00  91.39
 -64.00 -24.00  92.93
 -64.00 -23.00  93.93
 -64.00 -22.00  94.35
 -64.00 -21.00  94.20
 -64.00 -20.00  93.58
 -64.00 -19.00  92.60
 -64.00 -18.00  91.37
 -64.00 -17.00  90.02
 -64.00 -16.00  88.63
 -64.00 -15.00  87.30
 -64.00 -14.00  86.11
 -64.00 -13.00  85.13
 -64.00 -12.00  84.50
 -64.00 -11.00  84.32
 -64.00 -10.00  84.73
 -64.00  -9.00  85.85
 -64.00  -8.00  87.72
 -64.00  -7.00  90.33
 -64.00  -6.00  93.58
 -64.00  -5.00  97.24
 -64.00  -4.00 101.02
 -64.00  -3.00 104.60
 -64.00  -2.00 107.61
 -64.00  -1.00 109.76
 -64.00   0.00 110.82
 -64.00   1.00 110.67
 -64.00   2.00 109.33
 -64.00   3.00 106.91
 -64.00   4.00 103.61
 -64.00   5.00  99.69
 -64.00   6.00  95.44
 -64.00   7.00  91.10
 -64.00   8.00  86.92
 -64.00   9.00  83.05
 -64.00  10.00  79.61
 -64.00  11.00  76.66
 -64.00  12.00  74.21
 -64.00  13.00  72.23
 -64.00  14.00  70.70
 -64.00  15.00  69.55
 -64.00  16.00  68.71
 -64.00  17.00  68.13
 -64.00  18.00  67.75
 -64.00  19.00  67.51
 -64.00  20.00  67.38
 -64.00  21.00  67.31
 -64.00  22.00  67.30
 -64.00  23.00  67.34
 -64.00  24.00  67.43
 -64.00  25.00  67.60
 -64.00  26.00  67.85
 -64.00  27.00  68.21
 -63.00 -37.00  73.18
 -63.00 -36.00  74.76
 -63.00 -35.00  76.06
 -63.00 -34.00  77.09
 -63.00 -33.00  77.93
 -63.00 -32.00  78.77
 -63.00 -31.00  79.76
 -63.00 -30.00  81.05
 -63.00 -29.00  82.71
 -63.00 -28.00  84.70
 -63.00 -27.00  86.92
 -63.00 -26.00  89.18
 -63.00 -25.00  91.26
 -63.00 -24.00  92.96
 -63.00 -23.00  94.13
 -63.00 -22.00  94.70
 -63.00 -21.00  94.67
 -63.00 -20.00  94.11
 -63.00 -19.00  93.12
 -63.00 -18.00  91.85
 -63.00 -17.00  90.41
 -63.00 -16.00  88.93
 -63.00 -15.00  87.49
 -63.00 -14.00  86.18
 -63.00 -13.00  85.08
 -63.00 -12.00  84.29
 -63.00 -11.00  83.93
 -63.00 -10.00  84.12
 -63.00  -9.00  84.98
 -63.00  -8.00  86.58
 -63.00  -7.00  88.94
 -63.00  -6.00  91.97
 -63.00  -5.00  95.51
 -63.00  -4.00  99.29
 -63.00  -3.00 103.01
 -63.00  -2.00 106.30
 -63.00  -1.00 108.84
 -63.00   0.00 110.38
 -63.00   1.00 110.73
 -63.00   2.00 109.86
 -63.00   3.00 107.83
 -63.00   4.00 104.80
 -63.00   5.00 101.00
 -63.00   6.00  96.72
 -63.00   7.00  92.24
 -63.00   8.00  87.82
 -63.00   9.00  83.66
 -63.00  10.00  79.91
 -63.00  11.00  76.68
 -63.00  12.00  73.98
 -63.00  13.00  71.83
 -63.00  14.00  70.18
 -63.00  15.00  68.97
 -63.00  16.00  68.12
 -63.00  17.00  67.55
 -63.00  18.00  67.20
 -63.00  19.00  66.99
 -63.00  20.00  66.88
 -63.00  21.00  66.84
 -63.00  22.00  66.83
 -63.00  23.00  66.85
 -63.00  24.00  66.91
 -63.00  25.00  67.00
 -63.00  26.00  67.15
 -63.00  27.00  67.38
 -62.00 -37.00  73.01
 -62.00 -36.00  74.63
 -62.00 -35.00  75.99
 -62.00 -34.00  77.06
 -62.00 -33.00  77.92
 -62.00 -32.00  78.71
 -62.00 -31.00  79.63
 -62.00 -30.00  80.81
 -62.00 -29.00  82.37
 -62.00 -28.00  84.29
 -62.00 -27.00  86.50
 -62.00 -26.00  88.81
 -62.00 -25.00  91.02
 -62.00 -24.00  92.89
 -62.00 -23.00  94.26
 -62.00 -22.00  95.02
 -62.00 -21.00  95.14
 -62.00 -20.00  94.67
 -62.00 -19.00  93.72
 -62.00 -18.00  92.42
 -62.00 -17.00  90.91
 -62.00 -16.00  89.33
 -62.00 -15.00  87.78
 -62.00 -14.00  86.35
 -62.00 -13.00  85.11
 -62.00 -12.00  84.17
 -62.00 -11.00  83.63
 -62.00 -10.00  83.60
 -62.00  -9.00  84.19
 -62.00  -8.00  85.50
 -62.00  -7.00  87.56
 -62.00  -6.00  90.33
 -62.00  -5.00  93.69
 -62.00  -4.00  97.41
 -62.00  -3.00 101.20
 -62.00  -2.00 104.71
 -62.00  -1.00 107.62
 -62.00   0.00 109.63
 -62.00   1.00 110.51
 -62.00   2.00 110.16
 -62.00   3.00 108.59
 -62.00   4.00 105.91
 -62.00   5.00 102.33
 -62.00   6.00  98.11
 -62.00   7.00  93.55
 -62.00   8.00  88.92
 -62.00   9.00  84.48
 -62.00  10.00  80.41
 -62.00  11.00  76.86
 -62.00  12.00  73.88
 -62.00  13.00  71.50
 -62.00  14.00  69.69
 -62.00  15.00  68.37
 -62.00  16.00  67.48
 -62.00  17.00  66.91
 -62.00  18.00  66.58
 -62.00  19.00  66.41
 -62.00  20.00  66.34
 -62.00  21.00  66.32
 -62.00  22.00  66.33
 -62.00  23.00  66.35
 -62.00  24.00  66.38
 -62.00  25.00  66.41
 -62.00  26.00  66.48
 -62.00  27.00  66.59
 -61.00 -37.00  72.81
 -61.00 -36.00  74.46
 -61.00 -35.00  75.88
 -61.00 -34.00  77.01
 -61.00 -33.00  77.90
 -61.00 -32.00  78.67
 -61.00 -31.00  79.51
 -61.00 -30.00  80.58
 -61.00 -29.00  82.01
 -61.00 -28.00  83.84
 -61.00 -27.00  86.00
 -61.00 -26.00  88.34
 -61.00 -25.00  90.66
 -61.00 -24.00  92.71
 -61.00 -23.00  94.30
 -61.00 -22.00  95.28
 -61.00 -21.00  95.59
 -61.00 -20.00  95.27
 -61.00 -19.00  94.39
 -61.00 -18.00  93.10
 -61.00 -17.00  91.54
 -61.00 -16.00  89.87
 -61.00 -15.00  88.20
 -61.00 -14.00  86.64
 -61.00 -13.00  85.27
 -61.00 -12.00  84.17
 -61.00 -11.00  83.43
 -61.00 -10.00  83.17
 -61.00  -9.00  83.49
 -61.00  -8.00  84.49
 -61.00  -7.00  86.23
 -61.00  -6.00  88.70
 -61.00  -5.00  91.81
 -61.00  -4.00  95.40
 -61.00  -3.00  99.19
 -61.00  -2.00 102.86
 -61.00  -1.00 106.09
 -61.00   0.00 108.55
 -61.00   1.00 109.97
 -61.00   2.00 110.18
 -61.00   3.00 109.15
 -61.00   4.00 106.91
 -61.00   5.00 103.64
 -61.00   6.00  99.58
 -61.00   7.00  95.01
 -61.00   8.00  90.24
 -61.00   9.00  85.54
 -61.00  10.00  81.16
 -61.00  11.00  77.26
 -61.00  12.00  73.95
 -61.00  13.00  71.29
 -61.00  14.00  69.25
 -61.00  15.00  67.79
 -61.00  16.00  66.81
 -61.00  17.00  66.21
 -61.00  18.00  65.89
 -61.00  19.00  65.76
 -61.00  20.00  65.74
 -61.00  21.00  65.76
 -61.00  22.00  65.80
 -61.00  23.00  65.83
 -61.00  24.00  65.85
 -61.00  25.00  65.84
 -61.00  26.00  65.84
 -61.00  27.00  65.84
 -60.00 -37.00  72.58
 -60.00 -36.00  74.24
 -60.00 -35.00  75.72
 -60.00 -34.00  76.93
 -60.00 -33.00  77.87
 -60.00 -32.00  78.64
 -60.00 -31.00  79.41
 -60.00 -30.00  80.37
 -60.00 -29.00  81.65
 -60.00 -28.00  83.35
 -60.00 -27.00  85.43
 -60.00 -26.00  87.77
 -60.00 -25.00  90.16
 -60.00 -24.00  92.39
 -60.00 -23.00  94.20
 -60.00 -22.00  95.44
 -60.00 -21.00  96.00
 -60.00 -20.00  95.86
 -60.00 -19.00  95.11
 -60.00 -18.00  93.87
 -60.00 -17.00  92.30
 -60.00 -16.00  90.55
 -60.00 -15.00  88.77
 -60.00 -14.00  87.08
 -60.00 -13.00  85.56
 -60.00 -12.00  84.29
 -60.00 -11.00  83.37
 -60.00 -10.00  82.88
 -60.00  -9.00  82.92
 -60.00  -8.00  83.60
 -60.00  -7.00  84.99
 -60.00  -6.00  87.11
 -60.00  -5.00  89.93
 -60.00  -4.00  93.30
 -60.00  -3.00  97.01
 -60.00  -2.00 100.77
 -60.00  -1.00 104.25
 -60.00   0.00 107.11
 -60.00   1.00 109.06
 -60.00   2.00 109.87
 -60.00   3.00 109.43
 -60.00   4.00 107.73
 -60.00   5.00 104.88
 -60.00   6.00 101.08
 -60.00   7.00  96.61
 -60.00   8.00  91.77
 -60.00   9.00  86.87
 -60.00  10.00  82.18
 -60.00  11.00  77.92
 -60.00  12.00  74.25
 -60.00  13.00  71.25
 -60.00  14.00  68.93
 -60.00  15.00  67.25
 -60.00  16.00  66.14
 -60.00  17.00  65.47
 -60.00  18.00  65.14
 -60.00  19.00  65.04
 -60.00  20.00  65.06
 -60.00  21.00  65.14
 -60.00  22.00  65.23
 -60.00  23.00  65.29
 -60.00  24.00  65.31
 -60.00  25.00  65.29
 -60.00  26.00  65.23
 -60.00  27.00  65.15
 -59.00 -37.00  72.32
 -59.00 -36.00  73.97
 -59.00 -35.00  75.51
 -59.00 -34.00  76.81
 -59.00 -33.00  77.82
 -59.00 -32.00  78.61
 -59.00 -31.00  79.34
 -59.00 -30.00  80.18
 -59.00 -29.00  81.31
 -59.00 -28.00  82.85
 -59.00 -27.00  84.80
 -59.00 -26.00  87.09
 -59.00 -25.00  89.53
 -59.00 -24.00  91.90
 -59.00 -23.00  93.95
 -59.00 -22.00  95.46
 -59.00 -21.00  96.31
 -59.00 -20.00  96.43
 -59.00 -19.00  95.86
 -59.00 -18.00  94.73
 -59.00 -17.00  93.18
 -59.00 -16.00  91.39
 -59.00 -15.00  89.51
 -59.00 -14.00  87.68
 -59.00 -13.00  86.00
 -59.00 -12.00  84.57
 -59.00 -11.00  83.44
 -59.00 -10.00  82.72
 -59.00  -9.00  82.49
 -59.00  -8.00  82.85
 -59.00  -7.00  83.87
 -59.00  -6.00  85.62
 -59.00  -5.00  88.08
 -59.00  -4.00  91.17
 -59.00  -3.00  94.71
 -59.00  -2.00  98.46
 -59.00  -1.00 102.11
 -59.00   0.00 105.31
 -59.00   1.00 107.76
 -59.00   2.00 109.18
 -59.00   3.00 109.38
 -59.00   4.00 108.30
 -59.00   5.00 105.97
 -59.00   6.00 102.56
 -59.00   7.00  98.30
 -59.00   8.00  93.50
 -59.00   9.00  88.46
 -59.00  10.00  83.50
 -59.00  11.00  78.89
 -59.00  12.00  74.82
 -59.00  13.00  71.43
 -59.00  14.00  68.77
 -59.00  15.00  66.82
 -59.00  16.00  65.50
 -59.00  17.00  64.72
 -59.00  18.00  64.34
 -59.00  19.00  64.24
 -59.00  20.00  64.31
 -59.00  21.00  64.45
 -59.00  22.00  64.60
 -59.00  23.00  64.71
 -59.00  24.00  64.77
 -59.00  25.00  64.75
 -59.00  26.00  64.66
 -59.00  27.00  64.51
 -58.00 -37.00  72.06
 -58.00 -36.00  73.67
 -58.00 -35.00  75.24
 -58.00 -34.00  76.62
 -58.00 -33.00  77.72
 -58.00 -32.00  78.57
 -58.00 -31.00  79.28
 -58.00 -30.00  80.03
 -58.00 -29.00  81.00
 -58.00 -28.00  82.36
 -58.00 -27.00  84.15
 -58.00 -26.00  86.34
 -58.00 -25.00  88.78
 -58.00 -24.00  91.26
 -58.00 -23.00  93.51
 -58.00 -22.00  95.32
 -58.00 -21.00  96.48
 -58.00 -20.00  96.91
 -58.00 -19.00  96.60
 -58.00 -18.00  95.64
 -58.00 -17.00  94.17
 -58.00 -16.00  92.37
 -58.00 -15.00  90.42
 -58.00 -14.00  88.46
 -58.00 -13.00  86.63
 -58.00 -12.00  85.01
 -58.00 -11.00  83.69
 -58.00 -10.00  82.74
 -58.00  -9.00  82.23
 -58.00  -8.00  82.27
 -58.00  -7.00  82.93
 -58.00  -6.00  84.27
 -58.00  -5.00  86.34
 -58.00  -4.00  89.08
 -58.00  -3.00  92.37
 -58.00  -2.00  96.01
 -58.00  -1.00  99.72
 -58.00   0.00 103.19
 -58.00   1.00 106.07
 -58.00   2.00 108.06
 -58.00   3.00 108.93
 -58.00   4.00 108.52
 -58.00   5.00 106.82
 -58.00   6.00 103.92
 -58.00   7.00 100.00
 -58.00   8.00  95.35
 -58.00   9.00  90.28
 -58.00  10.00  85.13
 -58.00  11.00  80.19
 -58.00  12.00  75.72
 -58.00  13.00  71.90
 -58.00  14.00  68.83
 -58.00  15.00  66.53
 -58.00  16.00  64.95
 -58.00  17.00  63.98
 -58.00  18.00  63.50
 -58.00  19.00  63.38
 -58.00  20.00  63.47
 -58.00  21.00  63.67
 -58.00  22.00  63.90
 -58.00  23.00  64.08
 -58.00  24.00  64.19
 -58.00  25.00  64.21
 -58.00  26.00  64.12
 -58.00  27.00  63.94
 -57.00 -37.00  71.84
 -57.00 -36.00  73.34
 -57.00 -35.00  74.92
 -57.00 -34.00  76.38
 -57.00 -33.00  77.58
 -57.00 -32.00  78.51
 -57.00 -31.00  79.23
 -57.00 -30.00  79.92
 -57.00 -29.00  80.75
 -57.00 -28.00  81.91
 -57.00 -27.00  83.50
 -57.00 -26.00  85.54
 -57.00 -25.00  87.92
 -57.00 -24.00  90.46
 -57.00 -23.00  92.89
 -57.00 -22.00  94.97
 -57.00 -21.00  96.48
 -57.00 -20.00  97.26
 -57.00 -19.00  97.27
 -57.00 -18.00  96.55
 -57.00 -17.00  95.23
 -57.00 -16.00  93.48
 -57.00 -15.00  91.48
 -57.00 -14.00  89.42
 -57.00 -13.00  87.43
 -57.00 -12.00  85.63
 -57.00 -11.00  84.11
 -57.00 -10.00  82.93
 -57.00  -9.00  82.16
 -57.00  -8.00  81.88
 -57.00  -7.00  82.18
 -57.00  -6.00  83.13
 -57.00  -5.00  84.77
 -57.00  -4.00  87.10
 -57.00  -3.00  90.07
 -57.00  -2.00  93.50
 -57.00  -1.00  97.17
 -57.00   0.00 100.79
 -57.00   1.00 104.01
 -57.00   2.00 106.52
 -57.00   3.00 108.03
 -57.00   4.00 108.34
 -57.00   5.00 107.33
 -57.00   6.00 105.04
 -57.00   7.00 101.60
 -57.00   8.00  97.24
 -57.00   9.00  92.26
 -57.00  10.00  87.00
 -57.00  11.00  81.80
 -57.00  12.00  76.96
 -57.00  13.00  72.70
 -57.00  14.00  69.18
 -57.00  15.00  66.46
 -57.00  16.00  64.53
 -57.00  17.00  63.30
 -57.00  18.00  62.66
 -57.00  19.00  62.46
 -57.00  20.00  62.56
 -57.00  21.00  62.81
 -57.00  22.00  63.11
 -57.00  23.00  63.38
 -57.00  24.00  63.58
 -57.00  25.00  63.66
 -57.00  26.00  63.60
 -57.00  27.00  63.42
 -56.00 -37.00  71.67
 -56.00 -36.00  73.03
 -56.00 -35.00  74.57
 -56.00 -34.00  76.07
 -56.00 -33.00  77.38
 -56.00 -32.00  78.41
 -56.00 -31.00  79.19
 -56.00 -30.00  79.84
 -56.00 -29.00  80.56
 -56.00 -28.00  81.53
 -56.00 -27.00  82.91
 -56.00 -26.00  84.75
 -56.00 -25.00  87.01
 -56.00 -24.00  89.53
 -56.00 -23.00  92.09
 -56.00 -22.00  94.42
 -56.00 -21.00  96.26
 -56.00 -20.00  97.43
 -56.00 -19.00  97.81
 -56.00 -18.00  97.40
 -56.00 -17.00  96.31
 -56.00 -16.00  94.67
 -56.00 -15.00  92.69
 -56.00 -14.00  90.55
 -56.00 -13.00  88.42
 -56.00 -12.00  86.44
 -56.00 -11.00  84.71
 -56.00 -10.00  83.31
 -56.00  -9.00  82.28
 -56.00  -8.00  81.71
 -56.00  -7.00  81.66
 -56.00  -6.00  82.21
 -56.00  -5.00  83.42
 -56.00  -4.00  85.33
 -56.00  -3.00  87.90
 -56.00  -2.00  91.03
 -56.00  -1.00  94.55
 -56.00   0.00  98.19
 -56.00   1.00 101.65
 -56.00   2.00 104.59
 -56.00   3.00 106.69
 -56.00   4.00 107.69
 -56.00   5.00 107.43
 -56.00   6.00 105.83
 -56.00   7.00 102.98
 -56.00   8.00  99.04
 -56.00   9.00  94.29
 -56.00  10.00  89.05
 -56.00  11.00  83.69
 -56.00  12.00  78.52
 -56.00  13.00  73.83
 -56.00  14.00  69.84
 -56.00  15.00  66.65
 -56.00  16.00  64.30
 -56.00  17.00  62.74
 -56.00  18.00  61.87
 -56.00  19.00  61.53
 -56.00  20.00  61.58
 -56.00  21.00  61.85
 -56.00  22.00  62.23
 -56.00  23.00  62.60
 -56.00  24.00  62.90
 -56.00  25.00  63.07
 -56.00  26.00  63.08
 -56.00  27.00  62.93
 -55.00 -37.00  71.61
 -55.00 -36.00  72.76
 -55.00 -35.00  74.20
 -55.00 -34.00  75.72
 -55.00 -33.00  77.11
 -55.00 -32.00  78.25
 -55.00 -31.00  79.12
 -55.00 -30.00  79.79
 -55.00 -29.00  80.43
 -55.00 -28.00  81.24
 -55.00 -27.00  82.39
 -55.00 -26.00  84.00
 -55.00 -25.00  86.08
 -55.00 -24.00  88.53
 -55.00 -23.00  91.14
 -55.00 -22.00  93.66
 -55.00 -21.00  95.82
 -55.00 -20.00  97.37
 -55.00 -19.00  98.16
 -55.00 -18.00  98.13
 -55.00 -17.00  97.33
 -55.00 -16.00  95.89
 -55.00 -15.00  93.98
 -55.00 -14.00  91.82
 -55.00 -13.00  89.58
 -55.00 -12.00  87.44
 -55.00 -11.00  85.51
 -55.00 -10.00  83.88
 -55.00  -9.00  82.61
 -55.00  -8.00  81.75
 -55.00  -7.00  81.38
 -55.00  -6.00  81.55
 -55.00  -5.00  82.34
 -55.00  -4.00  83.80
 -55.00  -3.00  85.93
 -55.00  -2.00  88.70
 -55.00  -1.00  91.96
 -55.00   0.00  95.51
 -55.00   1.00  99.08
 -55.00   2.00 102.33
 -55.00   3.00 104.93
 -55.00   4.00 106.58
 -55.00   5.00 107.05
 -55.00   6.00 106.21
 -55.00   7.00 104.03
 -55.00   8.00 100.65
 -55.00   9.00  96.26
 -55.00  10.00  91.18
 -55.00  11.00  85.76
 -55.00  12.00  80.36
 -55.00  13.00  75.29
 -55.00  14.00  70.83
 -55.00  15.00  67.15
 -55.00  16.00  64.32
 -55.00  17.00  62.36
 -55.00  18.00  61.17
 -55.00  19.00  60.62
 -55.00  20.00  60.56
 -55.00  21.00  60.82
 -55.00  22.00  61.25
 -55.00  23.00  61.72
 -55.00  24.00  62.13
 -55.00  25.00  62.42
 -55.00  26.00  62.53
 -55.00  27.00  62.46
 -54.00 -37.00  72.10
 -54.00 -36.00  72.98
 -54.00 -35.00  74.27
 -54.00 -34.00  75.74
 -54.00 -33.00  77.18
 -54.00 -32.00  78.42
 -54.00 -31.00  79.38
 -54.00 -30.00  80.08
 -54.00 -29.00  80.67
 -54.00 -28.00  81.33
 -54.00 -27.00  82.26
 -54.00 -26.00  83.61
 -54.00 -25.00  85.45
 -54.00 -24.00  87.74
 -54.00 -23.00  90.32
 -54.00 -22.00  92.94
 -54.00 -21.00  95.33
 -54.00 -20.00  97.22
 -54.00 -19.00  98.39
 -54.00 -18.00  98.74
 -54.00 -17.00  98.26
 -54.00 -16.00  97.04
 -54.00 -15.00  95.25
 -54.00 -14.00  93.09
 -54.00 -13.00  90.77
 -54.00 -12.00  88.48
 -54.00 -11.00  86.35
 -54.00 -10.00  84.49
 -54.00  -9.00  82.96
 -54.00  -8.00  81.81
 -54.00  -7.00  81.09
 -54.00  -6.00  80.88
 -54.00  -5.00  81.22
 -54.00  -4.00  82.20
 -54.00  -3.00  83.85
 -54.00  -2.00  86.17
 -54.00  -1.00  89.07
 -54.00   0.00  92.42
 -54.00   1.00  95.96
 -54.00   2.00  99.40
 -54.00   3.00 102.40
 -54.00   4.00 104.63
 -54.00   5.00 105.81
 -54.00   6.00 105.73
 -54.00   7.00 104.30
 -54.00   8.00 101.55
 -54.00   9.00  97.65
 -54.00  10.00  92.85
 -54.00  11.00  87.50
 -54.00  12.00  81.96
 -54.00  13.00  76.58
 -54.00  14.00  71.67
 -54.00  15.00  67.48
 -54.00  16.00  64.14
 -54.00  17.00  61.70
 -54.00  18.00  60.12
 -54.00  19.00  59.29
 -54.00  20.00  59.06
 -54.00  21.00  59.27
 -54.00  22.00  59.74
 -54.00  23.00  60.31
 -54.00  24.00  60.87
 -54.00  25.00  61.32
 -54.00  26.00  61.58
 -54.00  27.00  61.61
 -53.00 -37.00  72.77
 -53.00 -36.00  73.35
 -53.00 -35.00  74.43
 -53.00 -34.00  75.81
 -53.00 -33.00  77.26
 -53.00 -32.00  78.59
 -53.00 -31.00  79.65
 -53.00 -30.00  80.44
 -53.00 -29.00  81.03
 -53.00 -28.00  81.58
 -53.00 -27.00  82.31
 -53.00 -26.00  83.41
 -53.00 -25.00  84.98
 -53.00 -24.00  87.06
 -53.00 -23.00  89.53
 -53.00 -22.00  92.18
 -53.00 -21.00  94.74
 -53.00 -20.00  96.93
 -53.00 -19.00  98.48
 -53.00 -18.00  99.24
 -53.00 -17.00  99.13
 -53.00 -16.00  98.21
 -53.00 -15.00  96.61
 -53.00 -14.00  94.52
 -53.00 -13.00  92.18
 -53.00 -12.00  89.77
 -53.00 -11.00  87.47
 -53.00 -10.00  85.39
 -53.00  -9.00  83.62
 -53.00  -8.00  82.20
 -53.00  -7.00  81.17
 -53.00  -6.00  80.58
 -53.00  -5.00  80.50
 -53.00  -4.00  81.00
 -53.00  -3.00  82.14
 -53.00  -2.00  83.96
 -53.00  -1.00  86.43
 -53.00   0.00  89.46
 -53.00   1.00  92.85
 -53.00   2.00  96.34
 -53.00   3.00  99.62
 -53.00   4.00 102.33
 -53.00   5.00 104.14
 -53.00   6.00 104.80
 -53.00   7.00 104.14
 -53.00   8.00 102.11
 -53.00   9.00  98.81
 -53.00  10.00  94.44
 -53.00  11.00  89.30
 -53.00  12.00  83.76
 -53.00  13.00  78.18
 -53.00  14.00  72.91
 -53.00  15.00  68.25
 -53.00  16.00  64.38
 -53.00  17.00  61.43
 -53.00  18.00  59.38
 -53.00  19.00  58.19
 -53.00  20.00  57.70
 -53.00  21.00  57.77
 -53.00  22.00  58.21
 -53.00  23.00  58.84
 -53.00  24.00  59.52
 -53.00  25.00  60.13
 -53.00  26.00  60.56
 -53.00  27.00  60.75
 -52.00 -37.00  73.53
 -52.00 -36.00  73.79
 -52.00 -35.00  74.60
 -52.00 -34.00  75.83
 -52.00 -33.00  77.25
 -52.00 -32.00  78.64
 -52.00 -31.00  79.83
 -52.00 -30.00  80.73
 -52.00 -29.00  81.38
 -52.00 -28.00  81.89
 -52.00 -27.00  82.48
 -52.00 -26.00  83.33
 -52.00 -25.00  84.63
 -52.00 -24.00  86.45
 -52.00 -23.00  88.74
 -52.00 -22.00  91.34
 -52.00 -21.00  94.01
 -52.00 -20.00  96.45
 -52.00 -19.00  98.37
 -52.00 -18.00  99.55
 -52.00 -17.00  99.87
 -52.00 -16.00  99.32
 -52.00 -15.00  98.00
 -52.00 -14.00  96.07
 -52.00 -13.00  93.77
 -52.00 -12.00  91.31
 -52.00 -11.00  88.87
 -52.00 -10.00  86.61
 -52.00  -9.00  84.62
 -52.00  -8.00  82.95
 -52.00  -7.00  81.63
 -52.00  -6.00  80.71
 -52.00  -5.00  80.24
 -52.00  -4.00  80.29
 -52.00  -3.00  80.93
 -52.00  -2.00  82.23
 -52.00  -1.00  84.22
 -52.00   0.00  86.83
 -52.00   1.00  89.96
 -52.00   2.00  93.37
 -52.00   3.00  96.77
 -52.00   4.00  99.83
 -52.00   5.00 102.18
 -52.00   6.00 103.53
 -52.00   7.00 103.64
 -52.00   8.00 102.38
 -52.00   9.00  99.77
 -52.00  10.00  95.95
 -52.00  11.00  91.17
 -52.00  12.00  85.78
 -52.00  13.00  80.13
 -52.00  14.00  74.61
 -52.00  15.00  69.55
 -52.00  16.00  65.19
 -52.00  17.00  61.70
 -52.00  18.00  59.15
 -52.00  19.00  57.50
 -52.00  20.00  56.67
 -52.00  21.00  56.50
 -52.00  22.00  56.81
 -52.00  23.00  57.43
 -52.00  24.00  58.19
 -52.00  25.00  58.93
 -52.00  26.00  59.53
 -52.00  27.00  59.90
 -51.00 -37.00  74.39
 -51.00 -36.00  74.29
 -51.00 -35.00  74.80
 -51.00 -34.00  75.81
 -51.00 -33.00  77.14
 -51.00 -32.00  78.56
 -51.00 -31.00  79.86
 -51.00 -30.00  80.90
 -51.00 -29.00  81.66
 -51.00 -28.00  82.20
 -51.00 -27.00  82.70
 -51.00 -26.00  83.36
 -51.00 -25.00  84.39
 -51.00 -24.00  85.92
 -51.00 -23.00  87.97
 -51.00 -22.00  90.45
 -51.00 -21.00  93.14
 -51.00 -20.00  95.76
 -51.00 -19.00  98.02
 -51.00 -18.00  99.63
 -51.00 -17.00 100.42
 -51.00 -16.00 100.31
 -51.00 -15.00  99.35
 -51.00 -14.00  97.67
 -51.00 -13.00  95.49
 -51.00 -12.00  93.04
 -51.00 -11.00  90.52
 -51.00 -10.00  88.10
 -51.00  -9.00  85.92
 -51.00  -8.00  84.02
 -51.00  -7.00  82.45
 -51.00  -6.00  81.24
 -51.00  -5.00  80.42
 -51.00  -4.00  80.06
 -51.00  -3.00  80.23
 -51.00  -2.00  81.02
 -51.00  -1.00  82.48
 -51.00   0.00  84.62
 -51.00   1.00  87.37
 -51.00   2.00  90.57
 -51.00   3.00  93.96
 -51.00   4.00  97.22
 -51.00   5.00 100.00
 -51.00   6.00 101.95
 -51.00   7.00 102.79
 -51.00   8.00 102.31
 -51.00   9.00 100.46
 -51.00  10.00  97.30
 -51.00  11.00  93.02
 -51.00  12.00  87.91
 -51.00  13.00  82.35
 -51.00  14.00  76.70
 -51.00  15.00  71.33
 -51.00  16.00  66.54
 -51.00  17.00  62.53
 -51.00  18.00  59.44
 -51.00  19.00  57.29
 -51.00  20.00  56.02
 -51.00  21.00  55.51
 -51.00  22.00  55.61
 -51.00  23.00  56.13
 -51.00  24.00  56.89
 -51.00  25.00  57.73
 -51.00  26.00  58.48
 -51.00  27.00  59.04
 -50.00 -37.00  75.33
 -50.00 -36.00  74.88
 -50.00 -35.00  75.04
 -50.00 -34.00  75.77
 -50.00 -33.00  76.94
 -50.00 -32.00  78.32
 -50.00 -31.00  79.71
 -50.00 -30.00  80.90
 -50.00 -29.00  81.80
 -50.00 -28.00  82.43
 -50.00 -27.00  82.91
 -50.00 -26.00  83.44
 -50.00 -25.00  84.24
 -50.00 -24.00  85.48
 -50.00 -23.00  87.25
 -50.00 -22.00  89.53
 -50.00 -21.00  92.15
 -50.00 -20.00  94.88
 -50.00 -19.00  97.40
 -50.00 -18.00  99.42
 -50.00 -17.00 100.69
 -50.00 -16.00 101.07
 -50.00 -15.00 100.56
 -50.00 -14.00  99.23
 -50.00 -13.00  97.27
 -50.00 -12.00  94.90
 -50.00 -11.00  92.35
 -50.00 -10.00  89.83
 -50.00  -9.00  87.48
 -50.00  -8.00  85.38
 -50.00  -7.00  83.59
 -50.00  -6.00  82.11
 -50.00  -5.00  80.99
 -50.00  -4.00  80.27
 -50.00  -3.00  80.01
 -50.00  -2.00  80.31
 -50.00  -1.00  81.24
 -50.00   0.00  82.87
 -50.00   1.00  85.16
 -50.00   2.00  88.03
 -50.00   3.00  91.27
 -50.00   4.00  94.60
 -50.00   5.00  97.67
 -50.00   6.00 100.12
 -50.00   7.00 101.62
 -50.00   8.00 101.91
 -50.00   9.00 100.84
 -50.00  10.00  98.41
 -50.00  11.00  94.74
 -50.00  12.00  90.07
 -50.00  13.00  84.73
 -50.00  14.00  79.10
 -50.00  15.00  73.53
 -50.00  16.00  68.38
 -50.00  17.00  63.90
 -50.00  18.00  60.28
 -50.00  19.00  57.58
 -50.00  20.00  55.81
 -50.00  21.00  54.89
 -50.00  22.00  54.67
 -50.00  23.00  54.99
 -50.00  24.00  55.68
 -50.00  25.00  56.54
 -50.00  26.00  57.40
 -50.00  27.00  58.14
 -49.00 -37.00  76.33
 -49.00 -36.00  75.55
 -49.00 -35.00  75.34
 -49.00 -34.00  75.74
 -49.00 -33.00  76.67
 -49.00 -32.00  77.95
 -49.00 -31.00  79.36
 -49.00 -30.00  80.68
 -49.00 -29.00  81.75
 -49.00 -28.00  82.52
 -49.00 -27.00  83.06
 -49.00 -26.00  83.53
 -49.00 -25.00  84.15
 -49.00 -24.00  85.12
 -49.00 -23.00  86.58
 -49.00 -22.00  88.60
 -49.00 -21.00  91.07
 -49.00 -20.00  93.81
 -49.00 -19.00  96.51
 -49.00 -18.00  98.88
 -49.00 -17.00 100.63
 -49.00 -16.00 101.54
 -49.00 -15.00 101.54
 -49.00 -14.00 100.65
 -49.00 -13.00  99.01
 -49.00 -12.00  96.82
 -49.00 -11.00  94.33
 -49.00 -10.00  91.75
 -49.00  -9.00  89.26
 -49.00  -8.00  86.99
 -49.00  -7.00  84.98
 -49.00  -6.00  83.28
 -49.00  -5.00  81.90
 -49.00  -4.00  80.86
 -49.00  -3.00  80.23
 -49.00  -2.00  80.08
 -49.00  -1.00  80.51
 -49.00   0.00  81.61
 -49.00   1.00  83.40
 -49.00   2.00  85.85
 -49.00   3.00  88.81
 -49.00   4.00  92.06
 -49.00   5.00  95.27
 -49.00   6.00  98.09
 -49.00   7.00 100.15
 -49.00   8.00 101.16
 -49.00   9.00 100.88
 -49.00  10.00  99.24
 -49.00  11.00  96.28
 -49.00  12.00  92.16
 -49.00  13.00  87.19
 -49.00  14.00  81.70
 -49.00  15.00  76.07
 -49.00  16.00  70.67
 -49.00  17.00  65.79
 -49.00  18.00  61.65
 -49.00  19.00  58.41
 -49.00  20.00  56.09
 -49.00  21.00  54.67
 -49.00  22.00  54.05
 -49.00  23.00  54.07
 -49.00  24.00  54.58
 -49.00  25.00  55.38
 -49.00  26.00  56.30
 -49.00  27.00  57.17
 -48.00 -37.00  77.38
 -48.00 -36.00  76.31
 -48.00 -35.00  75.73
 -48.00 -34.00  75.77
 -48.00 -33.00  76.39
 -48.00 -32.00  77.48
 -48.00 -31.00  78.84
 -48.00 -30.00  80.23
 -48.00 -29.00  81.46
 -48.00 -28.00  82.41
 -48.00 -27.00  83.08
 -48.00 -26.00  83.57
 -48.00 -25.00  84.08
 -48.00 -24.00  84.82
 -48.00 -23.00  85.99
 -48.00 -22.00  87.70
 -48.00 -21.00  89.94
 -48.00 -20.00  92.58
 -48.00 -19.00  95.37
 -48.00 -18.00  98.01
 -48.00 -17.00 100.19
 -48.00 -16.00 101.64
 -48.00 -15.00 102.20
 -48.00 -14.00 101.83
 -48.00 -13.00 100.61
 -48.00 -12.00  98.71
 -48.00 -11.00  96.36
 -48.00 -10.00  93.79
 -48.00  -9.00  91.22
 -48.00  -8.00  88.79
 -48.00  -7.00  86.60
 -48.00  -6.00  84.69
 -48.00  -5.00  83.08
 -48.00  -4.00  81.78
 -48.00  -3.00  80.82
 -48.00  -2.00  80.28
 -48.00  -1.00  80.26
 -48.00   0.00  80.84
 -48.00   1.00  82.11
 -48.00   2.00  84.07
 -48.00   3.00  86.66
 -48.00   4.00  89.69
 -48.00   5.00  92.90
 -48.00   6.00  95.94
 -48.00   7.00  98.45
 -48.00   8.00 100.09
 -48.00   9.00 100.57
 -48.00  10.00  99.73
 -48.00  11.00  97.54
 -48.00  12.00  94.09
 -48.00  13.00  89.61
 -48.00  14.00  84.41
 -48.00  15.00  78.85
 -48.00  16.00  73.31
 -48.00  17.00  68.11
 -48.00  18.00  63.53
 -48.00  19.00  59.75
 -48.00  20.00  56.87
 -48.00  21.00  54.90
 -48.00  22.00  53.79
 -48.00  23.00  53.43
 -48.00  24.00  53.66
 -48.00  25.00  54.32
 -48.00  26.00  55.21
 -48.00  27.00  56.16
 -47.00 -37.00  78.41
 -47.00 -36.00  77.13
 -47.00 -35.00  76.23
 -47.00 -34.00  75.88
 -47.00 -33.00  76.14
 -47.00 -32.00  76.96
 -47.00 -31.00  78.18
 -47.00 -30.00  79.57
 -47.00 -29.00  80.92
 -47.00 -28.00  82.05
 -47.00 -27.00  82.89
 -47.00 -26.00  83.48
 -47.00 -25.00  83.97
 -47.00 -24.00  84.56
 -47.00 -23.00  85.46
 -47.00 -22.00  86.86
 -47.00 -21.00  88.81
 -47.00 -20.00  91.27
 -47.00 -19.00  94.03
 -47.00 -18.00  96.84
 -47.00 -17.00  99.37
 -47.00 -16.00 101.31
 -47.00 -15.00 102.46
 -47.00 -14.00 102.67
 -47.00 -13.00 101.96
 -47.00 -12.00 100.46
 -47.00 -11.00  98.35
 -47.00 -10.00  95.89
 -47.00  -9.00  93.29
 -47.00  -8.00  90.75
 -47.00  -7.00  88.39
 -47.00  -6.00  86.29
 -47.00  -5.00  84.47
 -47.00  -4.00  82.94
 -47.00  -3.00  81.72
 -47.00  -2.00  80.85
 -47.00  -1.00  80.42
 -47.00   0.00  80.54
 -47.00   1.00  81.30
 -47.00   2.00  82.75
 -47.00   3.00  84.88
 -47.00   4.00  87.59
 -47.00   5.00  90.65
 -47.00   6.00  93.76
 -47.00   7.00  96.58
 -47.00   8.00  98.73
 -47.00   9.00  99.90
 -47.00  10.00  99.85
 -47.00  11.00  98.45
 -47.00  12.00  95.74
 -47.00  13.00  91.87
 -47.00  14.00  87.09
 -47.00  15.00  81.75
 -47.00  16.00  76.20
 -47.00  17.00  70.79
 -47.00  18.00  65.84
 -47.00  19.00  61.56
 -47.00  20.00  58.13
 -47.00  21.00  55.59
 -47.00  22.00  53.94
 -47.00  23.00  53.11
 -47.00  24.00  52.98
 -47.00  25.00  53.39
 -47.00  26.00  54.16
 -47.00  27.00  55.11
 -46.00 -37.00  79.39
 -46.00 -36.00  77.97
 -46.00 -35.00  76.81
 -46.00 -34.00  76.10
 -46.00 -33.00  75.99
 -46.00 -32.00  76.47
 -46.00 -31.00  77.46
 -46.00 -30.00  78.76
 -46.00 -29.00  80.16
 -46.00 -28.00  81.44
 -46.00 -27.00  82.47
 -46.00 -26.00  83.22
 -46.00 -25.00  83.76
 -46.00 -24.00  84.28
 -46.00 -23.00  84.99
 -46.00 -22.00  86.10
 -46.00 -21.00  87.74
 -46.00 -20.00  89.93
 -46.00 -19.00  92.56
 -46.00 -18.00  95.42
 -46.00 -17.00  98.19
 -46.00 -16.00 100.57
 -46.00 -15.00 102.26
 -46.00 -14.00 103.09
 -46.00 -13.00 102.97
 -46.00 -12.00 101.95
 -46.00 -11.00 100.20
 -46.00 -10.00  97.93
 -46.00  -9.00  95.39
 -46.00  -8.00  92.79
 -46.00  -7.00  90.30
 -46.00  -6.00  88.03
 -46.00  -5.00  86.02
 -46.00  -4.00  84.28
 -46.00  -3.00  82.83
 -46.00  -2.00  81.69
 -46.00  -1.00  80.93
 -46.00   0.00  80.65
 -46.00   1.00  80.93
 -46.00   2.00  81.88
 -46.00   3.00  83.53
 -46.00   4.00  85.83
 -46.00   5.00  88.62
 -46.00   6.00  91.67
 -46.00   7.00  94.64
 -46.00   8.00  97.18
 -46.00   9.00  98.92
 -46.00  10.00  99.59
 -46.00  11.00  98.98
 -46.00  12.00  97.05
 -46.00  13.00  93.87
 -46.00  14.00  89.63
 -46.00  15.00  84.62
 -46.00  16.00  79.19
 -46.00  17.00  73.70
 -46.00  18.00  68.48
 -46.00  19.00  63.78
 -46.00  20.00  59.83
 -46.00  21.00  56.72
 -46.00  22.00  54.51
 -46.00  23.00  53.16
 -46.00  24.00  52.58
 -46.00  25.00  52.65
 -46.00  26.00  53.20
 -46.00  27.00  54.07
 -45.00 -37.00  80.25
 -45.00 -36.00  78.78
 -45.00 -35.00  77.43
 -45.00 -34.00  76.43
 -45.00 -33.00  75.94
 -45.00 -32.00  76.06
 -45.00 -31.00  76.75
 -45.00 -30.00  77.88
 -45.00 -29.00  79.24
 -45.00 -28.00  80.61
 -45.00 -27.00  81.81
 -45.00 -26.00  82.74
 -45.00 -25.00  83.41
 -45.00 -24.00  83.94
 -45.00 -23.00  84.54
 -45.00 -22.00  85.41
 -45.00 -21.00  86.75
 -45.00 -20.00  88.64
 -45.00 -19.00  91.06
 -45.00 -18.00  93.84
 -45.00 -17.00  96.75
 -45.00 -16.00  99.44
 -45.00 -15.00 101.62
 -45.00 -14.00 103.04
 -45.00 -13.00 103.54
 -45.00 -12.00 103.09
 -45.00 -11.00 101.79
 -45.00 -10.00  99.83
 -45.00  -9.00  97.44
 -45.00  -8.00  94.85
 -45.00  -7.00  92.28
 -45.00  -6.00  89.85
 -45.00  -5.00  87.66
 -45.00  -4.00  85.73
 -45.00  -3.00  84.08
 -45.00  -2.00  82.72
 -45.00  -1.00  81.69
 -45.00   0.00  81.07
 -45.00   1.00  80.95
 -45.00   2.00  81.44
 -45.00   3.00  82.61
 -45.00   4.00  84.46
 -45.00   5.00  86.90
 -45.00   6.00  89.76
 -45.00   7.00  92.74
 -45.00   8.00  95.50
 -45.00   9.00  97.70
 -45.00  10.00  98.98
 -45.00  11.00  99.12
 -45.00  12.00  97.96
 -45.00  13.00  95.51
 -45.00  14.00  91.89
 -45.00  15.00  87.34
 -45.00  16.00  82.17
 -45.00  17.00  76.71
 -45.00  18.00  71.33
 -45.00  19.00  66.31
 -45.00  20.00  61.89
 -45.00  21.00  58.25
 -45.00  22.00  55.47
 -45.00  23.00  53.56
 -45.00  24.00  52.49
 -45.00  25.00  52.15
 -45.00  26.00  52.40
 -45.00  27.00  53.09
 -44.00 -37.00  80.93
 -44.00 -36.00  79.50
 -44.00 -35.00  78.05
 -44.00 -34.00  76.82
 -44.00 -33.00  76.01
 -44.00 -32.00  75.76
 -44.00 -31.00  76.11
 -44.00 -30.00  76.99
 -44.00 -29.00  78.23
 -44.00 -28.00  79.62
 -44.00 -27.00  80.94
 -44.00 -26.00  82.04
 -44.00 -25.00  82.87
 -44.00 -24.00  83.49
 -44.00 -23.00  84.06
 -44.00 -22.00  84.77
 -44.00 -21.00  85.85
 -44.00 -20.00  87.44
 -44.00 -19.00  89.59
 -44.00 -18.00  92.22
 -44.00 -17.00  95.12
 -44.00 -16.00  98.02
 -44.00 -15.00 100.59
 -44.00 -14.00 102.54
 -44.00 -13.00 103.64
 -44.00 -12.00 103.80
 -44.00 -11.00 103.04
 -44.00 -10.00 101.48
 -44.00  -9.00  99.34
 -44.00  -8.00  96.85
 -44.00  -7.00  94.25
 -44.00  -6.00  91.71
 -44.00  -5.00  89.36
 -44.00  -4.00  87.25
 -44.00  -3.00  85.42
 -44.00  -2.00  83.86
 -44.00  -1.00  82.61
 -44.00   0.00  81.71
 -44.00   1.00  81.26
 -44.00   2.00  81.35
 -44.00   3.00  82.08
 -44.00   4.00  83.48
 -44.00   5.00  85.53
 -44.00   6.00  88.10
 -44.00   7.00  90.97
 -44.00   8.00  93.82
 -44.00   9.00  96.32
 -44.00  10.00  98.11
 -44.00  11.00  98.89
 -44.00  12.00  98.47
 -44.00  13.00  96.76
 -44.00  14.00  93.81
 -44.00  15.00  89.79
 -44.00  16.00  84.98
 -44.00  17.00  79.69
 -44.00  18.00  74.26
 -44.00  19.00  69.01
 -44.00  20.00  64.22
 -44.00  21.00  60.10
 -44.00  22.00  56.78
 -44.00  23.00  54.31
 -44.00  24.00  52.71
 -44.00  25.00  51.90
 -44.00  26.00  51.79
 -44.00  27.00  52.22
 -43.00 -37.00  81.49
 -43.00 -36.00  80.14
 -43.00 -35.00  78.68
 -43.00 -34.00  77.31
 -43.00 -33.00  76.24
 -43.00 -32.00  75.66
 -43.00 -31.00  75.66
 -43.00 -30.00  76.24
 -43.00 -29.00  77.28
 -43.00 -28.00  78.59
 -43.00 -27.00  79.96
 -43.00 -26.00  81.20
 -43.00 -25.00  82.19
 -43.00 -24.00  82.93
 -43.00 -23.00  83.53
 -43.00 -22.00  84.15
 -43.00 -21.00  85.03
 -43.00 -20.00  86.34
 -43.00 -19.00  88.20
 -43.00 -18.00  90.60
 -43.00 -17.00  93.41
 -43.00 -16.00  96.39
 -43.00 -15.00  99.23
 -43.00 -14.00 101.62
 -43.00 -13.00 103.28
 -43.00 -12.00 104.04
 -43.00 -11.00 103.85
 -43.00 -10.00 102.77
 -43.00  -9.00 100.97
 -43.00  -8.00  98.67
 -43.00  -7.00  96.10
 -43.00  -6.00  93.50
 -43.00  -5.00  91.01
 -43.00  -4.00  88.73
 -43.00  -3.00  86.71
 -43.00  -2.00  84.98
 -43.00  -1.00  83.53
 -43.00   0.00  82.41
 -43.00   1.00  81.68
 -43.00   2.00  81.44
 -43.00   3.00  81.77
 -43.00   4.00  82.75
 -43.00   5.00  84.39
 -43.00   6.00  86.62
 -43.00   7.00  89.28
 -43.00   8.00  92.10
 -43.00   9.00  94.77
 -43.00  10.00  96.92
 -43.00  11.00  98.25
 -43.00  12.00  98.49
 -43.00  13.00  97.49
 -43.00  14.00  95.23
 -43.00  15.00  91.81
 -43.00  16.00  87.45
 -43.00  17.00  82.42
 -43.00  18.00  77.06
 -43.00  19.00  71.70
 -43.00  20.00  66.63
 -43.00  21.00  62.11
 -43.00  22.00  58.29
 -43.00  23.00  55.30
 -43.00  24.00  53.17
 -43.00  25.00  51.88
 -43.00  26.00  51.36
 -43.00  27.00  51.48
 -42.00 -37.00  81.89
 -42.00 -36.00  80.65
 -42.00 -35.00  79.24
 -42.00 -34.00  77.81
 -42.00 -33.00  76.56
 -42.00 -32.00  75.70
 -42.00 -31.00  75.37
 -42.00 -30.00  75.63
 -42.00 -29.00  76.42
 -42.00 -28.00  77.59
 -42.00 -27.00  78.93
 -42.00 -26.00  80.25
 -42.00 -25.00  81.39
 -42.00 -24.00  82.27
 -42.00 -23.00  82.94
 -42.00 -22.00  83.55
 -42.00 -21.00  84.29
 -42.00 -20.00  85.37
 -42.00 -19.00  86.94
 -42.00 -18.00  89.08
 -42.00 -17.00  91.72
 -42.00 -16.00  94.68
 -42.00 -15.00  97.68
 -42.00 -14.00 100.40
 -42.00 -13.00 102.55
 -42.00 -12.00 103.88
 -42.00 -11.00 104.27
 -42.00 -10.00 103.72
 -42.00  -9.00 102.33
 -42.00  -8.00 100.30
 -42.00  -7.00  97.86
 -42.00  -6.00  95.25
 -42.00  -5.00  92.66
 -42.00  -4.00  90.23
 -42.00  -3.00  88.04
 -42.00  -2.00  86.13
 -42.00  -1.00  84.50
 -42.00   0.00  83.19
 -42.00   1.00  82.23
 -42.00   2.00  81.71
 -42.00   3.00  81.70
 -42.00   4.00  82.30
 -42.00   5.00  83.55
 -42.00   6.00  85.43
 -42.00   7.00  87.82
 -42.00   8.00  90.51
 -42.00   9.00  93.22
 -42.00  10.00  95.62
 -42.00  11.00  97.37
 -42.00  12.00  98.17
 -42.00  13.00  97.83
 -42.00  14.00  96.24
 -42.00  15.00  93.44
 -42.00  16.00  89.59
 -42.00  17.00  84.91
 -42.00  18.00  79.73
 -42.00  19.00  74.36
 -42.00  20.00  69.11
 -42.00  21.00  64.26
 -42.00  22.00  60.02
 -42.00  23.00  56.54
 -42.00  24.00  53.90
 -42.00  25.00  52.11
 -42.00  26.00  51.14
 -42.00  27.00  50.90
 -41.00 -37.00  82.14
 -41.00 -36.00  81.03
 -41.00 -35.00  79.70
 -41.00 -34.00  78.27
 -41.00 -33.00  76.91
 -41.00 -32.00  75.83
 -41.00 -31.00  75.21
 -41.00 -30.00  75.16
 -41.00 -29.00  75.67
 -41.00 -28.00  76.64
 -41.00 -27.00  77.90
 -41.00 -26.00  79.24
 -41.00 -25.00  80.48
 -41.00 -24.00  81.50
 -41.00 -23.00  82.28
 -41.00 -22.00  82.92
 -41.00 -21.00  83.59
 -41.00 -20.00  84.50
 -41.00 -19.00  85.83
 -41.00 -18.00  87.70
 -41.00 -17.00  90.12
 -41.00 -16.00  92.97
 -41.00 -15.00  96.02
 -41.00 -14.00  98.98
 -41.00 -13.00 101.52
 -41.00 -12.00 103.36
 -41.00 -11.00 104.32
 -41.00 -10.00 104.32
 -41.00  -9.00 103.40
 -41.00  -8.00 101.71
 -41.00  -7.00  99.47
 -41.00  -6.00  96.92
 -41.00  -5.00  94.29
 -41.00  -4.00  91.74
 -41.00  -3.00  89.39
 -41.00  -2.00  87.30
 -41.00  -1.00  85.51
 -41.00   0.00  84.02
 -41.00   1.00  82.86
 -41.00   2.00  82.10
 -41.00   3.00  81.81
 -41.00   4.00  82.08
 -41.00   5.00  82.97
 -41.00   6.00  84.49
 -41.00   7.00  86.58
 -41.00   8.00  89.07
 -41.00   9.00  91.74
 -41.00  10.00  94.27
 -41.00  11.00  96.32
 -41.00  12.00  97.59
 -41.00  13.00  97.82
 -41.00  14.00  96.87
 -41.00  15.00  94.70
 -41.00  16.00  91.39
 -41.00  17.00  87.14
 -41.00  18.00  82.21
 -41.00  19.00  76.92
 -41.00  20.00  71.59
 -41.00  21.00  66.50
 -41.00  22.00  61.90
 -41.00  23.00  57.98
 -41.00  24.00  54.85
 -41.00  25.00  52.57
 -41.00  26.00  51.14
 -41.00  27.00  50.51
 -40.00 -37.00  82.29
 -40.00 -36.00  81.28
 -40.00 -35.00  80.06
 -40.00 -34.00  78.67
 -40.00 -33.00  77.27
 -40.00 -32.00  76.04
 -40.00 -31.00  75.18
 -40.00 -30.00  74.83
 -40.00 -29.00  75.05
 -40.00 -28.00  75.79
 -40.00 -27.00  76.90
 -40.00 -26.00  78.21
 -40.00 -25.00  79.50
 -40.00 -24.00  80.64
 -40.00 -23.00  81.54
 -40.00 -22.00  82.26
 -40.00 -21.00  82.91
 -40.00 -20.00  83.70
 -40.00 -19.00  84.82
 -40.00 -18.00  86.44
 -40.00 -17.00  88.61
 -40.00 -16.00  91.30
 -40.00 -15.00  94.32
 -40.00 -14.00  97.40
 -40.00 -13.00 100.24
 -40.00 -12.00 102.53
 -40.00 -11.00 104.02
 -40.00 -10.00 104.57
 -40.00  -9.00 104.16
 -40.00  -8.00 102.88
 -40.00  -7.00 100.92
 -40.00  -6.00  98.51
 -40.00  -5.00  95.89
 -40.00  -4.00  93.25
 -40.00  -3.00  90.76
 -40.00  -2.00  88.51
 -40.00  -1.00  86.54
 -40.00   0.00  84.88
 -40.00   1.00  83.54
 -40.00   2.00  82.58
 -40.00   3.00  82.05
 -40.00   4.00  82.02
 -40.00   5.00  82.59
 -40.00   6.00  83.77
 -40.00   7.00  85.54
 -40.00   8.00  87.80
 -40.00   9.00  90.35
 -40.00  10.00  92.91
 -40.00  11.00  95.17
 -40.00  12.00  96.80
 -40.00  13.00  97.54
 -40.00  14.00  97.17
 -40.00  15.00  95.60
 -40.00  16.00  92.86
 -40.00  17.00  89.08
 -40.00  18.00  84.49
 -40.00  19.00  79.38
 -40.00  20.00  74.04
 -40.00  21.00  68.80
 -40.00  22.00  63.91
 -40.00  23.00  59.60
 -40.00  24.00  56.02
 -40.00  25.00  53.26
 -40.00  26.00  51.36
 -40.00  27.00  50.30
 -39.00 -37.00  82.37
 -39.00 -36.00  81.44
 -39.00 -35.00  80.32
 -39.00 -34.00  79.02
 -39.00 -33.00  77.62
 -39.00 -32.00  76.30
 -39.00 -31.00  75.25
 -39.00 -30.00  74.64
 -39.00 -29.00  74.57
 -39.00 -28.00  75.04
 -39.00 -27.00  75.97
 -39.00 -26.00  77.18
 -39.00 -25.00  78.49
 -39.00 -24.00  79.70
 -39.00 -23.00  80.72
 -39.00 -22.00  81.53
 -39.00 -21.00  82.21
 -39.00 -20.00  82.93
 -39.00 -19.00  83.90
 -39.00 -18.00  85.28
 -39.00 -17.00  87.20
 -39.00 -16.00  89.68
 -39.00 -15.00  92.59
 -39.00 -14.00  95.72
 -39.00 -13.00  98.77
 -39.00 -12.00 101.42
 -39.00 -11.00 103.39
 -39.00 -10.00 104.49
 -39.00  -9.00 104.61
 -39.00  -8.00 103.80
 -39.00  -7.00 102.19
 -39.00  -6.00 100.00
 -39.00  -5.00  97.45
 -39.00  -4.00  94.78
 -39.00  -3.00  92.17
 -39.00  -2.00  89.76
 -39.00  -1.00  87.61
 -39.00   0.00  85.78
 -39.00   1.00  84.27
 -39.00   2.00  83.12
 -39.00   3.00  82.37
 -39.00   4.00  82.09
 -39.00   5.00  82.36
 -39.00   6.00  83.22
 -39.00   7.00  84.68
 -39.00   8.00  86.67
 -39.00   9.00  89.04
 -39.00  10.00  91.56
 -39.00  11.00  93.94
 -39.00  12.00  95.85
 -39.00  13.00  97.01
 -39.00  14.00  97.18
 -39.00  15.00  96.20
 -39.00  16.00  94.03
 -39.00  17.00  90.77
 -39.00  18.00  86.57
 -39.00  19.00  81.71
 -39.00  20.00  76.47
 -39.00  21.00  71.15
 -39.00  22.00  66.05
 -39.00  23.00  61.40
 -39.00  24.00  57.40
 -39.00  25.00  54.17
 -39.00  26.00  51.80
 -39.00  27.00  50.29
 -38.00 -37.00  82.42
 -38.00 -36.00  81.54
 -38.00 -35.00  80.52
 -38.00 -34.00  79.31
 -38.00 -33.00  77.96
 -38.00 -32.00  76.60
 -38.00 -31.00  75.41
 -38.00 -30.00  74.58
 -38.00 -29.00  74.23
 -38.00 -28.00  74.43
 -38.00 -27.00  75.13
 -38.00 -26.00  76.20
 -38.00 -25.00  77.45
 -38.00 -24.00  78.71
 -38.00 -23.00  79.83
 -38.00 -22.00  80.74
 -38.00 -21.00  81.48
 -38.00 -20.00  82.18
 -38.00 -19.00  83.03
 -38.00 -18.00  84.21
 -38.00 -17.00  85.89
 -38.00 -16.00  88.12
 -38.00 -15.00  90.86
 -38.00 -14.00  93.95
 -38.00 -13.00  97.12
 -38.00 -12.00 100.06
 -38.00 -11.00 102.47
 -38.00 -10.00 104.08
 -38.00  -9.00 104.76
 -38.00  -8.00 104.46
 -38.00  -7.00 103.27
 -38.00  -6.00 101.36
 -38.00  -5.00  98.96
 -38.00  -4.00  96.31
 -38.00  -3.00  93.63
 -38.00  -2.00  91.07
 -38.00  -1.00  88.76
 -38.00   0.00  86.74
 -38.00   1.00  85.05
 -38.00   2.00  83.71
 -38.00   3.00  82.76
 -38.00   4.00  82.26
 -38.00   5.00  82.25
 -38.00   6.00  82.82
 -38.00   7.00  83.96
 -38.00   8.00  85.67
 -38.00   9.00  87.82
 -38.00  10.00  90.24
 -38.00  11.00  92.65
 -38.00  12.00  94.77
 -38.00  13.00  96.28
 -38.00  14.00  96.92
 -38.00  15.00  96.50
 -38.00  16.00  94.92
 -38.00  17.00  92.20
 -38.00  18.00  88.46
 -38.00  19.00  83.93
 -38.00  20.00  78.85
 -38.00  21.00  73.55
 -38.00  22.00  68.30
 -38.00  23.00  63.37
 -38.00  24.00  59.00
 -38.00  25.00  55.33
 -38.00  26.00  52.49
 -38.00  27.00  50.51
 -37.00 -37.00  82.47
 -37.00 -36.00  81.59
 -37.00 -35.00  80.65
 -37.00 -34.00  79.54
 -37.00 -33.00  78.27
 -37.00 -32.00  76.92
 -37.00 -31.00  75.65
 -37.00 -30.00  74.64
 -37.00 -29.00  74.05
 -37.00 -28.00  73.97
 -37.00 -27.00  74.41
 -37.00 -26.00  75.29
 -37.00 -25.00  76.44
 -37.00 -24.00  77.70
 -37.00 -23.00  78.88
 -37.00 -22.00  79.89
 -37.00 -21.00  80.71
 -37.00 -20.00  81.43
 -37.00 -19.00  82.20
 -37.00 -18.00  83.21
 -37.00 -17.00  84.65
 -37.00 -16.00  86.64
 -37.00 -15.00  89.17
 -37.00 -14.00  92.14
 -37.00 -13.00  95.35
 -37.00 -12.00  98.49
 -37.00 -11.00 101.26
 -37.00 -10.00 103.36
 -37.00  -9.00 104.58
 -37.00  -8.00 104.83
 -37.00  -7.00 104.12
 -37.00  -6.00 102.58
 -37.00  -5.00 100.41
 -37.00  -4.00  97.85
 -37.00  -3.00  95.14
 -37.00  -2.00  92.47
 -37.00  -1.00  89.98
 -37.00   0.00  87.78
 -37.00   1.00  85.90
 -37.00   2.00  84.37
 -37.00   3.00  83.23
 -37.00   4.00  82.50
 -37.00   5.00  82.25
 -37.00   6.00  82.53
 -37.00   7.00  83.37
 -37.00   8.00  84.78
 -37.00   9.00  86.69
 -37.00  10.00  88.95
 -37.00  11.00  91.33
 -37.00  12.00  93.57
 -37.00  13.00  95.36
 -37.00  14.00  96.42
 -37.00  15.00  96.52
 -37.00  16.00  95.52
 -37.00  17.00  93.37
 -37.00  18.00  90.15
 -37.00  19.00  86.01
 -37.00  20.00  81.19
 -37.00  21.00  75.98
 -37.00  22.00  70.67
 -37.00  23.00  65.53
 -37.00  24.00  60.83
 -37.00  25.00  56.74
 -37.00  26.00  53.43
 -37.00  27.00  50.98
 -36.00 -37.00  82.57
 -36.00 -36.00  81.64
 -36.00 -35.00  80.74
 -36.00 -34.00  79.73
 -36.00 -33.00  78.55
 -36.00 -32.00  77.25
 -36.00 -31.00  75.95
 -36.00 -30.00  74.81
 -36.00 -29.00  74.00
 -36.00 -28.00  73.66
 -36.00 -27.00  73.83
 -36.00 -26.00  74.48
 -36.00 -25.00  75.49
 -36.00 -24.00  76.69
 -36.00 -23.00  77.90
 -36.00 -22.00  78.99
 -36.00 -21.00  79.90
 -36.00 -20.00  80.67
 -36.00 -19.00  81.40
 -36.00 -18.00  82.29
 -36.00 -17.00  83.52
 -36.00 -16.00  85.24
 -36.00 -15.00  87.53
 -36.00 -14.00  90.33
 -36.00 -13.00  93.49
 -36.00 -12.00  96.75
 -36.00 -11.00  99.80
 -36.00 -10.00 102.33
 -36.00  -9.00 104.08
 -36.00  -8.00 104.89
 -36.00  -7.00 104.71
 -36.00  -6.00 103.61
 -36.00  -5.00 101.75
 -36.00  -4.00  99.36
 -36.00  -3.00  96.68
 -36.00  -2.00  93.94
 -36.00  -1.00  91.31
 -36.00   0.00  88.92
 -36.00   1.00  86.84
 -36.00   2.00  85.12
 -36.00   3.00  83.77
 -36.00   4.00  82.83
 -36.00   5.00  82.34
 -36.00   6.00  82.35
 -36.00   7.00  82.90
 -36.00   8.00  84.01
 -36.00   9.00  85.65
 -36.00  10.00  87.70
 -36.00  11.00  90.00
 -36.00  12.00  92.28
 -36.00  13.00  94.28
 -36.00  14.00  95.70
 -36.00  15.00  96.28
 -36.00  16.00  95.83
 -36.00  17.00  94.27
 -36.00  18.00  91.59
 -36.00  19.00  87.91
 -36.00  20.00  83.43
 -36.00  21.00  78.40
 -36.00  22.00  73.11
 -36.00  23.00  67.84
 -36.00  24.00  62.87
 -36.00  25.00  58.41
 -36.00  26.00  54.65
 -36.00  27.00  51.72
 -35.00 -37.00  82.73
 -35.00 -36.00  81.71
 -35.00 -35.00  80.81
 -35.00 -34.00  79.86
 -35.00 -33.00  78.79
 -35.00 -32.00  77.57
 -35.00 -31.00  76.28
 -35.00 -30.00  75.06
 -35.00 -29.00  74.09
 -35.00 -28.00  73.51
 -35.00 -27.00  73.42
 -35.00 -26.00  73.82
 -35.00 -25.00  74.64
 -35.00 -24.00  75.74
 -35.00 -23.00  76.93
 -35.00 -22.00  78.08
 -35.00 -21.00  79.07
 -35.00 -20.00  79.89
 -35.00 -19.00  80.63
 -35.00 -18.00  81.43
 -35.00 -17.00  82.49
 -35.00 -16.00  83.97
 -35.00 -15.00  86.00
 -35.00 -14.00  88.59
 -35.00 -13.00  91.63
 -35.00 -12.00  94.92
 -35.00 -11.00  98.16
 -35.00 -10.00 101.05
 -35.00  -9.00 103.29
 -35.00  -8.00 104.65
 -35.00  -7.00 105.02
 -35.00  -6.00 104.41
 -35.00  -5.00 102.93
 -35.00  -4.00 100.79
 -35.00  -3.00  98.21
 -35.00  -2.00  95.45
 -35.00  -1.00  92.71
 -35.00   0.00  90.15
 -35.00   1.00  87.88
 -35.00   2.00  85.95
 -35.00   3.00  84.39
 -35.00   4.00  83.24
 -35.00   5.00  82.52
 -35.00   6.00  82.28
 -35.00   7.00  82.55
 -35.00   8.00  83.37
 -35.00   9.00  84.72
 -35.00  10.00  86.54
 -35.00  11.00  88.69
 -35.00  12.00  90.95
 -35.00  13.00  93.08
 -35.00  14.00  94.77
 -35.00  15.00  95.77
 -35.00  16.00  95.84
 -35.00  17.00  94.85
 -35.00  18.00  92.74
 -35.00  19.00  89.58
 -35.00  20.00  85.50
 -35.00  21.00  80.73
 -35.00  22.00  75.55
 -35.00  23.00  70.23
 -35.00  24.00  65.06
 -35.00  25.00  60.28
 -35.00  26.00  56.12
 -35.00  27.00  52.71
 -34.00 -37.00  82.99
 -34.00 -36.00  81.82
 -34.00 -35.00  80.87
 -34.00 -34.00  79.96
 -34.00 -33.00  78.97
 -34.00 -32.00  77.84
 -34.00 -31.00  76.60
 -34.00 -30.00  75.36
 -34.00 -29.00  74.28
 -34.00 -28.00  73.50
 -34.00 -27.00  73.17
 -34.00 -26.00  73.32
 -34.00 -25.00  73.93
 -34.00 -24.00  74.88
 -34.00 -23.00  76.02
 -34.00 -22.00  77.18
 -34.00 -21.00  78.24
 -34.00 -20.00  79.13
 -34.00 -19.00  79.89
 -34.00 -18.00  80.65
 -34.00 -17.00  81.57
 -34.00 -16.00  82.85
 -34.00 -15.00  84.62
 -34.00 -14.00  86.97
 -34.00 -13.00  89.85
 -34.00 -12.00  93.09
 -34.00 -11.00  96.44
 -34.00 -10.00  99.60
 -34.00  -9.00 102.24
 -34.00  -8.00 104.11
 -34.00  -7.00 105.03
 -34.00  -6.00 104.94
 -34.00  -5.00 103.90
 -34.00  -4.00 102.06
 -34.00  -3.00  99.66
 -34.00  -2.00  96.94
 -34.00  -1.00  94.14
 -34.00   0.00  91.44
 -34.00   1.00  88.98
 -34.00   2.00  86.85
 -34.00   3.00  85.09
 -34.00   4.00  83.73
 -34.00   5.00  82.79
 -34.00   6.00  82.30
 -34.00   7.00  82.31
 -34.00   8.00  82.85
 -34.00   9.00  83.93
 -34.00  10.00  85.50
 -34.00  11.00  87.46
 -34.00  12.00  89.65
 -34.00  13.00  91.82
 -34.00  14.00  93.72
 -34.00  15.00  95.05
 -34.00  16.00  95.58
 -34.00  17.00  95.11
 -34.00  18.00  93.56
 -34.00  19.00  90.92
 -34.00  20.00  87.28
 -34.00  21.00  82.85
 -34.00  22.00  77.85
 -34.00  23.00  72.57
 -34.00  24.00  67.28
 -34.00  25.00  62.26
 -34.00  26.00  57.74
 -34.00  27.00  53.91
 -33.00 -37.00  83.31
 -33.00 -36.00  81.97
 -33.00 -35.00  80.93
 -33.00 -34.00  80.02
 -33.00 -33.00  79.09
 -33.00 -32.00  78.04
 -33.00 -31.00  76.87
 -33.00 -30.00  75.65
 -33.00 -29.00  74.51
 -33.00 -28.00  73.60
 -33.00 -27.00  73.06
 -33.00 -26.00  72.99
 -33.00 -25.00  73.39
 -33.00 -24.00  74.18
 -33.00 -23.00  75.22
 -33.00 -22.00  76.36
 -33.00 -21.00  77.45
 -33.00 -20.00  78.40
 -33.00 -19.00  79.20
 -33.00 -18.00  79.94
 -33.00 -17.00  80.77
 -33.00 -16.00  81.88
 -33.00 -15.00  83.44
 -33.00 -14.00  85.56
 -33.00 -13.00  88.24
 -33.00 -12.00  91.38
 -33.00 -11.00  94.76
 -33.00 -10.00  98.10
 -33.00  -9.00 101.07
 -33.00  -8.00 103.38
 -33.00  -7.00 104.79
 -33.00  -6.00 105.20
 -33.00  -5.00 104.61
 -33.00  -4.00 103.12
 -33.00  -3.00 100.95
 -33.00  -2.00  98.33
 -33.00  -1.00  95.51
 -33.00   0.00  92.71
 -33.00   1.00  90.09
 -33.00   2.00  87.77
 -33.00   3.00  85.82
 -33.00   4.00  84.26
 -33.00   5.00  83.11
 -33.00   6.00  82.41
 -33.00   7.00  82.18
 -33.00   8.00  82.47
 -33.00   9.00  83.28
 -33.00  10.00  84.61
 -33.00  11.00  86.37
 -33.00  12.00  88.44
 -33.00  13.00  90.60
 -33.00  14.00  92.61
 -33.00  15.00  94.19
 -33.00  16.00  95.09
 -33.00  17.00  95.08
 -33.00  18.00  94.02
 -33.00  19.00  91.88
 -33.00  20.00  88.70
 -33.00  21.00  84.63
 -33.00  22.00  79.87
 -33.00  23.00  74.69
 -33.00  24.00  69.37
 -33.00  25.00  64.18
 -33.00  26.00  59.39
 -33.00  27.00  55.20
 -32.00 -37.00  83.67
 -32.00 -36.00  82.14
 -32.00 -35.00  80.99
 -32.00 -34.00  80.04
 -32.00 -33.00  79.14
 -32.00 -32.00  78.17
 -32.00 -31.00  77.07
 -32.00 -30.00  75.89
 -32.00 -29.00  74.73
 -32.00 -28.00  73.73
 -32.00 -27.00  73.05
 -32.00 -26.00  72.79
 -32.00 -25.00  73.00
 -32.00 -24.00  73.63
 -32.00 -23.00  74.57
 -32.00 -22.00  75.66
 -32.00 -21.00  76.76
 -32.00 -20.00  77.75
 -32.00 -19.00  78.59
 -32.00 -18.00  79.33
 -32.00 -17.00  80.10
 -32.00 -16.00  81.09
 -32.00 -15.00  82.47
 -32.00 -14.00  84.39
 -32.00 -13.00  86.88
 -32.00 -12.00  89.90
 -32.00 -11.00  93.27
 -32.00 -10.00  96.72
 -32.00  -9.00  99.92
 -32.00  -8.00 102.57
 -32.00  -7.00 104.41
 -32.00  -6.00 105.26
 -32.00  -5.00 105.08
 -32.00  -4.00 103.93
 -32.00  -3.00 102.00
 -32.00  -2.00  99.52
 -32.00  -1.00  96.72
 -32.00   0.00  93.86
 -32.00   1.00  91.13
 -32.00   2.00  88.65
 -32.00   3.00  86.52
 -32.00   4.00  84.78
 -32.00   5.00  83.45
 -32.00   6.00  82.56
 -32.00   7.00  82.13
 -32.00   8.00  82.20
 -32.00   9.00  82.79
 -32.00  10.00  83.89
 -32.00  11.00  85.46
 -32.00  12.00  87.39
 -32.00  13.00  89.49
 -32.00  14.00  91.55
 -32.00  15.00  93.30
 -32.00  16.00  94.46
 -32.00  17.00  94.81
 -32.00  18.00  94.17
 -32.00  19.00  92.46
 -32.00  20.00  89.69
 -32.00  21.00  85.97
 -32.00  22.00  81.47
 -32.00  23.00  76.43
 -32.00  24.00  71.14
 -32.00  25.00  65.86
 -32.00  26.00  60.87
 -32.00  27.00  56.40
 -31.00 -37.00  83.97
 -31.00 -36.00  82.29
 -31.00 -35.00  81.02
 -31.00 -34.00  80.03
 -31.00 -33.00  79.14
 -31.00 -32.00  78.21
 -31.00 -31.00  77.18
 -31.00 -30.00  76.04
 -31.00 -29.00  74.89
 -31.00 -28.00  73.85
 -31.00 -27.00  73.07
 -31.00 -26.00  72.69
 -31.00 -25.00  72.75
 -31.00 -24.00  73.25
 -31.00 -23.00  74.09
 -31.00 -22.00  75.12
 -31.00 -21.00  76.21
 -31.00 -20.00  77.21
 -31.00 -19.00  78.07
 -31.00 -18.00  78.82
 -31.00 -17.00  79.56
 -31.00 -16.00  80.47
 -31.00 -15.00  81.72
 -31.00 -14.00  83.49
 -31.00 -13.00  85.84
 -31.00 -12.00  88.75
 -31.00 -11.00  92.08
 -31.00 -10.00  95.59
 -31.00  -9.00  98.95
 -31.00  -8.00 101.85
 -31.00  -7.00 104.00
 -31.00  -6.00 105.20
 -31.00  -5.00 105.35
 -31.00  -4.00 104.50
 -31.00  -3.00 102.79
 -31.00  -2.00 100.43
 -31.00  -1.00  97.68
 -31.00   0.00  94.80
 -31.00   1.00  91.98
 -31.00   2.00  89.38
 -31.00   3.00  87.12
 -31.00   4.00  85.23
 -31.00   5.00  83.76
 -31.00   6.00  82.71
 -31.00   7.00  82.12
 -31.00   8.00  82.02
 -31.00   9.00  82.42
 -31.00  10.00  83.34
 -31.00  11.00  84.74
 -31.00  12.00  86.54
 -31.00  13.00  88.57
 -31.00  14.00  90.63
 -31.00  15.00  92.46
 -31.00  16.00  93.80
 -31.00  17.00  94.39
 -31.00  18.00  94.06
 -31.00  19.00  92.68
 -31.00  20.00  90.24
 -31.00  21.00  86.80
 -31.00  22.00  82.53
 -31.00  23.00  77.65
 -31.00  24.00  72.42
 -31.00  25.00  67.11
 -31.00  26.00  61.99
 -31.00  27.00  57.32
 -30.00 -37.00  84.57
 -30.00 -36.00  82.84
 -30.00 -35.00  81.56
 -30.00 -34.00  80.61
 -30.00 -33.00  79.79
 -30.00 -32.00  78.96
 -30.00 -31.00  78.02
 -30.00 -30.00  76.95
 -30.00 -29.00  75.83
 -30.00 -28.00  74.78
 -30.00 -27.00  73.95
 -30.00 -26.00  73.49
 -30.00 -25.00  73.46
 -30.00 -24.00  73.87
 -30.00 -23.00  74.64
 -30.00 -22.00  75.63
 -30.00 -21.00  76.68
 -30.00 -20.00  77.65
 -30.00 -19.00  78.48
 -30.00 -18.00  79.16
 -30.00 -17.00  79.80
 -30.00 -16.00  80.57
 -30.00 -15.00  81.67
 -30.00 -14.00  83.28
 -30.00 -13.00  85.49
 -30.00 -12.00  88.30
 -30.00 -11.00  91.59
 -30.00 -10.00  95.13
 -30.00  -9.00  98.58
 -30.00  -8.00 101.62
 -30.00  -7.00 103.95
 -30.00  -6.00 105.32
 -30.00  -5.00 105.64
 -30.00  -4.00 104.92
 -30.00  -3.00 103.30
 -30.00  -2.00 100.99
 -30.00  -1.00  98.26
 -30.00   0.00  95.35
 -30.00   1.00  92.49
 -30.00   2.00  89.84
 -30.00   3.00  87.50
 -30.00   4.00  85.53
 -30.00   5.00  83.94
 -30.00   6.00  82.75
 -30.00   7.00  82.00
 -30.00   8.00  81.70
 -30.00   9.00  81.89
 -30.00  10.00  82.61
 -30.00  11.00  83.82
 -30.00  12.00  85.47
 -30.00  13.00  87.41
 -30.00  14.00  89.43
 -30.00  15.00  91.29
 -30.00  16.00  92.72
 -30.00  17.00  93.46
 -30.00  18.00  93.32
 -30.00  19.00  92.16
 -30.00  20.00  89.95
 -30.00  21.00  86.74
 -30.00  22.00  82.68
 -30.00  23.00  77.99
 -30.00  24.00  72.90
 -30.00  25.00  67.70
 -30.00  26.00  62.64
 -30.00  27.00  57.96
