 -83.00 -37.00  20.45
 -83.00 -36.00  20.48
 -83.00 -35.00  20.71
 -83.00 -34.00  21.10
 -83.00 -33.00  21.68
 -83.00 -32.00  22.45
 -83.00 -31.00  23.47
 -83.00 -30.00  24.82
 -83.00 -29.00  26.58
 -83.00 -28.00  28.79
 -83.00 -27.00  31.46
 -83.00 -26.00  34.50
 -83.00 -25.00  37.75
 -83.00 -24.00  41.00
 -83.00 -23.00  43.97
 -83.00 -22.00  46.40
 -83.00 -21.00  48.06
 -83.00 -20.00  48.80
 -83.00 -19.00  48.58
 -83.00 -18.00  47.47
 -83.00 -17.00  45.65
 -83.00 -16.00  43.35
 -83.00 -15.00  40.84
 -83.00 -14.00  38.36
 -83.00 -13.00  36.11
 -83.00 -12.00  34.21
 -83.00 -11.00  32.69
 -83.00 -10.00  31.53
 -83.00  -9.00  30.65
 -83.00  -8.00  29.95
 -83.00  -7.00  29.35
 -83.00  -6.00  28.78
 -83.00  -5.00  28.22
 -83.00  -4.00  27.66
 -83.00  -3.00  27.12
 -83.00  -2.00  26.62
 -83.00  -1.00  26.17
 -83.00   0.00  25.76
 -83.00   1.00  25.37
 -83.00   2.00  24.98
 -83.00   3.00  24.55
 -83.00   4.00  24.07
 -83.00   5.00  23.55
 -83.00   6.00  23.03
 -83.00   7.00  22.57
 -83.00   8.00  22.22
 -83.00   9.00  22.03
 -83.00  10.00  22.04
 -83.00  11.00  22.24
 -83.00  12.00  22.60
 -83.00  13.00  23.08
 -83.00  14.00  23.62
 -83.00  15.00  24.14
 -83.00  16.00  24.61
 -83.00  17.00  24.98
 -83.00  18.00  25.26
 -83.00  19.00  25.44
 -83.00  20.00  25.53
 -83.00  21.00  25.55
 -83.00  22.00  25.49
 -83.00  23.00  25.36
 -83.00  24.00  25.13
 -83.00  25.00  24.80
 -83.00  26.00  24.39
 -83.00  27.00  23.90
 -82.00 -37.00  20.23
 -82.00 -36.00  20.28
 -82.00 -35.00  20.52
 -82.00 -34.00  20.93
 -82.00 -33.00  21.50
 -82.00 -32.00  22.25
 -82.00 -31.00  23.24
 -82.00 -30.00  24.54
 -82.00 -29.00  26.23
 -82.00 -28.00  28.36
 -82.00 -27.00  30.94
 -82.00 -26.00  33.88
 -82.00 -25.00  37.05
 -82.00 -24.00  40.21
 -82.00 -23.00  43.10
 -82.00 -22.00  45.46
 -82.00 -21.00  47.06
 -82.00 -20.00  47.77
 -82.00 -19.00  47.53
 -82.00 -18.00  46.43
 -82.00 -17.00  44.64
 -82.00 -16.00  42.38
 -82.00 -15.00  39.91
 -82.00 -14.00  37.49
 -82.00 -13.00  35.30
 -82.00 -12.00  33.44
 -82.00 -11.00  31.97
 -82.00 -10.00  30.84
 -82.00  -9.00  29.98
 -82.00  -8.00  29.29
 -82.00  -7.00  28.68
 -82.00  -6.00  28.09
 -82.00  -5.00  27.48
 -82.00  -4.00  26.86
 -82.00  -3.00  26.26
 -82.00  -2.00  25.69
 -82.00  -1.00  25.18
 -82.00   0.00  24.72
 -82.00   1.00  24.31
 -82.00   2.00  23.92
 -82.00   3.00  23.53
 -82.00   4.00  23.11
 -82.00   5.00  22.69
 -82.00   6.00  22.28
 -82.00   7.00  21.92
 -82.00   8.00  21.66
 -82.00   9.00  21.55
 -82.00  10.00  21.61
 -82.00  11.00  21.83
 -82.00  12.00  22.21
 -82.00  13.00  22.68
 -82.00  14.00  23.21
 -82.00  15.00  23.73
 -82.00  16.00  24.19
 -82.00  17.00  24.58
 -82.00  18.00  24.86
 -82.00  19.00  25.05
 -82.00  20.00  25.14
 -82.00  21.00  25.15
 -82.00  22.00  25.06
 -82.00  23.00  24.89
 -82.00  24.00  24.62
 -82.00  25.00  24.26
 -82.00  26.00  23.81
 -82.00  27.00  23.32
 -81.00 -37.00  20.02
 -81.00 -36.00  20.09
 -81.00 -35.00  20.34
 -81.00 -34.00  20.75
 -81.00 -33.00  21.30
 -81.00 -32.00  22.03
 -81.00 -31.00  22.97
 -81.00 -30.00  24.20
 -81.00 -29.00  25.82
 -81.00 -28.00  27.86
 -81.00 -27.00  30.34
 -81.00 -26.00  33.20
 -81.00 -25.00  36.27
 -81.00 -24.00  39.35
 -81.00 -23.00  42.17
 -81.00 -22.00  44.49
 -81.00 -21.00  46.06
 -81.00 -20.00  46.76
 -81.00 -19.00  46.54
 -81.00 -18.00  45.47
 -81.00 -17.00  43.71
 -81.00 -16.00  41.50
 -81.00 -15.00  39.08
 -81.00 -14.00  36.71
 -81.00 -13.00  34.56
 -81.00 -12.00  32.75
 -81.00 -11.00  31.31
 -81.00 -10.00  30.21
 -81.00  -9.00  29.36
 -81.00  -8.00  28.67
 -81.00  -7.00  28.05
 -81.00  -6.00  27.43
 -81.00  -5.00  26.78
 -81.00  -4.00  26.11
 -81.00  -3.00  25.44
 -81.00  -2.00  24.81
 -81.00  -1.00  24.24
 -81.00   0.00  23.74
 -81.00   1.00  23.31
 -81.00   2.00  22.93
 -81.00   3.00  22.58
 -81.00   4.00  22.23
 -81.00   5.00  21.89
 -81.00   6.00  21.58
 -81.00   7.00  21.32
 -81.00   8.00  21.15
 -81.00   9.00  21.10
 -81.00  10.00  21.19
 -81.00  11.00  21.44
 -81.00  12.00  21.81
 -81.00  13.00  22.28
 -81.00  14.00  22.80
 -81.00  15.00  23.31
 -81.00  16.00  23.78
 -81.00  17.00  24.17
 -81.00  18.00  24.47
 -81.00  19.00  24.67
 -81.00  20.00  24.76
 -81.00  21.00  24.76
 -81.00  22.00  24.65
 -81.00  23.00  24.44
 -81.00  24.00  24.13
 -81.00  25.00  23.73
 -81.00  26.00  23.27
 -81.00  27.00  22.77
 -80.00 -37.00  19.83
 -80.00 -36.00  19.90
 -80.00 -35.00  20.15
 -80.00 -34.00  20.56
 -80.00 -33.00  21.10
 -80.00 -32.00  21.79
 -80.00 -31.00  22.68
 -80.00 -30.00  23.85
 -80.00 -29.00  25.37
 -80.00 -28.00  27.32
 -80.00 -27.00  29.70
 -80.00 -26.00  32.45
 -80.00 -25.00  35.43
 -80.00 -24.00  38.44
 -80.00 -23.00  41.21
 -80.00 -22.00  43.50
 -80.00 -21.00  45.07
 -80.00 -20.00  45.78
 -80.00 -19.00  45.59
 -80.00 -18.00  44.57
 -80.00 -17.00  42.86
 -80.00 -16.00  40.71
 -80.00 -15.00  38.34
 -80.00 -14.00  36.01
 -80.00 -13.00  33.90
 -80.00 -12.00  32.12
 -80.00 -11.00  30.70
 -80.00 -10.00  29.61
 -80.00  -9.00  28.78
 -80.00  -8.00  28.09
 -80.00  -7.00  27.45
 -80.00  -6.00  26.81
 -80.00  -5.00  26.13
 -80.00  -4.00  25.40
 -80.00  -3.00  24.68
 -80.00  -2.00  23.98
 -80.00  -1.00  23.36
 -80.00   0.00  22.82
 -80.00   1.00  22.37
 -80.00   2.00  22.00
 -80.00   3.00  21.69
 -80.00   4.00  21.41
 -80.00   5.00  21.16
 -80.00   6.00  20.94
 -80.00   7.00  20.76
 -80.00   8.00  20.66
 -80.00   9.00  20.67
 -80.00  10.00  20.79
 -80.00  11.00  21.05
 -80.00  12.00  21.42
 -80.00  13.00  21.88
 -80.00  14.00  22.39
 -80.00  15.00  22.90
 -80.00  16.00  23.37
 -80.00  17.00  23.78
 -80.00  18.00  24.09
 -80.00  19.00  24.30
 -80.00  20.00  24.39
 -80.00  21.00  24.37
 -80.00  22.00  24.24
 -80.00  23.00  24.00
 -80.00  24.00  23.66
 -80.00  25.00  23.23
 -80.00  26.00  22.75
 -80.00  27.00  22.25
 -79.00 -37.00  19.64
 -79.00 -36.00  19.72
 -79.00 -35.00  19.97
 -79.00 -34.00  20.37
 -79.00 -33.00  20.89
 -79.00 -32.00  21.55
 -79.00 -31.00  22.38
 -79.00 -30.00  23.47
 -79.00 -29.00  24.91
 -79.00 -28.00  26.76
 -79.00 -27.00  29.03
 -79.00 -26.00  31.68
 -79.00 -25.00  34.58
 -79.00 -24.00  37.51
 -79.00 -23.00  40.24
 -79.00 -22.00  42.50
 -79.00 -21.00  44.08
 -79.00 -20.00  44.83
 -79.00 -19.00  44.69
 -79.00 -18.00  43.72
 -79.00 -17.00  42.08
 -79.00 -16.00  39.98
 -79.00 -15.00  37.67
 -79.00 -14.00  35.38
 -79.00 -13.00  33.30
 -79.00 -12.00  31.54
 -79.00 -11.00  30.14
 -79.00 -10.00  29.06
 -79.00  -9.00  28.23
 -79.00  -8.00  27.54
 -79.00  -7.00  26.89
 -79.00  -6.00  26.23
 -79.00  -5.00  25.51
 -79.00  -4.00  24.74
 -79.00  -3.00  23.96
 -79.00  -2.00  23.21
 -79.00  -1.00  22.53
 -79.00   0.00  21.96
 -79.00   1.00  21.50
 -79.00   2.00  21.14
 -79.00   3.00  20.87
 -79.00   4.00  20.65
 -79.00   5.00  20.48
 -79.00   6.00  20.34
 -79.00   7.00  20.25
 -79.00   8.00  20.21
 -79.00   9.00  20.26
 -79.00  10.00  20.41
 -79.00  11.00  20.67
 -79.00  12.00  21.04
 -79.00  13.00  21.48
 -79.00  14.00  21.98
 -79.00  15.00  22.49
 -79.00  16.00  22.97
 -79.00  17.00  23.39
 -79.00  18.00  23.72
 -79.00  19.00  23.94
 -79.00  20.00  24.03
 -79.00  21.00  24.00
 -79.00  22.00  23.85
 -79.00  23.00  23.58
 -79.00  24.00  23.21
 -79.00  25.00  22.76
 -79.00  26.00  22.27
 -79.00  27.00  21.77
 -78.00 -37.00  19.47
 -78.00 -36.00  19.55
 -78.00 -35.00  19.80
 -78.00 -34.00  20.19
 -78.00 -33.00  20.69
 -78.00 -32.00  21.30
 -78.00 -31.00  22.08
 -78.00 -30.00  23.10
 -78.00 -29.00  24.45
 -78.00 -28.00  26.19
 -78.00 -27.00  28.36
 -78.00 -26.00  30.91
 -78.00 -25.00  33.72
 -78.00 -24.00  36.58
 -78.00 -23.00  39.27
 -78.00 -22.00  41.52
 -78.00 -21.00  43.12
 -78.00 -20.00  43.90
 -78.00 -19.00  43.82
 -78.00 -18.00  42.92
 -78.00 -17.00  41.35
 -78.00 -16.00  39.31
 -78.00 -15.00  37.05
 -78.00 -14.00  34.80
 -78.00 -13.00  32.74
 -78.00 -12.00  31.00
 -78.00 -11.00  29.61
 -78.00 -10.00  28.54
 -78.00  -9.00  27.71
 -78.00  -8.00  27.02
 -78.00  -7.00  26.37
 -78.00  -6.00  25.68
 -78.00  -5.00  24.93
 -78.00  -4.00  24.13
 -78.00  -3.00  23.30
 -78.00  -2.00  22.50
 -78.00  -1.00  21.77
 -78.00   0.00  21.17
 -78.00   1.00  20.69
 -78.00   2.00  20.35
 -78.00   3.00  20.11
 -78.00   4.00  19.95
 -78.00   5.00  19.85
 -78.00   6.00  19.78
 -78.00   7.00  19.76
 -78.00   8.00  19.78
 -78.00   9.00  19.87
 -78.00  10.00  20.04
 -78.00  11.00  20.31
 -78.00  12.00  20.66
 -78.00  13.00  21.10
 -78.00  14.00  21.58
 -78.00  15.00  22.09
 -78.00  16.00  22.58
 -78.00  17.00  23.01
 -78.00  18.00  23.36
 -78.00  19.00  23.59
 -78.00  20.00  23.68
 -78.00  21.00  23.65
 -78.00  22.00  23.47
 -78.00  23.00  23.18
 -78.00  24.00  22.78
 -78.00  25.00  22.31
 -78.00  26.00  21.81
 -78.00  27.00  21.31
 -77.00 -37.00  19.31
 -77.00 -36.00  19.39
 -77.00 -35.00  19.64
 -77.00 -34.00  20.01
 -77.00 -33.00  20.49
 -77.00 -32.00  21.07
 -77.00 -31.00  21.79
 -77.00 -30.00  22.74
 -77.00 -29.00  24.00
 -77.00 -28.00  25.64
 -77.00 -27.00  27.71
 -77.00 -26.00  30.15
 -77.00 -25.00  32.87
 -77.00 -24.00  35.67
 -77.00 -23.00  38.32
 -77.00 -22.00  40.56
 -77.00 -21.00  42.18
 -77.00 -20.00  43.01
 -77.00 -19.00  42.99
 -77.00 -18.00  42.16
 -77.00 -17.00  40.66
 -77.00 -16.00  38.68
 -77.00 -15.00  36.47
 -77.00 -14.00  34.26
 -77.00 -13.00  32.23
 -77.00 -12.00  30.50
 -77.00 -11.00  29.12
 -77.00 -10.00  28.05
 -77.00  -9.00  27.22
 -77.00  -8.00  26.53
 -77.00  -7.00  25.87
 -77.00  -6.00  25.17
 -77.00  -5.00  24.40
 -77.00  -4.00  23.56
 -77.00  -3.00  22.68
 -77.00  -2.00  21.84
 -77.00  -1.00  21.07
 -77.00   0.00  20.43
 -77.00   1.00  19.95
 -77.00   2.00  19.61
 -77.00   3.00  19.40
 -77.00   4.00  19.29
 -77.00   5.00  19.26
 -77.00   6.00  19.26
 -77.00   7.00  19.30
 -77.00   8.00  19.38
 -77.00   9.00  19.50
 -77.00  10.00  19.69
 -77.00  11.00  19.95
 -77.00  12.00  20.30
 -77.00  13.00  20.72
 -77.00  14.00  21.20
 -77.00  15.00  21.71
 -77.00  16.00  22.20
 -77.00  17.00  22.65
 -77.00  18.00  23.00
 -77.00  19.00  23.24
 -77.00  20.00  23.35
 -77.00  21.00  23.30
 -77.00  22.00  23.11
 -77.00  23.00  22.80
 -77.00  24.00  22.38
 -77.00  25.00  21.89
 -77.00  26.00  21.38
 -77.00  27.00  20.88
 -76.00 -37.00  18.93
 -76.00 -36.00  18.97
 -76.00 -35.00  19.18
 -76.00 -34.00  19.52
 -76.00 -33.00  19.94
 -76.00 -32.00  20.46
 -76.00 -31.00  21.10
 -76.00 -30.00  21.93
 -76.00 -29.00  23.05
 -76.00 -28.00  24.53
 -76.00 -27.00  26.42
 -76.00 -26.00  28.68
 -76.00 -25.00  31.23
 -76.00 -24.00  33.88
 -76.00 -23.00  36.41
 -76.00 -22.00  38.59
 -76.00 -21.00  40.20
 -76.00 -20.00  41.07
 -76.00 -19.00  41.13
 -76.00 -18.00  40.42
 -76.00 -17.00  39.05
 -76.00 -16.00  37.21
 -76.00 -15.00  35.13
 -76.00 -14.00  33.04
 -76.00 -13.00  31.10
 -76.00 -12.00  29.46
 -76.00 -11.00  28.14
 -76.00 -10.00  27.14
 -76.00  -9.00  26.36
 -76.00  -8.00  25.72
 -76.00  -7.00  25.12
 -76.00  -6.00  24.47
 -76.00  -5.00  23.74
 -76.00  -4.00  22.93
 -76.00  -3.00  22.08
 -76.00  -2.00  21.24
 -76.00  -1.00  20.48
 -76.00   0.00  19.84
 -76.00   1.00  19.35
 -76.00   2.00  19.02
 -76.00   3.00  18.83
 -76.00   4.00  18.75
 -76.00   5.00  18.74
 -76.00   6.00  18.79
 -76.00   7.00  18.86
 -76.00   8.00  18.96
 -76.00   9.00  19.10
 -76.00  10.00  19.29
 -76.00  11.00  19.55
 -76.00  12.00  19.89
 -76.00  13.00  20.31
 -76.00  14.00  20.79
 -76.00  15.00  21.31
 -76.00  16.00  21.84
 -76.00  17.00  22.31
 -76.00  18.00  22.70
 -76.00  19.00  22.97
 -76.00  20.00  23.08
 -76.00  21.00  23.03
 -76.00  22.00  22.82
 -76.00  23.00  22.46
 -76.00  24.00  22.01
 -76.00  25.00  21.48
 -76.00  26.00  20.94
 -76.00  27.00  20.43
 -75.00 -37.00  18.54
 -75.00 -36.00  18.55
 -75.00 -35.00  18.72
 -75.00 -34.00  19.02
 -75.00 -33.00  19.40
 -75.00 -32.00  19.85
 -75.00 -31.00  20.40
 -75.00 -30.00  21.13
 -75.00 -29.00  22.11
 -75.00 -28.00  23.44
 -75.00 -27.00  25.15
 -75.00 -26.00  27.23
 -75.00 -25.00  29.60
 -75.00 -24.00  32.09
 -75.00 -23.00  34.52
 -75.00 -22.00  36.63
 -75.00 -21.00  38.22
 -75.00 -20.00  39.13
 -75.00 -19.00  39.28
 -75.00 -18.00  38.68
 -75.00 -17.00  37.45
 -75.00 -16.00  35.75
 -75.00 -15.00  33.80
 -75.00 -14.00  31.83
 -75.00 -13.00  29.99
 -75.00 -12.00  28.43
 -75.00 -11.00  27.18
 -75.00 -10.00  26.23
 -75.00  -9.00  25.52
 -75.00  -8.00  24.93
 -75.00  -7.00  24.38
 -75.00  -6.00  23.78
 -75.00  -5.00  23.10
 -75.00  -4.00  22.33
 -75.00  -3.00  21.51
 -75.00  -2.00  20.68
 -75.00  -1.00  19.92
 -75.00   0.00  19.29
 -75.00   1.00  18.80
 -75.00   2.00  18.48
 -75.00   3.00  18.30
 -75.00   4.00  18.24
 -75.00   5.00  18.27
 -75.00   6.00  18.35
 -75.00   7.00  18.45
 -75.00   8.00  18.57
 -75.00   9.00  18.72
 -75.00  10.00  18.91
 -75.00  11.00  19.17
 -75.00  12.00  19.50
 -75.00  13.00  19.91
 -75.00  14.00  20.41
 -75.00  15.00  20.94
 -75.00  16.00  21.49
 -75.00  17.00  22.00
 -75.00  18.00  22.42
 -75.00  19.00  22.71
 -75.00  20.00  22.83
 -75.00  21.00  22.78
 -75.00  22.00  22.55
 -75.00  23.00  22.17
 -75.00  24.00  21.67
 -75.00  25.00  21.12
 -75.00  26.00  20.55
 -75.00  27.00  20.02
 -74.00 -37.00  18.17
 -74.00 -36.00  18.13
 -74.00 -35.00  18.26
 -74.00 -34.00  18.52
 -74.00 -33.00  18.84
 -74.00 -32.00  19.23
 -74.00 -31.00  19.71
 -74.00 -30.00  20.33
 -74.00 -29.00  21.19
 -74.00 -28.00  22.35
 -74.00 -27.00  23.89
 -74.00 -26.00  25.79
 -74.00 -25.00  27.98
 -74.00 -24.00  30.32
 -74.00 -23.00  32.63
 -74.00 -22.00  34.67
 -74.00 -21.00  36.25
 -74.00 -20.00  37.20
 -74.00 -19.00  37.43
 -74.00 -18.00  36.96
 -74.00 -17.00  35.86
 -74.00 -16.00  34.31
 -74.00 -15.00  32.50
 -74.00 -14.00  30.64
 -74.00 -13.00  28.91
 -74.00 -12.00  27.42
 -74.00 -11.00  26.24
 -74.00 -10.00  25.35
 -74.00  -9.00  24.68
 -74.00  -8.00  24.15
 -74.00  -7.00  23.65
 -74.00  -6.00  23.11
 -74.00  -5.00  22.48
 -74.00  -4.00  21.75
 -74.00  -3.00  20.96
 -74.00  -2.00  20.16
 -74.00  -1.00  19.41
 -74.00   0.00  18.78
 -74.00   1.00  18.30
 -74.00   2.00  17.98
 -74.00   3.00  17.82
 -74.00   4.00  17.78
 -74.00   5.00  17.84
 -74.00   6.00  17.94
 -74.00   7.00  18.07
 -74.00   8.00  18.21
 -74.00   9.00  18.37
 -74.00  10.00  18.56
 -74.00  11.00  18.81
 -74.00  12.00  19.13
 -74.00  13.00  19.54
 -74.00  14.00  20.04
 -74.00  15.00  20.59
 -74.00  16.00  21.16
 -74.00  17.00  21.70
 -74.00  18.00  22.16
 -74.00  19.00  22.47
 -74.00  20.00  22.61
 -74.00  21.00  22.56
 -74.00  22.00  22.31
 -74.00  23.00  21.91
 -74.00  24.00  21.38
 -74.00  25.00  20.79
 -74.00  26.00  20.20
 -74.00  27.00  19.65
 -73.00 -37.00  17.80
 -73.00 -36.00  17.72
 -73.00 -35.00  17.81
 -73.00 -34.00  18.01
 -73.00 -33.00  18.29
 -73.00 -32.00  18.62
 -73.00 -31.00  19.02
 -73.00 -30.00  19.55
 -73.00 -29.00  20.27
 -73.00 -28.00  21.29
 -73.00 -27.00  22.65
 -73.00 -26.00  24.36
 -73.00 -25.00  26.37
 -73.00 -24.00  28.55
 -73.00 -23.00  30.74
 -73.00 -22.00  32.72
 -73.00 -21.00  34.28
 -73.00 -20.00  35.28
 -73.00 -19.00  35.60
 -73.00 -18.00  35.26
 -73.00 -17.00  34.31
 -73.00 -16.00  32.90
 -73.00 -15.00  31.23
 -73.00 -14.00  29.49
 -73.00 -13.00  27.86
 -73.00 -12.00  26.45
 -73.00 -11.00  25.32
 -73.00 -10.00  24.48
 -73.00  -9.00  23.87
 -73.00  -8.00  23.39
 -73.00  -7.00  22.95
 -73.00  -6.00  22.46
 -73.00  -5.00  21.89
 -73.00  -4.00  21.21
 -73.00  -3.00  20.46
 -73.00  -2.00  19.68
 -73.00  -1.00  18.95
 -73.00   0.00  18.32
 -73.00   1.00  17.84
 -73.00   2.00  17.53
 -73.00   3.00  17.38
 -73.00   4.00  17.37
 -73.00   5.00  17.44
 -73.00   6.00  17.57
 -73.00   7.00  17.72
 -73.00   8.00  17.88
 -73.00   9.00  18.04
 -73.00  10.00  18.23
 -73.00  11.00  18.47
 -73.00  12.00  18.78
 -73.00  13.00  19.19
 -73.00  14.00  19.68
 -73.00  15.00  20.25
 -73.00  16.00  20.84
 -73.00  17.00  21.42
 -73.00  18.00  21.90
 -73.00  19.00  22.25
 -73.00  20.00  22.41
 -73.00  21.00  22.36
 -73.00  22.00  22.11
 -73.00  23.00  21.68
 -73.00  24.00  21.13
 -73.00  25.00  20.52
 -73.00  26.00  19.90
 -73.00  27.00  19.33
 -72.00 -37.00  17.46
 -72.00 -36.00  17.32
 -72.00 -35.00  17.36
 -72.00 -34.00  17.52
 -72.00 -33.00  17.75
 -72.00 -32.00  18.02
 -72.00 -31.00  18.35
 -72.00 -30.00  18.78
 -72.00 -29.00  19.38
 -72.00 -28.00  20.24
 -72.00 -27.00  21.42
 -72.00 -26.00  22.95
 -72.00 -25.00  24.77
 -72.00 -24.00  26.80
 -72.00 -23.00  28.86
 -72.00 -22.00  30.76
 -72.00 -21.00  32.32
 -72.00 -20.00  33.36
 -72.00 -19.00  33.79
 -72.00 -18.00  33.57
 -72.00 -17.00  32.78
 -72.00 -16.00  31.53
 -72.00 -15.00  30.01
 -72.00 -14.00  28.39
 -72.00 -13.00  26.85
 -72.00 -12.00  25.51
 -72.00 -11.00  24.44
 -72.00 -10.00  23.64
 -72.00  -9.00  23.07
 -72.00  -8.00  22.64
 -72.00  -7.00  22.25
 -72.00  -6.00  21.83
 -72.00  -5.00  21.31
 -72.00  -4.00  20.69
 -72.00  -3.00  19.98
 -72.00  -2.00  19.24
 -72.00  -1.00  18.53
 -72.00   0.00  17.91
 -72.00   1.00  17.44
 -72.00   2.00  17.13
 -72.00   3.00  16.99
 -72.00   4.00  16.98
 -72.00   5.00  17.08
 -72.00   6.00  17.23
 -72.00   7.00  17.40
 -72.00   8.00  17.57
 -72.00   9.00  17.73
 -72.00  10.00  17.92
 -72.00  11.00  18.15
 -72.00  12.00  18.45
 -72.00  13.00  18.84
 -72.00  14.00  19.34
 -72.00  15.00  19.91
 -72.00  16.00  20.53
 -72.00  17.00  21.13
 -72.00  18.00  21.65
 -72.00  19.00  22.03
 -72.00  20.00  22.22
 -72.00  21.00  22.19
 -72.00  22.00  21.94
 -72.00  23.00  21.51
 -72.00  24.00  20.94
 -72.00  25.00  20.30
 -72.00  26.00  19.65
 -72.00  27.00  19.06
 -71.00 -37.00  17.14
 -71.00 -36.00  16.94
 -71.00 -35.00  16.92
 -71.00 -34.00  17.03
 -71.00 -33.00  17.21
 -71.00 -32.00  17.43
 -71.00 -31.00  17.69
 -71.00 -30.00  18.03
 -71.00 -29.00  18.52
 -71.00 -28.00  19.23
 -71.00 -27.00  20.24
 -71.00 -26.00  21.57
 -71.00 -25.00  23.21
 -71.00 -24.00  25.06
 -71.00 -23.00  26.99
 -71.00 -22.00  28.82
 -71.00 -21.00  30.36
 -71.00 -20.00  31.46
 -71.00 -19.00  31.99
 -71.00 -18.00  31.92
 -71.00 -17.00  31.28
 -71.00 -16.00  30.20
 -71.00 -15.00  28.82
 -71.00 -14.00  27.33
 -71.00 -13.00  25.88
 -71.00 -12.00  24.61
 -71.00 -11.00  23.59
 -71.00 -10.00  22.83
 -71.00  -9.00  22.30
 -71.00  -8.00  21.91
 -71.00  -7.00  21.58
 -71.00  -6.00  21.22
 -71.00  -5.00  20.76
 -71.00  -4.00  20.20
 -71.00  -3.00  19.55
 -71.00  -2.00  18.84
 -71.00  -1.00  18.16
 -71.00   0.00  17.55
 -71.00   1.00  17.08
 -71.00   2.00  16.77
 -71.00   3.00  16.63
 -71.00   4.00  16.64
 -71.00   5.00  16.74
 -71.00   6.00  16.91
 -71.00   7.00  17.09
 -71.00   8.00  17.27
 -71.00   9.00  17.44
 -71.00  10.00  17.62
 -71.00  11.00  17.84
 -71.00  12.00  18.12
 -71.00  13.00  18.51
 -71.00  14.00  18.99
 -71.00  15.00  19.57
 -71.00  16.00  20.21
 -71.00  17.00  20.84
 -71.00  18.00  21.39
 -71.00  19.00  21.81
 -71.00  20.00  22.04
 -71.00  21.00  22.03
 -71.00  22.00  21.80
 -71.00  23.00  21.37
 -71.00  24.00  20.79
 -71.00  25.00  20.12
 -71.00  26.00  19.45
 -71.00  27.00  18.84
 -70.00 -37.00  16.85
 -70.00 -36.00  16.58
 -70.00 -35.00  16.50
 -70.00 -34.00  16.55
 -70.00 -33.00  16.68
 -70.00 -32.00  16.86
 -70.00 -31.00  17.06
 -70.00 -30.00  17.32
 -70.00 -29.00  17.70
 -70.00 -28.00  18.27
 -70.00 -27.00  19.10
 -70.00 -26.00  20.24
 -70.00 -25.00  21.69
 -70.00 -24.00  23.37
 -70.00 -23.00  25.16
 -70.00 -22.00  26.91
 -70.00 -21.00  28.43
 -70.00 -20.00  29.56
 -70.00 -19.00  30.20
 -70.00 -18.00  30.27
 -70.00 -17.00  29.81
 -70.00 -16.00  28.90
 -70.00 -15.00  27.67
 -70.00 -14.00  26.30
 -70.00 -13.00  24.95
 -70.00 -12.00  23.75
 -70.00 -11.00  22.77
 -70.00 -10.00  22.05
 -70.00  -9.00  21.55
 -70.00  -8.00  21.20
 -70.00  -7.00  20.91
 -70.00  -6.00  20.61
 -70.00  -5.00  20.23
 -70.00  -4.00  19.74
 -70.00  -3.00  19.14
 -70.00  -2.00  18.48
 -70.00  -1.00  17.82
 -70.00   0.00  17.23
 -70.00   1.00  16.77
 -70.00   2.00  16.46
 -70.00   3.00  16.32
 -70.00   4.00  16.32
 -70.00   5.00  16.43
 -70.00   6.00  16.61
 -70.00   7.00  16.80
 -70.00   8.00  16.99
 -70.00   9.00  17.17
 -70.00  10.00  17.34
 -70.00  11.00  17.54
 -70.00  12.00  17.81
 -70.00  13.00  18.18
 -70.00  14.00  18.65
 -70.00  15.00  19.23
 -70.00  16.00  19.87
 -70.00  17.00  20.53
 -70.00  18.00  21.13
 -70.00  19.00  21.59
 -70.00  20.00  21.86
 -70.00  21.00  21.89
 -70.00  22.00  21.69
 -70.00  23.00  21.27
 -70.00  24.00  20.68
 -70.00  25.00  20.01
 -70.00  26.00  19.31
 -70.00  27.00  18.66
 -69.00 -37.00  16.61
 -69.00 -36.00  16.26
 -69.00 -35.00  16.11
 -69.00 -34.00  16.10
 -69.00 -33.00  16.18
 -69.00 -32.00  16.31
 -69.00 -31.00  16.46
 -69.00 -30.00  16.65
 -69.00 -29.00  16.93
 -69.00 -28.00  17.37
 -69.00 -27.00  18.04
 -69.00 -26.00  18.99
 -69.00 -25.00  20.24
 -69.00 -24.00  21.73
 -69.00 -23.00  23.38
 -69.00 -22.00  25.03
 -69.00 -21.00  26.52
 -69.00 -20.00  27.70
 -69.00 -19.00  28.43
 -69.00 -18.00  28.65
 -69.00 -17.00  28.35
 -69.00 -16.00  27.61
 -69.00 -15.00  26.55
 -69.00 -14.00  25.31
 -69.00 -13.00  24.06
 -69.00 -12.00  22.92
 -69.00 -11.00  21.98
 -69.00 -10.00  21.29
 -69.00  -9.00  20.81
 -69.00  -8.00  20.50
 -69.00  -7.00  20.26
 -69.00  -6.00  20.02
 -69.00  -5.00  19.70
 -69.00  -4.00  19.28
 -69.00  -3.00  18.75
 -69.00  -2.00  18.14
 -69.00  -1.00  17.52
 -69.00   0.00  16.95
 -69.00   1.00  16.49
 -69.00   2.00  16.18
 -69.00   3.00  16.03
 -69.00   4.00  16.03
 -69.00   5.00  16.15
 -69.00   6.00  16.33
 -69.00   7.00  16.53
 -69.00   8.00  16.73
 -69.00   9.00  16.90
 -69.00  10.00  17.07
 -69.00  11.00  17.26
 -69.00  12.00  17.51
 -69.00  13.00  17.85
 -69.00  14.00  18.31
 -69.00  15.00  18.88
 -69.00  16.00  19.53
 -69.00  17.00  20.21
 -69.00  18.00  20.84
 -69.00  19.00  21.35
 -69.00  20.00  21.67
 -69.00  21.00  21.76
 -69.00  22.00  21.59
 -69.00  23.00  21.20
 -69.00  24.00  20.62
 -69.00  25.00  19.93
 -69.00  26.00  19.22
 -69.00  27.00  18.54
 -68.00 -37.00  16.41
 -68.00 -36.00  15.99
 -68.00 -35.00  15.76
 -68.00 -34.00  15.68
 -68.00 -33.00  15.71
 -68.00 -32.00  15.79
 -68.00 -31.00  15.90
 -68.00 -30.00  16.03
 -68.00 -29.00  16.22
 -68.00 -28.00  16.54
 -68.00 -27.00  17.06
 -68.00 -26.00  17.83
 -68.00 -25.00  18.88
 -68.00 -24.00  20.19
 -68.00 -23.00  21.68
 -68.00 -22.00  23.22
 -68.00 -21.00  24.67
 -68.00 -20.00  25.86
 -68.00 -19.00  26.68
 -68.00 -18.00  27.03
 -68.00 -17.00  26.91
 -68.00 -16.00  26.34
 -68.00 -15.00  25.44
 -68.00 -14.00  24.34
 -68.00 -13.00  23.19
 -68.00 -12.00  22.12
 -68.00 -11.00  21.22
 -68.00 -10.00  20.55
 -68.00  -9.00  20.09
 -68.00  -8.00  19.81
 -68.00  -7.00  19.61
 -68.00  -6.00  19.43
 -68.00  -5.00  19.18
 -68.00  -4.00  18.83
 -68.00  -3.00  18.37
 -68.00  -2.00  17.82
 -68.00  -1.00  17.25
 -68.00   0.00  16.70
 -68.00   1.00  16.25
 -68.00   2.00  15.93
 -68.00   3.00  15.78
 -68.00   4.00  15.77
 -68.00   5.00  15.88
 -68.00   6.00  16.06
 -68.00   7.00  16.27
 -68.00   8.00  16.47
 -68.00   9.00  16.65
 -68.00  10.00  16.81
 -68.00  11.00  16.99
 -68.00  12.00  17.22
 -68.00  13.00  17.54
 -68.00  14.00  17.97
 -68.00  15.00  18.53
 -68.00  16.00  19.18
 -68.00  17.00  19.88
 -68.00  18.00  20.54
 -68.00  19.00  21.10
 -68.00  20.00  21.48
 -68.00  21.00  21.62
 -68.00  22.00  21.50
 -68.00  23.00  21.15
 -68.00  24.00  20.59
 -68.00  25.00  19.91
 -68.00  26.00  19.17
 -68.00  27.00  18.46
 -67.00 -37.00  16.27
 -67.00 -36.00  15.76
 -67.00 -35.00  15.45
 -67.00 -34.00  15.30
 -67.00 -33.00  15.27
 -67.00 -32.00  15.31
 -67.00 -31.00  15.37
 -67.00 -30.00  15.45
 -67.00 -29.00  15.57
 -67.00 -28.00  15.79
 -67.00 -27.00  16.17
 -67.00 -26.00  16.77
 -67.00 -25.00  17.64
 -67.00 -24.00  18.76
 -67.00 -23.00  20.09
 -67.00 -22.00  21.51
 -67.00 -21.00  22.89
 -67.00 -20.00  24.09
 -67.00 -19.00  24.97
 -67.00 -18.00  25.44
 -67.00 -17.00  25.47
 -67.00 -16.00  25.08
 -67.00 -15.00  24.34
 -67.00 -14.00  23.38
 -67.00 -13.00  22.34
 -67.00 -12.00  21.34
 -67.00 -11.00  20.49
 -67.00 -10.00  19.84
 -67.00  -9.00  19.40
 -67.00  -8.00  19.13
 -67.00  -7.00  18.97
 -67.00  -6.00  18.83
 -67.00  -5.00  18.65
 -67.00  -4.00  18.38
 -67.00  -3.00  17.99
 -67.00  -2.00  17.51
 -67.00  -1.00  16.98
 -67.00   0.00  16.47
 -67.00   1.00  16.03
 -67.00   2.00  15.71
 -67.00   3.00  15.55
 -67.00   4.00  15.53
 -67.00   5.00  15.63
 -67.00   6.00  15.81
 -67.00   7.00  16.02
 -67.00   8.00  16.23
 -67.00   9.00  16.41
 -67.00  10.00  16.57
 -67.00  11.00  16.73
 -67.00  12.00  16.94
 -67.00  13.00  17.23
 -67.00  14.00  17.64
 -67.00  15.00  18.18
 -67.00  16.00  18.82
 -67.00  17.00  19.52
 -67.00  18.00  20.22
 -67.00  19.00  20.82
 -67.00  20.00  21.26
 -67.00  21.00  21.47
 -67.00  22.00  21.42
 -67.00  23.00  21.11
 -67.00  24.00  20.59
 -67.00  25.00  19.91
 -67.00  26.00  19.16
 -67.00  27.00  18.43
 -66.00 -37.00  16.18
 -66.00 -36.00  15.59
 -66.00 -35.00  15.19
 -66.00 -34.00  14.97
 -66.00 -33.00  14.87
 -66.00 -32.00  14.86
 -66.00 -31.00  14.88
 -66.00 -30.00  14.92
 -66.00 -29.00  14.99
 -66.00 -28.00  15.12
 -66.00 -27.00  15.38
 -66.00 -26.00  15.83
 -66.00 -25.00  16.52
 -66.00 -24.00  17.46
 -66.00 -23.00  18.62
 -66.00 -22.00  19.90
 -66.00 -21.00  21.20
 -66.00 -20.00  22.38
 -66.00 -19.00  23.31
 -66.00 -18.00  23.88
 -66.00 -17.00  24.05
 -66.00 -16.00  23.82
 -66.00 -15.00  23.25
 -66.00 -14.00  22.43
 -66.00 -13.00  21.50
 -66.00 -12.00  20.58
 -66.00 -11.00  19.77
 -66.00 -10.00  19.14
 -66.00  -9.00  18.71
 -66.00  -8.00  18.46
 -66.00  -7.00  18.33
 -66.00  -6.00  18.24
 -66.00  -5.00  18.12
 -66.00  -4.00  17.91
 -66.00  -3.00  17.60
 -66.00  -2.00  17.19
 -66.00  -1.00  16.72
 -66.00   0.00  16.24
 -66.00   1.00  15.82
 -66.00   2.00  15.51
 -66.00   3.00  15.34
 -66.00   4.00  15.31
 -66.00   5.00  15.40
 -66.00   6.00  15.57
 -66.00   7.00  15.79
 -66.00   8.00  15.99
 -66.00   9.00  16.18
 -66.00  10.00  16.34
 -66.00  11.00  16.49
 -66.00  12.00  16.68
 -66.00  13.00  16.94
 -66.00  14.00  17.32
 -66.00  15.00  17.83
 -66.00  16.00  18.46
 -66.00  17.00  19.16
 -66.00  18.00  19.88
 -66.00  19.00  20.53
 -66.00  20.00  21.02
 -66.00  21.00  21.30
 -66.00  22.00  21.32
 -66.00  23.00  21.07
 -66.00  24.00  20.59
 -66.00  25.00  19.94
 -66.00  26.00  19.19
 -66.00  27.00  18.43
 -65.00 -37.00  16.15
 -65.00 -36.00  15.48
 -65.00 -35.00  14.99
 -65.00 -34.00  14.68
 -65.00 -33.00  14.52
 -65.00 -32.00  14.46
 -65.00 -31.00  14.44
 -65.00 -30.00  14.44
 -65.00 -29.00  14.46
 -65.00 -28.00  14.52
 -65.00 -27.00  14.68
 -65.00 -26.00  15.00
 -65.00 -25.00  15.53
 -65.00 -24.00  16.30
 -65.00 -23.00  17.28
 -65.00 -22.00  18.42
 -65.00 -21.00  19.62
 -65.00 -20.00  20.76
 -65.00 -19.00  21.71
 -65.00 -18.00  22.36
 -65.00 -17.00  22.66
 -65.00 -16.00  22.58
 -65.00 -15.00  22.16
 -65.00 -14.00  21.48
 -65.00 -13.00  20.67
 -65.00 -12.00  19.83
 -65.00 -11.00  19.07
 -65.00 -10.00  18.47
 -65.00  -9.00  18.05
 -65.00  -8.00  17.81
 -65.00  -7.00  17.70
 -65.00  -6.00  17.64
 -65.00  -5.00  17.58
 -65.00  -4.00  17.44
 -65.00  -3.00  17.21
 -65.00  -2.00  16.87
 -65.00  -1.00  16.46
 -65.00   0.00  16.02
 -65.00   1.00  15.63
 -65.00   2.00  15.32
 -65.00   3.00  15.15
 -65.00   4.00  15.10
 -65.00   5.00  15.18
 -65.00   6.00  15.35
 -65.00   7.00  15.56
 -65.00   8.00  15.77
 -65.00   9.00  15.96
 -65.00  10.00  16.12
 -65.00  11.00  16.26
 -65.00  12.00  16.43
 -65.00  13.00  16.67
 -65.00  14.00  17.01
 -65.00  15.00  17.49
 -65.00  16.00  18.09
 -65.00  17.00  18.79
 -65.00  18.00  19.52
 -65.00  19.00  20.21
 -65.00  20.00  20.76
 -65.00  21.00  21.11
 -65.00  22.00  21.21
 -65.00  23.00  21.03
 -65.00  24.00  20.61
 -65.00  25.00  19.99
 -65.00  26.00  19.25
 -65.00  27.00  18.47
 -64.00 -37.00  16.17
 -64.00 -36.00  15.43
 -64.00 -35.00  14.85
 -64.00 -34.00  14.45
 -64.00 -33.00  14.22
 -64.00 -32.00  14.10
 -64.00 -31.00  14.04
 -64.00 -30.00  14.01
 -64.00 -29.00  13.99
 -64.00 -28.00  14.00
 -64.00 -27.00  14.08
 -64.00 -26.00  14.28
 -64.00 -25.00  14.67
 -64.00 -24.00  15.27
 -64.00 -23.00  16.08
 -64.00 -22.00  17.08
 -64.00 -21.00  18.16
 -64.00 -20.00  19.24
 -64.00 -19.00  20.19
 -64.00 -18.00  20.90
 -64.00 -17.00  21.30
 -64.00 -16.00  21.35
 -64.00 -15.00  21.08
 -64.00 -14.00  20.54
 -64.00 -13.00  19.84
 -64.00 -12.00  19.09
 -64.00 -11.00  18.38
 -64.00 -10.00  17.81
 -64.00  -9.00  17.40
 -64.00  -8.00  17.17
 -64.00  -7.00  17.07
 -64.00  -6.00  17.05
 -64.00  -5.00  17.03
 -64.00  -4.00  16.96
 -64.00  -3.00  16.80
 -64.00  -2.00  16.53
 -64.00  -1.00  16.18
 -64.00   0.00  15.80
 -64.00   1.00  15.43
 -64.00   2.00  15.14
 -64.00   3.00  14.96
 -64.00   4.00  14.91
 -64.00   5.00  14.98
 -64.00   6.00  15.14
 -64.00   7.00  15.34
 -64.00   8.00  15.56
 -64.00   9.00  15.75
 -64.00  10.00  15.90
 -64.00  11.00  16.04
 -64.00  12.00  16.19
 -64.00  13.00  16.40
 -64.00  14.00  16.71
 -64.00  15.00  17.15
 -64.00  16.00  17.73
 -64.00  17.00  18.41
 -64.00  18.00  19.15
 -64.00  19.00  19.87
 -64.00  20.00  20.47
 -64.00  21.00  20.89
 -64.00  22.00  21.07
 -64.00  23.00  20.97
 -64.00  24.00  20.62
 -64.00  25.00  20.04
 -64.00  26.00  19.32
 -64.00  27.00  18.54
 -63.00 -37.00  16.26
 -63.00 -36.00  15.44
 -63.00 -35.00  14.78
 -63.00 -34.00  14.29
 -63.00 -33.00  13.97
 -63.00 -32.00  13.78
 -63.00 -31.00  13.68
 -63.00 -30.00  13.62
 -63.00 -29.00  13.57
 -63.00 -28.00  13.54
 -63.00 -27.00  13.55
 -63.00 -26.00  13.66
 -63.00 -25.00  13.92
 -63.00 -24.00  14.37
 -63.00 -23.00  15.03
 -63.00 -22.00  15.87
 -63.00 -21.00  16.83
 -63.00 -20.00  17.83
 -63.00 -19.00  18.75
 -63.00 -18.00  19.49
 -63.00 -17.00  19.98
 -63.00 -16.00  20.15
 -63.00 -15.00  20.01
 -63.00 -14.00  19.61
 -63.00 -13.00  19.03
 -63.00 -12.00  18.36
 -63.00 -11.00  17.72
 -63.00 -10.00  17.17
 -63.00  -9.00  16.78
 -63.00  -8.00  16.55
 -63.00  -7.00  16.46
 -63.00  -6.00  16.46
 -63.00  -5.00  16.49
 -63.00  -4.00  16.47
 -63.00  -3.00  16.37
 -63.00  -2.00  16.18
 -63.00  -1.00  15.90
 -63.00   0.00  15.56
 -63.00   1.00  15.24
 -63.00   2.00  14.96
 -63.00   3.00  14.78
 -63.00   4.00  14.72
 -63.00   5.00  14.78
 -63.00   6.00  14.93
 -63.00   7.00  15.13
 -63.00   8.00  15.35
 -63.00   9.00  15.54
 -63.00  10.00  15.70
 -63.00  11.00  15.83
 -63.00  12.00  15.97
 -63.00  13.00  16.16
 -63.00  14.00  16.43
 -63.00  15.00  16.83
 -63.00  16.00  17.37
 -63.00  17.00  18.03
 -63.00  18.00  18.76
 -63.00  19.00  19.50
 -63.00  20.00  20.15
 -63.00  21.00  20.64
 -63.00  22.00  20.90
 -63.00  23.00  20.89
 -63.00  24.00  20.62
 -63.00  25.00  20.10
 -63.00  26.00  19.42
 -63.00  27.00  18.64
 -62.00 -37.00  16.40
 -62.00 -36.00  15.53
 -62.00 -35.00  14.78
 -62.00 -34.00  14.20
 -62.00 -33.00  13.79
 -62.00 -32.00  13.53
 -62.00 -31.00  13.37
 -62.00 -30.00  13.27
 -62.00 -29.00  13.20
 -62.00 -28.00  13.13
 -62.00 -27.00  13.10
 -62.00 -26.00  13.13
 -62.00 -25.00  13.29
 -62.00 -24.00  13.60
 -62.00 -23.00  14.11
 -62.00 -22.00  14.80
 -62.00 -21.00  15.63
 -62.00 -20.00  16.53
 -62.00 -19.00  17.41
 -62.00 -18.00  18.16
 -62.00 -17.00  18.71
 -62.00 -16.00  18.98
 -62.00 -15.00  18.97
 -62.00 -14.00  18.70
 -62.00 -13.00  18.23
 -62.00 -12.00  17.66
 -62.00 -11.00  17.07
 -62.00 -10.00  16.56
 -62.00  -9.00  16.18
 -62.00  -8.00  15.95
 -62.00  -7.00  15.87
 -62.00  -6.00  15.88
 -62.00  -5.00  15.94
 -62.00  -4.00  15.97
 -62.00  -3.00  15.93
 -62.00  -2.00  15.81
 -62.00  -1.00  15.59
 -62.00   0.00  15.32
 -62.00   1.00  15.03
 -62.00   2.00  14.78
 -62.00   3.00  14.60
 -62.00   4.00  14.54
 -62.00   5.00  14.59
 -62.00   6.00  14.73
 -62.00   7.00  14.92
 -62.00   8.00  15.14
 -62.00   9.00  15.34
 -62.00  10.00  15.50
 -62.00  11.00  15.64
 -62.00  12.00  15.76
 -62.00  13.00  15.92
 -62.00  14.00  16.16
 -62.00  15.00  16.52
 -62.00  16.00  17.02
 -62.00  17.00  17.65
 -62.00  18.00  18.36
 -62.00  19.00  19.11
 -62.00  20.00  19.80
 -62.00  21.00  20.36
 -62.00  22.00  20.70
 -62.00  23.00  20.79
 -62.00  24.00  20.60
 -62.00  25.00  20.16
 -62.00  26.00  19.53
 -62.00  27.00  18.77
 -61.00 -37.00  16.60
 -61.00 -36.00  15.68
 -61.00 -35.00  14.86
 -61.00 -34.00  14.18
 -61.00 -33.00  13.67
 -61.00 -32.00  13.33
 -61.00 -31.00  13.11
 -61.00 -30.00  12.97
 -61.00 -29.00  12.87
 -61.00 -28.00  12.78
 -61.00 -27.00  12.71
 -61.00 -26.00  12.69
 -61.00 -25.00  12.75
 -61.00 -24.00  12.95
 -61.00 -23.00  13.32
 -61.00 -22.00  13.86
 -61.00 -21.00  14.56
 -61.00 -20.00  15.36
 -61.00 -19.00  16.17
 -61.00 -18.00  16.91
 -61.00 -17.00  17.49
 -61.00 -16.00  17.85
 -61.00 -15.00  17.95
 -61.00 -14.00  17.80
 -61.00 -13.00  17.44
 -61.00 -12.00  16.97
 -61.00 -11.00  16.45
 -61.00 -10.00  15.97
 -61.00  -9.00  15.61
 -61.00  -8.00  15.38
 -61.00  -7.00  15.29
 -61.00  -6.00  15.31
 -61.00  -5.00  15.38
 -61.00  -4.00  15.46
 -61.00  -3.00  15.48
 -61.00  -2.00  15.42
 -61.00  -1.00  15.27
 -61.00   0.00  15.05
 -61.00   1.00  14.81
 -61.00   2.00  14.58
 -61.00   3.00  14.42
 -61.00   4.00  14.35
 -61.00   5.00  14.39
 -61.00   6.00  14.52
 -61.00   7.00  14.71
 -61.00   8.00  14.93
 -61.00   9.00  15.14
 -61.00  10.00  15.31
 -61.00  11.00  15.45
 -61.00  12.00  15.57
 -61.00  13.00  15.71
 -61.00  14.00  15.91
 -61.00  15.00  16.23
 -61.00  16.00  16.68
 -61.00  17.00  17.26
 -61.00  18.00  17.95
 -61.00  19.00  18.70
 -61.00  20.00  19.42
 -61.00  21.00  20.03
 -61.00  22.00  20.46
 -61.00  23.00  20.64
 -61.00  24.00  20.55
 -61.00  25.00  20.20
 -61.00  26.00  19.64
 -61.00  27.00  18.91
 -60.00 -37.00  16.86
 -60.00 -36.00  15.91
 -60.00 -35.00  15.02
 -60.00 -34.00  14.25
 -60.00 -33.00  13.64
 -60.00 -32.00  13.21
 -60.00 -31.00  12.91
 -60.00 -30.00  12.72
 -60.00 -29.00  12.58
 -60.00 -28.00  12.48
 -60.00 -27.00  12.38
 -60.00 -26.00  12.32
 -60.00 -25.00  12.31
 -60.00 -24.00  12.41
 -60.00 -23.00  12.65
 -60.00 -22.00  13.06
 -60.00 -21.00  13.62
 -60.00 -20.00  14.30
 -60.00 -19.00  15.04
 -60.00 -18.00  15.75
 -60.00 -17.00  16.35
 -60.00 -16.00  16.77
 -60.00 -15.00  16.96
 -60.00 -14.00  16.92
 -60.00 -13.00  16.68
 -60.00 -12.00  16.29
 -60.00 -11.00  15.84
 -60.00 -10.00  15.41
 -60.00  -9.00  15.06
 -60.00  -8.00  14.83
 -60.00  -7.00  14.73
 -60.00  -6.00  14.75
 -60.00  -5.00  14.84
 -60.00  -4.00  14.94
 -60.00  -3.00  15.01
 -60.00  -2.00  15.01
 -60.00  -1.00  14.93
 -60.00   0.00  14.77
 -60.00   1.00  14.57
 -60.00   2.00  14.37
 -60.00   3.00  14.22
 -60.00   4.00  14.15
 -60.00   5.00  14.18
 -60.00   6.00  14.30
 -60.00   7.00  14.49
 -60.00   8.00  14.71
 -60.00   9.00  14.93
 -60.00  10.00  15.12
 -60.00  11.00  15.26
 -60.00  12.00  15.39
 -60.00  13.00  15.51
 -60.00  14.00  15.68
 -60.00  15.00  15.95
 -60.00  16.00  16.34
 -60.00  17.00  16.88
 -60.00  18.00  17.53
 -60.00  19.00  18.26
 -60.00  20.00  19.00
 -60.00  21.00  19.66
 -60.00  22.00  20.17
 -60.00  23.00  20.45
 -60.00  24.00  20.47
 -60.00  25.00  20.23
 -60.00  26.00  19.74
 -60.00  27.00  19.07
 -59.00 -37.00  17.15
 -59.00 -36.00  16.21
 -59.00 -35.00  15.26
 -59.00 -34.00  14.41
 -59.00 -33.00  13.71
 -59.00 -32.00  13.17
 -59.00 -31.00  12.78
 -59.00 -30.00  12.53
 -59.00 -29.00  12.35
 -59.00 -28.00  12.22
 -59.00 -27.00  12.10
 -59.00 -26.00  12.01
 -59.00 -25.00  11.95
 -59.00 -24.00  11.98
 -59.00 -23.00  12.11
 -59.00 -22.00  12.39
 -59.00 -21.00  12.82
 -59.00 -20.00  13.38
 -59.00 -19.00  14.03
 -59.00 -18.00  14.69
 -59.00 -17.00  15.28
 -59.00 -16.00  15.74
 -59.00 -15.00  16.01
 -59.00 -14.00  16.07
 -59.00 -13.00  15.93
 -59.00 -12.00  15.64
 -59.00 -11.00  15.26
 -59.00 -10.00  14.87
 -59.00  -9.00  14.53
 -59.00  -8.00  14.30
 -59.00  -7.00  14.19
 -59.00  -6.00  14.20
 -59.00  -5.00  14.29
 -59.00  -4.00  14.42
 -59.00  -3.00  14.53
 -59.00  -2.00  14.58
 -59.00  -1.00  14.56
 -59.00   0.00  14.46
 -59.00   1.00  14.31
 -59.00   2.00  14.14
 -59.00   3.00  14.00
 -59.00   4.00  13.93
 -59.00   5.00  13.95
 -59.00   6.00  14.07
 -59.00   7.00  14.25
 -59.00   8.00  14.48
 -59.00   9.00  14.71
 -59.00  10.00  14.91
 -59.00  11.00  15.08
 -59.00  12.00  15.21
 -59.00  13.00  15.32
 -59.00  14.00  15.47
 -59.00  15.00  15.69
 -59.00  16.00  16.03
 -59.00  17.00  16.51
 -59.00  18.00  17.11
 -59.00  19.00  17.81
 -59.00  20.00  18.55
 -59.00  21.00  19.25
 -59.00  22.00  19.83
 -59.00  23.00  20.21
 -59.00  24.00  20.34
 -59.00  25.00  20.21
 -59.00  26.00  19.83
 -59.00  27.00  19.23
 -58.00 -37.00  17.48
 -58.00 -36.00  16.56
 -58.00 -35.00  15.59
 -58.00 -34.00  14.67
 -58.00 -33.00  13.86
 -58.00 -32.00  13.22
 -58.00 -31.00  12.74
 -58.00 -30.00  12.40
 -58.00 -29.00  12.17
 -58.00 -28.00  12.00
 -58.00 -27.00  11.87
 -58.00 -26.00  11.75
 -58.00 -25.00  11.66
 -58.00 -24.00  11.63
 -58.00 -23.00  11.68
 -58.00 -22.00  11.85
 -58.00 -21.00  12.16
 -58.00 -20.00  12.60
 -58.00 -19.00  13.14
 -58.00 -18.00  13.73
 -58.00 -17.00  14.30
 -58.00 -16.00  14.77
 -58.00 -15.00  15.10
 -58.00 -14.00  15.24
 -58.00 -13.00  15.20
 -58.00 -12.00  15.00
 -58.00 -11.00  14.69
 -58.00 -10.00  14.35
 -58.00  -9.00  14.04
 -58.00  -8.00  13.80
 -58.00  -7.00  13.68
 -58.00  -6.00  13.67
 -58.00  -5.00  13.76
 -58.00  -4.00  13.90
 -58.00  -3.00  14.04
 -58.00  -2.00  14.14
 -58.00  -1.00  14.17
 -58.00   0.00  14.13
 -58.00   1.00  14.02
 -58.00   2.00  13.89
 -58.00   3.00  13.77
 -58.00   4.00  13.70
 -58.00   5.00  13.71
 -58.00   6.00  13.82
 -58.00   7.00  13.99
 -58.00   8.00  14.22
 -58.00   9.00  14.47
 -58.00  10.00  14.69
 -58.00  11.00  14.88
 -58.00  12.00  15.03
 -58.00  13.00  15.15
 -58.00  14.00  15.28
 -58.00  15.00  15.46
 -58.00  16.00  15.74
 -58.00  17.00  16.15
 -58.00  18.00  16.70
 -58.00  19.00  17.36
 -58.00  20.00  18.08
 -58.00  21.00  18.80
 -58.00  22.00  19.43
 -58.00  23.00  19.91
 -58.00  24.00  20.16
 -58.00  25.00  20.15
 -58.00  26.00  19.88
 -58.00  27.00  19.38
 -57.00 -37.00  17.80
 -57.00 -36.00  16.94
 -57.00 -35.00  15.97
 -57.00 -34.00  15.00
 -57.00 -33.00  14.12
 -57.00 -32.00  13.36
 -57.00 -31.00  12.78
 -57.00 -30.00  12.35
 -57.00 -29.00  12.05
 -57.00 -28.00  11.84
 -57.00 -27.00  11.68
 -57.00 -26.00  11.54
 -57.00 -25.00  11.44
 -57.00 -24.00  11.36
 -57.00 -23.00  11.35
 -57.00 -22.00  11.43
 -57.00 -21.00  11.63
 -57.00 -20.00  11.95
 -57.00 -19.00  12.39
 -57.00 -18.00  12.89
 -57.00 -17.00  13.41
 -57.00 -16.00  13.88
 -57.00 -15.00  14.24
 -57.00 -14.00  14.45
 -57.00 -13.00  14.49
 -57.00 -12.00  14.38
 -57.00 -11.00  14.15
 -57.00 -10.00  13.86
 -57.00  -9.00  13.56
 -57.00  -8.00  13.33
 -57.00  -7.00  13.20
 -57.00  -6.00  13.17
 -57.00  -5.00  13.24
 -57.00  -4.00  13.38
 -57.00  -3.00  13.54
 -57.00  -2.00  13.68
 -57.00  -1.00  13.76
 -57.00   0.00  13.77
 -57.00   1.00  13.71
 -57.00   2.00  13.61
 -57.00   3.00  13.51
 -57.00   4.00  13.45
 -57.00   5.00  13.46
 -57.00   6.00  13.54
 -57.00   7.00  13.71
 -57.00   8.00  13.94
 -57.00   9.00  14.20
 -57.00  10.00  14.45
 -57.00  11.00  14.67
 -57.00  12.00  14.84
 -57.00  13.00  14.97
 -57.00  14.00  15.10
 -57.00  15.00  15.25
 -57.00  16.00  15.48
 -57.00  17.00  15.83
 -57.00  18.00  16.30
 -57.00  19.00  16.91
 -57.00  20.00  17.60
 -57.00  21.00  18.32
 -57.00  22.00  18.99
 -57.00  23.00  19.55
 -57.00  24.00  19.90
 -57.00  25.00  20.02
 -57.00  26.00  19.87
 -57.00  27.00  19.48
 -56.00 -37.00  18.10
 -56.00 -36.00  17.33
 -56.00 -35.00  16.40
 -56.00 -34.00  15.41
 -56.00 -33.00  14.46
 -56.00 -32.00  13.61
 -56.00 -31.00  12.91
 -56.00 -30.00  12.38
 -56.00 -29.00  11.99
 -56.00 -28.00  11.72
 -56.00 -27.00  11.53
 -56.00 -26.00  11.38
 -56.00 -25.00  11.25
 -56.00 -24.00  11.15
 -56.00 -23.00  11.10
 -56.00 -22.00  11.11
 -56.00 -21.00  11.22
 -56.00 -20.00  11.44
 -56.00 -19.00  11.77
 -56.00 -18.00  12.18
 -56.00 -17.00  12.64
 -56.00 -16.00  13.08
 -56.00 -15.00  13.46
 -56.00 -14.00  13.71
 -56.00 -13.00  13.82
 -56.00 -12.00  13.78
 -56.00 -11.00  13.62
 -56.00 -10.00  13.38
 -56.00  -9.00  13.12
 -56.00  -8.00  12.89
 -56.00  -7.00  12.74
 -56.00  -6.00  12.70
 -56.00  -5.00  12.75
 -56.00  -4.00  12.87
 -56.00  -3.00  13.04
 -56.00  -2.00  13.20
 -56.00  -1.00  13.33
 -56.00   0.00  13.38
 -56.00   1.00  13.37
 -56.00   2.00  13.31
 -56.00   3.00  13.24
 -56.00   4.00  13.18
 -56.00   5.00  13.18
 -56.00   6.00  13.25
 -56.00   7.00  13.41
 -56.00   8.00  13.64
 -56.00   9.00  13.90
 -56.00  10.00  14.18
 -56.00  11.00  14.43
 -56.00  12.00  14.63
 -56.00  13.00  14.79
 -56.00  14.00  14.92
 -56.00  15.00  15.06
 -56.00  16.00  15.25
 -56.00  17.00  15.54
 -56.00  18.00  15.94
 -56.00  19.00  16.47
 -56.00  20.00  17.12
 -56.00  21.00  17.82
 -56.00  22.00  18.52
 -56.00  23.00  19.13
 -56.00  24.00  19.58
 -56.00  25.00  19.82
 -56.00  26.00  19.81
 -56.00  27.00  19.54
 -55.00 -37.00  18.35
 -55.00 -36.00  17.70
 -55.00 -35.00  16.84
 -55.00 -34.00  15.87
 -55.00 -33.00  14.88
 -55.00 -32.00  13.95
 -55.00 -31.00  13.15
 -55.00 -30.00  12.50
 -55.00 -29.00  12.02
 -55.00 -28.00  11.67
 -55.00 -27.00  11.43
 -55.00 -26.00  11.25
 -55.00 -25.00  11.11
 -55.00 -24.00  11.00
 -55.00 -23.00  10.91
 -55.00 -22.00  10.88
 -55.00 -21.00  10.91
 -55.00 -20.00  11.05
 -55.00 -19.00  11.28
 -55.00 -18.00  11.60
 -55.00 -17.00  11.99
 -55.00 -16.00  12.38
 -55.00 -15.00  12.75
 -55.00 -14.00  13.03
 -55.00 -13.00  13.19
 -55.00 -12.00  13.21
 -55.00 -11.00  13.12
 -55.00 -10.00  12.93
 -55.00  -9.00  12.70
 -55.00  -8.00  12.48
 -55.00  -7.00  12.33
 -55.00  -6.00  12.25
 -55.00  -5.00  12.28
 -55.00  -4.00  12.39
 -55.00  -3.00  12.55
 -55.00  -2.00  12.73
 -55.00  -1.00  12.88
 -55.00   0.00  12.98
 -55.00   1.00  13.02
 -55.00   2.00  13.00
 -55.00   3.00  12.94
 -55.00   4.00  12.89
 -55.00   5.00  12.89
 -55.00   6.00  12.95
 -55.00   7.00  13.09
 -55.00   8.00  13.30
 -55.00   9.00  13.58
 -55.00  10.00  13.87
 -55.00  11.00  14.15
 -55.00  12.00  14.40
 -55.00  13.00  14.59
 -55.00  14.00  14.74
 -55.00  15.00  14.88
 -55.00  16.00  15.05
 -55.00  17.00  15.28
 -55.00  18.00  15.61
 -55.00  19.00  16.07
 -55.00  20.00  16.65
 -55.00  21.00  17.32
 -55.00  22.00  18.01
 -55.00  23.00  18.67
 -55.00  24.00  19.20
 -55.00  25.00  19.55
 -55.00  26.00  19.66
 -55.00  27.00  19.53
 -54.00 -37.00  18.53
 -54.00 -36.00  18.03
 -54.00 -35.00  17.27
 -54.00 -34.00  16.35
 -54.00 -33.00  15.34
 -54.00 -32.00  14.34
 -54.00 -31.00  13.44
 -54.00 -30.00  12.67
 -54.00 -29.00  12.06
 -54.00 -28.00  11.61
 -54.00 -27.00  11.29
 -54.00 -26.00  11.07
 -54.00 -25.00  10.90
 -54.00 -24.00  10.77
 -54.00 -23.00  10.66
 -54.00 -22.00  10.59
 -54.00 -21.00  10.57
 -54.00 -20.00  10.62
 -54.00 -19.00  10.76
 -54.00 -18.00  10.98
 -54.00 -17.00  11.27
 -54.00 -16.00  11.60
 -54.00 -15.00  11.92
 -54.00 -14.00  12.20
 -54.00 -13.00  12.39
 -54.00 -12.00  12.47
 -54.00 -11.00  12.43
 -54.00 -10.00  12.31
 -54.00  -9.00  12.13
 -54.00  -8.00  11.94
 -54.00  -7.00  11.79
 -54.00  -6.00  11.71
 -54.00  -5.00  11.72
 -54.00  -4.00  11.82
 -54.00  -3.00  11.99
 -54.00  -2.00  12.19
 -54.00  -1.00  12.38
 -54.00   0.00  12.53
 -54.00   1.00  12.62
 -54.00   2.00  12.65
 -54.00   3.00  12.64
 -54.00   4.00  12.61
 -54.00   5.00  12.61
 -54.00   6.00  12.67
 -54.00   7.00  12.80
 -54.00   8.00  13.02
 -54.00   9.00  13.30
 -54.00  10.00  13.62
 -54.00  11.00  13.95
 -54.00  12.00  14.24
 -54.00  13.00  14.49
 -54.00  14.00  14.68
 -54.00  15.00  14.84
 -54.00  16.00  14.99
 -54.00  17.00  15.18
 -54.00  18.00  15.45
 -54.00  19.00  15.83
 -54.00  20.00  16.33
 -54.00  21.00  16.94
 -54.00  22.00  17.61
 -54.00  23.00  18.28
 -54.00  24.00  18.88
 -54.00  25.00  19.32
 -54.00  26.00  19.56
 -54.00  27.00  19.56
 -53.00 -37.00  18.64
 -53.00 -36.00  18.31
 -53.00 -35.00  17.69
 -53.00 -34.00  16.84
 -53.00 -33.00  15.86
 -53.00 -32.00  14.83
 -53.00 -31.00  13.85
 -53.00 -30.00  12.97
 -53.00 -29.00  12.24
 -53.00 -28.00  11.68
 -53.00 -27.00  11.26
 -53.00 -26.00  10.97
 -53.00 -25.00  10.76
 -53.00 -24.00  10.61
 -53.00 -23.00  10.50
 -53.00 -22.00  10.41
 -53.00 -21.00  10.36
 -53.00 -20.00  10.36
 -53.00 -19.00  10.42
 -53.00 -18.00  10.55
 -53.00 -17.00  10.76
 -53.00 -16.00  11.01
 -53.00 -15.00  11.29
 -53.00 -14.00  11.54
 -53.00 -13.00  11.74
 -53.00 -12.00  11.86
 -53.00 -11.00  11.87
 -53.00 -10.00  11.80
 -53.00  -9.00  11.66
 -53.00  -8.00  11.50
 -53.00  -7.00  11.36
 -53.00  -6.00  11.26
 -53.00  -5.00  11.25
 -53.00  -4.00  11.33
 -53.00  -3.00  11.49
 -53.00  -2.00  11.69
 -53.00  -1.00  11.90
 -53.00   0.00  12.09
 -53.00   1.00  12.24
 -53.00   2.00  12.32
 -53.00   3.00  12.35
 -53.00   4.00  12.35
 -53.00   5.00  12.36
 -53.00   6.00  12.41
 -53.00   7.00  12.53
 -53.00   8.00  12.74
 -53.00   9.00  13.02
 -53.00  10.00  13.36
 -53.00  11.00  13.73
 -53.00  12.00  14.07
 -53.00  13.00  14.38
 -53.00  14.00  14.63
 -53.00  15.00  14.82
 -53.00  16.00  14.98
 -53.00  17.00  15.14
 -53.00  18.00  15.36
 -53.00  19.00  15.66
 -53.00  20.00  16.08
 -53.00  21.00  16.62
 -53.00  22.00  17.24
 -53.00  23.00  17.90
 -53.00  24.00  18.53
 -53.00  25.00  19.05
 -53.00  26.00  19.40
 -53.00  27.00  19.53
 -52.00 -37.00  18.66
 -52.00 -36.00  18.52
 -52.00 -35.00  18.06
 -52.00 -34.00  17.34
 -52.00 -33.00  16.42
 -52.00 -32.00  15.40
 -52.00 -31.00  14.37
 -52.00 -30.00  13.40
 -52.00 -29.00  12.56
 -52.00 -28.00  11.88
 -52.00 -27.00  11.36
 -52.00 -26.00  10.98
 -52.00 -25.00  10.72
 -52.00 -24.00  10.55
 -52.00 -23.00  10.42
 -52.00 -22.00  10.33
 -52.00 -21.00  10.26
 -52.00 -20.00  10.24
 -52.00 -19.00  10.25
 -52.00 -18.00  10.33
 -52.00 -17.00  10.46
 -52.00 -16.00  10.65
 -52.00 -15.00  10.87
 -52.00 -14.00  11.09
 -52.00 -13.00  11.29
 -52.00 -12.00  11.42
 -52.00 -11.00  11.48
 -52.00 -10.00  11.45
 -52.00  -9.00  11.35
 -52.00  -8.00  11.21
 -52.00  -7.00  11.07
 -52.00  -6.00  10.96
 -52.00  -5.00  10.92
 -52.00  -4.00  10.96
 -52.00  -3.00  11.08
 -52.00  -2.00  11.27
 -52.00  -1.00  11.49
 -52.00   0.00  11.70
 -52.00   1.00  11.88
 -52.00   2.00  12.01
 -52.00   3.00  12.08
 -52.00   4.00  12.11
 -52.00   5.00  12.13
 -52.00   6.00  12.18
 -52.00   7.00  12.28
 -52.00   8.00  12.46
 -52.00   9.00  12.73
 -52.00  10.00  13.08
 -52.00  11.00  13.46
 -52.00  12.00  13.86
 -52.00  13.00  14.22
 -52.00  14.00  14.53
 -52.00  15.00  14.78
 -52.00  16.00  14.96
 -52.00  17.00  15.13
 -52.00  18.00  15.31
 -52.00  19.00  15.55
 -52.00  20.00  15.88
 -52.00  21.00  16.33
 -52.00  22.00  16.89
 -52.00  23.00  17.51
 -52.00  24.00  18.14
 -52.00  25.00  18.71
 -52.00  26.00  19.15
 -52.00  27.00  19.40
 -51.00 -37.00  18.58
 -51.00 -36.00  18.63
 -51.00 -35.00  18.35
 -51.00 -34.00  17.78
 -51.00 -33.00  16.97
 -51.00 -32.00  16.00
 -51.00 -31.00  14.96
 -51.00 -30.00  13.94
 -51.00 -29.00  13.00
 -51.00 -28.00  12.21
 -51.00 -27.00  11.58
 -51.00 -26.00  11.11
 -51.00 -25.00  10.78
 -51.00 -24.00  10.56
 -51.00 -23.00  10.41
 -51.00 -22.00  10.32
 -51.00 -21.00  10.25
 -51.00 -20.00  10.22
 -51.00 -19.00  10.21
 -51.00 -18.00  10.25
 -51.00 -17.00  10.33
 -51.00 -16.00  10.46
 -51.00 -15.00  10.64
 -51.00 -14.00  10.83
 -51.00 -13.00  11.01
 -51.00 -12.00  11.15
 -51.00 -11.00  11.23
 -51.00 -10.00  11.24
 -51.00  -9.00  11.17
 -51.00  -8.00  11.05
 -51.00  -7.00  10.91
 -51.00  -6.00  10.79
 -51.00  -5.00  10.71
 -51.00  -4.00  10.71
 -51.00  -3.00  10.79
 -51.00  -2.00  10.94
 -51.00  -1.00  11.14
 -51.00   0.00  11.36
 -51.00   1.00  11.57
 -51.00   2.00  11.73
 -51.00   3.00  11.84
 -51.00   4.00  11.89
 -51.00   5.00  11.93
 -51.00   6.00  11.97
 -51.00   7.00  12.05
 -51.00   8.00  12.20
 -51.00   9.00  12.45
 -51.00  10.00  12.77
 -51.00  11.00  13.17
 -51.00  12.00  13.59
 -51.00  13.00  14.01
 -51.00  14.00  14.38
 -51.00  15.00  14.69
 -51.00  16.00  14.92
 -51.00  17.00  15.11
 -51.00  18.00  15.27
 -51.00  19.00  15.47
 -51.00  20.00  15.73
 -51.00  21.00  16.09
 -51.00  22.00  16.56
 -51.00  23.00  17.12
 -51.00  24.00  17.73
 -51.00  25.00  18.32
 -51.00  26.00  18.83
 -51.00  27.00  19.18
 -50.00 -37.00  18.39
 -50.00 -36.00  18.63
 -50.00 -35.00  18.55
 -50.00 -34.00  18.15
 -50.00 -33.00  17.47
 -50.00 -32.00  16.59
 -50.00 -31.00  15.59
 -50.00 -30.00  14.54
 -50.00 -29.00  13.55
 -50.00 -28.00  12.66
 -50.00 -27.00  11.92
 -50.00 -26.00  11.34
 -50.00 -25.00  10.92
 -50.00 -24.00  10.64
 -50.00 -23.00  10.47
 -50.00 -22.00  10.36
 -50.00 -21.00  10.30
 -50.00 -20.00  10.26
 -50.00 -19.00  10.25
 -50.00 -18.00  10.27
 -50.00 -17.00  10.32
 -50.00 -16.00  10.42
 -50.00 -15.00  10.55
 -50.00 -14.00  10.70
 -50.00 -13.00  10.86
 -50.00 -12.00  11.01
 -50.00 -11.00  11.10
 -50.00 -10.00  11.14
 -50.00  -9.00  11.10
 -50.00  -8.00  11.01
 -50.00  -7.00  10.88
 -50.00  -6.00  10.74
 -50.00  -5.00  10.63
 -50.00  -4.00  10.58
 -50.00  -3.00  10.60
 -50.00  -2.00  10.70
 -50.00  -1.00  10.87
 -50.00   0.00  11.08
 -50.00   1.00  11.29
 -50.00   2.00  11.47
 -50.00   3.00  11.61
 -50.00   4.00  11.70
 -50.00   5.00  11.75
 -50.00   6.00  11.79
 -50.00   7.00  11.85
 -50.00   8.00  11.97
 -50.00   9.00  12.17
 -50.00  10.00  12.47
 -50.00  11.00  12.85
 -50.00  12.00  13.28
 -50.00  13.00  13.74
 -50.00  14.00  14.17
 -50.00  15.00  14.54
 -50.00  16.00  14.84
 -50.00  17.00  15.06
 -50.00  18.00  15.24
 -50.00  19.00  15.40
 -50.00  20.00  15.61
 -50.00  21.00  15.89
 -50.00  22.00  16.27
 -50.00  23.00  16.75
 -50.00  24.00  17.31
 -50.00  25.00  17.89
 -50.00  26.00  18.43
 -50.00  27.00  18.86
 -49.00 -37.00  18.09
 -49.00 -36.00  18.51
 -49.00 -35.00  18.62
 -49.00 -34.00  18.41
 -49.00 -33.00  17.90
 -49.00 -32.00  17.15
 -49.00 -31.00  16.21
 -49.00 -30.00  15.19
 -49.00 -29.00  14.16
 -49.00 -28.00  13.20
 -49.00 -27.00  12.36
 -49.00 -26.00  11.68
 -49.00 -25.00  11.16
 -49.00 -24.00  10.80
 -49.00 -23.00  10.57
 -49.00 -22.00  10.44
 -49.00 -21.00  10.37
 -49.00 -20.00  10.34
 -49.00 -19.00  10.34
 -49.00 -18.00  10.36
 -49.00 -17.00  10.40
 -49.00 -16.00  10.47
 -49.00 -15.00  10.57
 -49.00 -14.00  10.69
 -49.00 -13.00  10.83
 -49.00 -12.00  10.97
 -49.00 -11.00  11.07
 -49.00 -10.00  11.13
 -49.00  -9.00  11.12
 -49.00  -8.00  11.05
 -49.00  -7.00  10.93
 -49.00  -6.00  10.79
 -49.00  -5.00  10.65
 -49.00  -4.00  10.56
 -49.00  -3.00  10.52
 -49.00  -2.00  10.57
 -49.00  -1.00  10.68
 -49.00   0.00  10.85
 -49.00   1.00  11.05
 -49.00   2.00  11.25
 -49.00   3.00  11.41
 -49.00   4.00  11.52
 -49.00   5.00  11.60
 -49.00   6.00  11.64
 -49.00   7.00  11.68
 -49.00   8.00  11.77
 -49.00   9.00  11.93
 -49.00  10.00  12.18
 -49.00  11.00  12.52
 -49.00  12.00  12.95
 -49.00  13.00  13.41
 -49.00  14.00  13.88
 -49.00  15.00  14.32
 -49.00  16.00  14.68
 -49.00  17.00  14.96
 -49.00  18.00  15.17
 -49.00  19.00  15.34
 -49.00  20.00  15.50
 -49.00  21.00  15.71
 -49.00  22.00  16.01
 -49.00  23.00  16.40
 -49.00  24.00  16.89
 -49.00  25.00  17.43
 -49.00  26.00  17.98
 -49.00  27.00  18.47
 -48.00 -37.00  17.68
 -48.00 -36.00  18.26
 -48.00 -35.00  18.55
 -48.00 -34.00  18.54
 -48.00 -33.00  18.22
 -48.00 -32.00  17.62
 -48.00 -31.00  16.80
 -48.00 -30.00  15.83
 -48.00 -29.00  14.81
 -48.00 -28.00  13.80
 -48.00 -27.00  12.88
 -48.00 -26.00  12.10
 -48.00 -25.00  11.49
 -48.00 -24.00  11.04
 -48.00 -23.00  10.74
 -48.00 -22.00  10.56
 -48.00 -21.00  10.48
 -48.00 -20.00  10.45
 -48.00 -19.00  10.45
 -48.00 -18.00  10.48
 -48.00 -17.00  10.52
 -48.00 -16.00  10.57
 -48.00 -15.00  10.65
 -48.00 -14.00  10.76
 -48.00 -13.00  10.87
 -48.00 -12.00  11.00
 -48.00 -11.00  11.10
 -48.00 -10.00  11.18
 -48.00  -9.00  11.20
 -48.00  -8.00  11.16
 -48.00  -7.00  11.06
 -48.00  -6.00  10.92
 -48.00  -5.00  10.77
 -48.00  -4.00  10.63
 -48.00  -3.00  10.54
 -48.00  -2.00  10.52
 -48.00  -1.00  10.58
 -48.00   0.00  10.70
 -48.00   1.00  10.87
 -48.00   2.00  11.06
 -48.00   3.00  11.23
 -48.00   4.00  11.36
 -48.00   5.00  11.45
 -48.00   6.00  11.51
 -48.00   7.00  11.55
 -48.00   8.00  11.60
 -48.00   9.00  11.72
 -48.00  10.00  11.91
 -48.00  11.00  12.21
 -48.00  12.00  12.59
 -48.00  13.00  13.05
 -48.00  14.00  13.54
 -48.00  15.00  14.02
 -48.00  16.00  14.45
 -48.00  17.00  14.79
 -48.00  18.00  15.05
 -48.00  19.00  15.24
 -48.00  20.00  15.40
 -48.00  21.00  15.56
 -48.00  22.00  15.78
 -48.00  23.00  16.08
 -48.00  24.00  16.48
 -48.00  25.00  16.97
 -48.00  26.00  17.50
 -48.00  27.00  18.01
 -47.00 -37.00  17.17
 -47.00 -36.00  17.88
 -47.00 -35.00  18.35
 -47.00 -34.00  18.53
 -47.00 -33.00  18.40
 -47.00 -32.00  17.98
 -47.00 -31.00  17.30
 -47.00 -30.00  16.44
 -47.00 -29.00  15.45
 -47.00 -28.00  14.44
 -47.00 -27.00  13.47
 -47.00 -26.00  12.61
 -47.00 -25.00  11.89
 -47.00 -24.00  11.34
 -47.00 -23.00  10.96
 -47.00 -22.00  10.72
 -47.00 -21.00  10.60
 -47.00 -20.00  10.56
 -47.00 -19.00  10.57
 -47.00 -18.00  10.60
 -47.00 -17.00  10.65
 -47.00 -16.00  10.71
 -47.00 -15.00  10.78
 -47.00 -14.00  10.87
 -47.00 -13.00  10.97
 -47.00 -12.00  11.08
 -47.00 -11.00  11.18
 -47.00 -10.00  11.26
 -47.00  -9.00  11.30
 -47.00  -8.00  11.29
 -47.00  -7.00  11.21
 -47.00  -6.00  11.09
 -47.00  -5.00  10.94
 -47.00  -4.00  10.78
 -47.00  -3.00  10.64
 -47.00  -2.00  10.56
 -47.00  -1.00  10.56
 -47.00   0.00  10.62
 -47.00   1.00  10.74
 -47.00   2.00  10.90
 -47.00   3.00  11.07
 -47.00   4.00  11.22
 -47.00   5.00  11.33
 -47.00   6.00  11.39
 -47.00   7.00  11.43
 -47.00   8.00  11.47
 -47.00   9.00  11.54
 -47.00  10.00  11.68
 -47.00  11.00  11.91
 -47.00  12.00  12.25
 -47.00  13.00  12.67
 -47.00  14.00  13.16
 -47.00  15.00  13.66
 -47.00  16.00  14.14
 -47.00  17.00  14.55
 -47.00  18.00  14.87
 -47.00  19.00  15.10
 -47.00  20.00  15.27
 -47.00  21.00  15.41
 -47.00  22.00  15.57
 -47.00  23.00  15.79
 -47.00  24.00  16.11
 -47.00  25.00  16.52
 -47.00  26.00  17.00
 -47.00  27.00  17.50
 -46.00 -37.00  16.58
 -46.00 -36.00  17.40
 -46.00 -35.00  18.02
 -46.00 -34.00  18.37
 -46.00 -33.00  18.44
 -46.00 -32.00  18.21
 -46.00 -31.00  17.70
 -46.00 -30.00  16.96
 -46.00 -29.00  16.06
 -46.00 -28.00  15.07
 -46.00 -27.00  14.08
 -46.00 -26.00  13.16
 -46.00 -25.00  12.36
 -46.00 -24.00  11.72
 -46.00 -23.00  11.24
 -46.00 -22.00  10.93
 -46.00 -21.00  10.75
 -46.00 -20.00  10.68
 -46.00 -19.00  10.68
 -46.00 -18.00  10.72
 -46.00 -17.00  10.78
 -46.00 -16.00  10.84
 -46.00 -15.00  10.92
 -46.00 -14.00  11.00
 -46.00 -13.00  11.09
 -46.00 -12.00  11.18
 -46.00 -11.00  11.28
 -46.00 -10.00  11.36
 -46.00  -9.00  11.42
 -46.00  -8.00  11.43
 -46.00  -7.00  11.38
 -46.00  -6.00  11.28
 -46.00  -5.00  11.13
 -46.00  -4.00  10.96
 -46.00  -3.00  10.80
 -46.00  -2.00  10.67
 -46.00  -1.00  10.60
 -46.00   0.00  10.60
 -46.00   1.00  10.67
 -46.00   2.00  10.79
 -46.00   3.00  10.94
 -46.00   4.00  11.09
 -46.00   5.00  11.21
 -46.00   6.00  11.29
 -46.00   7.00  11.33
 -46.00   8.00  11.36
 -46.00   9.00  11.40
 -46.00  10.00  11.48
 -46.00  11.00  11.66
 -46.00  12.00  11.93
 -46.00  13.00  12.30
 -46.00  14.00  12.76
 -46.00  15.00  13.26
 -46.00  16.00  13.77
 -46.00  17.00  14.23
 -46.00  18.00  14.61
 -46.00  19.00  14.90
 -46.00  20.00  15.10
 -46.00  21.00  15.25
 -46.00  22.00  15.37
 -46.00  23.00  15.53
 -46.00  24.00  15.77
 -46.00  25.00  16.09
 -46.00  26.00  16.51
 -46.00  27.00  16.98
 -45.00 -37.00  15.95
 -45.00 -36.00  16.84
 -45.00 -35.00  17.57
 -45.00 -34.00  18.09
 -45.00 -33.00  18.33
 -45.00 -32.00  18.29
 -45.00 -31.00  17.96
 -45.00 -30.00  17.37
 -45.00 -29.00  16.58
 -45.00 -28.00  15.66
 -45.00 -27.00  14.68
 -45.00 -26.00  13.73
 -45.00 -25.00  12.87
 -45.00 -24.00  12.14
 -45.00 -23.00  11.58
 -45.00 -22.00  11.18
 -45.00 -21.00  10.93
 -45.00 -20.00  10.81
 -45.00 -19.00  10.79
 -45.00 -18.00  10.82
 -45.00 -17.00  10.89
 -45.00 -16.00  10.97
 -45.00 -15.00  11.05
 -45.00 -14.00  11.13
 -45.00 -13.00  11.21
 -45.00 -12.00  11.30
 -45.00 -11.00  11.39
 -45.00 -10.00  11.47
 -45.00  -9.00  11.53
 -45.00  -8.00  11.56
 -45.00  -7.00  11.53
 -45.00  -6.00  11.45
 -45.00  -5.00  11.33
 -45.00  -4.00  11.16
 -45.00  -3.00  10.98
 -45.00  -2.00  10.82
 -45.00  -1.00  10.70
 -45.00   0.00  10.65
 -45.00   1.00  10.66
 -45.00   2.00  10.73
 -45.00   3.00  10.85
 -45.00   4.00  10.98
 -45.00   5.00  11.10
 -45.00   6.00  11.19
 -45.00   7.00  11.24
 -45.00   8.00  11.26
 -45.00   9.00  11.28
 -45.00  10.00  11.33
 -45.00  11.00  11.44
 -45.00  12.00  11.64
 -45.00  13.00  11.95
 -45.00  14.00  12.36
 -45.00  15.00  12.84
 -45.00  16.00  13.36
 -45.00  17.00  13.85
 -45.00  18.00  14.29
 -45.00  19.00  14.64
 -45.00  20.00  14.89
 -45.00  21.00  15.05
 -45.00  22.00  15.17
 -45.00  23.00  15.29
 -45.00  24.00  15.45
 -45.00  25.00  15.70
 -45.00  26.00  16.03
 -45.00  27.00  16.45
 -44.00 -37.00  15.30
 -44.00 -36.00  16.22
 -44.00 -35.00  17.04
 -44.00 -34.00  17.69
 -44.00 -33.00  18.10
 -44.00 -32.00  18.23
 -44.00 -31.00  18.08
 -44.00 -30.00  17.65
 -44.00 -29.00  17.00
 -44.00 -28.00  16.17
 -44.00 -27.00  15.25
 -44.00 -26.00  14.30
 -44.00 -25.00  13.39
 -44.00 -24.00  12.60
 -44.00 -23.00  11.95
 -44.00 -22.00  11.47
 -44.00 -21.00  11.15
 -44.00 -20.00  10.97
 -44.00 -19.00  10.91
 -44.00 -18.00  10.92
 -44.00 -17.00  10.99
 -44.00 -16.00  11.07
 -44.00 -15.00  11.16
 -44.00 -14.00  11.25
 -44.00 -13.00  11.33
 -44.00 -12.00  11.41
 -44.00 -11.00  11.49
 -44.00 -10.00  11.57
 -44.00  -9.00  11.63
 -44.00  -8.00  11.67
 -44.00  -7.00  11.66
 -44.00  -6.00  11.61
 -44.00  -5.00  11.50
 -44.00  -4.00  11.35
 -44.00  -3.00  11.17
 -44.00  -2.00  10.99
 -44.00  -1.00  10.83
 -44.00   0.00  10.73
 -44.00   1.00  10.69
 -44.00   2.00  10.71
 -44.00   3.00  10.78
 -44.00   4.00  10.89
 -44.00   5.00  11.00
 -44.00   6.00  11.10
 -44.00   7.00  11.15
 -44.00   8.00  11.18
 -44.00   9.00  11.19
 -44.00  10.00  11.20
 -44.00  11.00  11.26
 -44.00  12.00  11.40
 -44.00  13.00  11.64
 -44.00  14.00  11.99
 -44.00  15.00  12.43
 -44.00  16.00  12.93
 -44.00  17.00  13.44
 -44.00  18.00  13.91
 -44.00  19.00  14.31
 -44.00  20.00  14.62
 -44.00  21.00  14.82
 -44.00  22.00  14.95
 -44.00  23.00  15.05
 -44.00  24.00  15.16
 -44.00  25.00  15.33
 -44.00  26.00  15.59
 -44.00  27.00  15.94
 -43.00 -37.00  14.68
 -43.00 -36.00  15.62
 -43.00 -35.00  16.50
 -43.00 -34.00  17.25
 -43.00 -33.00  17.80
 -43.00 -32.00  18.09
 -43.00 -31.00  18.11
 -43.00 -30.00  17.85
 -43.00 -29.00  17.34
 -43.00 -28.00  16.63
 -43.00 -27.00  15.77
 -43.00 -26.00  14.84
 -43.00 -25.00  13.93
 -43.00 -24.00  13.08
 -43.00 -23.00  12.36
 -43.00 -22.00  11.80
 -43.00 -21.00  11.39
 -43.00 -20.00  11.15
 -43.00 -19.00  11.03
 -43.00 -18.00  11.02
 -43.00 -17.00  11.06
 -43.00 -16.00  11.14
 -43.00 -15.00  11.24
 -43.00 -14.00  11.33
 -43.00 -13.00  11.41
 -43.00 -12.00  11.48
 -43.00 -11.00  11.55
 -43.00 -10.00  11.62
 -43.00  -9.00  11.68
 -43.00  -8.00  11.71
 -43.00  -7.00  11.72
 -43.00  -6.00  11.68
 -43.00  -5.00  11.59
 -43.00  -4.00  11.46
 -43.00  -3.00  11.29
 -43.00  -2.00  11.11
 -43.00  -1.00  10.93
 -43.00   0.00  10.79
 -43.00   1.00  10.70
 -43.00   2.00  10.68
 -43.00   3.00  10.72
 -43.00   4.00  10.79
 -43.00   5.00  10.89
 -43.00   6.00  10.98
 -43.00   7.00  11.04
 -43.00   8.00  11.07
 -43.00   9.00  11.07
 -43.00  10.00  11.07
 -43.00  11.00  11.09
 -43.00  12.00  11.17
 -43.00  13.00  11.34
 -43.00  14.00  11.63
 -43.00  15.00  12.01
 -43.00  16.00  12.48
 -43.00  17.00  12.98
 -43.00  18.00  13.48
 -43.00  19.00  13.92
 -43.00  20.00  14.28
 -43.00  21.00  14.54
 -43.00  22.00  14.70
 -43.00  23.00  14.80
 -43.00  24.00  14.89
 -43.00  25.00  15.01
 -43.00  26.00  15.20
 -43.00  27.00  15.48
 -42.00 -37.00  14.10
 -42.00 -36.00  15.03
 -42.00 -35.00  15.95
 -42.00 -34.00  16.77
 -42.00 -33.00  17.43
 -42.00 -32.00  17.87
 -42.00 -31.00  18.05
 -42.00 -30.00  17.95
 -42.00 -29.00  17.59
 -42.00 -28.00  17.00
 -42.00 -27.00  16.23
 -42.00 -26.00  15.36
 -42.00 -25.00  14.45
 -42.00 -24.00  13.58
 -42.00 -23.00  12.80
 -42.00 -22.00  12.16
 -42.00 -21.00  11.68
 -42.00 -20.00  11.37
 -42.00 -19.00  11.19
 -42.00 -18.00  11.13
 -42.00 -17.00  11.15
 -42.00 -16.00  11.22
 -42.00 -15.00  11.31
 -42.00 -14.00  11.40
 -42.00 -13.00  11.48
 -42.00 -12.00  11.56
 -42.00 -11.00  11.62
 -42.00 -10.00  11.67
 -42.00  -9.00  11.72
 -42.00  -8.00  11.75
 -42.00  -7.00  11.76
 -42.00  -6.00  11.74
 -42.00  -5.00  11.67
 -42.00  -4.00  11.55
 -42.00  -3.00  11.40
 -42.00  -2.00  11.22
 -42.00  -1.00  11.03
 -42.00   0.00  10.87
 -42.00   1.00  10.75
 -42.00   2.00  10.68
 -42.00   3.00  10.68
 -42.00   4.00  10.73
 -42.00   5.00  10.80
 -42.00   6.00  10.88
 -42.00   7.00  10.94
 -42.00   8.00  10.98
 -42.00   9.00  10.98
 -42.00  10.00  10.96
 -42.00  11.00  10.95
 -42.00  12.00  10.99
 -42.00  13.00  11.10
 -42.00  14.00  11.31
 -42.00  15.00  11.64
 -42.00  16.00  12.05
 -42.00  17.00  12.54
 -42.00  18.00  13.04
 -42.00  19.00  13.52
 -42.00  20.00  13.92
 -42.00  21.00  14.23
 -42.00  22.00  14.43
 -42.00  23.00  14.55
 -42.00  24.00  14.63
 -42.00  25.00  14.71
 -42.00  26.00  14.84
 -42.00  27.00  15.06
 -41.00 -37.00  13.58
 -41.00 -36.00  14.48
 -41.00 -35.00  15.40
 -41.00 -34.00  16.27
 -41.00 -33.00  17.02
 -41.00 -32.00  17.58
 -41.00 -31.00  17.90
 -41.00 -30.00  17.96
 -41.00 -29.00  17.75
 -41.00 -28.00  17.29
 -41.00 -27.00  16.63
 -41.00 -26.00  15.82
 -41.00 -25.00  14.95
 -41.00 -24.00  14.07
 -41.00 -23.00  13.26
 -41.00 -22.00  12.56
 -41.00 -21.00  12.01
 -41.00 -20.00  11.62
 -41.00 -19.00  11.38
 -41.00 -18.00  11.27
 -41.00 -17.00  11.26
 -41.00 -16.00  11.31
 -41.00 -15.00  11.39
 -41.00 -14.00  11.48
 -41.00 -13.00  11.56
 -41.00 -12.00  11.63
 -41.00 -11.00  11.69
 -41.00 -10.00  11.73
 -41.00  -9.00  11.77
 -41.00  -8.00  11.79
 -41.00  -7.00  11.80
 -41.00  -6.00  11.78
 -41.00  -5.00  11.73
 -41.00  -4.00  11.63
 -41.00  -3.00  11.49
 -41.00  -2.00  11.32
 -41.00  -1.00  11.13
 -41.00   0.00  10.96
 -41.00   1.00  10.81
 -41.00   2.00  10.71
 -41.00   3.00  10.67
 -41.00   4.00  10.69
 -41.00   5.00  10.74
 -41.00   6.00  10.80
 -41.00   7.00  10.86
 -41.00   8.00  10.90
 -41.00   9.00  10.90
 -41.00  10.00  10.88
 -41.00  11.00  10.85
 -41.00  12.00  10.84
 -41.00  13.00  10.90
 -41.00  14.00  11.05
 -41.00  15.00  11.31
 -41.00  16.00  11.67
 -41.00  17.00  12.12
 -41.00  18.00  12.61
 -41.00  19.00  13.10
 -41.00  20.00  13.54
 -41.00  21.00  13.89
 -41.00  22.00  14.14
 -41.00  23.00  14.29
 -41.00  24.00  14.38
 -41.00  25.00  14.44
 -41.00  26.00  14.52
 -41.00  27.00  14.68
 -40.00 -37.00  13.11
 -40.00 -36.00  13.96
 -40.00 -35.00  14.87
 -40.00 -34.00  15.77
 -40.00 -33.00  16.58
 -40.00 -32.00  17.24
 -40.00 -31.00  17.69
 -40.00 -30.00  17.90
 -40.00 -29.00  17.83
 -40.00 -28.00  17.51
 -40.00 -27.00  16.97
 -40.00 -26.00  16.25
 -40.00 -25.00  15.42
 -40.00 -24.00  14.56
 -40.00 -23.00  13.73
 -40.00 -22.00  12.99
 -40.00 -21.00  12.38
 -40.00 -20.00  11.92
 -40.00 -19.00  11.62
 -40.00 -18.00  11.45
 -40.00 -17.00  11.40
 -40.00 -16.00  11.42
 -40.00 -15.00  11.49
 -40.00 -14.00  11.57
 -40.00 -13.00  11.65
 -40.00 -12.00  11.71
 -40.00 -11.00  11.76
 -40.00 -10.00  11.80
 -40.00  -9.00  11.82
 -40.00  -8.00  11.84
 -40.00  -7.00  11.84
 -40.00  -6.00  11.83
 -40.00  -5.00  11.78
 -40.00  -4.00  11.69
 -40.00  -3.00  11.57
 -40.00  -2.00  11.41
 -40.00  -1.00  11.23
 -40.00   0.00  11.05
 -40.00   1.00  10.88
 -40.00   2.00  10.76
 -40.00   3.00  10.69
 -40.00   4.00  10.67
 -40.00   5.00  10.70
 -40.00   6.00  10.75
 -40.00   7.00  10.80
 -40.00   8.00  10.84
 -40.00   9.00  10.84
 -40.00  10.00  10.81
 -40.00  11.00  10.77
 -40.00  12.00  10.74
 -40.00  13.00  10.75
 -40.00  14.00  10.84
 -40.00  15.00  11.03
 -40.00  16.00  11.34
 -40.00  17.00  11.74
 -40.00  18.00  12.20
 -40.00  19.00  12.69
 -40.00  20.00  13.15
 -40.00  21.00  13.54
 -40.00  22.00  13.83
 -40.00  23.00  14.02
 -40.00  24.00  14.12
 -40.00  25.00  14.18
 -40.00  26.00  14.23
 -40.00  27.00  14.34
 -39.00 -37.00  12.70
 -39.00 -36.00  13.49
 -39.00 -35.00  14.38
 -39.00 -34.00  15.28
 -39.00 -33.00  16.14
 -39.00 -32.00  16.88
 -39.00 -31.00  17.44
 -39.00 -30.00  17.78
 -39.00 -29.00  17.86
 -39.00 -28.00  17.68
 -39.00 -27.00  17.26
 -39.00 -26.00  16.64
 -39.00 -25.00  15.88
 -39.00 -24.00  15.05
 -39.00 -23.00  14.22
 -39.00 -22.00  13.44
 -39.00 -21.00  12.78
 -39.00 -20.00  12.26
 -39.00 -19.00  11.90
 -39.00 -18.00  11.67
 -39.00 -17.00  11.57
 -39.00 -16.00  11.56
 -39.00 -15.00  11.60
 -39.00 -14.00  11.67
 -39.00 -13.00  11.74
 -39.00 -12.00  11.80
 -39.00 -11.00  11.84
 -39.00 -10.00  11.87
 -39.00  -9.00  11.89
 -39.00  -8.00  11.89
 -39.00  -7.00  11.89
 -39.00  -6.00  11.87
 -39.00  -5.00  11.83
 -39.00  -4.00  11.75
 -39.00  -3.00  11.64
 -39.00  -2.00  11.49
 -39.00  -1.00  11.32
 -39.00   0.00  11.14
 -39.00   1.00  10.97
 -39.00   2.00  10.82
 -39.00   3.00  10.73
 -39.00   4.00  10.68
 -39.00   5.00  10.68
 -39.00   6.00  10.72
 -39.00   7.00  10.76
 -39.00   8.00  10.79
 -39.00   9.00  10.80
 -39.00  10.00  10.78
 -39.00  11.00  10.72
 -39.00  12.00  10.67
 -39.00  13.00  10.64
 -39.00  14.00  10.68
 -39.00  15.00  10.81
 -39.00  16.00  11.05
 -39.00  17.00  11.39
 -39.00  18.00  11.82
 -39.00  19.00  12.29
 -39.00  20.00  12.76
 -39.00  21.00  13.18
 -39.00  22.00  13.51
 -39.00  23.00  13.74
 -39.00  24.00  13.87
 -39.00  25.00  13.93
 -39.00  26.00  13.97
 -39.00  27.00  14.03
 -38.00 -37.00  12.34
 -38.00 -36.00  13.08
 -38.00 -35.00  13.92
 -38.00 -34.00  14.81
 -38.00 -33.00  15.70
 -38.00 -32.00  16.50
 -38.00 -31.00  17.16
 -38.00 -30.00  17.62
 -38.00 -29.00  17.84
 -38.00 -28.00  17.80
 -38.00 -27.00  17.51
 -38.00 -26.00  17.00
 -38.00 -25.00  16.33
 -38.00 -24.00  15.54
 -38.00 -23.00  14.73
 -38.00 -22.00  13.94
 -38.00 -21.00  13.24
 -38.00 -20.00  12.66
 -38.00 -19.00  12.23
 -38.00 -18.00  11.94
 -38.00 -17.00  11.79
 -38.00 -16.00  11.73
 -38.00 -15.00  11.74
 -38.00 -14.00  11.79
 -38.00 -13.00  11.85
 -38.00 -12.00  11.91
 -38.00 -11.00  11.94
 -38.00 -10.00  11.96
 -38.00  -9.00  11.97
 -38.00  -8.00  11.96
 -38.00  -7.00  11.95
 -38.00  -6.00  11.92
 -38.00  -5.00  11.88
 -38.00  -4.00  11.81
 -38.00  -3.00  11.71
 -38.00  -2.00  11.58
 -38.00  -1.00  11.42
 -38.00   0.00  11.24
 -38.00   1.00  11.06
 -38.00   2.00  10.90
 -38.00   3.00  10.79
 -38.00   4.00  10.71
 -38.00   5.00  10.69
 -38.00   6.00  10.70
 -38.00   7.00  10.74
 -38.00   8.00  10.77
 -38.00   9.00  10.78
 -38.00  10.00  10.76
 -38.00  11.00  10.71
 -38.00  12.00  10.64
 -38.00  13.00  10.58
 -38.00  14.00  10.57
 -38.00  15.00  10.64
 -38.00  16.00  10.81
 -38.00  17.00  11.09
 -38.00  18.00  11.47
 -38.00  19.00  11.91
 -38.00  20.00  12.38
 -38.00  21.00  12.82
 -38.00  22.00  13.18
 -38.00  23.00  13.45
 -38.00  24.00  13.62
 -38.00  25.00  13.70
 -38.00  26.00  13.73
 -38.00  27.00  13.76
 -37.00 -37.00  12.05
 -37.00 -36.00  12.72
 -37.00 -35.00  13.51
 -37.00 -34.00  14.38
 -37.00 -33.00  15.27
 -37.00 -32.00  16.12
 -37.00 -31.00  16.86
 -37.00 -30.00  17.43
 -37.00 -29.00  17.78
 -37.00 -28.00  17.89
 -37.00 -27.00  17.73
 -37.00 -26.00  17.35
 -37.00 -25.00  16.77
 -37.00 -24.00  16.05
 -37.00 -23.00  15.26
 -37.00 -22.00  14.47
 -37.00 -21.00  13.74
 -37.00 -20.00  13.12
 -37.00 -19.00  12.62
 -37.00 -18.00  12.27
 -37.00 -17.00  12.06
 -37.00 -16.00  11.95
 -37.00 -15.00  11.93
 -37.00 -14.00  11.96
 -37.00 -13.00  12.00
 -37.00 -12.00  12.04
 -37.00 -11.00  12.07
 -37.00 -10.00  12.07
 -37.00  -9.00  12.07
 -37.00  -8.00  12.05
 -37.00  -7.00  12.02
 -37.00  -6.00  11.99
 -37.00  -5.00  11.94
 -37.00  -4.00  11.88
 -37.00  -3.00  11.79
 -37.00  -2.00  11.67
 -37.00  -1.00  11.52
 -37.00   0.00  11.35
 -37.00   1.00  11.17
 -37.00   2.00  11.00
 -37.00   3.00  10.87
 -37.00   4.00  10.77
 -37.00   5.00  10.72
 -37.00   6.00  10.72
 -37.00   7.00  10.74
 -37.00   8.00  10.77
 -37.00   9.00  10.78
 -37.00  10.00  10.76
 -37.00  11.00  10.71
 -37.00  12.00  10.64
 -37.00  13.00  10.56
 -37.00  14.00  10.51
 -37.00  15.00  10.52
 -37.00  16.00  10.62
 -37.00  17.00  10.84
 -37.00  18.00  11.16
 -37.00  19.00  11.56
 -37.00  20.00  12.01
 -37.00  21.00  12.46
 -37.00  22.00  12.85
 -37.00  23.00  13.16
 -37.00  24.00  13.36
 -37.00  25.00  13.47
 -37.00  26.00  13.50
 -37.00  27.00  13.51
 -36.00 -37.00  11.84
 -36.00 -36.00  12.43
 -36.00 -35.00  13.16
 -36.00 -34.00  13.99
 -36.00 -33.00  14.87
 -36.00 -32.00  15.75
 -36.00 -31.00  16.56
 -36.00 -30.00  17.23
 -36.00 -29.00  17.70
 -36.00 -28.00  17.94
 -36.00 -27.00  17.93
 -36.00 -26.00  17.68
 -36.00 -25.00  17.21
 -36.00 -24.00  16.57
 -36.00 -23.00  15.83
 -36.00 -22.00  15.05
 -36.00 -21.00  14.30
 -36.00 -20.00  13.64
 -36.00 -19.00  13.09
 -36.00 -18.00  12.67
 -36.00 -17.00  12.40
 -36.00 -16.00  12.24
 -36.00 -15.00  12.17
 -36.00 -14.00  12.16
 -36.00 -13.00  12.18
 -36.00 -12.00  12.21
 -36.00 -11.00  12.22
 -36.00 -10.00  12.22
 -36.00  -9.00  12.20
 -36.00  -8.00  12.16
 -36.00  -7.00  12.12
 -36.00  -6.00  12.08
 -36.00  -5.00  12.03
 -36.00  -4.00  11.97
 -36.00  -3.00  11.89
 -36.00  -2.00  11.78
 -36.00  -1.00  11.64
 -36.00   0.00  11.48
 -36.00   1.00  11.30
 -36.00   2.00  11.13
 -36.00   3.00  10.97
 -36.00   4.00  10.86
 -36.00   5.00  10.78
 -36.00   6.00  10.76
 -36.00   7.00  10.76
 -36.00   8.00  10.79
 -36.00   9.00  10.80
 -36.00  10.00  10.79
 -36.00  11.00  10.75
 -36.00  12.00  10.67
 -36.00  13.00  10.58
 -36.00  14.00  10.49
 -36.00  15.00  10.46
 -36.00  16.00  10.50
 -36.00  17.00  10.64
 -36.00  18.00  10.90
 -36.00  19.00  11.25
 -36.00  20.00  11.67
 -36.00  21.00  12.11
 -36.00  22.00  12.52
 -36.00  23.00  12.86
 -36.00  24.00  13.11
 -36.00  25.00  13.25
 -36.00  26.00  13.30
 -36.00  27.00  13.30
 -35.00 -37.00  11.70
 -35.00 -36.00  12.22
 -35.00 -35.00  12.88
 -35.00 -34.00  13.66
 -35.00 -33.00  14.53
 -35.00 -32.00  15.42
 -35.00 -31.00  16.27
 -35.00 -30.00  17.02
 -35.00 -29.00  17.61
 -35.00 -28.00  17.98
 -35.00 -27.00  18.11
 -35.00 -26.00  17.99
 -35.00 -25.00  17.64
 -35.00 -24.00  17.09
 -35.00 -23.00  16.42
 -35.00 -22.00  15.67
 -35.00 -21.00  14.91
 -35.00 -20.00  14.22
 -35.00 -19.00  13.62
 -35.00 -18.00  13.14
 -35.00 -17.00  12.80
 -35.00 -16.00  12.59
 -35.00 -15.00  12.47
 -35.00 -14.00  12.42
 -35.00 -13.00  12.41
 -35.00 -12.00  12.42
 -35.00 -11.00  12.42
 -35.00 -10.00  12.40
 -35.00  -9.00  12.36
 -35.00  -8.00  12.31
 -35.00  -7.00  12.26
 -35.00  -6.00  12.20
 -35.00  -5.00  12.14
 -35.00  -4.00  12.08
 -35.00  -3.00  12.00
 -35.00  -2.00  11.90
 -35.00  -1.00  11.77
 -35.00   0.00  11.62
 -35.00   1.00  11.45
 -35.00   2.00  11.27
 -35.00   3.00  11.11
 -35.00   4.00  10.97
 -35.00   5.00  10.88
 -35.00   6.00  10.83
 -35.00   7.00  10.82
 -35.00   8.00  10.83
 -35.00   9.00  10.85
 -35.00  10.00  10.84
 -35.00  11.00  10.81
 -35.00  12.00  10.73
 -35.00  13.00  10.63
 -35.00  14.00  10.53
 -35.00  15.00  10.45
 -35.00  16.00  10.43
 -35.00  17.00  10.51
 -35.00  18.00  10.69
 -35.00  19.00  10.98
 -35.00  20.00  11.36
 -35.00  21.00  11.78
 -35.00  22.00  12.20
 -35.00  23.00  12.57
 -35.00  24.00  12.85
 -35.00  25.00  13.03
 -35.00  26.00  13.11
 -35.00  27.00  13.12
 -34.00 -37.00  11.64
 -34.00 -36.00  12.09
 -34.00 -35.00  12.69
 -34.00 -34.00  13.42
 -34.00 -33.00  14.25
 -34.00 -32.00  15.14
 -34.00 -31.00  16.02
 -34.00 -30.00  16.84
 -34.00 -29.00  17.51
 -34.00 -28.00  18.00
 -34.00 -27.00  18.26
 -34.00 -26.00  18.28
 -34.00 -25.00  18.05
 -34.00 -24.00  17.61
 -34.00 -23.00  17.01
 -34.00 -22.00  16.30
 -34.00 -21.00  15.56
 -34.00 -20.00  14.84
 -34.00 -19.00  14.20
 -34.00 -18.00  13.68
 -34.00 -17.00  13.28
 -34.00 -16.00  13.00
 -34.00 -15.00  12.83
 -34.00 -14.00  12.74
 -34.00 -13.00  12.70
 -34.00 -12.00  12.68
 -34.00 -11.00  12.66
 -34.00 -10.00  12.62
 -34.00  -9.00  12.57
 -34.00  -8.00  12.50
 -34.00  -7.00  12.43
 -34.00  -6.00  12.36
 -34.00  -5.00  12.29
 -34.00  -4.00  12.22
 -34.00  -3.00  12.14
 -34.00  -2.00  12.05
 -34.00  -1.00  11.93
 -34.00   0.00  11.79
 -34.00   1.00  11.63
 -34.00   2.00  11.45
 -34.00   3.00  11.28
 -34.00   4.00  11.13
 -34.00   5.00  11.01
 -34.00   6.00  10.93
 -34.00   7.00  10.90
 -34.00   8.00  10.90
 -34.00   9.00  10.91
 -34.00  10.00  10.92
 -34.00  11.00  10.89
 -34.00  12.00  10.83
 -34.00  13.00  10.73
 -34.00  14.00  10.61
 -34.00  15.00  10.50
 -34.00  16.00  10.43
 -34.00  17.00  10.44
 -34.00  18.00  10.55
 -34.00  19.00  10.78
 -34.00  20.00  11.10
 -34.00  21.00  11.49
 -34.00  22.00  11.91
 -34.00  23.00  12.29
 -34.00  24.00  12.61
 -34.00  25.00  12.83
 -34.00  26.00  12.94
 -34.00  27.00  12.96
 -33.00 -37.00  11.66
 -33.00 -36.00  12.06
 -33.00 -35.00  12.60
 -33.00 -34.00  13.28
 -33.00 -33.00  14.07
 -33.00 -32.00  14.95
 -33.00 -31.00  15.84
 -33.00 -30.00  16.70
 -33.00 -29.00  17.45
 -33.00 -28.00  18.04
 -33.00 -27.00  18.41
 -33.00 -26.00  18.55
 -33.00 -25.00  18.44
 -33.00 -24.00  18.11
 -33.00 -23.00  17.59
 -33.00 -22.00  16.93
 -33.00 -21.00  16.21
 -33.00 -20.00  15.49
 -33.00 -19.00  14.82
 -33.00 -18.00  14.25
 -33.00 -17.00  13.80
 -33.00 -16.00  13.47
 -33.00 -15.00  13.25
 -33.00 -14.00  13.12
 -33.00 -13.00  13.04
 -33.00 -12.00  12.99
 -33.00 -11.00  12.95
 -33.00 -10.00  12.89
 -33.00  -9.00  12.82
 -33.00  -8.00  12.73
 -33.00  -7.00  12.64
 -33.00  -6.00  12.55
 -33.00  -5.00  12.46
 -33.00  -4.00  12.39
 -33.00  -3.00  12.31
 -33.00  -2.00  12.22
 -33.00  -1.00  12.12
 -33.00   0.00  11.99
 -33.00   1.00  11.83
 -33.00   2.00  11.66
 -33.00   3.00  11.48
 -33.00   4.00  11.31
 -33.00   5.00  11.17
 -33.00   6.00  11.08
 -33.00   7.00  11.02
 -33.00   8.00  11.01
 -33.00   9.00  11.01
 -33.00  10.00  11.02
 -33.00  11.00  11.00
 -33.00  12.00  10.95
 -33.00  13.00  10.85
 -33.00  14.00  10.72
 -33.00  15.00  10.59
 -33.00  16.00  10.48
 -33.00  17.00  10.44
 -33.00  18.00  10.49
 -33.00  19.00  10.65
 -33.00  20.00  10.91
 -33.00  21.00  11.26
 -33.00  22.00  11.65
 -33.00  23.00  12.04
 -33.00  24.00  12.38
 -33.00  25.00  12.63
 -33.00  26.00  12.78
 -33.00  27.00  12.83
 -32.00 -37.00  11.74
 -32.00 -36.00  12.11
 -32.00 -35.00  12.61
 -32.00 -34.00  13.24
 -32.00 -33.00  14.00
 -32.00 -32.00  14.85
 -32.00 -31.00  15.75
 -32.00 -30.00  16.63
 -32.00 -29.00  17.44
 -32.00 -28.00  18.10
 -32.00 -27.00  18.58
 -32.00 -26.00  18.82
 -32.00 -25.00  18.81
 -32.00 -24.00  18.57
 -32.00 -23.00  18.13
 -32.00 -22.00  17.54
 -32.00 -21.00  16.85
 -32.00 -20.00  16.13
 -32.00 -19.00  15.45
 -32.00 -18.00  14.84
 -32.00 -17.00  14.35
 -32.00 -16.00  13.97
 -32.00 -15.00  13.71
 -32.00 -14.00  13.54
 -32.00 -13.00  13.43
 -32.00 -12.00  13.35
 -32.00 -11.00  13.28
 -32.00 -10.00  13.20
 -32.00  -9.00  13.11
 -32.00  -8.00  13.00
 -32.00  -7.00  12.89
 -32.00  -6.00  12.78
 -32.00  -5.00  12.68
 -32.00  -4.00  12.59
 -32.00  -3.00  12.50
 -32.00  -2.00  12.42
 -32.00  -1.00  12.32
 -32.00   0.00  12.20
 -32.00   1.00  12.06
 -32.00   2.00  11.89
 -32.00   3.00  11.70
 -32.00   4.00  11.53
 -32.00   5.00  11.37
 -32.00   6.00  11.25
 -32.00   7.00  11.18
 -32.00   8.00  11.15
 -32.00   9.00  11.14
 -32.00  10.00  11.14
 -32.00  11.00  11.13
 -32.00  12.00  11.09
 -32.00  13.00  11.00
 -32.00  14.00  10.87
 -32.00  15.00  10.72
 -32.00  16.00  10.59
 -32.00  17.00  10.50
 -32.00  18.00  10.49
 -32.00  19.00  10.58
 -32.00  20.00  10.79
 -32.00  21.00  11.10
 -32.00  22.00  11.46
 -32.00  23.00  11.84
 -32.00  24.00  12.20
 -32.00  25.00  12.47
 -32.00  26.00  12.64
 -32.00  27.00  12.71
 -31.00 -37.00  11.89
 -31.00 -36.00  12.23
 -31.00 -35.00  12.70
 -31.00 -34.00  13.31
 -31.00 -33.00  14.04
 -31.00 -32.00  14.87
 -31.00 -31.00  15.76
 -31.00 -30.00  16.66
 -31.00 -29.00  17.50
 -31.00 -28.00  18.22
 -31.00 -27.00  18.77
 -31.00 -26.00  19.09
 -31.00 -25.00  19.17
 -31.00 -24.00  19.01
 -31.00 -23.00  18.63
 -31.00 -22.00  18.09
 -31.00 -21.00  17.43
 -31.00 -20.00  16.73
 -31.00 -19.00  16.04
 -31.00 -18.00  15.41
 -31.00 -17.00  14.89
 -31.00 -16.00  14.48
 -31.00 -15.00  14.18
 -31.00 -14.00  13.98
 -31.00 -13.00  13.84
 -31.00 -12.00  13.73
 -31.00 -11.00  13.64
 -31.00 -10.00  13.54
 -31.00  -9.00  13.42
 -31.00  -8.00  13.30
 -31.00  -7.00  13.16
 -31.00  -6.00  13.03
 -31.00  -5.00  12.91
 -31.00  -4.00  12.81
 -31.00  -3.00  12.72
 -31.00  -2.00  12.64
 -31.00  -1.00  12.55
 -31.00   0.00  12.44
 -31.00   1.00  12.30
 -31.00   2.00  12.13
 -31.00   3.00  11.95
 -31.00   4.00  11.77
 -31.00   5.00  11.60
 -31.00   6.00  11.46
 -31.00   7.00  11.37
 -31.00   8.00  11.32
 -31.00   9.00  11.30
 -31.00  10.00  11.30
 -31.00  11.00  11.29
 -31.00  12.00  11.25
 -31.00  13.00  11.17
 -31.00  14.00  11.04
 -31.00  15.00  10.88
 -31.00  16.00  10.73
 -31.00  17.00  10.60
 -31.00  18.00  10.55
 -31.00  19.00  10.59
 -31.00  20.00  10.75
 -31.00  21.00  11.01
 -31.00  22.00  11.34
 -31.00  23.00  11.71
 -31.00  24.00  12.06
 -31.00  25.00  12.35
 -31.00  26.00  12.54
 -31.00  27.00  12.62
 -30.00 -37.00  12.23
 -30.00 -36.00  12.57
 -30.00 -35.00  13.04
 -30.00 -34.00  13.65
 -30.00 -33.00  14.39
 -30.00 -32.00  15.24
 -30.00 -31.00  16.17
 -30.00 -30.00  17.11
 -30.00 -29.00  18.01
 -30.00 -28.00  18.79
 -30.00 -27.00  19.40
 -30.00 -26.00  19.78
 -30.00 -25.00  19.91
 -30.00 -24.00  19.80
 -30.00 -23.00  19.44
 -30.00 -22.00  18.91
 -30.00 -21.00  18.24
 -30.00 -20.00  17.51
 -30.00 -19.00  16.79
 -30.00 -18.00  16.12
 -30.00 -17.00  15.56
 -30.00 -16.00  15.11
 -30.00 -15.00  14.77
 -30.00 -14.00  14.54
 -30.00 -13.00  14.38
 -30.00 -12.00  14.26
 -30.00 -11.00  14.14
 -30.00 -10.00  14.02
 -30.00  -9.00  13.88
 -30.00  -8.00  13.72
 -30.00  -7.00  13.56
 -30.00  -6.00  13.40
 -30.00  -5.00  13.25
 -30.00  -4.00  13.13
 -30.00  -3.00  13.03
 -30.00  -2.00  12.94
 -30.00  -1.00  12.86
 -30.00   0.00  12.75
 -30.00   1.00  12.63
 -30.00   2.00  12.47
 -30.00   3.00  12.28
 -30.00   4.00  12.08
 -30.00   5.00  11.90
 -30.00   6.00  11.73
 -30.00   7.00  11.61
 -30.00   8.00  11.54
 -30.00   9.00  11.51
 -30.00  10.00  11.50
 -30.00  11.00  11.49
 -30.00  12.00  11.46
 -30.00  13.00  11.39
 -30.00  14.00  11.28
 -30.00  15.00  11.12
 -30.00  16.00  10.96
 -30.00  17.00  10.81
 -30.00  18.00  10.73
 -30.00  19.00  10.74
 -30.00  20.00  10.87
 -30.00  21.00  11.10
 -30.00  22.00  11.42
 -30.00  23.00  11.79
 -30.00  24.00  12.16
 -30.00  25.00  12.48
 -30.00  26.00  12.70
 -30.00  27.00  12.82
