 -83.00 -37.00  68.83
 -83.00 -36.00  70.59
 -83.00 -35.00  72.32
 -83.00 -34.00  74.17
 -83.00 -33.00  76.32
 -83.00 -32.00  78.90
 -83.00 -31.00  81.93
 -83.00 -30.00  85.36
 -83.00 -29.00  89.03
 -83.00 -28.00  92.70
 -83.00 -27.00  96.11
 -83.00 -26.00  99.02
 -83.00 -25.00 101.26
 -83.00 -24.00 102.72
 -83.00 -23.00 103.43
 -83.00 -22.00 103.47
 -83.00 -21.00 102.99
 -83.00 -20.00 102.17
 -83.00 -19.00 101.16
 -83.00 -18.00 100.08
 -83.00 -17.00  99.03
 -83.00 -16.00  98.06
 -83.00 -15.00  97.23
 -83.00 -14.00  96.59
 -83.00 -13.00  96.24
 -83.00 -12.00  96.30
 -83.00 -11.00  96.90
 -83.00 -10.00  98.16
 -83.00  -9.00 100.14
 -83.00  -8.00 102.85
 -83.00  -7.00 106.17
 -83.00  -6.00 109.88
 -83.00  -5.00 113.66
 -83.00  -4.00 117.16
 -83.00  -3.00 120.01
 -83.00  -2.00 121.89
 -83.00  -1.00 122.59
 -83.00   0.00 122.02
 -83.00   1.00 120.25
 -83.00   2.00 117.48
 -83.00   3.00 113.97
 -83.00   4.00 110.07
 -83.00   5.00 106.09
 -83.00   6.00 102.31
 -83.00   7.00  98.90
 -83.00   8.00  95.96
 -83.00   9.00  93.48
 -83.00  10.00  91.39
 -83.00  11.00  89.56
 -83.00  12.00  87.87
 -83.00  13.00  86.22
 -83.00  14.00  84.57
 -83.00  15.00  82.90
 -83.00  16.00  81.27
 -83.00  17.00  79.77
 -83.00  18.00  78.51
 -83.00  19.00  77.58
 -83.00  20.00  77.08
 -83.00  21.00  77.06
 -83.00  22.00  77.50
 -83.00  23.00  78.38
 -83.00  24.00  79.60
 -83.00  25.00  81.06
 -83.00  26.00  82.67
 -83.00  27.00  84.32
 -82.00 -37.00  68.71
 -82.00 -36.00  70.46
 -82.00 -35.00  72.20
 -82.00 -34.00  74.11
 -82.00 -33.00  76.35
 -82.00 -32.00  79.04
 -82.00 -31.00  82.19
 -82.00 -30.00  85.74
 -82.00 -29.00  89.50
 -82.00 -28.00  93.23
 -82.00 -27.00  96.67
 -82.00 -26.00  99.56
 -82.00 -25.00 101.75
 -82.00 -24.00 103.16
 -82.00 -23.00 103.79
 -82.00 -22.00 103.75
 -82.00 -21.00 103.21
 -82.00 -20.00 102.32
 -82.00 -19.00 101.26
 -82.00 -18.00 100.16
 -82.00 -17.00  99.09
 -82.00 -16.00  98.12
 -82.00 -15.00  97.30
 -82.00 -14.00  96.70
 -82.00 -13.00  96.40
 -82.00 -12.00  96.51
 -82.00 -11.00  97.18
 -82.00 -10.00  98.50
 -82.00  -9.00 100.55
 -82.00  -8.00 103.32
 -82.00  -7.00 106.67
 -82.00  -6.00 110.40
 -82.00  -5.00 114.18
 -82.00  -4.00 117.64
 -82.00  -3.00 120.44
 -82.00  -2.00 122.24
 -82.00  -1.00 122.85
 -82.00   0.00 122.20
 -82.00   1.00 120.35
 -82.00   2.00 117.49
 -82.00   3.00 113.92
 -82.00   4.00 109.97
 -82.00   5.00 105.96
 -82.00   6.00 102.16
 -82.00   7.00  98.76
 -82.00   8.00  95.83
 -82.00   9.00  93.37
 -82.00  10.00  91.31
 -82.00  11.00  89.51
 -82.00  12.00  87.85
 -82.00  13.00  86.23
 -82.00  14.00  84.60
 -82.00  15.00  82.96
 -82.00  16.00  81.35
 -82.00  17.00  79.87
 -82.00  18.00  78.64
 -82.00  19.00  77.76
 -82.00  20.00  77.31
 -82.00  21.00  77.34
 -82.00  22.00  77.85
 -82.00  23.00  78.78
 -82.00  24.00  80.04
 -82.00  25.00  81.53
 -82.00  26.00  83.14
 -82.00  27.00  84.78
 -81.00 -37.00  68.52
 -81.00 -36.00  70.26
 -81.00 -35.00  72.03
 -81.00 -34.00  74.00
 -81.00 -33.00  76.32
 -81.00 -32.00  79.10
 -81.00 -31.00  82.36
 -81.00 -30.00  86.01
 -81.00 -29.00  89.86
 -81.00 -28.00  93.65
 -81.00 -27.00  97.12
 -81.00 -26.00 100.02
 -81.00 -25.00 102.19
 -81.00 -24.00 103.55
 -81.00 -23.00 104.12
 -81.00 -22.00 104.03
 -81.00 -21.00 103.42
 -81.00 -20.00 102.49
 -81.00 -19.00 101.39
 -81.00 -18.00 100.25
 -81.00 -17.00  99.17
 -81.00 -16.00  98.20
 -81.00 -15.00  97.39
 -81.00 -14.00  96.81
 -81.00 -13.00  96.55
 -81.00 -12.00  96.70
 -81.00 -11.00  97.41
 -81.00 -10.00  98.78
 -81.00  -9.00 100.88
 -81.00  -8.00 103.67
 -81.00  -7.00 107.05
 -81.00  -6.00 110.78
 -81.00  -5.00 114.54
 -81.00  -4.00 117.99
 -81.00  -3.00 120.74
 -81.00  -2.00 122.50
 -81.00  -1.00 123.06
 -81.00   0.00 122.35
 -81.00   1.00 120.45
 -81.00   2.00 117.54
 -81.00   3.00 113.93
 -81.00   4.00 109.94
 -81.00   5.00 105.90
 -81.00   6.00 102.08
 -81.00   7.00  98.66
 -81.00   8.00  95.74
 -81.00   9.00  93.29
 -81.00  10.00  91.24
 -81.00  11.00  89.47
 -81.00  12.00  87.84
 -81.00  13.00  86.25
 -81.00  14.00  84.64
 -81.00  15.00  83.02
 -81.00  16.00  81.44
 -81.00  17.00  79.98
 -81.00  18.00  78.78
 -81.00  19.00  77.93
 -81.00  20.00  77.52
 -81.00  21.00  77.59
 -81.00  22.00  78.14
 -81.00  23.00  79.11
 -81.00  24.00  80.40
 -81.00  25.00  81.90
 -81.00  26.00  83.50
 -81.00  27.00  85.12
 -80.00 -37.00  68.28
 -80.00 -36.00  70.02
 -80.00 -35.00  71.82
 -80.00 -34.00  73.83
 -80.00 -33.00  76.22
 -80.00 -32.00  79.09
 -80.00 -31.00  82.45
 -80.00 -30.00  86.19
 -80.00 -29.00  90.12
 -80.00 -28.00  93.97
 -80.00 -27.00  97.48
 -80.00 -26.00 100.40
 -80.00 -25.00 102.56
 -80.00 -24.00 103.90
 -80.00 -23.00 104.43
 -80.00 -22.00 104.29
 -80.00 -21.00 103.64
 -80.00 -20.00 102.66
 -80.00 -19.00 101.52
 -80.00 -18.00 100.36
 -80.00 -17.00  99.26
 -80.00 -16.00  98.29
 -80.00 -15.00  97.49
 -80.00 -14.00  96.93
 -80.00 -13.00  96.69
 -80.00 -12.00  96.87
 -80.00 -11.00  97.61
 -80.00 -10.00  99.01
 -80.00  -9.00 101.12
 -80.00  -8.00 103.92
 -80.00  -7.00 107.30
 -80.00  -6.00 111.02
 -80.00  -5.00 114.78
 -80.00  -4.00 118.20
 -80.00  -3.00 120.94
 -80.00  -2.00 122.68
 -80.00  -1.00 123.22
 -80.00   0.00 122.49
 -80.00   1.00 120.56
 -80.00   2.00 117.63
 -80.00   3.00 113.98
 -80.00   4.00 109.96
 -80.00   5.00 105.89
 -80.00   6.00 102.04
 -80.00   7.00  98.61
 -80.00   8.00  95.67
 -80.00   9.00  93.22
 -80.00  10.00  91.18
 -80.00  11.00  89.43
 -80.00  12.00  87.82
 -80.00  13.00  86.26
 -80.00  14.00  84.68
 -80.00  15.00  83.08
 -80.00  16.00  81.52
 -80.00  17.00  80.09
 -80.00  18.00  78.91
 -80.00  19.00  78.08
 -80.00  20.00  77.70
 -80.00  21.00  77.81
 -80.00  22.00  78.38
 -80.00  23.00  79.37
 -80.00  24.00  80.68
 -80.00  25.00  82.18
 -80.00  26.00  83.76
 -80.00  27.00  85.36
 -79.00 -37.00  68.00
 -79.00 -36.00  69.75
 -79.00 -35.00  71.56
 -79.00 -34.00  73.62
 -79.00 -33.00  76.07
 -79.00 -32.00  79.02
 -79.00 -31.00  82.46
 -79.00 -30.00  86.29
 -79.00 -29.00  90.29
 -79.00 -28.00  94.22
 -79.00 -27.00  97.78
 -79.00 -26.00 100.72
 -79.00 -25.00 102.89
 -79.00 -24.00 104.22
 -79.00 -23.00 104.73
 -79.00 -22.00 104.56
 -79.00 -21.00 103.86
 -79.00 -20.00 102.84
 -79.00 -19.00 101.67
 -79.00 -18.00 100.48
 -79.00 -17.00  99.37
 -79.00 -16.00  98.39
 -79.00 -15.00  97.59
 -79.00 -14.00  97.05
 -79.00 -13.00  96.82
 -79.00 -12.00  97.02
 -79.00 -11.00  97.77
 -79.00 -10.00  99.18
 -79.00  -9.00 101.29
 -79.00  -8.00 104.08
 -79.00  -7.00 107.45
 -79.00  -6.00 111.16
 -79.00  -5.00 114.90
 -79.00  -4.00 118.32
 -79.00  -3.00 121.05
 -79.00  -2.00 122.79
 -79.00  -1.00 123.34
 -79.00   0.00 122.61
 -79.00   1.00 120.68
 -79.00   2.00 117.74
 -79.00   3.00 114.07
 -79.00   4.00 110.03
 -79.00   5.00 105.92
 -79.00   6.00 102.04
 -79.00   7.00  98.57
 -79.00   8.00  95.61
 -79.00   9.00  93.15
 -79.00  10.00  91.12
 -79.00  11.00  89.38
 -79.00  12.00  87.79
 -79.00  13.00  86.26
 -79.00  14.00  84.71
 -79.00  15.00  83.14
 -79.00  16.00  81.60
 -79.00  17.00  80.19
 -79.00  18.00  79.03
 -79.00  19.00  78.22
 -79.00  20.00  77.86
 -79.00  21.00  77.98
 -79.00  22.00  78.58
 -79.00  23.00  79.58
 -79.00  24.00  80.88
 -79.00  25.00  82.37
 -79.00  26.00  83.93
 -79.00  27.00  85.50
 -78.00 -37.00  67.69
 -78.00 -36.00  69.44
 -78.00 -35.00  71.28
 -78.00 -34.00  73.38
 -78.00 -33.00  75.89
 -78.00 -32.00  78.90
 -78.00 -31.00  82.42
 -78.00 -30.00  86.33
 -78.00 -29.00  90.41
 -78.00 -28.00  94.40
 -78.00 -27.00  98.01
 -78.00 -26.00 101.00
 -78.00 -25.00 103.19
 -78.00 -24.00 104.51
 -78.00 -23.00 105.01
 -78.00 -22.00 104.81
 -78.00 -21.00 104.09
 -78.00 -20.00 103.03
 -78.00 -19.00 101.83
 -78.00 -18.00 100.61
 -78.00 -17.00  99.48
 -78.00 -16.00  98.49
 -78.00 -15.00  97.70
 -78.00 -14.00  97.16
 -78.00 -13.00  96.94
 -78.00 -12.00  97.15
 -78.00 -11.00  97.91
 -78.00 -10.00  99.30
 -78.00  -9.00 101.40
 -78.00  -8.00 104.18
 -78.00  -7.00 107.52
 -78.00  -6.00 111.21
 -78.00  -5.00 114.94
 -78.00  -4.00 118.35
 -78.00  -3.00 121.09
 -78.00  -2.00 122.84
 -78.00  -1.00 123.41
 -78.00   0.00 122.70
 -78.00   1.00 120.78
 -78.00   2.00 117.85
 -78.00   3.00 114.18
 -78.00   4.00 110.11
 -78.00   5.00 105.97
 -78.00   6.00 102.05
 -78.00   7.00  98.55
 -78.00   8.00  95.56
 -78.00   9.00  93.08
 -78.00  10.00  91.03
 -78.00  11.00  89.30
 -78.00  12.00  87.73
 -78.00  13.00  86.22
 -78.00  14.00  84.70
 -78.00  15.00  83.16
 -78.00  16.00  81.65
 -78.00  17.00  80.27
 -78.00  18.00  79.12
 -78.00  19.00  78.34
 -78.00  20.00  77.99
 -78.00  21.00  78.12
 -78.00  22.00  78.72
 -78.00  23.00  79.72
 -78.00  24.00  81.01
 -78.00  25.00  82.48
 -78.00  26.00  84.01
 -78.00  27.00  85.54
 -77.00 -37.00  67.37
 -77.00 -36.00  69.12
 -77.00 -35.00  70.98
 -77.00 -34.00  73.11
 -77.00 -33.00  75.67
 -77.00 -32.00  78.75
 -77.00 -31.00  82.34
 -77.00 -30.00  86.32
 -77.00 -29.00  90.48
 -77.00 -28.00  94.54
 -77.00 -27.00  98.21
 -77.00 -26.00 101.24
 -77.00 -25.00 103.46
 -77.00 -24.00 104.79
 -77.00 -23.00 105.29
 -77.00 -22.00 105.07
 -77.00 -21.00 104.31
 -77.00 -20.00 103.23
 -77.00 -19.00 101.99
 -77.00 -18.00 100.74
 -77.00 -17.00  99.59
 -77.00 -16.00  98.60
 -77.00 -15.00  97.80
 -77.00 -14.00  97.27
 -77.00 -13.00  97.06
 -77.00 -12.00  97.27
 -77.00 -11.00  98.02
 -77.00 -10.00  99.40
 -77.00  -9.00 101.47
 -77.00  -8.00 104.22
 -77.00  -7.00 107.53
 -77.00  -6.00 111.19
 -77.00  -5.00 114.90
 -77.00  -4.00 118.31
 -77.00  -3.00 121.06
 -77.00  -2.00 122.84
 -77.00  -1.00 123.44
 -77.00   0.00 122.76
 -77.00   1.00 120.87
 -77.00   2.00 117.95
 -77.00   3.00 114.28
 -77.00   4.00 110.19
 -77.00   5.00 106.03
 -77.00   6.00 102.06
 -77.00   7.00  98.52
 -77.00   8.00  95.48
 -77.00   9.00  92.98
 -77.00  10.00  90.92
 -77.00  11.00  89.19
 -77.00  12.00  87.64
 -77.00  13.00  86.15
 -77.00  14.00  84.66
 -77.00  15.00  83.16
 -77.00  16.00  81.68
 -77.00  17.00  80.32
 -77.00  18.00  79.20
 -77.00  19.00  78.42
 -77.00  20.00  78.08
 -77.00  21.00  78.22
 -77.00  22.00  78.81
 -77.00  23.00  79.80
 -77.00  24.00  81.07
 -77.00  25.00  82.51
 -77.00  26.00  84.01
 -77.00  27.00  85.50
 -76.00 -37.00  67.30
 -76.00 -36.00  69.02
 -76.00 -35.00  70.85
 -76.00 -34.00  72.97
 -76.00 -33.00  75.53
 -76.00 -32.00  78.61
 -76.00 -31.00  82.22
 -76.00 -30.00  86.22
 -76.00 -29.00  90.41
 -76.00 -28.00  94.50
 -76.00 -27.00  98.20
 -76.00 -26.00 101.25
 -76.00 -25.00 103.47
 -76.00 -24.00 104.79
 -76.00 -23.00 105.25
 -76.00 -22.00 104.96
 -76.00 -21.00 104.13
 -76.00 -20.00 102.94
 -76.00 -19.00 101.61
 -76.00 -18.00 100.27
 -76.00 -17.00  99.05
 -76.00 -16.00  98.00
 -76.00 -15.00  97.19
 -76.00 -14.00  96.65
 -76.00 -13.00  96.45
 -76.00 -12.00  96.68
 -76.00 -11.00  97.45
 -76.00 -10.00  98.83
 -76.00  -9.00 100.88
 -76.00  -8.00 103.60
 -76.00  -7.00 106.86
 -76.00  -6.00 110.47
 -76.00  -5.00 114.14
 -76.00  -4.00 117.53
 -76.00  -3.00 120.28
 -76.00  -2.00 122.08
 -76.00  -1.00 122.72
 -76.00   0.00 122.09
 -76.00   1.00 120.23
 -76.00   2.00 117.32
 -76.00   3.00 113.62
 -76.00   4.00 109.47
 -76.00   5.00 105.21
 -76.00   6.00 101.13
 -76.00   7.00  97.45
 -76.00   8.00  94.30
 -76.00   9.00  91.69
 -76.00  10.00  89.57
 -76.00  11.00  87.82
 -76.00  12.00  86.30
 -76.00  13.00  84.89
 -76.00  14.00  83.51
 -76.00  15.00  82.12
 -76.00  16.00  80.77
 -76.00  17.00  79.52
 -76.00  18.00  78.49
 -76.00  19.00  77.78
 -76.00  20.00  77.47
 -76.00  21.00  77.59
 -76.00  22.00  78.14
 -76.00  23.00  79.04
 -76.00  24.00  80.20
 -76.00  25.00  81.51
 -76.00  26.00  82.88
 -76.00  27.00  84.25
 -75.00 -37.00  67.26
 -75.00 -36.00  68.93
 -75.00 -35.00  70.73
 -75.00 -34.00  72.83
 -75.00 -33.00  75.37
 -75.00 -32.00  78.45
 -75.00 -31.00  82.06
 -75.00 -30.00  86.07
 -75.00 -29.00  90.28
 -75.00 -28.00  94.40
 -75.00 -27.00  98.12
 -75.00 -26.00 101.20
 -75.00 -25.00 103.43
 -75.00 -24.00 104.75
 -75.00 -23.00 105.18
 -75.00 -22.00 104.84
 -75.00 -21.00 103.93
 -75.00 -20.00 102.65
 -75.00 -19.00 101.22
 -75.00 -18.00  99.79
 -75.00 -17.00  98.48
 -75.00 -16.00  97.38
 -75.00 -15.00  96.53
 -75.00 -14.00  95.99
 -75.00 -13.00  95.80
 -75.00 -12.00  96.04
 -75.00 -11.00  96.81
 -75.00 -10.00  98.18
 -75.00  -9.00 100.20
 -75.00  -8.00 102.87
 -75.00  -7.00 106.07
 -75.00  -6.00 109.63
 -75.00  -5.00 113.25
 -75.00  -4.00 116.62
 -75.00  -3.00 119.37
 -75.00  -2.00 121.21
 -75.00  -1.00 121.89
 -75.00   0.00 121.32
 -75.00   1.00 119.51
 -75.00   2.00 116.62
 -75.00   3.00 112.91
 -75.00   4.00 108.71
 -75.00   5.00 104.34
 -75.00   6.00 100.13
 -75.00   7.00  96.31
 -75.00   8.00  93.03
 -75.00   9.00  90.31
 -75.00  10.00  88.12
 -75.00  11.00  86.34
 -75.00  12.00  84.85
 -75.00  13.00  83.51
 -75.00  14.00  82.24
 -75.00  15.00  80.98
 -75.00  16.00  79.76
 -75.00  17.00  78.64
 -75.00  18.00  77.71
 -75.00  19.00  77.06
 -75.00  20.00  76.77
 -75.00  21.00  76.88
 -75.00  22.00  77.36
 -75.00  23.00  78.16
 -75.00  24.00  79.19
 -75.00  25.00  80.36
 -75.00  26.00  81.58
 -75.00  27.00  82.82
 -74.00 -37.00  67.23
 -74.00 -36.00  68.86
 -74.00 -35.00  70.62
 -74.00 -34.00  72.67
 -74.00 -33.00  75.19
 -74.00 -32.00  78.24
 -74.00 -31.00  81.83
 -74.00 -30.00  85.85
 -74.00 -29.00  90.07
 -74.00 -28.00  94.21
 -74.00 -27.00  97.97
 -74.00 -26.00 101.08
 -74.00 -25.00 103.34
 -74.00 -24.00 104.67
 -74.00 -23.00 105.09
 -74.00 -22.00 104.71
 -74.00 -21.00 103.73
 -74.00 -20.00 102.36
 -74.00 -19.00 100.83
 -74.00 -18.00  99.30
 -74.00 -17.00  97.91
 -74.00 -16.00  96.74
 -74.00 -15.00  95.85
 -74.00 -14.00  95.29
 -74.00 -13.00  95.10
 -74.00 -12.00  95.34
 -74.00 -11.00  96.10
 -74.00 -10.00  97.45
 -74.00  -9.00  99.43
 -74.00  -8.00 102.03
 -74.00  -7.00 105.16
 -74.00  -6.00 108.65
 -74.00  -5.00 112.22
 -74.00  -4.00 115.56
 -74.00  -3.00 118.33
 -74.00  -2.00 120.21
 -74.00  -1.00 120.97
 -74.00   0.00 120.47
 -74.00   1.00 118.73
 -74.00   2.00 115.88
 -74.00   3.00 112.17
 -74.00   4.00 107.91
 -74.00   5.00 103.45
 -74.00   6.00  99.11
 -74.00   7.00  95.14
 -74.00   8.00  91.69
 -74.00   9.00  88.85
 -74.00  10.00  86.57
 -74.00  11.00  84.76
 -74.00  12.00  83.29
 -74.00  13.00  82.03
 -74.00  14.00  80.86
 -74.00  15.00  79.74
 -74.00  16.00  78.66
 -74.00  17.00  77.67
 -74.00  18.00  76.85
 -74.00  19.00  76.27
 -74.00  20.00  76.00
 -74.00  21.00  76.08
 -74.00  22.00  76.49
 -74.00  23.00  77.18
 -74.00  24.00  78.07
 -74.00  25.00  79.08
 -74.00  26.00  80.14
 -74.00  27.00  81.24
 -73.00 -37.00  67.21
 -73.00 -36.00  68.79
 -73.00 -35.00  70.49
 -73.00 -34.00  72.50
 -73.00 -33.00  74.96
 -73.00 -32.00  77.97
 -73.00 -31.00  81.53
 -73.00 -30.00  85.53
 -73.00 -29.00  89.75
 -73.00 -28.00  93.92
 -73.00 -27.00  97.72
 -73.00 -26.00 100.88
 -73.00 -25.00 103.19
 -73.00 -24.00 104.56
 -73.00 -23.00 104.98
 -73.00 -22.00 104.58
 -73.00 -21.00 103.55
 -73.00 -20.00 102.10
 -73.00 -19.00 100.47
 -73.00 -18.00  98.83
 -73.00 -17.00  97.35
 -73.00 -16.00  96.11
 -73.00 -15.00  95.17
 -73.00 -14.00  94.57
 -73.00 -13.00  94.36
 -73.00 -12.00  94.59
 -73.00 -11.00  95.32
 -73.00 -10.00  96.63
 -73.00  -9.00  98.55
 -73.00  -8.00 101.07
 -73.00  -7.00 104.11
 -73.00  -6.00 107.52
 -73.00  -5.00 111.03
 -73.00  -4.00 114.35
 -73.00  -3.00 117.14
 -73.00  -2.00 119.08
 -73.00  -1.00 119.94
 -73.00   0.00 119.55
 -73.00   1.00 117.91
 -73.00   2.00 115.13
 -73.00   3.00 111.43
 -73.00   4.00 107.14
 -73.00   5.00 102.58
 -73.00   6.00  98.10
 -73.00   7.00  93.95
 -73.00   8.00  90.34
 -73.00   9.00  87.35
 -73.00  10.00  84.96
 -73.00  11.00  83.10
 -73.00  12.00  81.64
 -73.00  13.00  80.45
 -73.00  14.00  79.39
 -73.00  15.00  78.41
 -73.00  16.00  77.48
 -73.00  17.00  76.63
 -73.00  18.00  75.91
 -73.00  19.00  75.40
 -73.00  20.00  75.15
 -73.00  21.00  75.20
 -73.00  22.00  75.53
 -73.00  23.00  76.09
 -73.00  24.00  76.83
 -73.00  25.00  77.68
 -73.00  26.00  78.57
 -73.00  27.00  79.51
 -72.00 -37.00  67.19
 -72.00 -36.00  68.71
 -72.00 -35.00  70.36
 -72.00 -34.00  72.30
 -72.00 -33.00  74.69
 -72.00 -32.00  77.63
 -72.00 -31.00  81.13
 -72.00 -30.00  85.09
 -72.00 -29.00  89.30
 -72.00 -28.00  93.49
 -72.00 -27.00  97.35
 -72.00 -26.00 100.58
 -72.00 -25.00 102.97
 -72.00 -24.00 104.40
 -72.00 -23.00 104.87
 -72.00 -22.00 104.47
 -72.00 -21.00 103.40
 -72.00 -20.00 101.89
 -72.00 -19.00 100.15
 -72.00 -18.00  98.41
 -72.00 -17.00  96.82
 -72.00 -16.00  95.49
 -72.00 -15.00  94.48
 -72.00 -14.00  93.84
 -72.00 -13.00  93.59
 -72.00 -12.00  93.79
 -72.00 -11.00  94.48
 -72.00 -10.00  95.73
 -72.00  -9.00  97.56
 -72.00  -8.00  99.98
 -72.00  -7.00 102.92
 -72.00  -6.00 106.23
 -72.00  -5.00 109.68
 -72.00  -4.00 112.98
 -72.00  -3.00 115.80
 -72.00  -2.00 117.83
 -72.00  -1.00 118.80
 -72.00   0.00 118.55
 -72.00   1.00 117.05
 -72.00   2.00 114.37
 -72.00   3.00 110.72
 -72.00   4.00 106.41
 -72.00   5.00 101.77
 -72.00   6.00  97.14
 -72.00   7.00  92.82
 -72.00   8.00  89.01
 -72.00   9.00  85.84
 -72.00  10.00  83.33
 -72.00  11.00  81.39
 -72.00  12.00  79.92
 -72.00  13.00  78.78
 -72.00  14.00  77.83
 -72.00  15.00  77.00
 -72.00  16.00  76.22
 -72.00  17.00  75.51
 -72.00  18.00  74.91
 -72.00  19.00  74.47
 -72.00  20.00  74.24
 -72.00  21.00  74.25
 -72.00  22.00  74.49
 -72.00  23.00  74.93
 -72.00  24.00  75.51
 -72.00  25.00  76.17
 -72.00  26.00  76.88
 -72.00  27.00  77.65
 -71.00 -37.00  67.17
 -71.00 -36.00  68.63
 -71.00 -35.00  70.21
 -71.00 -34.00  72.06
 -71.00 -33.00  74.36
 -71.00 -32.00  77.20
 -71.00 -31.00  80.62
 -71.00 -30.00  84.53
 -71.00 -29.00  88.72
 -71.00 -28.00  92.93
 -71.00 -27.00  96.84
 -71.00 -26.00 100.17
 -71.00 -25.00 102.67
 -71.00 -24.00 104.20
 -71.00 -23.00 104.74
 -71.00 -22.00 104.39
 -71.00 -21.00 103.31
 -71.00 -20.00 101.74
 -71.00 -19.00  99.92
 -71.00 -18.00  98.07
 -71.00 -17.00  96.36
 -71.00 -16.00  94.92
 -71.00 -15.00  93.83
 -71.00 -14.00  93.11
 -71.00 -13.00  92.81
 -71.00 -12.00  92.96
 -71.00 -11.00  93.59
 -71.00 -10.00  94.75
 -71.00  -9.00  96.48
 -71.00  -8.00  98.78
 -71.00  -7.00 101.59
 -71.00  -6.00 104.79
 -71.00  -5.00 108.16
 -71.00  -4.00 111.44
 -71.00  -3.00 114.30
 -71.00  -2.00 116.43
 -71.00  -1.00 117.55
 -71.00   0.00 117.48
 -71.00   1.00 116.15
 -71.00   2.00 113.62
 -71.00   3.00 110.06
 -71.00   4.00 105.76
 -71.00   5.00 101.05
 -71.00   6.00  96.28
 -71.00   7.00  91.76
 -71.00   8.00  87.75
 -71.00   9.00  84.37
 -71.00  10.00  81.69
 -71.00  11.00  79.65
 -71.00  12.00  78.14
 -71.00  13.00  77.04
 -71.00  14.00  76.19
 -71.00  15.00  75.49
 -71.00  16.00  74.87
 -71.00  17.00  74.31
 -71.00  18.00  73.84
 -71.00  19.00  73.48
 -71.00  20.00  73.27
 -71.00  21.00  73.25
 -71.00  22.00  73.41
 -71.00  23.00  73.71
 -71.00  24.00  74.12
 -71.00  25.00  74.60
 -71.00  26.00  75.11
 -71.00  27.00  75.69
 -70.00 -37.00  67.15
 -70.00 -36.00  68.55
 -70.00 -35.00  70.05
 -70.00 -34.00  71.81
 -70.00 -33.00  73.99
 -70.00 -32.00  76.71
 -70.00 -31.00  80.02
 -70.00 -30.00  83.84
 -70.00 -29.00  87.99
 -70.00 -28.00  92.22
 -70.00 -27.00  96.20
 -70.00 -26.00  99.64
 -70.00 -25.00 102.27
 -70.00 -24.00 103.94
 -70.00 -23.00 104.61
 -70.00 -22.00 104.33
 -70.00 -21.00 103.27
 -70.00 -20.00 101.67
 -70.00 -19.00  99.77
 -70.00 -18.00  97.81
 -70.00 -17.00  95.98
 -70.00 -16.00  94.42
 -70.00 -15.00  93.21
 -70.00 -14.00  92.40
 -70.00 -13.00  92.03
 -70.00 -12.00  92.10
 -70.00 -11.00  92.64
 -70.00 -10.00  93.71
 -70.00  -9.00  95.31
 -70.00  -8.00  97.47
 -70.00  -7.00 100.14
 -70.00  -6.00 103.21
 -70.00  -5.00 106.49
 -70.00  -4.00 109.74
 -70.00  -3.00 112.64
 -70.00  -2.00 114.88
 -70.00  -1.00 116.18
 -70.00   0.00 116.33
 -70.00   1.00 115.22
 -70.00   2.00 112.87
 -70.00   3.00 109.44
 -70.00   4.00 105.19
 -70.00   5.00 100.43
 -70.00   6.00  95.53
 -70.00   7.00  90.83
 -70.00   8.00  86.58
 -70.00   9.00  82.97
 -70.00  10.00  80.09
 -70.00  11.00  77.90
 -70.00  12.00  76.33
 -70.00  13.00  75.23
 -70.00  14.00  74.46
 -70.00  15.00  73.89
 -70.00  16.00  73.43
 -70.00  17.00  73.03
 -70.00  18.00  72.69
 -70.00  19.00  72.42
 -70.00  20.00  72.25
 -70.00  21.00  72.21
 -70.00  22.00  72.29
 -70.00  23.00  72.47
 -70.00  24.00  72.71
 -70.00  25.00  72.99
 -70.00  26.00  73.31
 -70.00  27.00  73.69
 -69.00 -37.00  67.14
 -69.00 -36.00  68.48
 -69.00 -35.00  69.90
 -69.00 -34.00  71.54
 -69.00 -33.00  73.59
 -69.00 -32.00  76.17
 -69.00 -31.00  79.34
 -69.00 -30.00  83.05
 -69.00 -29.00  87.14
 -69.00 -28.00  91.37
 -69.00 -27.00  95.42
 -69.00 -26.00  98.98
 -69.00 -25.00 101.78
 -69.00 -24.00 103.63
 -69.00 -23.00 104.45
 -69.00 -22.00 104.29
 -69.00 -21.00 103.30
 -69.00 -20.00 101.69
 -69.00 -19.00  99.73
 -69.00 -18.00  97.66
 -69.00 -17.00  95.69
 -69.00 -16.00  93.99
 -69.00 -15.00  92.65
 -69.00 -14.00  91.73
 -69.00 -13.00  91.25
 -69.00 -12.00  91.23
 -69.00 -11.00  91.68
 -69.00 -10.00  92.62
 -69.00  -9.00  94.09
 -69.00  -8.00  96.10
 -69.00  -7.00  98.60
 -69.00  -6.00 101.53
 -69.00  -5.00 104.70
 -69.00  -4.00 107.90
 -69.00  -3.00 110.83
 -69.00  -2.00 113.19
 -69.00  -1.00 114.68
 -69.00   0.00 115.07
 -69.00   1.00 114.21
 -69.00   2.00 112.11
 -69.00   3.00 108.86
 -69.00   4.00 104.69
 -69.00   5.00  99.93
 -69.00   6.00  94.93
 -69.00   7.00  90.03
 -69.00   8.00  85.54
 -69.00   9.00  81.68
 -69.00  10.00  78.55
 -69.00  11.00  76.18
 -69.00  12.00  74.50
 -69.00  13.00  73.37
 -69.00  14.00  72.65
 -69.00  15.00  72.20
 -69.00  16.00  71.89
 -69.00  17.00  71.65
 -69.00  18.00  71.46
 -69.00  19.00  71.30
 -69.00  20.00  71.19
 -69.00  21.00  71.14
 -69.00  22.00  71.16
 -69.00  23.00  71.21
 -69.00  24.00  71.30
 -69.00  25.00  71.39
 -69.00  26.00  71.50
 -69.00  27.00  71.66
 -68.00 -37.00  67.16
 -68.00 -36.00  68.44
 -68.00 -35.00  69.77
 -68.00 -34.00  71.30
 -68.00 -33.00  73.20
 -68.00 -32.00  75.61
 -68.00 -31.00  78.62
 -68.00 -30.00  82.19
 -68.00 -29.00  86.20
 -68.00 -28.00  90.41
 -68.00 -27.00  94.52
 -68.00 -26.00  98.21
 -68.00 -25.00 101.19
 -68.00 -24.00 103.24
 -68.00 -23.00 104.26
 -68.00 -22.00 104.26
 -68.00 -21.00 103.37
 -68.00 -20.00 101.79
 -68.00 -19.00  99.79
 -68.00 -18.00  97.62
 -68.00 -17.00  95.52
 -68.00 -16.00  93.67
 -68.00 -15.00  92.18
 -68.00 -14.00  91.12
 -68.00 -13.00  90.52
 -68.00 -12.00  90.38
 -68.00 -11.00  90.71
 -68.00 -10.00  91.52
 -68.00  -9.00  92.84
 -68.00  -8.00  94.68
 -68.00  -7.00  97.01
 -68.00  -6.00  99.77
 -68.00  -5.00 102.82
 -68.00  -4.00 105.95
 -68.00  -3.00 108.90
 -68.00  -2.00 111.37
 -68.00  -1.00 113.05
 -68.00   0.00 113.69
 -68.00   1.00 113.13
 -68.00   2.00 111.29
 -68.00   3.00 108.27
 -68.00   4.00 104.25
 -68.00   5.00  99.53
 -68.00   6.00  94.45
 -68.00   7.00  89.38
 -68.00   8.00  84.65
 -68.00   9.00  80.51
 -68.00  10.00  77.11
 -68.00  11.00  74.51
 -68.00  12.00  72.67
 -68.00  13.00  71.48
 -68.00  14.00  70.77
 -68.00  15.00  70.41
 -68.00  16.00  70.24
 -68.00  17.00  70.17
 -68.00  18.00  70.13
 -68.00  19.00  70.10
 -68.00  20.00  70.08
 -68.00  21.00  70.05
 -68.00  22.00  70.02
 -68.00  23.00  69.98
 -68.00  24.00  69.92
 -68.00  25.00  69.83
 -68.00  26.00  69.72
 -68.00  27.00  69.67
 -67.00 -37.00  67.21
 -67.00 -36.00  68.43
 -67.00 -35.00  69.67
 -67.00 -34.00  71.08
 -67.00 -33.00  72.83
 -67.00 -32.00  75.06
 -67.00 -31.00  77.88
 -67.00 -30.00  81.29
 -67.00 -29.00  85.19
 -67.00 -28.00  89.36
 -67.00 -27.00  93.51
 -67.00 -26.00  97.33
 -67.00 -25.00 100.49
 -67.00 -24.00 102.77
 -67.00 -23.00 104.02
 -67.00 -22.00 104.22
 -67.00 -21.00 103.47
 -67.00 -20.00 101.96
 -67.00 -19.00  99.95
 -67.00 -18.00  97.70
 -67.00 -17.00  95.47
 -67.00 -16.00  93.45
 -67.00 -15.00  91.80
 -67.00 -14.00  90.58
 -67.00 -13.00  89.83
 -67.00 -12.00  89.55
 -67.00 -11.00  89.75
 -67.00 -10.00  90.43
 -67.00  -9.00  91.59
 -67.00  -8.00  93.25
 -67.00  -7.00  95.39
 -67.00  -6.00  97.97
 -67.00  -5.00 100.87
 -67.00  -4.00 103.92
 -67.00  -3.00 106.87
 -67.00  -2.00 109.42
 -67.00  -1.00 111.29
 -67.00   0.00 112.19
 -67.00   1.00 111.93
 -67.00   2.00 110.41
 -67.00   3.00 107.66
 -67.00   4.00 103.83
 -67.00   5.00  99.19
 -67.00   6.00  94.08
 -67.00   7.00  88.87
 -67.00   8.00  83.90
 -67.00   9.00  79.48
 -67.00  10.00  75.79
 -67.00  11.00  72.92
 -67.00  12.00  70.88
 -67.00  13.00  69.56
 -67.00  14.00  68.84
 -67.00  15.00  68.53
 -67.00  16.00  68.48
 -67.00  17.00  68.57
 -67.00  18.00  68.71
 -67.00  19.00  68.83
 -67.00  20.00  68.91
 -67.00  21.00  68.93
 -67.00  22.00  68.89
 -67.00  23.00  68.78
 -67.00  24.00  68.59
 -67.00  25.00  68.33
 -67.00  26.00  68.02
 -67.00  27.00  67.74
 -66.00 -37.00  67.30
 -66.00 -36.00  68.47
 -66.00 -35.00  69.63
 -66.00 -34.00  70.92
 -66.00 -33.00  72.51
 -66.00 -32.00  74.55
 -66.00 -31.00  77.17
 -66.00 -30.00  80.39
 -66.00 -29.00  84.15
 -66.00 -28.00  88.25
 -66.00 -27.00  92.42
 -66.00 -26.00  96.34
 -66.00 -25.00  99.70
 -66.00 -24.00 102.22
 -66.00 -23.00 103.73
 -66.00 -22.00 104.16
 -66.00 -21.00 103.59
 -66.00 -20.00 102.19
 -66.00 -19.00 100.20
 -66.00 -18.00  97.89
 -66.00 -17.00  95.54
 -66.00 -16.00  93.36
 -66.00 -15.00  91.52
 -66.00 -14.00  90.13
 -66.00 -13.00  89.21
 -66.00 -12.00  88.78
 -66.00 -11.00  88.84
 -66.00 -10.00  89.36
 -66.00  -9.00  90.36
 -66.00  -8.00  91.84
 -66.00  -7.00  93.79
 -66.00  -6.00  96.17
 -66.00  -5.00  98.91
 -66.00  -4.00 101.85
 -66.00  -3.00 104.76
 -66.00  -2.00 107.38
 -66.00  -1.00 109.41
 -66.00   0.00 110.57
 -66.00   1.00 110.62
 -66.00   2.00 109.43
 -66.00   3.00 106.98
 -66.00   4.00 103.39
 -66.00   5.00  98.89
 -66.00   6.00  93.80
 -66.00   7.00  88.48
 -66.00   8.00  83.31
 -66.00   9.00  78.61
 -66.00  10.00  74.61
 -66.00  11.00  71.44
 -66.00  12.00  69.15
 -66.00  13.00  67.67
 -66.00  14.00  66.86
 -66.00  15.00  66.57
 -66.00  16.00  66.63
 -66.00  17.00  66.87
 -66.00  18.00  67.17
 -66.00  19.00  67.46
 -66.00  20.00  67.68
 -66.00  21.00  67.78
 -66.00  22.00  67.77
 -66.00  23.00  67.61
 -66.00  24.00  67.32
 -66.00  25.00  66.91
 -66.00  26.00  66.41
 -66.00  27.00  65.91
 -65.00 -37.00  67.44
 -65.00 -36.00  68.55
 -65.00 -35.00  69.64
 -65.00 -34.00  70.82
 -65.00 -33.00  72.25
 -65.00 -32.00  74.09
 -65.00 -31.00  76.49
 -65.00 -30.00  79.51
 -65.00 -29.00  83.09
 -65.00 -28.00  87.09
 -65.00 -27.00  91.26
 -65.00 -26.00  95.28
 -65.00 -25.00  98.81
 -65.00 -24.00 101.58
 -65.00 -23.00 103.36
 -65.00 -22.00 104.06
 -65.00 -21.00 103.72
 -65.00 -20.00 102.46
 -65.00 -19.00 100.53
 -65.00 -18.00  98.19
 -65.00 -17.00  95.73
 -65.00 -16.00  93.40
 -65.00 -15.00  91.37
 -65.00 -14.00  89.78
 -65.00 -13.00  88.68
 -65.00 -12.00  88.09
 -65.00 -11.00  87.98
 -65.00 -10.00  88.34
 -65.00  -9.00  89.17
 -65.00  -8.00  90.46
 -65.00  -7.00  92.21
 -65.00  -6.00  94.40
 -65.00  -5.00  96.96
 -65.00  -4.00  99.76
 -65.00  -3.00 102.62
 -65.00  -2.00 105.27
 -65.00  -1.00 107.44
 -65.00   0.00 108.83
 -65.00   1.00 109.18
 -65.00   2.00 108.34
 -65.00   3.00 106.23
 -65.00   4.00 102.92
 -65.00   5.00  98.61
 -65.00   6.00  93.59
 -65.00   7.00  88.22
 -65.00   8.00  82.88
 -65.00   9.00  77.91
 -65.00  10.00  73.59
 -65.00  11.00  70.10
 -65.00  12.00  67.52
 -65.00  13.00  65.82
 -65.00  14.00  64.89
 -65.00  15.00  64.57
 -65.00  16.00  64.68
 -65.00  17.00  65.05
 -65.00  18.00  65.53
 -65.00  19.00  66.00
 -65.00  20.00  66.37
 -65.00  21.00  66.60
 -65.00  22.00  66.64
 -65.00  23.00  66.49
 -65.00  24.00  66.13
 -65.00  25.00  65.59
 -65.00  26.00  64.92
 -65.00  27.00  64.21
 -64.00 -37.00  67.61
 -64.00 -36.00  68.68
 -64.00 -35.00  69.70
 -64.00 -34.00  70.78
 -64.00 -33.00  72.05
 -64.00 -32.00  73.70
 -64.00 -31.00  75.87
 -64.00 -30.00  78.66
 -64.00 -29.00  82.05
 -64.00 -28.00  85.92
 -64.00 -27.00  90.04
 -64.00 -26.00  94.12
 -64.00 -25.00  97.83
 -64.00 -24.00 100.84
 -64.00 -23.00 102.91
 -64.00 -22.00 103.91
 -64.00 -21.00 103.82
 -64.00 -20.00 102.76
 -64.00 -19.00 100.92
 -64.00 -18.00  98.59
 -64.00 -17.00  96.06
 -64.00 -16.00  93.58
 -64.00 -15.00  91.37
 -64.00 -14.00  89.57
 -64.00 -13.00  88.27
 -64.00 -12.00  87.48
 -64.00 -11.00  87.19
 -64.00 -10.00  87.38
 -64.00  -9.00  88.03
 -64.00  -8.00  89.13
 -64.00  -7.00  90.68
 -64.00  -6.00  92.66
 -64.00  -5.00  95.03
 -64.00  -4.00  97.68
 -64.00  -3.00 100.45
 -64.00  -2.00 103.11
 -64.00  -1.00 105.38
 -64.00   0.00 106.98
 -64.00   1.00 107.63
 -64.00   2.00 107.13
 -64.00   3.00 105.38
 -64.00   4.00 102.40
 -64.00   5.00  98.34
 -64.00   6.00  93.45
 -64.00   7.00  88.08
 -64.00   8.00  82.60
 -64.00   9.00  77.40
 -64.00  10.00  72.77
 -64.00  11.00  68.94
 -64.00  12.00  66.03
 -64.00  13.00  64.06
 -64.00  14.00  62.94
 -64.00  15.00  62.54
 -64.00  16.00  62.67
 -64.00  17.00  63.14
 -64.00  18.00  63.77
 -64.00  19.00  64.43
 -64.00  20.00  64.98
 -64.00  21.00  65.36
 -64.00  22.00  65.51
 -64.00  23.00  65.40
 -64.00  24.00  65.02
 -64.00  25.00  64.39
 -64.00  26.00  63.57
 -64.00  27.00  62.65
 -63.00 -37.00  67.82
 -63.00 -36.00  68.85
 -63.00 -35.00  69.82
 -63.00 -34.00  70.80
 -63.00 -33.00  71.93
 -63.00 -32.00  73.38
 -63.00 -31.00  75.32
 -63.00 -30.00  77.85
 -63.00 -29.00  81.02
 -63.00 -28.00  84.72
 -63.00 -27.00  88.77
 -63.00 -26.00  92.88
 -63.00 -25.00  96.73
 -63.00 -24.00  99.98
 -63.00 -23.00 102.35
 -63.00 -22.00 103.68
 -63.00 -21.00 103.89
 -63.00 -20.00 103.06
 -63.00 -19.00 101.38
 -63.00 -18.00  99.10
 -63.00 -17.00  96.52
 -63.00 -16.00  93.91
 -63.00 -15.00  91.52
 -63.00 -14.00  89.51
 -63.00 -13.00  87.99
 -63.00 -12.00  86.98
 -63.00 -11.00  86.50
 -63.00 -10.00  86.50
 -63.00  -9.00  86.96
 -63.00  -8.00  87.87
 -63.00  -7.00  89.21
 -63.00  -6.00  90.98
 -63.00  -5.00  93.14
 -63.00  -4.00  95.62
 -63.00  -3.00  98.28
 -63.00  -2.00 100.91
 -63.00  -1.00 103.25
 -63.00   0.00 105.03
 -63.00   1.00 105.96
 -63.00   2.00 105.81
 -63.00   3.00 104.44
 -63.00   4.00 101.82
 -63.00   5.00  98.06
 -63.00   6.00  93.36
 -63.00   7.00  88.05
 -63.00   8.00  82.51
 -63.00   9.00  77.10
 -63.00  10.00  72.17
 -63.00  11.00  67.99
 -63.00  12.00  64.73
 -63.00  13.00  62.44
 -63.00  14.00  61.08
 -63.00  15.00  60.53
 -63.00  16.00  60.61
 -63.00  17.00  61.14
 -63.00  18.00  61.91
 -63.00  19.00  62.74
 -63.00  20.00  63.50
 -63.00  21.00  64.06
 -63.00  22.00  64.36
 -63.00  23.00  64.33
 -63.00  24.00  63.97
 -63.00  25.00  63.29
 -63.00  26.00  62.36
 -63.00  27.00  61.27
 -62.00 -37.00  68.06
 -62.00 -36.00  69.05
 -62.00 -35.00  69.98
 -62.00 -34.00  70.88
 -62.00 -33.00  71.87
 -62.00 -32.00  73.13
 -62.00 -31.00  74.83
 -62.00 -30.00  77.10
 -62.00 -29.00  80.01
 -62.00 -28.00  83.51
 -62.00 -27.00  87.44
 -62.00 -26.00  91.55
 -62.00 -25.00  95.51
 -62.00 -24.00  98.99
 -62.00 -23.00 101.67
 -62.00 -22.00 103.34
 -62.00 -21.00 103.90
 -62.00 -20.00 103.37
 -62.00 -19.00 101.89
 -62.00 -18.00  99.71
 -62.00 -17.00  97.12
 -62.00 -16.00  94.41
 -62.00 -15.00  91.84
 -62.00 -14.00  89.62
 -62.00 -13.00  87.86
 -62.00 -12.00  86.63
 -62.00 -11.00  85.93
 -62.00 -10.00  85.72
 -62.00  -9.00  85.98
 -62.00  -8.00  86.68
 -62.00  -7.00  87.81
 -62.00  -6.00  89.36
 -62.00  -5.00  91.31
 -62.00  -4.00  93.60
 -62.00  -3.00  96.11
 -62.00  -2.00  98.68
 -62.00  -1.00 101.07
 -62.00   0.00 103.00
 -62.00   1.00 104.19
 -62.00   2.00 104.38
 -62.00   3.00 103.41
 -62.00   4.00 101.18
 -62.00   5.00  97.77
 -62.00   6.00  93.33
 -62.00   7.00  88.16
 -62.00   8.00  82.60
 -62.00   9.00  77.04
 -62.00  10.00  71.85
 -62.00  11.00  67.32
 -62.00  12.00  63.68
 -62.00  13.00  61.02
 -62.00  14.00  59.35
 -62.00  15.00  58.58
 -62.00  16.00  58.55
 -62.00  17.00  59.08
 -62.00  18.00  59.94
 -62.00  19.00  60.94
 -62.00  20.00  61.90
 -62.00  21.00  62.68
 -62.00  22.00  63.16
 -62.00  23.00  63.27
 -62.00  24.00  62.98
 -62.00  25.00  62.31
 -62.00  26.00  61.31
 -62.00  27.00  60.07
 -61.00 -37.00  68.32
 -61.00 -36.00  69.28
 -61.00 -35.00  70.17
 -61.00 -34.00  71.01
 -61.00 -33.00  71.88
 -61.00 -32.00  72.96
 -61.00 -31.00  74.42
 -61.00 -30.00  76.41
 -61.00 -29.00  79.03
 -61.00 -28.00  82.29
 -61.00 -27.00  86.06
 -61.00 -26.00  90.12
 -61.00 -25.00  94.16
 -61.00 -24.00  97.84
 -61.00 -23.00 100.83
 -61.00 -22.00 102.87
 -61.00 -21.00 103.82
 -61.00 -20.00 103.63
 -61.00 -19.00 102.43
 -61.00 -18.00 100.41
 -61.00 -17.00  97.87
 -61.00 -16.00  95.09
 -61.00 -15.00  92.37
 -61.00 -14.00  89.93
 -61.00 -13.00  87.93
 -61.00 -12.00  86.45
 -61.00 -11.00  85.50
 -61.00 -10.00  85.07
 -61.00  -9.00  85.11
 -61.00  -8.00  85.59
 -61.00  -7.00  86.50
 -61.00  -6.00  87.82
 -61.00  -5.00  89.54
 -61.00  -4.00  91.62
 -61.00  -3.00  93.97
 -61.00  -2.00  96.45
 -61.00  -1.00  98.84
 -61.00   0.00 100.89
 -61.00   1.00 102.31
 -61.00   2.00 102.84
 -61.00   3.00 102.27
 -61.00   4.00 100.47
 -61.00   5.00  97.46
 -61.00   6.00  93.35
 -61.00   7.00  88.39
 -61.00   8.00  82.89
 -61.00   9.00  77.25
 -61.00  10.00  71.83
 -61.00  11.00  66.97
 -61.00  12.00  62.93
 -61.00  13.00  59.86
 -61.00  14.00  57.82
 -61.00  15.00  56.75
 -61.00  16.00  56.54
 -61.00  17.00  56.99
 -61.00  18.00  57.89
 -61.00  19.00  59.02
 -61.00  20.00  60.18
 -61.00  21.00  61.18
 -61.00  22.00  61.88
 -61.00  23.00  62.19
 -61.00  24.00  62.04
 -61.00  25.00  61.43
 -61.00  26.00  60.41
 -61.00  27.00  59.08
 -60.00 -37.00  68.60
 -60.00 -36.00  69.53
 -60.00 -35.00  70.39
 -60.00 -34.00  71.18
 -60.00 -33.00  71.96
 -60.00 -32.00  72.87
 -60.00 -31.00  74.09
 -60.00 -30.00  75.79
 -60.00 -29.00  78.11
 -60.00 -28.00  81.08
 -60.00 -27.00  84.63
 -60.00 -26.00  88.59
 -60.00 -25.00  92.66
 -60.00 -24.00  96.52
 -60.00 -23.00  99.81
 -60.00 -22.00 102.24
 -60.00 -21.00 103.60
 -60.00 -20.00 103.83
 -60.00 -19.00 102.96
 -60.00 -18.00 101.18
 -60.00 -17.00  98.74
 -60.00 -16.00  95.96
 -60.00 -15.00  93.11
 -60.00 -14.00  90.47
 -60.00 -13.00  88.22
 -60.00 -12.00  86.47
 -60.00 -11.00  85.25
 -60.00 -10.00  84.56
 -60.00  -9.00  84.37
 -60.00  -8.00  84.62
 -60.00  -7.00  85.30
 -60.00  -6.00  86.38
 -60.00  -5.00  87.86
 -60.00  -4.00  89.72
 -60.00  -3.00  91.88
 -60.00  -2.00  94.23
 -60.00  -1.00  96.59
 -60.00   0.00  98.71
 -60.00   1.00 100.34
 -60.00   2.00 101.18
 -60.00   3.00 101.02
 -60.00   4.00  99.68
 -60.00   5.00  97.12
 -60.00   6.00  93.40
 -60.00   7.00  88.73
 -60.00   8.00  83.38
 -60.00   9.00  77.73
 -60.00  10.00  72.14
 -60.00  11.00  66.98
 -60.00  12.00  62.54
 -60.00  13.00  59.03
 -60.00  14.00  56.55
 -60.00  15.00  55.12
 -60.00  16.00  54.62
 -60.00  17.00  54.91
 -60.00  18.00  55.78
 -60.00  19.00  56.99
 -60.00  20.00  58.32
 -60.00  21.00  59.55
 -60.00  22.00  60.50
 -60.00  23.00  61.05
 -60.00  24.00  61.10
 -60.00  25.00  60.63
 -60.00  26.00  59.66
 -60.00  27.00  58.29
 -59.00 -37.00  68.89
 -59.00 -36.00  69.78
 -59.00 -35.00  70.63
 -59.00 -34.00  71.38
 -59.00 -33.00  72.09
 -59.00 -32.00  72.86
 -59.00 -31.00  73.86
 -59.00 -30.00  75.28
 -59.00 -29.00  77.26
 -59.00 -28.00  79.91
 -59.00 -27.00  83.19
 -59.00 -26.00  86.98
 -59.00 -25.00  91.03
 -59.00 -24.00  95.01
 -59.00 -23.00  98.58
 -59.00 -22.00 101.39
 -59.00 -21.00 103.21
 -59.00 -20.00 103.90
 -59.00 -19.00 103.44
 -59.00 -18.00 101.97
 -59.00 -17.00  99.72
 -59.00 -16.00  96.99
 -59.00 -15.00  94.07
 -59.00 -14.00  91.25
 -59.00 -13.00  88.76
 -59.00 -12.00  86.72
 -59.00 -11.00  85.22
 -59.00 -10.00  84.25
 -59.00  -9.00  83.79
 -59.00  -8.00  83.79
 -59.00  -7.00  84.22
 -59.00  -6.00  85.06
 -59.00  -5.00  86.29
 -59.00  -4.00  87.90
 -59.00  -3.00  89.85
 -59.00  -2.00  92.05
 -59.00  -1.00  94.33
 -59.00   0.00  96.50
 -59.00   1.00  98.28
 -59.00   2.00  99.42
 -59.00   3.00  99.65
 -59.00   4.00  98.78
 -59.00   5.00  96.70
 -59.00   6.00  93.45
 -59.00   7.00  89.14
 -59.00   8.00  84.04
 -59.00   9.00  78.46
 -59.00  10.00  72.78
 -59.00  11.00  67.37
 -59.00  12.00  62.55
 -59.00  13.00  58.59
 -59.00  14.00  55.64
 -59.00  15.00  53.75
 -59.00  16.00  52.88
 -59.00  17.00  52.91
 -59.00  18.00  53.65
 -59.00  19.00  54.86
 -59.00  20.00  56.31
 -59.00  21.00  57.76
 -59.00  22.00  58.98
 -59.00  23.00  59.81
 -59.00  24.00  60.13
 -59.00  25.00  59.86
 -59.00  26.00  59.02
 -59.00  27.00  57.69
 -58.00 -37.00  69.20
 -58.00 -36.00  70.04
 -58.00 -35.00  70.87
 -58.00 -34.00  71.62
 -58.00 -33.00  72.28
 -58.00 -32.00  72.94
 -58.00 -31.00  73.74
 -58.00 -30.00  74.88
 -58.00 -29.00  76.53
 -58.00 -28.00  78.82
 -58.00 -27.00  81.79
 -58.00 -26.00  85.35
 -58.00 -25.00  89.30
 -58.00 -24.00  93.34
 -58.00 -23.00  97.14
 -58.00 -22.00 100.32
 -58.00 -21.00 102.61
 -58.00 -20.00 103.79
 -58.00 -19.00 103.81
 -58.00 -18.00 102.74
 -58.00 -17.00 100.76
 -58.00 -16.00  98.15
 -58.00 -15.00  95.22
 -58.00 -14.00  92.27
 -58.00 -13.00  89.54
 -58.00 -12.00  87.23
 -58.00 -11.00  85.43
 -58.00 -10.00  84.16
 -58.00  -9.00  83.41
 -58.00  -8.00  83.14
 -58.00  -7.00  83.31
 -58.00  -6.00  83.88
 -58.00  -5.00  84.86
 -58.00  -4.00  86.21
 -58.00  -3.00  87.93
 -58.00  -2.00  89.93
 -58.00  -1.00  92.11
 -58.00   0.00  94.27
 -58.00   1.00  96.17
 -58.00   2.00  97.55
 -58.00   3.00  98.15
 -58.00   4.00  97.74
 -58.00   5.00  96.18
 -58.00   6.00  93.43
 -58.00   7.00  89.57
 -58.00   8.00  84.80
 -58.00   9.00  79.40
 -58.00  10.00  73.72
 -58.00  11.00  68.13
 -58.00  12.00  62.99
 -58.00  13.00  58.58
 -58.00  14.00  55.12
 -58.00  15.00  52.72
 -58.00  16.00  51.40
 -58.00  17.00  51.06
 -58.00  18.00  51.57
 -58.00  19.00  52.69
 -58.00  20.00  54.19
 -58.00  21.00  55.81
 -58.00  22.00  57.29
 -58.00  23.00  58.43
 -58.00  24.00  59.06
 -58.00  25.00  59.07
 -58.00  26.00  58.45
 -58.00  27.00  57.23
 -57.00 -37.00  69.53
 -57.00 -36.00  70.32
 -57.00 -35.00  71.13
 -57.00 -34.00  71.87
 -57.00 -33.00  72.51
 -57.00 -32.00  73.09
 -57.00 -31.00  73.73
 -57.00 -30.00  74.62
 -57.00 -29.00  75.94
 -57.00 -28.00  77.86
 -57.00 -27.00  80.46
 -57.00 -26.00  83.73
 -57.00 -25.00  87.50
 -57.00 -24.00  91.54
 -57.00 -23.00  95.49
 -57.00 -22.00  99.01
 -57.00 -21.00 101.75
 -57.00 -20.00 103.46
 -57.00 -19.00 104.01
 -57.00 -18.00 103.41
 -57.00 -17.00 101.79
 -57.00 -16.00  99.39
 -57.00 -15.00  96.52
 -57.00 -14.00  93.49
 -57.00 -13.00  90.58
 -57.00 -12.00  88.00
 -57.00 -11.00  85.89
 -57.00 -10.00  84.31
 -57.00  -9.00  83.25
 -57.00  -8.00  82.69
 -57.00  -7.00  82.58
 -57.00  -6.00  82.89
 -57.00  -5.00  83.59
 -57.00  -4.00  84.68
 -57.00  -3.00  86.14
 -57.00  -2.00  87.93
 -57.00  -1.00  89.95
 -57.00   0.00  92.05
 -57.00   1.00  94.02
 -57.00   2.00  95.61
 -57.00   3.00  96.53
 -57.00   4.00  96.57
 -57.00   5.00  95.52
 -57.00   6.00  93.31
 -57.00   7.00  89.95
 -57.00   8.00  85.59
 -57.00   9.00  80.46
 -57.00  10.00  74.89
 -57.00  11.00  69.22
 -57.00  12.00  63.82
 -57.00  13.00  59.01
 -57.00  14.00  55.05
 -57.00  15.00  52.11
 -57.00  16.00  50.25
 -57.00  17.00  49.46
 -57.00  18.00  49.62
 -57.00  19.00  50.54
 -57.00  20.00  52.00
 -57.00  21.00  53.71
 -57.00  22.00  55.42
 -57.00  23.00  56.87
 -57.00  24.00  57.85
 -57.00  25.00  58.20
 -57.00  26.00  57.87
 -57.00  27.00  56.87
 -56.00 -37.00  69.90
 -56.00 -36.00  70.61
 -56.00 -35.00  71.39
 -56.00 -34.00  72.13
 -56.00 -33.00  72.77
 -56.00 -32.00  73.31
 -56.00 -31.00  73.83
 -56.00 -30.00  74.51
 -56.00 -29.00  75.52
 -56.00 -28.00  77.07
 -56.00 -27.00  79.28
 -56.00 -26.00  82.19
 -56.00 -25.00  85.71
 -56.00 -24.00  89.65
 -56.00 -23.00  93.69
 -56.00 -22.00  97.47
 -56.00 -21.00 100.63
 -56.00 -20.00 102.87
 -56.00 -19.00 103.98
 -56.00 -18.00 103.92
 -56.00 -17.00 102.74
 -56.00 -16.00 100.65
 -56.00 -15.00  97.93
 -56.00 -14.00  94.89
 -56.00 -13.00  91.84
 -56.00 -12.00  89.03
 -56.00 -11.00  86.62
 -56.00 -10.00  84.72
 -56.00  -9.00  83.35
 -56.00  -8.00  82.48
 -56.00  -7.00  82.07
 -56.00  -6.00  82.09
 -56.00  -5.00  82.51
 -56.00  -4.00  83.33
 -56.00  -3.00  84.52
 -56.00  -2.00  86.07
 -56.00  -1.00  87.91
 -56.00   0.00  89.91
 -56.00   1.00  91.88
 -56.00   2.00  93.61
 -56.00   3.00  94.81
 -56.00   4.00  95.25
 -56.00   5.00  94.70
 -56.00   6.00  93.04
 -56.00   7.00  90.22
 -56.00   8.00  86.34
 -56.00   9.00  81.58
 -56.00  10.00  76.21
 -56.00  11.00  70.57
 -56.00  12.00  65.00
 -56.00  13.00  59.86
 -56.00  14.00  55.44
 -56.00  15.00  51.94
 -56.00  16.00  49.52
 -56.00  17.00  48.18
 -56.00  18.00  47.89
 -56.00  19.00  48.50
 -56.00  20.00  49.80
 -56.00  21.00  51.52
 -56.00  22.00  53.38
 -56.00  23.00  55.11
 -56.00  24.00  56.44
 -56.00  25.00  57.19
 -56.00  26.00  57.22
 -56.00  27.00  56.51
 -55.00 -37.00  70.32
 -55.00 -36.00  70.92
 -55.00 -35.00  71.65
 -55.00 -34.00  72.39
 -55.00 -33.00  73.04
 -55.00 -32.00  73.57
 -55.00 -31.00  74.03
 -55.00 -30.00  74.53
 -55.00 -29.00  75.28
 -55.00 -28.00  76.47
 -55.00 -27.00  78.27
 -55.00 -26.00  80.79
 -55.00 -25.00  83.99
 -55.00 -24.00  87.73
 -55.00 -23.00  91.76
 -55.00 -22.00  95.72
 -55.00 -21.00  99.25
 -55.00 -20.00 101.99
 -55.00 -19.00 103.68
 -55.00 -18.00 104.20
 -55.00 -17.00 103.54
 -55.00 -16.00 101.84
 -55.00 -15.00  99.36
 -55.00 -14.00  96.41
 -55.00 -13.00  93.29
 -55.00 -12.00  90.28
 -55.00 -11.00  87.61
 -55.00 -10.00  85.39
 -55.00  -9.00  83.70
 -55.00  -8.00  82.51
 -55.00  -7.00  81.80
 -55.00  -6.00  81.52
 -55.00  -5.00  81.66
 -55.00  -4.00  82.18
 -55.00  -3.00  83.10
 -55.00  -2.00  84.39
 -55.00  -1.00  86.00
 -55.00   0.00  87.86
 -55.00   1.00  89.79
 -55.00   2.00  91.60
 -55.00   3.00  93.02
 -55.00   4.00  93.81
 -55.00   5.00  93.72
 -55.00   6.00  92.59
 -55.00   7.00  90.34
 -55.00   8.00  86.98
 -55.00   9.00  82.66
 -55.00  10.00  77.59
 -55.00  11.00  72.08
 -55.00  12.00  66.47
 -55.00  13.00  61.09
 -55.00  14.00  56.26
 -55.00  15.00  52.25
 -55.00  16.00  49.24
 -55.00  17.00  47.32
 -55.00  18.00  46.49
 -55.00  19.00  46.67
 -55.00  20.00  47.68
 -55.00  21.00  49.29
 -55.00  22.00  51.22
 -55.00  23.00  53.16
 -55.00  24.00  54.83
 -55.00  25.00  55.98
 -55.00  26.00  56.43
 -55.00  27.00  56.09
 -54.00 -37.00  71.40
 -54.00 -36.00  71.86
 -54.00 -35.00  72.52
 -54.00 -34.00  73.24
 -54.00 -33.00  73.90
 -54.00 -32.00  74.43
 -54.00 -31.00  74.83
 -54.00 -30.00  75.19
 -54.00 -29.00  75.68
 -54.00 -28.00  76.49
 -54.00 -27.00  77.84
 -54.00 -26.00  79.88
 -54.00 -25.00  82.65
 -54.00 -24.00  86.07
 -54.00 -23.00  89.94
 -54.00 -22.00  93.95
 -54.00 -21.00  97.71
 -54.00 -20.00 100.85
 -54.00 -19.00 103.06
 -54.00 -18.00 104.14
 -54.00 -17.00 104.01
 -54.00 -16.00 102.77
 -54.00 -15.00 100.60
 -54.00 -14.00  97.80
 -54.00 -13.00  94.69
 -54.00 -12.00  91.55
 -54.00 -11.00  88.64
 -54.00 -10.00  86.12
 -54.00  -9.00  84.09
 -54.00  -8.00  82.55
 -54.00  -7.00  81.49
 -54.00  -6.00  80.88
 -54.00  -5.00  80.67
 -54.00  -4.00  80.87
 -54.00  -3.00  81.46
 -54.00  -2.00  82.46
 -54.00  -1.00  83.82
 -54.00   0.00  85.48
 -54.00   1.00  87.31
 -54.00   2.00  89.13
 -54.00   3.00  90.69
 -54.00   4.00  91.74
 -54.00   5.00  92.04
 -54.00   6.00  91.40
 -54.00   7.00  89.68
 -54.00   8.00  86.86
 -54.00   9.00  83.04
 -54.00  10.00  78.37
 -54.00  11.00  73.12
 -54.00  12.00  67.60
 -54.00  13.00  62.13
 -54.00  14.00  57.03
 -54.00  15.00  52.59
 -54.00  16.00  49.03
 -54.00  17.00  46.51
 -54.00  18.00  45.09
 -54.00  19.00  44.74
 -54.00  20.00  45.36
 -54.00  21.00  46.75
 -54.00  22.00  48.64
 -54.00  23.00  50.73
 -54.00  24.00  52.70
 -54.00  25.00  54.27
 -54.00  26.00  55.18
 -54.00  27.00  55.29
 -53.00 -37.00  72.55
 -53.00 -36.00  72.86
 -53.00 -35.00  73.42
 -53.00 -34.00  74.11
 -53.00 -33.00  74.79
 -53.00 -32.00  75.35
 -53.00 -31.00  75.75
 -53.00 -30.00  76.02
 -53.00 -29.00  76.31
 -53.00 -28.00  76.80
 -53.00 -27.00  77.73
 -53.00 -26.00  79.29
 -53.00 -25.00  81.58
 -53.00 -24.00  84.61
 -53.00 -23.00  88.23
 -53.00 -22.00  92.16
 -53.00 -21.00  96.06
 -53.00 -20.00  99.54
 -53.00 -19.00 102.23
 -53.00 -18.00 103.86
 -53.00 -17.00 104.31
 -53.00 -16.00 103.57
 -53.00 -15.00 101.80
 -53.00 -14.00  99.25
 -53.00 -13.00  96.23
 -53.00 -12.00  93.04
 -53.00 -11.00  89.96
 -53.00 -10.00  87.19
 -53.00  -9.00  84.85
 -53.00  -8.00  82.97
 -53.00  -7.00  81.56
 -53.00  -6.00  80.60
 -53.00  -5.00  80.04
 -53.00  -4.00  79.88
 -53.00  -3.00  80.13
 -53.00  -2.00  80.79
 -53.00  -1.00  81.86
 -53.00   0.00  83.29
 -53.00   1.00  84.98
 -53.00   2.00  86.76
 -53.00   3.00  88.41
 -53.00   4.00  89.68
 -53.00   5.00  90.32
 -53.00   6.00  90.11
 -53.00   7.00  88.91
 -53.00   8.00  86.64
 -53.00   9.00  83.33
 -53.00  10.00  79.13
 -53.00  11.00  74.23
 -53.00  12.00  68.92
 -53.00  13.00  63.48
 -53.00  14.00  58.23
 -53.00  15.00  53.47
 -53.00  16.00  49.44
 -53.00  17.00  46.34
 -53.00  18.00  44.29
 -53.00  19.00  43.34
 -53.00  20.00  43.44
 -53.00  21.00  44.45
 -53.00  22.00  46.15
 -53.00  23.00  48.25
 -53.00  24.00  50.43
 -53.00  25.00  52.35
 -53.00  26.00  53.72
 -53.00  27.00  54.32
 -52.00 -37.00  73.64
 -52.00 -36.00  73.77
 -52.00 -35.00  74.21
 -52.00 -34.00  74.84
 -52.00 -33.00  75.53
 -52.00 -32.00  76.14
 -52.00 -31.00  76.58
 -52.00 -30.00  76.84
 -52.00 -29.00  77.01
 -52.00 -28.00  77.26
 -52.00 -27.00  77.82
 -52.00 -26.00  78.92
 -52.00 -25.00  80.73
 -52.00 -24.00  83.31
 -52.00 -23.00  86.60
 -52.00 -22.00  90.38
 -52.00 -21.00  94.33
 -52.00 -20.00  98.06
 -52.00 -19.00 101.18
 -52.00 -18.00 103.37
 -52.00 -17.00 104.40
 -52.00 -16.00 104.23
 -52.00 -15.00 102.94
 -52.00 -14.00 100.72
 -52.00 -13.00  97.88
 -52.00 -12.00  94.73
 -52.00 -11.00  91.55
 -52.00 -10.00  88.59
 -52.00  -9.00  85.98
 -52.00  -8.00  83.80
 -52.00  -7.00  82.07
 -52.00  -6.00  80.76
 -52.00  -5.00  79.85
 -52.00  -4.00  79.33
 -52.00  -3.00  79.22
 -52.00  -2.00  79.52
 -52.00  -1.00  80.26
 -52.00   0.00  81.42
 -52.00   1.00  82.91
 -52.00   2.00  84.61
 -52.00   3.00  86.30
 -52.00   4.00  87.74
 -52.00   5.00  88.68
 -52.00   6.00  88.89
 -52.00   7.00  88.17
 -52.00   8.00  86.43
 -52.00   9.00  83.67
 -52.00  10.00  79.96
 -52.00  11.00  75.48
 -52.00  12.00  70.45
 -52.00  13.00  65.16
 -52.00  14.00  59.88
 -52.00  15.00  54.90
 -52.00  16.00  50.49
 -52.00  17.00  46.87
 -52.00  18.00  44.20
 -52.00  19.00  42.61
 -52.00  20.00  42.09
 -52.00  21.00  42.59
 -52.00  22.00  43.94
 -52.00  23.00  45.89
 -52.00  24.00  48.13
 -52.00  25.00  50.31
 -52.00  26.00  52.09
 -52.00  27.00  53.19
 -51.00 -37.00  74.66
 -51.00 -36.00  74.60
 -51.00 -35.00  74.87
 -51.00 -34.00  75.41
 -51.00 -33.00  76.09
 -51.00 -32.00  76.74
 -51.00 -31.00  77.25
 -51.00 -30.00  77.56
 -51.00 -29.00  77.69
 -51.00 -28.00  77.79
 -51.00 -27.00  78.06
 -51.00 -26.00  78.75
 -51.00 -25.00  80.08
 -51.00 -24.00  82.18
 -51.00 -23.00  85.07
 -51.00 -22.00  88.60
 -51.00 -21.00  92.50
 -51.00 -20.00  96.40
 -51.00 -19.00  99.89
 -51.00 -18.00 102.60
 -51.00 -17.00 104.24
 -51.00 -16.00 104.69
 -51.00 -15.00 103.94
 -51.00 -14.00 102.15
 -51.00 -13.00  99.59
 -51.00 -12.00  96.55
 -51.00 -11.00  93.35
 -51.00 -10.00  90.25
 -51.00  -9.00  87.43
 -51.00  -8.00  84.99
 -51.00  -7.00  82.96
 -51.00  -6.00  81.34
 -51.00  -5.00  80.09
 -51.00  -4.00  79.22
 -51.00  -3.00  78.74
 -51.00  -2.00  78.67
 -51.00  -1.00  79.05
 -51.00   0.00  79.89
 -51.00   1.00  81.13
 -51.00   2.00  82.68
 -51.00   3.00  84.35
 -51.00   4.00  85.92
 -51.00   5.00  87.12
 -51.00   6.00  87.70
 -51.00   7.00  87.45
 -51.00   8.00  86.25
 -51.00   9.00  84.03
 -51.00  10.00  80.84
 -51.00  11.00  76.82
 -51.00  12.00  72.15
 -51.00  13.00  67.08
 -51.00  14.00  61.87
 -51.00  15.00  56.79
 -51.00  16.00  52.11
 -51.00  17.00  48.05
 -51.00  18.00  44.82
 -51.00  19.00  42.57
 -51.00  20.00  41.39
 -51.00  21.00  41.27
 -51.00  22.00  42.13
 -51.00  23.00  43.76
 -51.00  24.00  45.90
 -51.00  25.00  48.19
 -51.00  26.00  50.29
 -51.00  27.00  51.85
 -50.00 -37.00  75.61
 -50.00 -36.00  75.35
 -50.00 -35.00  75.43
 -50.00 -34.00  75.83
 -50.00 -33.00  76.45
 -50.00 -32.00  77.13
 -50.00 -31.00  77.72
 -50.00 -30.00  78.12
 -50.00 -29.00  78.29
 -50.00 -28.00  78.32
 -50.00 -27.00  78.39
 -50.00 -26.00  78.73
 -50.00 -25.00  79.61
 -50.00 -24.00  81.22
 -50.00 -23.00  83.65
 -50.00 -22.00  86.84
 -50.00 -21.00  90.58
 -50.00 -20.00  94.54
 -50.00 -19.00  98.33
 -50.00 -18.00 101.51
 -50.00 -17.00 103.77
 -50.00 -16.00 104.86
 -50.00 -15.00 104.73
 -50.00 -14.00 103.46
 -50.00 -13.00 101.27
 -50.00 -12.00  98.44
 -50.00 -11.00  95.30
 -50.00 -10.00  92.13
 -50.00  -9.00  89.14
 -50.00  -8.00  86.48
 -50.00  -7.00  84.19
 -50.00  -6.00  82.28
 -50.00  -5.00  80.73
 -50.00  -4.00  79.53
 -50.00  -3.00  78.69
 -50.00  -2.00  78.24
 -50.00  -1.00  78.24
 -50.00   0.00  78.71
 -50.00   1.00  79.66
 -50.00   2.00  80.99
 -50.00   3.00  82.58
 -50.00   4.00  84.20
 -50.00   5.00  85.60
 -50.00   6.00  86.53
 -50.00   7.00  86.73
 -50.00   8.00  86.04
 -50.00   9.00  84.37
 -50.00  10.00  81.73
 -50.00  11.00  78.20
 -50.00  12.00  73.95
 -50.00  13.00  69.18
 -50.00  14.00  64.13
 -50.00  15.00  59.05
 -50.00  16.00  54.20
 -50.00  17.00  49.81
 -50.00  18.00  46.09
 -50.00  19.00  43.23
 -50.00  20.00  41.37
 -50.00  21.00  40.57
 -50.00  22.00  40.81
 -50.00  23.00  41.97
 -50.00  24.00  43.83
 -50.00  25.00  46.08
 -50.00  26.00  48.35
 -50.00  27.00  50.29
 -49.00 -37.00  76.49
 -49.00 -36.00  76.03
 -49.00 -35.00  75.90
 -49.00 -34.00  76.12
 -49.00 -33.00  76.63
 -49.00 -32.00  77.29
 -49.00 -31.00  77.95
 -49.00 -30.00  78.45
 -49.00 -29.00  78.72
 -49.00 -28.00  78.77
 -49.00 -27.00  78.73
 -49.00 -26.00  78.82
 -49.00 -25.00  79.31
 -49.00 -24.00  80.44
 -49.00 -23.00  82.37
 -49.00 -22.00  85.13
 -49.00 -21.00  88.60
 -49.00 -20.00  92.51
 -49.00 -19.00  96.48
 -49.00 -18.00 100.08
 -49.00 -17.00 102.92
 -49.00 -16.00 104.69
 -49.00 -15.00 105.24
 -49.00 -14.00 104.57
 -49.00 -13.00 102.85
 -49.00 -12.00 100.33
 -49.00 -11.00  97.33
 -49.00 -10.00  94.15
 -49.00  -9.00  91.06
 -49.00  -8.00  88.21
 -49.00  -7.00  85.69
 -49.00  -6.00  83.53
 -49.00  -5.00  81.71
 -49.00  -4.00  80.22
 -49.00  -3.00  79.05
 -49.00  -2.00  78.24
 -49.00  -1.00  77.84
 -49.00   0.00  77.92
 -49.00   1.00  78.51
 -49.00   2.00  79.57
 -49.00   3.00  80.99
 -49.00   4.00  82.59
 -49.00   5.00  84.13
 -49.00   6.00  85.34
 -49.00   7.00  85.95
 -49.00   8.00  85.77
 -49.00   9.00  84.66
 -49.00  10.00  82.59
 -49.00  11.00  79.58
 -49.00  12.00  75.79
 -49.00  13.00  71.38
 -49.00  14.00  66.57
 -49.00  15.00  61.59
 -49.00  16.00  56.67
 -49.00  17.00  52.04
 -49.00  18.00  47.93
 -49.00  19.00  44.53
 -49.00  20.00  42.01
 -49.00  21.00  40.50
 -49.00  22.00  40.05
 -49.00  23.00  40.61
 -49.00  24.00  42.03
 -49.00  25.00  44.05
 -49.00  26.00  46.35
 -49.00  27.00  48.54
 -48.00 -37.00  77.28
 -48.00 -36.00  76.66
 -48.00 -35.00  76.31
 -48.00 -34.00  76.31
 -48.00 -33.00  76.66
 -48.00 -32.00  77.25
 -48.00 -31.00  77.93
 -48.00 -30.00  78.54
 -48.00 -29.00  78.93
 -48.00 -28.00  79.07
 -48.00 -27.00  79.02
 -48.00 -26.00  78.96
 -48.00 -25.00  79.13
 -48.00 -24.00  79.81
 -48.00 -23.00  81.24
 -48.00 -22.00  83.51
 -48.00 -21.00  86.61
 -48.00 -20.00  90.35
 -48.00 -19.00  94.37
 -48.00 -18.00  98.28
 -48.00 -17.00 101.64
 -48.00 -16.00 104.08
 -48.00 -15.00 105.36
 -48.00 -14.00 105.38
 -48.00 -13.00 104.24
 -48.00 -12.00 102.13
 -48.00 -11.00  99.37
 -48.00 -10.00  96.27
 -48.00  -9.00  93.11
 -48.00  -8.00  90.12
 -48.00  -7.00  87.40
 -48.00  -6.00  85.02
 -48.00  -5.00  82.97
 -48.00  -4.00  81.21
 -48.00  -3.00  79.75
 -48.00  -2.00  78.61
 -48.00  -1.00  77.84
 -48.00   0.00  77.53
 -48.00   1.00  77.72
 -48.00   2.00  78.44
 -48.00   3.00  79.61
 -48.00   4.00  81.10
 -48.00   5.00  82.68
 -48.00   6.00  84.11
 -48.00   7.00  85.09
 -48.00   8.00  85.39
 -48.00   9.00  84.84
 -48.00  10.00  83.34
 -48.00  11.00  80.90
 -48.00  12.00  77.60
 -48.00  13.00  73.60
 -48.00  14.00  69.10
 -48.00  15.00  64.29
 -48.00  16.00  59.40
 -48.00  17.00  54.64
 -48.00  18.00  50.24
 -48.00  19.00  46.39
 -48.00  20.00  43.28
 -48.00  21.00  41.08
 -48.00  22.00  39.90
 -48.00  23.00  39.77
 -48.00  24.00  40.61
 -48.00  25.00  42.24
 -48.00  26.00  44.38
 -48.00  27.00  46.66
 -47.00 -37.00  77.95
 -47.00 -36.00  77.22
 -47.00 -35.00  76.68
 -47.00 -34.00  76.46
 -47.00 -33.00  76.59
 -47.00 -32.00  77.04
 -47.00 -31.00  77.69
 -47.00 -30.00  78.36
 -47.00 -29.00  78.88
 -47.00 -28.00  79.16
 -47.00 -27.00  79.18
 -47.00 -26.00  79.06
 -47.00 -25.00  79.03
 -47.00 -24.00  79.34
 -47.00 -23.00  80.28
 -47.00 -22.00  82.04
 -47.00 -21.00  84.68
 -47.00 -20.00  88.11
 -47.00 -19.00  92.05
 -47.00 -18.00  96.14
 -47.00 -17.00  99.93
 -47.00 -16.00 102.99
 -47.00 -15.00 105.01
 -47.00 -14.00 105.79
 -47.00 -13.00 105.32
 -47.00 -12.00 103.75
 -47.00 -11.00 101.34
 -47.00 -10.00  98.40
 -47.00  -9.00  95.25
 -47.00  -8.00  92.15
 -47.00  -7.00  89.27
 -47.00  -6.00  86.69
 -47.00  -5.00  84.42
 -47.00  -4.00  82.44
 -47.00  -3.00  80.74
 -47.00  -2.00  79.31
 -47.00  -1.00  78.21
 -47.00   0.00  77.51
 -47.00   1.00  77.30
 -47.00   2.00  77.63
 -47.00   3.00  78.48
 -47.00   4.00  79.77
 -47.00   5.00  81.30
 -47.00   6.00  82.84
 -47.00   7.00  84.12
 -47.00   8.00  84.85
 -47.00   9.00  84.83
 -47.00  10.00  83.91
 -47.00  11.00  82.05
 -47.00  12.00  79.30
 -47.00  13.00  75.77
 -47.00  14.00  71.62
 -47.00  15.00  67.06
 -47.00  16.00  62.28
 -47.00  17.00  57.49
 -47.00  18.00  52.90
 -47.00  19.00  48.70
 -47.00  20.00  45.09
 -47.00  21.00  42.26
 -47.00  22.00  40.37
 -47.00  23.00  39.50
 -47.00  24.00  39.67
 -47.00  25.00  40.76
 -47.00  26.00  42.56
 -47.00  27.00  44.76
 -46.00 -37.00  78.47
 -46.00 -36.00  77.70
 -46.00 -35.00  77.01
 -46.00 -34.00  76.57
 -46.00 -33.00  76.47
 -46.00 -32.00  76.73
 -46.00 -31.00  77.28
 -46.00 -30.00  77.95
 -46.00 -29.00  78.57
 -46.00 -28.00  79.00
 -46.00 -27.00  79.15
 -46.00 -26.00  79.07
 -46.00 -25.00  78.93
 -46.00 -24.00  78.98
 -46.00 -23.00  79.50
 -46.00 -22.00  80.75
 -46.00 -21.00  82.88
 -46.00 -20.00  85.89
 -46.00 -19.00  89.61
 -46.00 -18.00  93.73
 -46.00 -17.00  97.81
 -46.00 -16.00 101.42
 -46.00 -15.00 104.14
 -46.00 -14.00 105.70
 -46.00 -13.00 105.99
 -46.00 -12.00 105.07
 -46.00 -11.00 103.12
 -46.00 -10.00 100.46
 -46.00  -9.00  97.41
 -46.00  -8.00  94.26
 -46.00  -7.00  91.23
 -46.00  -6.00  88.47
 -46.00  -5.00  86.00
 -46.00  -4.00  83.82
 -46.00  -3.00  81.91
 -46.00  -2.00  80.25
 -46.00  -1.00  78.86
 -46.00   0.00  77.83
 -46.00   1.00  77.24
 -46.00   2.00  77.16
 -46.00   3.00  77.64
 -46.00   4.00  78.64
 -46.00   5.00  80.02
 -46.00   6.00  81.58
 -46.00   7.00  83.04
 -46.00   8.00  84.13
 -46.00   9.00  84.59
 -46.00  10.00  84.24
 -46.00  11.00  82.98
 -46.00  12.00  80.80
 -46.00  13.00  77.77
 -46.00  14.00  74.04
 -46.00  15.00  69.79
 -46.00  16.00  65.19
 -46.00  17.00  60.46
 -46.00  18.00  55.77
 -46.00  19.00  51.33
 -46.00  20.00  47.32
 -46.00  21.00  43.95
 -46.00  22.00  41.40
 -46.00  23.00  39.80
 -46.00  24.00  39.24
 -46.00  25.00  39.69
 -46.00  26.00  41.01
 -46.00  27.00  42.95
 -45.00 -37.00  78.80
 -45.00 -36.00  78.05
 -45.00 -35.00  77.29
 -45.00 -34.00  76.67
 -45.00 -33.00  76.34
 -45.00 -32.00  76.38
 -45.00 -31.00  76.76
 -45.00 -30.00  77.37
 -45.00 -29.00  78.03
 -45.00 -28.00  78.58
 -45.00 -27.00  78.89
 -45.00 -26.00  78.93
 -45.00 -25.00  78.79
 -45.00 -24.00  78.67
 -45.00 -23.00  78.87
 -45.00 -22.00  79.65
 -45.00 -21.00  81.26
 -45.00 -20.00  83.79
 -45.00 -19.00  87.17
 -45.00 -18.00  91.15
 -45.00 -17.00  95.38
 -45.00 -16.00  99.39
 -45.00 -15.00 102.74
 -45.00 -14.00 105.07
 -45.00 -13.00 106.17
 -45.00 -12.00 105.97
 -45.00 -11.00 104.62
 -45.00 -10.00 102.35
 -45.00  -9.00  99.49
 -45.00  -8.00  96.37
 -45.00  -7.00  93.25
 -45.00  -6.00  90.31
 -45.00  -5.00  87.65
 -45.00  -4.00  85.29
 -45.00  -3.00  83.19
 -45.00  -2.00  81.33
 -45.00  -1.00  79.72
 -45.00   0.00  78.41
 -45.00   1.00  77.47
 -45.00   2.00  77.02
 -45.00   3.00  77.11
 -45.00   4.00  77.76
 -45.00   5.00  78.90
 -45.00   6.00  80.36
 -45.00   7.00  81.90
 -45.00   8.00  83.24
 -45.00   9.00  84.12
 -45.00  10.00  84.29
 -45.00  11.00  83.61
 -45.00  12.00  82.01
 -45.00  13.00  79.53
 -45.00  14.00  76.26
 -45.00  15.00  72.37
 -45.00  16.00  68.03
 -45.00  17.00  63.42
 -45.00  18.00  58.72
 -45.00  19.00  54.14
 -45.00  20.00  49.84
 -45.00  21.00  46.03
 -45.00  22.00  42.90
 -45.00  23.00  40.63
 -45.00  24.00  39.35
 -45.00  25.00  39.10
 -45.00  26.00  39.82
 -45.00  27.00  41.34
 -44.00 -37.00  78.92
 -44.00 -36.00  78.25
 -44.00 -35.00  77.47
 -44.00 -34.00  76.74
 -44.00 -33.00  76.22
 -44.00 -32.00  76.02
 -44.00 -31.00  76.20
 -44.00 -30.00  76.68
 -44.00 -29.00  77.32
 -44.00 -28.00  77.95
 -44.00 -27.00  78.40
 -44.00 -26.00  78.59
 -44.00 -25.00  78.52
 -44.00 -24.00  78.35
 -44.00 -23.00  78.33
 -44.00 -22.00  78.74
 -44.00 -21.00  79.86
 -44.00 -20.00  81.88
 -44.00 -19.00  84.82
 -44.00 -18.00  88.54
 -44.00 -17.00  92.75
 -44.00 -16.00  97.02
 -44.00 -15.00 100.88
 -44.00 -14.00 103.91
 -44.00 -13.00 105.79
 -44.00 -12.00 106.39
 -44.00 -11.00 105.72
 -44.00 -10.00 103.96
 -44.00  -9.00 101.41
 -44.00  -8.00  98.41
 -44.00  -7.00  95.25
 -44.00  -6.00  92.17
 -44.00  -5.00  89.33
 -44.00  -4.00  86.78
 -44.00  -3.00  84.50
 -44.00  -2.00  82.48
 -44.00  -1.00  80.68
 -44.00   0.00  79.14
 -44.00   1.00  77.93
 -44.00   2.00  77.14
 -44.00   3.00  76.86
 -44.00   4.00  77.15
 -44.00   5.00  77.98
 -44.00   6.00  79.25
 -44.00   7.00  80.76
 -44.00   8.00  82.24
 -44.00   9.00  83.42
 -44.00  10.00  84.04
 -44.00  11.00  83.90
 -44.00  12.00  82.88
 -44.00  13.00  80.96
 -44.00  14.00  78.20
 -44.00  15.00  74.72
 -44.00  16.00  70.68
 -44.00  17.00  66.26
 -44.00  18.00  61.64
 -44.00  19.00  56.99
 -44.00  20.00  52.50
 -44.00  21.00  48.36
 -44.00  22.00  44.75
 -44.00  23.00  41.88
 -44.00  24.00  39.92
 -44.00  25.00  38.97
 -44.00  26.00  39.04
 -44.00  27.00  40.04
 -43.00 -37.00  78.88
 -43.00 -36.00  78.33
 -43.00 -35.00  77.60
 -43.00 -34.00  76.82
 -43.00 -33.00  76.16
 -43.00 -32.00  75.76
 -43.00 -31.00  75.71
 -43.00 -30.00  76.02
 -43.00 -29.00  76.57
 -43.00 -28.00  77.22
 -43.00 -27.00  77.77
 -43.00 -26.00  78.10
 -43.00 -25.00  78.15
 -43.00 -24.00  78.00
 -43.00 -23.00  77.85
 -43.00 -22.00  77.97
 -43.00 -21.00  78.67
 -43.00 -20.00  80.18
 -43.00 -19.00  82.64
 -43.00 -18.00  85.99
 -43.00 -17.00  90.03
 -43.00 -16.00  94.39
 -43.00 -15.00  98.61
 -43.00 -14.00 102.22
 -43.00 -13.00 104.85
 -43.00 -12.00 106.23
 -43.00 -11.00 106.30
 -43.00 -10.00 105.15
 -43.00  -9.00 103.03
 -43.00  -8.00 100.24
 -43.00  -7.00  97.12
 -43.00  -6.00  93.96
 -43.00  -5.00  90.96
 -43.00  -4.00  88.22
 -43.00  -3.00  85.77
 -43.00  -2.00  83.58
 -43.00  -1.00  81.63
 -43.00   0.00  79.91
 -43.00   1.00  78.48
 -43.00   2.00  77.40
 -43.00   3.00  76.79
 -43.00   4.00  76.72
 -43.00   5.00  77.22
 -43.00   6.00  78.24
 -43.00   7.00  79.62
 -43.00   8.00  81.13
 -43.00   9.00  82.52
 -43.00  10.00  83.49
 -43.00  11.00  83.82
 -43.00  12.00  83.33
 -43.00  13.00  81.96
 -43.00  14.00  79.71
 -43.00  15.00  76.68
 -43.00  16.00  72.99
 -43.00  17.00  68.82
 -43.00  18.00  64.34
 -43.00  19.00  59.71
 -43.00  20.00  55.11
 -43.00  21.00  50.73
 -43.00  22.00  46.75
 -43.00  23.00  43.39
 -43.00  24.00  40.82
 -43.00  25.00  39.21
 -43.00  26.00  38.63
 -43.00  27.00  39.05
 -42.00 -37.00  78.67
 -42.00 -36.00  78.25
 -42.00 -35.00  77.62
 -42.00 -34.00  76.85
 -42.00 -33.00  76.11
 -42.00 -32.00  75.54
 -42.00 -31.00  75.29
 -42.00 -30.00  75.39
 -42.00 -29.00  75.81
 -42.00 -28.00  76.41
 -42.00 -27.00  77.02
 -42.00 -26.00  77.47
 -42.00 -25.00  77.65
 -42.00 -24.00  77.58
 -42.00 -23.00  77.39
 -42.00 -22.00  77.33
 -42.00 -21.00  77.68
 -42.00 -20.00  78.74
 -42.00 -19.00  80.70
 -42.00 -18.00  83.62
 -42.00 -17.00  87.38
 -42.00 -16.00  91.67
 -42.00 -15.00  96.09
 -42.00 -14.00 100.16
 -42.00 -13.00 103.44
 -42.00 -12.00 105.58
 -42.00 -11.00 106.41
 -42.00 -10.00 105.94
 -42.00  -9.00 104.33
 -42.00  -8.00 101.86
 -42.00  -7.00  98.88
 -42.00  -6.00  95.70
 -42.00  -5.00  92.57
 -42.00  -4.00  89.65
 -42.00  -3.00  87.02
 -42.00  -2.00  84.67
 -42.00  -1.00  82.57
 -42.00   0.00  80.70
 -42.00   1.00  79.09
 -42.00   2.00  77.78
 -42.00   3.00  76.88
 -42.00   4.00  76.49
 -42.00   5.00  76.66
 -42.00   6.00  77.38
 -42.00   7.00  78.56
 -42.00   8.00  80.02
 -42.00   9.00  81.50
 -42.00  10.00  82.73
 -42.00  11.00  83.44
 -42.00  12.00  83.44
 -42.00  13.00  82.59
 -42.00  14.00  80.86
 -42.00  15.00  78.30
 -42.00  16.00  75.01
 -42.00  17.00  71.14
 -42.00  18.00  66.85
 -42.00  19.00  62.30
 -42.00  20.00  57.68
 -42.00  21.00  53.14
 -42.00  22.00  48.89
 -42.00  23.00  45.12
 -42.00  24.00  42.03
 -42.00  25.00  39.81
 -42.00  26.00  38.59
 -42.00  27.00  38.41
 -41.00 -37.00  78.34
 -41.00 -36.00  78.03
 -41.00 -35.00  77.51
 -41.00 -34.00  76.80
 -41.00 -33.00  76.03
 -41.00 -32.00  75.35
 -41.00 -31.00  74.92
 -41.00 -30.00  74.82
 -41.00 -29.00  75.07
 -41.00 -28.00  75.58
 -41.00 -27.00  76.19
 -41.00 -26.00  76.72
 -41.00 -25.00  77.03
 -41.00 -24.00  77.07
 -41.00 -23.00  76.91
 -41.00 -22.00  76.74
 -41.00 -21.00  76.84
 -41.00 -20.00  77.50
 -41.00 -19.00  79.00
 -41.00 -18.00  81.45
 -41.00 -17.00  84.84
 -41.00 -16.00  88.95
 -41.00 -15.00  93.43
 -41.00 -14.00  97.81
 -41.00 -13.00 101.62
 -41.00 -12.00 104.45
 -41.00 -11.00 106.04
 -41.00 -10.00 106.28
 -41.00  -9.00 105.27
 -41.00  -8.00 103.22
 -41.00  -7.00 100.47
 -41.00  -6.00  97.35
 -41.00  -5.00  94.14
 -41.00  -4.00  91.08
 -41.00  -3.00  88.26
 -41.00  -2.00  85.74
 -41.00  -1.00  83.49
 -41.00   0.00  81.48
 -41.00   1.00  79.71
 -41.00   2.00  78.22
 -41.00   3.00  77.09
 -41.00   4.00  76.40
 -41.00   5.00  76.26
 -41.00   6.00  76.68
 -41.00   7.00  77.62
 -41.00   8.00  78.94
 -41.00   9.00  80.43
 -41.00  10.00  81.82
 -41.00  11.00  82.84
 -41.00  12.00  83.25
 -41.00  13.00  82.89
 -41.00  14.00  81.66
 -41.00  15.00  79.58
 -41.00  16.00  76.71
 -41.00  17.00  73.18
 -41.00  18.00  69.14
 -41.00  19.00  64.74
 -41.00  20.00  60.15
 -41.00  21.00  55.54
 -41.00  22.00  51.09
 -41.00  23.00  47.00
 -41.00  24.00  43.48
 -41.00  25.00  40.72
 -41.00  26.00  38.90
 -41.00  27.00  38.10
 -40.00 -37.00  77.90
 -40.00 -36.00  77.67
 -40.00 -35.00  77.27
 -40.00 -34.00  76.66
 -40.00 -33.00  75.92
 -40.00 -32.00  75.17
 -40.00 -31.00  74.59
 -40.00 -30.00  74.31
 -40.00 -29.00  74.38
 -40.00 -28.00  74.75
 -40.00 -27.00  75.31
 -40.00 -26.00  75.88
 -40.00 -25.00  76.30
 -40.00 -24.00  76.46
 -40.00 -23.00  76.37
 -40.00 -22.00  76.17
 -40.00 -21.00  76.09
 -40.00 -20.00  76.44
 -40.00 -19.00  77.51
 -40.00 -18.00  79.49
 -40.00 -17.00  82.46
 -40.00 -16.00  86.28
 -40.00 -15.00  90.69
 -40.00 -14.00  95.24
 -40.00 -13.00  99.46
 -40.00 -12.00 102.90
 -40.00 -11.00 105.20
 -40.00 -10.00 106.18
 -40.00  -9.00 105.82
 -40.00  -8.00 104.29
 -40.00  -7.00 101.87
 -40.00  -6.00  98.88
 -40.00  -5.00  95.67
 -40.00  -4.00  92.49
 -40.00  -3.00  89.51
 -40.00  -2.00  86.80
 -40.00  -1.00  84.39
 -40.00   0.00  82.24
 -40.00   1.00  80.34
 -40.00   2.00  78.69
 -40.00   3.00  77.35
 -40.00   4.00  76.43
 -40.00   5.00  75.99
 -40.00   6.00  76.12
 -40.00   7.00  76.79
 -40.00   8.00  77.93
 -40.00   9.00  79.34
 -40.00  10.00  80.80
 -40.00  11.00  82.04
 -40.00  12.00  82.80
 -40.00  13.00  82.87
 -40.00  14.00  82.13
 -40.00  15.00  80.53
 -40.00  16.00  78.11
 -40.00  17.00  74.95
 -40.00  18.00  71.20
 -40.00  19.00  67.00
 -40.00  20.00  62.51
 -40.00  21.00  57.90
 -40.00  22.00  53.33
 -40.00  23.00  48.99
 -40.00  24.00  45.11
 -40.00  25.00  41.88
 -40.00  26.00  39.50
 -40.00  27.00  38.11
 -39.00 -37.00  77.41
 -39.00 -36.00  77.22
 -39.00 -35.00  76.92
 -39.00 -34.00  76.42
 -39.00 -33.00  75.74
 -39.00 -32.00  74.98
 -39.00 -31.00  74.31
 -39.00 -30.00  73.86
 -39.00 -29.00  73.74
 -39.00 -28.00  73.96
 -39.00 -27.00  74.42
 -39.00 -26.00  74.99
 -39.00 -25.00  75.48
 -39.00 -24.00  75.76
 -39.00 -23.00  75.77
 -39.00 -22.00  75.59
 -39.00 -21.00  75.41
 -39.00 -20.00  75.51
 -39.00 -19.00  76.19
 -39.00 -18.00  77.72
 -39.00 -17.00  80.23
 -39.00 -16.00  83.69
 -39.00 -15.00  87.90
 -39.00 -14.00  92.49
 -39.00 -13.00  97.00
 -39.00 -12.00 100.94
 -39.00 -11.00 103.91
 -39.00 -10.00 105.62
 -39.00  -9.00 105.97
 -39.00  -8.00 105.03
 -39.00  -7.00 103.03
 -39.00  -6.00 100.29
 -39.00  -5.00  97.14
 -39.00  -4.00  93.89
 -39.00  -3.00  90.76
 -39.00  -2.00  87.88
 -39.00  -1.00  85.30
 -39.00   0.00  83.00
 -39.00   1.00  80.95
 -39.00   2.00  79.16
 -39.00   3.00  77.66
 -39.00   4.00  76.52
 -39.00   5.00  75.83
 -39.00   6.00  75.67
 -39.00   7.00  76.07
 -39.00   8.00  76.98
 -39.00   9.00  78.26
 -39.00  10.00  79.72
 -39.00  11.00  81.10
 -39.00  12.00  82.13
 -39.00  13.00  82.59
 -39.00  14.00  82.30
 -39.00  15.00  81.17
 -39.00  16.00  79.21
 -39.00  17.00  76.47
 -39.00  18.00  73.05
 -39.00  19.00  69.10
 -39.00  20.00  64.77
 -39.00  21.00  60.20
 -39.00  22.00  55.58
 -39.00  23.00  51.07
 -39.00  24.00  46.89
 -39.00  25.00  43.26
 -39.00  26.00  40.38
 -39.00  27.00  38.43
 -38.00 -37.00  76.90
 -38.00 -36.00  76.68
 -38.00 -35.00  76.46
 -38.00 -34.00  76.07
 -38.00 -33.00  75.49
 -38.00 -32.00  74.77
 -38.00 -31.00  74.04
 -38.00 -30.00  73.46
 -38.00 -29.00  73.17
 -38.00 -28.00  73.21
 -38.00 -27.00  73.55
 -38.00 -26.00  74.06
 -38.00 -25.00  74.59
 -38.00 -24.00  74.96
 -38.00 -23.00  75.08
 -38.00 -22.00  74.97
 -38.00 -21.00  74.75
 -38.00 -20.00  74.67
 -38.00 -19.00  75.04
 -38.00 -18.00  76.13
 -38.00 -17.00  78.17
 -38.00 -16.00  81.20
 -38.00 -15.00  85.11
 -38.00 -14.00  89.61
 -38.00 -13.00  94.28
 -38.00 -12.00  98.62
 -38.00 -11.00 102.18
 -38.00 -10.00 104.60
 -38.00  -9.00 105.68
 -38.00  -8.00 105.41
 -38.00  -7.00 103.93
 -38.00  -6.00 101.53
 -38.00  -5.00  98.54
 -38.00  -4.00  95.29
 -38.00  -3.00  92.05
 -38.00  -2.00  89.00
 -38.00  -1.00  86.23
 -38.00   0.00  83.77
 -38.00   1.00  81.58
 -38.00   2.00  79.65
 -38.00   3.00  78.00
 -38.00   4.00  76.67
 -38.00   5.00  75.75
 -38.00   6.00  75.32
 -38.00   7.00  75.44
 -38.00   8.00  76.09
 -38.00   9.00  77.20
 -38.00  10.00  78.59
 -38.00  11.00  80.03
 -38.00  12.00  81.27
 -38.00  13.00  82.05
 -38.00  14.00  82.18
 -38.00  15.00  81.52
 -38.00  16.00  80.03
 -38.00  17.00  77.73
 -38.00  18.00  74.69
 -38.00  19.00  71.04
 -38.00  20.00  66.92
 -38.00  21.00  62.46
 -38.00  22.00  57.85
 -38.00  23.00  53.24
 -38.00  24.00  48.84
 -38.00  25.00  44.85
 -38.00  26.00  41.52
 -38.00  27.00  39.03
 -37.00 -37.00  76.42
 -37.00 -36.00  76.10
 -37.00 -35.00  75.91
 -37.00 -34.00  75.63
 -37.00 -33.00  75.16
 -37.00 -32.00  74.51
 -37.00 -31.00  73.77
 -37.00 -30.00  73.11
 -37.00 -29.00  72.66
 -37.00 -28.00  72.52
 -37.00 -27.00  72.70
 -37.00 -26.00  73.13
 -37.00 -25.00  73.65
 -37.00 -24.00  74.09
 -37.00 -23.00  74.32
 -37.00 -22.00  74.30
 -37.00 -21.00  74.10
 -37.00 -20.00  73.91
 -37.00 -19.00  74.01
 -37.00 -18.00  74.71
 -37.00 -17.00  76.27
 -37.00 -16.00  78.83
 -37.00 -15.00  82.36
 -37.00 -14.00  86.65
 -37.00 -13.00  91.33
 -37.00 -12.00  95.95
 -37.00 -11.00 100.01
 -37.00 -10.00 103.10
 -37.00  -9.00 104.93
 -37.00  -8.00 105.37
 -37.00  -7.00 104.51
 -37.00  -6.00 102.56
 -37.00  -5.00  99.83
 -37.00  -4.00  96.66
 -37.00  -3.00  93.37
 -37.00  -2.00  90.17
 -37.00  -1.00  87.23
 -37.00   0.00  84.58
 -37.00   1.00  82.23
 -37.00   2.00  80.15
 -37.00   3.00  78.35
 -37.00   4.00  76.86
 -37.00   5.00  75.73
 -37.00   6.00  75.05
 -37.00   7.00  74.90
 -37.00   8.00  75.28
 -37.00   9.00  76.17
 -37.00  10.00  77.43
 -37.00  11.00  78.87
 -37.00  12.00  80.24
 -37.00  13.00  81.29
 -37.00  14.00  81.79
 -37.00  15.00  81.58
 -37.00  16.00  80.57
 -37.00  17.00  78.73
 -37.00  18.00  76.11
 -37.00  19.00  72.81
 -37.00  20.00  68.95
 -37.00  21.00  64.67
 -37.00  22.00  60.13
 -37.00  23.00  55.48
 -37.00  24.00  50.92
 -37.00  25.00  46.66
 -37.00  26.00  42.92
 -37.00  27.00  39.93
 -36.00 -37.00  76.00
 -36.00 -36.00  75.52
 -36.00 -35.00  75.29
 -36.00 -34.00  75.08
 -36.00 -33.00  74.73
 -36.00 -32.00  74.19
 -36.00 -31.00  73.50
 -36.00 -30.00  72.79
 -36.00 -29.00  72.22
 -36.00 -28.00  71.91
 -36.00 -27.00  71.92
 -36.00 -26.00  72.22
 -36.00 -25.00  72.69
 -36.00 -24.00  73.16
 -36.00 -23.00  73.49
 -36.00 -22.00  73.57
 -36.00 -21.00  73.43
 -36.00 -20.00  73.19
 -36.00 -19.00  73.10
 -36.00 -18.00  73.46
 -36.00 -17.00  74.57
 -36.00 -16.00  76.63
 -36.00 -15.00  79.70
 -36.00 -14.00  83.67
 -36.00 -13.00  88.25
 -36.00 -12.00  93.01
 -36.00 -11.00  97.46
 -36.00 -10.00 101.14
 -36.00  -9.00 103.69
 -36.00  -8.00 104.89
 -36.00  -7.00 104.72
 -36.00  -6.00 103.32
 -36.00  -5.00 100.96
 -36.00  -4.00  97.97
 -36.00  -3.00  94.69
 -36.00  -2.00  91.40
 -36.00  -1.00  88.29
 -36.00   0.00  85.45
 -36.00   1.00  82.92
 -36.00   2.00  80.69
 -36.00   3.00  78.74
 -36.00   4.00  77.09
 -36.00   5.00  75.77
 -36.00   6.00  74.86
 -36.00   7.00  74.44
 -36.00   8.00  74.55
 -36.00   9.00  75.20
 -36.00  10.00  76.28
 -36.00  11.00  77.65
 -36.00  12.00  79.08
 -36.00  13.00  80.33
 -36.00  14.00  81.15
 -36.00  15.00  81.36
 -36.00  16.00  80.81
 -36.00  17.00  79.45
 -36.00  18.00  77.28
 -36.00  19.00  74.38
 -36.00  20.00  70.84
 -36.00  21.00  66.80
 -36.00  22.00  62.39
 -36.00  23.00  57.77
 -36.00  24.00  53.12
 -36.00  25.00  48.65
 -36.00  26.00  44.57
 -36.00  27.00  41.12
 -35.00 -37.00  75.69
 -35.00 -36.00  74.96
 -35.00 -35.00  74.64
 -35.00 -34.00  74.46
 -35.00 -33.00  74.21
 -35.00 -32.00  73.79
 -35.00 -31.00  73.18
 -35.00 -30.00  72.48
 -35.00 -29.00  71.83
 -35.00 -28.00  71.38
 -35.00 -27.00  71.22
 -35.00 -26.00  71.37
 -35.00 -25.00  71.75
 -35.00 -24.00  72.21
 -35.00 -23.00  72.60
 -35.00 -22.00  72.79
 -35.00 -21.00  72.73
 -35.00 -20.00  72.50
 -35.00 -19.00  72.29
 -35.00 -18.00  72.38
 -35.00 -17.00  73.08
 -35.00 -16.00  74.65
 -35.00 -15.00  77.23
 -35.00 -14.00  80.79
 -35.00 -13.00  85.13
 -35.00 -12.00  89.89
 -35.00 -11.00  94.60
 -35.00 -10.00  98.78
 -35.00  -9.00 101.99
 -35.00  -8.00 103.93
 -35.00  -7.00 104.49
 -35.00  -6.00 103.73
 -35.00  -5.00 101.84
 -35.00  -4.00  99.14
 -35.00  -3.00  95.97
 -35.00  -2.00  92.64
 -35.00  -1.00  89.39
 -35.00   0.00  86.38
 -35.00   1.00  83.66
 -35.00   2.00  81.26
 -35.00   3.00  79.16
 -35.00   4.00  77.34
 -35.00   5.00  75.85
 -35.00   6.00  74.73
 -35.00   7.00  74.06
 -35.00   8.00  73.91
 -35.00   9.00  74.29
 -35.00  10.00  75.16
 -35.00  11.00  76.41
 -35.00  12.00  77.83
 -35.00  13.00  79.21
 -35.00  14.00  80.29
 -35.00  15.00  80.86
 -35.00  16.00  80.75
 -35.00  17.00  79.86
 -35.00  18.00  78.17
 -35.00  19.00  75.69
 -35.00  20.00  72.53
 -35.00  21.00  68.77
 -35.00  22.00  64.56
 -35.00  23.00  60.04
 -35.00  24.00  55.37
 -35.00  25.00  50.76
 -35.00  26.00  46.41
 -35.00  27.00  42.57
 -34.00 -37.00  75.53
 -34.00 -36.00  74.48
 -34.00 -35.00  73.99
 -34.00 -34.00  73.77
 -34.00 -33.00  73.60
 -34.00 -32.00  73.29
 -34.00 -31.00  72.80
 -34.00 -30.00  72.15
 -34.00 -29.00  71.47
 -34.00 -28.00  70.91
 -34.00 -27.00  70.60
 -34.00 -26.00  70.59
 -34.00 -25.00  70.85
 -34.00 -24.00  71.28
 -34.00 -23.00  71.70
 -34.00 -22.00  71.97
 -34.00 -21.00  72.00
 -34.00 -20.00  71.82
 -34.00 -19.00  71.55
 -34.00 -18.00  71.44
 -34.00 -17.00  71.81
 -34.00 -16.00  72.93
 -34.00 -15.00  75.01
 -34.00 -14.00  78.12
 -34.00 -13.00  82.14
 -34.00 -12.00  86.78
 -34.00 -11.00  91.61
 -34.00 -10.00  96.14
 -34.00  -9.00  99.91
 -34.00  -8.00 102.54
 -34.00  -7.00 103.83
 -34.00  -6.00 103.73
 -34.00  -5.00 102.39
 -34.00  -4.00 100.07
 -34.00  -3.00  97.09
 -34.00  -2.00  93.80
 -34.00  -1.00  90.47
 -34.00   0.00  87.31
 -34.00   1.00  84.42
 -34.00   2.00  81.84
 -34.00   3.00  79.58
 -34.00   4.00  77.61
 -34.00   5.00  75.95
 -34.00   6.00  74.64
 -34.00   7.00  73.74
 -34.00   8.00  73.34
 -34.00   9.00  73.46
 -34.00  10.00  74.11
 -34.00  11.00  75.19
 -34.00  12.00  76.55
 -34.00  13.00  77.98
 -34.00  14.00  79.26
 -34.00  15.00  80.13
 -34.00  16.00  80.41
 -34.00  17.00  79.97
 -34.00  18.00  78.73
 -34.00  19.00  76.70
 -34.00  20.00  73.93
 -34.00  21.00  70.51
 -34.00  22.00  66.55
 -34.00  23.00  62.18
 -34.00  24.00  57.57
 -34.00  25.00  52.88
 -34.00  26.00  48.34
 -34.00  27.00  44.18
 -33.00 -37.00  75.51
 -33.00 -36.00  74.10
 -33.00 -35.00  73.37
 -33.00 -34.00  73.07
 -33.00 -33.00  72.93
 -33.00 -32.00  72.72
 -33.00 -31.00  72.34
 -33.00 -30.00  71.77
 -33.00 -29.00  71.11
 -33.00 -28.00  70.49
 -33.00 -27.00  70.06
 -33.00 -26.00  69.91
 -33.00 -25.00  70.05
 -33.00 -24.00  70.39
 -33.00 -23.00  70.81
 -33.00 -22.00  71.14
 -33.00 -21.00  71.26
 -33.00 -20.00  71.14
 -33.00 -19.00  70.86
 -33.00 -18.00  70.63
 -33.00 -17.00  70.74
 -33.00 -16.00  71.48
 -33.00 -15.00  73.12
 -33.00 -14.00  75.78
 -33.00 -13.00  79.43
 -33.00 -12.00  83.85
 -33.00 -11.00  88.67
 -33.00 -10.00  93.43
 -33.00  -9.00  97.62
 -33.00  -8.00 100.84
 -33.00  -7.00 102.79
 -33.00  -6.00 103.35
 -33.00  -5.00 102.57
 -33.00  -4.00 100.68
 -33.00  -3.00  97.97
 -33.00  -2.00  94.78
 -33.00  -1.00  91.44
 -33.00   0.00  88.16
 -33.00   1.00  85.12
 -33.00   2.00  82.38
 -33.00   3.00  79.96
 -33.00   4.00  77.84
 -33.00   5.00  76.03
 -33.00   6.00  74.55
 -33.00   7.00  73.46
 -33.00   8.00  72.83
 -33.00   9.00  72.72
 -33.00  10.00  73.13
 -33.00  11.00  74.03
 -33.00  12.00  75.29
 -33.00  13.00  76.73
 -33.00  14.00  78.12
 -33.00  15.00  79.22
 -33.00  16.00  79.83
 -33.00  17.00  79.78
 -33.00  18.00  78.97
 -33.00  19.00  77.37
 -33.00  20.00  75.00
 -33.00  21.00  71.92
 -33.00  22.00  68.24
 -33.00  23.00  64.07
 -33.00  24.00  59.56
 -33.00  25.00  54.88
 -33.00  26.00  50.23
 -33.00  27.00  45.83
 -32.00 -37.00  75.55
 -32.00 -36.00  73.79
 -32.00 -35.00  72.82
 -32.00 -34.00  72.39
 -32.00 -33.00  72.23
 -32.00 -32.00  72.10
 -32.00 -31.00  71.82
 -32.00 -30.00  71.34
 -32.00 -29.00  70.73
 -32.00 -28.00  70.09
 -32.00 -27.00  69.58
 -32.00 -26.00  69.31
 -32.00 -25.00  69.33
 -32.00 -24.00  69.60
 -32.00 -23.00  69.98
 -32.00 -22.00  70.34
 -32.00 -21.00  70.52
 -32.00 -20.00  70.46
 -32.00 -19.00  70.21
 -32.00 -18.00  69.91
 -32.00 -17.00  69.84
 -32.00 -16.00  70.30
 -32.00 -15.00  71.56
 -32.00 -14.00  73.82
 -32.00 -13.00  77.11
 -32.00 -12.00  81.28
 -32.00 -11.00  86.01
 -32.00 -10.00  90.87
 -32.00  -9.00  95.36
 -32.00  -8.00  99.03
 -32.00  -7.00 101.52
 -32.00  -6.00 102.65
 -32.00  -5.00 102.40
 -32.00  -4.00 100.93
 -32.00  -3.00  98.52
 -32.00  -2.00  95.49
 -32.00  -1.00  92.17
 -32.00   0.00  88.84
 -32.00   1.00  85.68
 -32.00   2.00  82.81
 -32.00   3.00  80.24
 -32.00   4.00  77.99
 -32.00   5.00  76.05
 -32.00   6.00  74.42
 -32.00   7.00  73.17
 -32.00   8.00  72.35
 -32.00   9.00  72.03
 -32.00  10.00  72.25
 -32.00  11.00  72.97
 -32.00  12.00  74.11
 -32.00  13.00  75.51
 -32.00  14.00  76.96
 -32.00  15.00  78.22
 -32.00  16.00  79.09
 -32.00  17.00  79.36
 -32.00  18.00  78.92
 -32.00  19.00  77.69
 -32.00  20.00  75.69
 -32.00  21.00  72.94
 -32.00  22.00  69.54
 -32.00  23.00  65.60
 -32.00  24.00  61.23
 -32.00  25.00  56.60
 -32.00  26.00  51.89
 -32.00  27.00  47.33
 -31.00 -37.00  75.56
 -31.00 -36.00  73.51
 -31.00 -35.00  72.31
 -31.00 -34.00  71.75
 -31.00 -33.00  71.56
 -31.00 -32.00  71.46
 -31.00 -31.00  71.26
 -31.00 -30.00  70.87
 -31.00 -29.00  70.31
 -31.00 -28.00  69.68
 -31.00 -27.00  69.13
 -31.00 -26.00  68.79
 -31.00 -25.00  68.72
 -31.00 -24.00  68.90
 -31.00 -23.00  69.25
 -31.00 -22.00  69.60
 -31.00 -21.00  69.82
 -31.00 -20.00  69.81
 -31.00 -19.00  69.58
 -31.00 -18.00  69.26
 -31.00 -17.00  69.07
 -31.00 -16.00  69.33
 -31.00 -15.00  70.33
 -31.00 -14.00  72.28
 -31.00 -13.00  75.27
 -31.00 -12.00  79.21
 -31.00 -11.00  83.82
 -31.00 -10.00  88.70
 -31.00  -9.00  93.37
 -31.00  -8.00  97.34
 -31.00  -7.00 100.23
 -31.00  -6.00 101.79
 -31.00  -5.00 101.96
 -31.00  -4.00 100.85
 -31.00  -3.00  98.70
 -31.00  -2.00  95.83
 -31.00  -1.00  92.57
 -31.00   0.00  89.22
 -31.00   1.00  85.99
 -31.00   2.00  83.01
 -31.00   3.00  80.34
 -31.00   4.00  77.98
 -31.00   5.00  75.93
 -31.00   6.00  74.20
 -31.00   7.00  72.82
 -31.00   8.00  71.85
 -31.00   9.00  71.37
 -31.00  10.00  71.42
 -31.00  11.00  72.00
 -31.00  12.00  73.03
 -31.00  13.00  74.38
 -31.00  14.00  75.85
 -31.00  15.00  77.23
 -31.00  16.00  78.27
 -31.00  17.00  78.78
 -31.00  18.00  78.63
 -31.00  19.00  77.71
 -31.00  20.00  76.01
 -31.00  21.00  73.55
 -31.00  22.00  70.41
 -31.00  23.00  66.66
 -31.00  24.00  62.44
 -31.00  25.00  57.88
 -31.00  26.00  53.17
 -31.00  27.00  48.52
 -30.00 -37.00  75.80
 -30.00 -36.00  73.60
 -30.00 -35.00  72.32
 -30.00 -34.00  71.75
 -30.00 -33.00  71.60
 -30.00 -32.00  71.59
 -30.00 -31.00  71.50
 -30.00 -30.00  71.22
 -30.00 -29.00  70.73
 -30.00 -28.00  70.13
 -30.00 -27.00  69.57
 -30.00 -26.00  69.18
 -30.00 -25.00  69.05
 -30.00 -24.00  69.19
 -30.00 -23.00  69.49
 -30.00 -22.00  69.83
 -30.00 -21.00  70.04
 -30.00 -20.00  70.01
 -30.00 -19.00  69.74
 -30.00 -18.00  69.33
 -30.00 -17.00  69.00
 -30.00 -16.00  69.07
 -30.00 -15.00  69.83
 -30.00 -14.00  71.54
 -30.00 -13.00  74.30
 -30.00 -12.00  78.06
 -30.00 -11.00  82.56
 -30.00 -10.00  87.42
 -30.00  -9.00  92.14
 -30.00  -8.00  96.23
 -30.00  -7.00  99.29
 -30.00  -6.00 101.05
 -30.00  -5.00 101.41
 -30.00  -4.00 100.47
 -30.00  -3.00  98.46
 -30.00  -2.00  95.70
 -30.00  -1.00  92.52
 -30.00   0.00  89.21
 -30.00   1.00  86.02
 -30.00   2.00  83.05
 -30.00   3.00  80.37
 -30.00   4.00  77.98
 -30.00   5.00  75.87
 -30.00   6.00  74.05
 -30.00   7.00  72.55
 -30.00   8.00  71.45
 -30.00   9.00  70.82
 -30.00  10.00  70.73
 -30.00  11.00  71.18
 -30.00  12.00  72.13
 -30.00  13.00  73.45
 -30.00  14.00  74.94
 -30.00  15.00  76.38
 -30.00  16.00  77.54
 -30.00  17.00  78.20
 -30.00  18.00  78.21
 -30.00  19.00  77.48
 -30.00  20.00  75.98
 -30.00  21.00  73.73
 -30.00  22.00  70.79
 -30.00  23.00  67.24
 -30.00  24.00  63.19
 -30.00  25.00  58.77
 -30.00  26.00  54.14
 -30.00  27.00  49.50
