091204094458 21.904762
091204094558 27.619048
091204094658 26.666667
091204094758 30.47619
091204094858 28.571429
091204094958 19.047619
091204095058 19.047619
091204095158 21.904762
091204095258 24.761905
091204095358 27.619048
091204095458 21.904762
091204095558 26.666667
091204095658 20.952381
091204095758 23.809524
091204095858 32.380952
091204095958 14.285714
091204100058 19.047619
091204100158 21.904762
091204100258 24.761905
091204100358 29.52381
091204100458 26.666667
091204100558 26.666667
091204100658 20.952381
091204100758 26.666667
091204100858 20.00
091204100958 14.285714
091204101058 22.857143
091204101158 19.047619
091204101258 21.904762
091204101358 32.380952
091204101458 14.285714
091204101558 26.666667
091204101658 25.714286
091204101758 21.904762
091204101858 27.619048
091204101958 20.00
091204102058 20.952381
091204102158 28.571429
091204102258 21.904762
091204102358 22.857143
091204102458 22.857143
091204102558 35.238095
091204102658 20.952381
091204102758 20.00
091204102858 31.428571
091204102958 25.714286
091204103058 26.666667
091204103158 11.428571
091204103258 27.619048
091204103358 20.952381
091204103458 21.904762
091204103558 12.380952
091204103658 22.857143
091204103758 18.095238
091204103858 22.857143
091204103958 23.809524
091204104058 24.761905
091204104158 26.666667
091204104258 20.00
091204104358 19.047619
091204104458 18.095238
091204104558 20.00
091204104658 14.285714
091204104758 17.142857
091204104858 18.095238
091204104958 22.857143
091204105058 20.00
091204105158 20.952381
091204105258 26.666667
091204105358 22.857143
091204105458 25.714286
091204105558 20.952381
091204105658 22.857143
091204105758 26.666667
091204105858 18.095238
091204105958 33.333333
091204110058 25.714286
091204110158 21.904762
091204110258 25.714286
091204110358 28.571429
091204110458 18.095238
091204110558 18.095238
091204110658 31.428571
091204110758 21.904762
091204110858 25.714286
091204110958 25.714286
091204111058 20.00
091204111158 20.952381
091204111258 22.857143
091204111358 26.666667
091204111458 18.095238
091204111558 20.00
091204111658 13.333333
091204111758 19.047619
091204111858 22.857143
091204111958 22.857143
091204112058 21.904762
091204112158 23.809524
091204112258 20.952381
091204112358 27.619048
091204112458 22.857143
091204112558 20.00
091204112658 17.142857
091204112758 22.857143
091204112858 24.761905
091204112958 25.714286
091204113058 21.904762
091204113158 14.285714
091204113258 25.714286
091204113358 28.571429
091204113458 21.904762
091204113558 18.095238
091204113658 22.857143
091204113758 25.714286
091204113858 27.619048
091204113958 27.619048
091204114058 26.666667
091204114158 21.904762
091204114258 15.238095
091204114358 19.047619
091204114458 19.047619
091204114558 23.809524
091204114658 19.047619
091204114758 30.47619
091204114858 24.761905
091204114958 18.095238
091204115058 20.00
091204115158 20.952381
091204115258 26.666667
091204115358 29.52381
091204115458 22.857143
091204115558 30.47619
091204115658 16.190476
091204115758 18.095238
091204115858 17.142857
091204115958 15.238095
091204120058 15.238095
091204120158 18.095238
091204120258 20.952381
091204120358 21.904762
091204120458 30.47619
091204120558 18.095238
091204120658 20.952381
091204120758 22.857143
091204120858 19.047619
091204120958 20.952381
091204121058 22.857143
091204121158 27.619048
091204121258 16.190476
091204121358 20.00
091204121458 26.666667
091204121558 17.142857
091204121658 26.666667
091204121758 24.761905
091204121858 26.666667
091204121958 29.52381
091204122058 19.047619
091204122158 24.761905
091204122258 23.809524
091204122358 20.952381
091204122458 28.571429
091204122558 21.904762
091204122658 33.333333
091204122758 23.809524
091204122858 21.904762
091204122958 17.142857
091204123058 26.666667
091204123158 18.095238
091204123258 24.761905
091204123358 22.857143
091204123458 18.095238
091204123558 21.904762
091204123658 20.00
091204123758 26.666667
091204123858 17.142857
091204123958 23.809524
091204124058 23.809524
091204124158 25.714286
091204124258 23.809524
091204124358 27.619048
091204124458 20.952381
091204124558 20.00
091204124658 20.00
091204124758 34.285714
091204124858 23.809524
091204124958 23.809524
091204125058 21.904762
091204125158 18.095238
091204125258 20.952381
091204125358 15.238095
091204125458 20.00
091204125558 24.761905
091204125658 29.52381
091204125758 22.857143
091204125858 18.095238
091204125958 18.095238
091204130058 17.142857
091204130158 38.095238
091204130258 19.047619
091204130358 23.809524
091204130458 20.952381
091204130558 18.095238
091204130658 21.904762
091204130758 19.047619
091204130858 22.857143
091204130958 25.714286
091204131058 27.619048
091204131158 25.714286
091204131258 19.047619
091204131358 35.238095
091204131458 20.952381
091204131558 21.904762
091204131658 26.666667
091204131758 27.619048
091204131858 20.952381
091204131958 22.857143
091204132058 25.714286
091204132158 27.619048
091204132258 18.095238
091204132358 14.285714
091204132458 24.761905
091204132558 22.857143
091204132658 24.761905
091204132758 15.238095
091204132858 20.952381
091204132958 18.095238
091204133058 19.047619
091204133158 20.00
091204133258 21.904762
091204133358 19.047619
091204133458 19.047619
091204133558 19.047619
091204133658 25.714286
091204133758 22.857143
091204133858 26.666667
091204133958 19.047619
091204134058 28.571429
091204134158 20.952381
091204134258 28.571429
091204134358 18.095238
091204134458 31.428571
091204134558 16.190476
091204134658 20.00
091204134758 23.809524
091204134858 25.714286
091204134958 19.047619
091204135058 19.047619
091204135158 21.904762
091204135258 19.047619
091204135358 24.761905
091204135458 26.666667
091204135558 21.904762
091204135658 29.52381
091204135758 20.952381
091204135858 21.904762
091204135958 20.00
091204140058 19.047619
091204140158 26.666667
091204140258 29.52381
091204140358 11.428571
091204140458 24.761905
091204140558 26.666667
091204140658 21.904762
091204140758 23.809524
091204140858 20.00
091204140958 22.857143
091204141058 21.904762
091204141158 31.428571
091204141258 20.00
091204141358 15.238095
091204141458 33.333333
091204141558 28.571429
091204141658 19.047619
091204141758 28.571429
091204141858 25.714286
091204141958 15.238095
091204142058 23.809524
091204142158 18.095238
091204142258 20.952381
091204142358 23.809524
091204142458 21.904762
091204142558 20.952381
091204142658 20.00
091204142758 20.952381
091204142858 17.142857
091204142958 22.857143
091204143058 31.428571
091204143158 19.047619
091204143258 23.809524
091204143358 22.857143
091204143458 26.666667
091204143558 18.095238
091204143658 18.095238
091204143758 27.619048
091204143858 24.761905
091204143958 29.52381
091204144058 25.714286
091204144158 20.952381
091204144258 23.809524
091204144358 17.142857
091204144458 20.00
091204144558 26.666667
091204144658 16.190476
091204144758 21.904762
091204144858 20.952381
091204144958 18.095238
091204145058 16.190476
091204145158 20.952381
091204145258 18.095238
091204145358 20.952381
091204145458 20.00
091204145558 36.190476
091204145658 22.857143
091204145758 28.571429
091204145858 23.809524
091204145958 25.714286
091204150058 24.761905
091204150158 26.666667
091204150258 18.095238
091204150358 16.190476
091204150458 22.857143
091204150558 20.00
091204150658 21.904762
091204150758 22.857143
091204150858 22.857143
091204150958 20.952381
091204151058 12.380952
091204151158 25.714286
091204151258 17.142857
091204151358 16.190476
091204151458 22.857143
091204151558 26.666667
091204151658 18.095238
091204151758 20.00
091204151858 21.904762
091204151958 17.142857
091204152058 24.761905
091204152158 23.809524
091204152258 13.333333
091204152358 21.904762
091204152458 24.761905
091204152558 19.047619
091204152658 20.00
091204152758 22.857143
091204152858 14.285714
091204152958 26.666667
091204153058 26.666667
091204153158 19.047619
091204153258 27.619048
091204153358 24.761905
091204153458 18.095238
091204153558 15.238095
091204153658 10.47619
091204153758 25.714286
091204153858 21.904762
091204153958 16.190476
091204154058 20.952381
091204154158 18.095238
091204154258 29.52381
091204154358 20.00
091204154458 15.238095
091204154558 18.095238
091204154658 29.52381
091204154758 23.809524
091204154858 19.047619
091204154958 20.00
091204155058 26.666667
091204155158 19.047619
091204155258 24.761905
091204155358 20.00
091204155458 20.952381
091204155558 33.333333
091204155658 24.761905
091204155758 20.952381
091204155858 11.428571
091204155958 22.857143
091204160058 22.857143
091204160158 21.904762
091204160258 33.333333
091204160358 22.857143
091204160458 20.952381
091204160558 26.666667
091204160658 19.047619
091204160758 12.380952
091204160858 19.047619
091204160958 22.857143
091204161058 20.952381
091204161158 27.619048
091204161258 10.47619
091204161358 20.952381
091204161458 17.142857
091204161558 26.666667
091204161658 22.857143
091204161758 20.00
091204161858 19.047619
091204161958 27.619048
091204162058 24.761905
091204162158 20.952381
091204162258 24.761905
091204162358 17.142857
091204162458 24.761905
091204162558 25.714286
091204162658 15.238095
091204162758 22.857143
091204162858 25.714286
091204162958 28.571429
091204163058 18.095238
091204163158 21.904762
091204163258 25.714286
091204163358 27.619048
091204163458 19.047619
091204163558 23.809524
091204163658 16.190476
091204163758 26.666667
091204163858 25.714286
091204163958 25.714286
091204164058 25.714286
091204164158 23.809524
091204164258 28.571429
091204164358 22.857143
091204164458 20.952381
091204164558 30.47619
091204164658 23.809524
091204164758 19.047619
091204164858 35.238095
091204164958 17.142857
091204165058 17.142857
091204165158 22.857143
091204165258 20.00
091204165358 20.952381
091204165458 20.00
091204165558 24.761905
091204165658 28.571429
091204165758 22.857143
091204165858 25.714286
091204165958 21.904762
091204170058 30.47619
091204170158 20.952381
091204170258 28.571429
091204170358 19.047619
091204170458 25.714286
091204170558 17.142857
091204170658 26.666667
091204170758 20.952381
091204170858 26.666667
091204170958 23.809524
091204171058 26.666667
091204171158 18.095238
091204171258 24.761905
091204171358 23.809524
091204171458 16.190476
091204171558 20.00
091204171658 21.904762
091204171758 24.761905
091204171858 27.619048
091204171958 20.952381
091204172058 22.857143
091204172158 23.809524
091204172258 26.666667
091204172358 22.857143
091204172458 21.904762
091204172558 17.142857
091204172658 28.571429
091204172758 22.857143
091204172858 20.00
091204172958 22.857143
091204173058 26.666667
091204173158 22.857143
091204173258 25.714286
091204173358 24.761905
091204173458 25.714286
091204173558 18.095238
091204173658 23.809524
091204173758 14.285714
091204173858 22.857143
091204173958 20.952381
091204174058 29.52381
091204174158 23.809524
091204174258 12.380952
091204174358 26.666667
091204174458 17.142857
091204174558 19.047619
091204174658 20.952381
091204174758 21.904762
091204174858 20.00
091204174958 20.00
091204175058 22.857143
091204175158 19.047619
091204175258 16.190476
091204175358 21.904762
091204175458 21.904762
091204175558 26.666667
091204175658 19.047619
091204175758 29.52381
091204175858 19.047619
091204175958 17.142857
091204180058 17.142857
091204180158 21.904762
091204180258 21.904762
091204180358 13.333333
091204180458 30.47619
091204180558 24.761905
091204180658 24.761905
091204180758 19.047619
091204180858 18.095238
091204180958 20.952381
091204181058 23.809524
091204181158 29.52381
091204181258 23.809524
091204181358 23.809524
091204181458 25.714286
091204181558 17.142857
091204181658 20.00
091204181758 12.380952
091204181858 20.00
091204181958 18.095238
091204182058 23.809524
091204182158 22.857143
091204182258 27.619048
091204182358 13.333333
091204182458 20.00
091204182558 22.857143
091204182658 21.904762
091204182758 30.47619
091204182858 17.142857
091204182958 20.00
091204183058 25.714286
091204183158 20.00
091204183258 21.904762
091204183358 14.285714
091204183458 18.095238
091204183558 25.714286
091204183658 19.047619
091204183758 29.52381
091204183858 17.142857
091204183958 32.380952
091204184058 20.00
091204184158 27.619048
091204184258 20.952381
091204184358 24.761905
091204184458 28.571429
091204184558 29.52381
091204184658 23.809524
091204184758 20.952381
091204184858 19.047619
091204184958 20.00
091204185058 36.190476
091204185158 22.857143
091204185258 20.00
091204185358 13.333333
091204185458 16.190476
091204185558 20.952381
091204185658 16.190476
091204185758 20.952381
091204185858 19.047619
091204185958 26.666667
091204190058 30.47619
091204190158 26.666667
091204190258 17.142857
091204190358 29.52381
091204190458 20.00
091204190558 20.952381
091204190658 15.238095
091204190758 20.952381
091204190858 22.857143
091204190958 20.952381
091204191058 18.095238
091204191158 13.333333
091204191258 20.952381
091204191358 35.238095
091204191458 21.904762
091204191558 37.142857
091204191658 24.761905
091204191758 20.952381
091204191858 19.047619
091204191958 18.095238
091204192058 31.428571
091204192158 24.761905
091204192258 27.619048
091204192358 28.571429
091204192458 22.857143
091204192558 21.904762
091204192658 22.857143
091204192758 16.190476
091204192858 25.714286
091204192958 18.095238
091204193058 23.809524
091204193158 22.857143
091204193258 20.952381
091204193358 26.666667
091204193458 16.190476
091204193558 20.00
091204193658 17.142857
091204193758 19.047619
091204193858 23.809524
091204193958 26.666667
091204194058 23.809524
091204194158 25.714286
091204194258 20.952381
091204194358 20.00
091204194458 19.047619
091204194558 22.857143
091204194658 17.142857
091204194758 28.571429
091204194858 19.047619
091204194958 20.00
091204195058 20.00
091204195158 19.047619
091204195258 24.761905
091204195358 21.904762
091204195458 12.380952
091204195558 32.380952
091204195658 28.571429
091204195758 17.142857
091204195858 21.904762
091204195958 26.666667
091204200058 24.761905
091204200158 20.952381
091204200258 22.857143
091204200358 20.952381
091204200458 22.857143
091204200558 21.904762
091204200658 28.571429
091204200758 19.047619
091204200858 22.857143
091204200958 22.857143
091204201058 22.857143
091204201158 26.666667
091204201258 23.809524
091204201358 19.047619
091204201458 22.857143
091204201558 16.190476
091204201658 22.857143
091204201758 23.809524
091204201858 22.857143
091204201958 19.047619
091204202058 24.761905
091204202158 15.238095
091204202258 34.285714
091204202358 22.857143
091204202458 18.095238
091204202558 17.142857
091204202658 22.857143
091204202758 24.761905
091204202858 26.666667
091204202958 20.952381
091204203058 20.952381
091204203158 23.809524
091204203258 25.714286
091204203358 18.095238
091204203458 25.714286
091204203558 18.095238
091204203658 19.047619
091204203758 23.809524
091204203858 26.666667
091204203958 18.095238
091204204058 19.047619
091204204158 19.047619
091204204258 16.190476
091204204358 17.142857
091204204458 23.809524
091204204558 22.857143
091204204658 20.00
091204204758 20.952381
091204204858 19.047619
091204204958 17.142857
091204205058 18.095238
091204205158 26.666667
091204205258 21.904762
091204205358 21.904762
091204205458 30.47619
091204205558 23.809524
091204205658 24.761905
091204205758 15.238095
091204205858 29.52381
091204205958 19.047619
091204210058 26.666667
091204210158 23.809524
091204210258 25.714286
091204210358 26.666667
091204210458 25.714286
091204210558 21.904762
091204210658 21.904762
091204210758 20.00
091204210858 18.095238
091204210958 16.190476
091204211058 23.809524
091204211158 15.238095
091204211258 27.619048
091204211358 20.952381
091204211458 33.333333
091204211558 22.857143
091204211658 17.142857
091204211758 28.571429
091204211858 14.285714
091204211958 26.666667
091204212058 25.714286
091204212158 20.00
091204212258 24.761905
091204212358 19.047619
091204212458 24.761905
091204212558 22.857143
091204212658 32.380952
091204212758 27.619048
091204212858 21.904762
091204212958 28.571429
091204213058 20.00
091204213158 23.809524
091204213258 29.52381
091204213358 16.190476
091204213458 16.190476
091204213558 17.142857
091204213658 21.904762
091204213758 25.714286
091204213858 21.904762
091204213958 20.00
091204214058 23.809524
091204214158 20.952381
091204214258 20.00
091204214358 25.714286
091204214458 17.142857
091204214558 17.142857
091204214658 14.285714
091204214758 21.904762
091204214858 28.571429
091204214958 32.380952
091204215058 21.904762
091204215158 25.714286
091204215258 15.238095
091204215358 24.761905
091204215458 25.714286
091204215558 14.285714
091204215658 25.714286
091204215758 18.095238
091204215858 20.00
091204215958 13.333333
091204220058 23.809524
091204220158 26.666667
091204220258 21.904762
091204220358 22.857143
091204220458 20.00
091204220558 22.857143
091204220658 22.857143
091204220758 20.952381
091204220858 24.761905
091204220958 22.857143
091204221058 33.333333
091204221158 19.047619
091204221258 14.285714
091204221358 19.047619
091204221458 23.809524
091204221558 18.095238
091204221658 17.142857
091204221758 19.047619
091204221858 20.00
091204221958 24.761905
091204222058 20.00
091204222158 34.285714
091204222258 29.52381
091204222358 21.904762
091204222458 24.761905
091204222558 17.142857
091204222658 21.904762
091204222758 20.00
091204222858 19.047619
091204222958 22.857143
091204223058 17.142857
091204223158 19.047619
091204223258 21.904762
091204223358 25.714286
091204223458 15.238095
091204223558 20.00
091204223658 22.857143
091204223758 23.809524
091204223858 20.00
091204223958 28.571429
091204224058 25.714286
091204224158 19.047619
091204224258 16.190476
091204224358 19.047619
091204224458 21.904762
091204224558 12.380952
091204224658 23.809524
091204224758 18.095238
091204224858 19.047619
091204224958 19.047619
091204225058 23.809524
091204225158 19.047619
091204225258 30.47619
091204225358 29.52381
091204225458 24.761905
091204225558 26.666667
091204225658 28.571429
091204225758 17.142857
091204225858 27.619048
091204225958 23.809524
091204230058 26.666667
091204230158 24.761905
091204230258 20.00
091204230358 14.285714
091204230458 17.142857
091204230558 19.047619
091204230658 20.952381
091204230758 18.095238
091204230858 28.571429
091204230958 20.00
091204231058 21.904762
091204231158 27.619048
091204231258 19.047619
091204231358 15.238095
091204231458 23.809524
091204231558 26.666667
091204231658 18.095238
091204231758 29.52381
091204231858 24.761905
091204231958 22.857143
091204232058 26.666667
091204232158 24.761905
091204232258 23.809524
091204232358 23.809524
091204232458 15.238095
091204232558 18.095238
091204232658 15.238095
091204232758 17.142857
091204232858 20.00
091204232958 24.761905
091204233058 20.952381
091204233158 20.952381
091204233258 25.714286
091204233358 22.857143
091204233458 24.761905
091204233558 15.238095
091204233658 15.238095
091204233758 27.619048
091204233858 24.761905
091204233958 29.52381
091204234058 20.952381
091204234158 24.761905
091204234258 26.666667
091204234358 26.666667
091204234458 20.00
091204234558 20.952381
091204234658 22.857143
091204234758 12.380952
091204234858 18.095238
091204234958 13.333333
091204235058 27.619048
091204235158 20.00
091204235258 20.952381
091204235358 20.952381
091204235458 27.619048
091204235558 34.285714
091204235658 26.666667
091204235758 21.904762
091204235858 16.190476
091204235958 13.333333
091205000058 29.52381
091205000158 24.761905
091205000258 17.142857
091205000358 25.714286
091205000458 24.761905
091205000558 28.571429
091205000658 28.571429
091205000758 21.904762
091205000858 21.904762
091205000958 28.571429
091205001058 27.619048
091205001158 20.00
091205001258 28.571429
091205001358 20.952381
091205001458 18.095238
091205001558 25.714286
091205001658 25.714286
091205001758 20.00
091205001858 26.666667
091205001958 19.047619
091205002058 26.666667
091205002158 28.571429
091205002258 14.285714
091205002358 28.571429
091205002458 20.00
091205002558 24.761905
091205002658 21.904762
091205002758 17.142857
091205002858 22.857143
091205002958 25.714286
091205003058 20.952381
091205003158 20.00
091205003258 17.142857
091205003358 25.714286
091205003458 22.857143
091205003558 19.047619
091205003658 29.52381
091205003758 14.285714
091205003858 31.428571
091205003958 26.666667
091205004058 20.952381
091205004158 16.190476
091205004258 24.761905
091205004358 22.857143
091205004458 25.714286
091205004558 22.857143
091205004658 18.095238
091205004758 22.857143
091205004858 33.333333
091205004958 19.047619
091205005058 19.047619
091205005158 21.904762
091205005258 19.047619
091205005358 22.857143
091205005458 15.238095
091205005558 24.761905
091205005658 18.095238
091205005758 15.238095
091205005858 28.571429
091205005958 16.190476
091205010058 14.285714
091205010158 26.666667
091205010258 27.619048
091205010358 28.571429
091205010458 23.809524
091205010558 20.952381
091205010658 27.619048
091205010758 27.619048
091205010858 26.666667
091205010958 24.761905
091205011058 24.761905
091205011158 23.809524
091205011258 26.666667
091205011358 31.428571
091205011458 28.571429
091205011558 23.809524
091205011658 20.952381
091205011758 21.904762
091205011858 16.190476
091205011958 32.380952
091205012058 24.761905
091205012158 23.809524
091205012258 14.285714
091205012358 26.666667
091205012458 35.238095
091205012558 20.00
091205012658 25.714286
091205012758 14.285714
091205012858 19.047619
091205012958 17.142857
091205013058 16.190476
091205013158 21.904762
091205013258 28.571429
091205013358 29.52381
091205013458 27.619048
091205013558 26.666667
091205013658 20.952381
091205013758 23.809524
091205013858 19.047619
091205013958 22.857143
091205014058 21.904762
091205014158 19.047619
091205014258 21.904762
091205014358 21.904762
091205014458 26.666667
091205014558 16.190476
091205014658 22.857143
091205014758 20.952381
091205014858 25.714286
091205014958 25.714286
091205015058 21.904762
091205015158 20.952381
091205015258 32.380952
091205015358 20.952381
091205015458 28.571429
091205015558 29.52381
091205015658 16.190476
091205015758 22.857143
091205015858 24.761905
091205015958 25.714286
091205020058 16.190476
091205020158 22.857143
091205020258 21.904762
091205020358 29.52381
091205020458 28.571429
091205020558 24.761905
091205020658 20.00
091205020758 18.095238
091205020858 21.904762
091205020958 21.904762
091205021058 15.238095
091205021158 22.857143
091205021258 21.904762
091205021358 20.952381
091205021458 21.904762
091205021558 16.190476
091205021658 23.809524
091205021758 22.857143
091205021858 15.238095
091205021958 26.666667
091205022058 27.619048
091205022158 17.142857
091205022258 25.714286
091205022358 25.714286
091205022458 24.761905
091205022558 28.571429
091205022658 11.428571
091205022758 25.714286
091205022858 23.809524
091205022958 27.619048
091205023058 27.619048
091205023158 14.285714
091205023258 25.714286
091205023358 17.142857
091205023458 20.00
091205023558 25.714286
091205023658 26.666667
091205023758 14.285714
091205023858 26.666667
091205023958 23.809524
091205024058 23.809524
091205024158 19.047619
091205024258 23.809524
091205024358 18.095238
091205024458 22.857143
091205024558 27.619048
091205024658 22.857143
091205024758 18.095238
091205024858 15.238095
091205024958 25.714286
091205025058 23.809524
091205025158 20.952381
091205025258 20.952381
091205025358 22.857143
091205025458 22.857143
091205025558 23.809524
091205025658 10.47619
091205025758 18.095238
091205025858 20.00
091205025958 19.047619
091205030058 31.428571
091205030158 26.666667
091205030258 22.857143
091205030358 22.857143
091205030458 19.047619
091205030558 15.238095
091205030658 15.238095
091205030758 21.904762
091205030858 18.095238
091205030958 20.952381
091205031058 24.761905
091205031158 18.095238
091205031258 20.952381
091205031358 21.904762
091205031458 15.238095
091205031558 16.190476
091205031658 24.761905
091205031758 22.857143
091205031858 19.047619
091205031958 21.904762
091205032058 18.095238
091205032158 18.095238
091205032258 14.285714
091205032358 20.00
091205032458 20.00
091205032558 20.952381
091205032658 24.761905
091205032758 23.809524
091205032858 22.857143
091205032958 15.238095
091205033058 20.00
091205033158 20.00
091205033258 25.714286
091205033358 23.809524
091205033458 21.904762
091205033558 16.190476
091205033658 18.095238
091205033758 16.190476
091205033858 19.047619
091205033958 25.714286
091205034058 17.142857
091205034158 23.809524
091205034258 29.52381
091205034358 19.047619
091205034458 29.52381
091205034558 26.666667
091205034658 19.047619
091205034758 24.761905
091205034858 26.666667
091205034958 24.761905
091205035058 26.666667
091205035158 22.857143
091205035258 26.666667
091205035358 20.952381
091205035458 21.904762
091205035558 15.238095
091205035658 19.047619
091205035758 18.095238
091205035858 18.095238
091205035958 17.142857
091205040058 20.00
091205040158 25.714286
091205040258 19.047619
091205040358 25.714286
091205040458 12.380952
091205040558 20.952381
091205040658 28.571429
091205040758 19.047619
091205040858 19.047619
091205040958 18.095238
091205041058 19.047619
091205041158 33.333333
091205041258 24.761905
091205041358 15.238095
091205041458 20.952381
091205041558 24.761905
091205041658 28.571429
091205041758 20.00
091205041858 20.952381
091205041958 18.095238
091205042058 31.428571
091205042158 27.619048
091205042258 10.47619
091205042358 30.47619
091205042458 16.190476
091205042558 20.00
091205042658 19.047619
091205042758 23.809524
091205042858 20.00
091205042958 10.47619
091205043058 15.238095
091205043158 22.857143
091205043258 20.952381
091205043358 19.047619
091205043458 23.809524
091205043558 29.52381
091205043658 27.619048
091205043758 22.857143
091205043858 24.761905
091205043958 22.857143
091205044058 22.857143
091205044158 30.47619
091205044258 18.095238
091205044358 32.380952
091205044458 18.095238
091205044558 32.380952
091205044658 20.00
091205044758 19.047619
091205044858 20.00
091205044958 26.666667
091205045058 24.761905
091205045158 22.857143
091205045258 17.142857
091205045358 26.666667
091205045458 20.00
091205045558 20.952381
091205045658 31.428571
091205045758 24.761905
091205045858 20.00
091205045958 23.809524
091205050058 17.142857
091205050158 20.00
091205050258 29.52381
091205050358 21.904762
091205050458 26.666667
091205050558 20.00
091205050658 14.285714
091205050758 20.00
091205050858 20.952381
091205050958 24.761905
091205051058 28.571429
091205051158 20.00
091205051258 18.095238
091205051358 27.619048
091205051458 27.619048
091205051558 23.809524
091205051658 24.761905
091205051758 19.047619
091205051858 20.00
091205051958 21.904762
091205052058 20.952381
091205052158 21.904762
091205052258 14.285714
091205052358 20.952381
091205052458 22.857143
091205052558 26.666667
091205052658 25.714286
091205052758 16.190476
091205052858 26.666667
091205052958 23.809524
091205053058 21.904762
091205053158 14.285714
091205053258 27.619048
091205053358 23.809524
091205053458 24.761905
091205053558 29.52381
091205053658 16.190476
091205053758 20.952381
091205053858 30.47619
091205053958 27.619048
091205054058 24.761905
091205054158 19.047619
091205054258 17.142857
091205054358 21.904762
091205054458 20.952381
091205054558 20.00
091205054658 25.714286
091205054758 20.00
091205054858 23.809524
091205054958 30.47619
091205055058 33.333333
091205055158 18.095238
091205055258 22.857143
091205055358 26.666667
091205055458 25.714286
091205055558 25.714286
091205055658 19.047619
091205055758 18.095238
091205055858 20.00
091205055958 21.904762
091205060058 19.047619
091205060158 20.952381
091205060258 21.904762
091205060358 12.380952
091205060458 22.857143
091205060558 12.380952
091205060658 24.761905
091205060758 20.952381
091205060858 20.00
091205060958 23.809524
091205061058 24.761905
091205061158 20.00
091205061258 20.952381
091205061358 26.666667
091205061458 23.809524
091205061558 25.714286
091205061658 25.714286
091205061758 21.904762
091205061858 32.380952
091205061958 20.00
091205062058 23.809524
091205062158 23.809524
091205062258 25.714286
091205062358 22.857143
091205062458 27.619048
091205062558 18.095238
091205062658 28.571429
091205062758 19.047619
091205062858 17.142857
091205062958 22.857143
091205063058 26.666667
091205063158 18.095238
091205063258 23.809524
091205063358 20.952381
091205063458 25.714286
091205063558 22.857143
091205063658 31.428571
091205063758 19.047619
091205063858 21.904762
091205063958 20.952381
091205064058 25.714286
091205064158 20.00
091205064258 20.952381
091205064358 21.904762
091205064458 25.714286
091205064558 16.190476
091205064658 24.761905
091205064758 21.904762
091205064858 20.952381
091205064958 21.904762
091205065058 26.666667
091205065158 27.619048
091205065258 18.095238
091205065358 23.809524
091205065458 23.809524
091205065558 22.857143
091205065658 18.095238
091205065758 20.00
091205065858 20.00
091205065958 25.714286
091205070058 20.00
091205070158 24.761905
091205070258 20.952381
091205070358 15.238095
091205070458 26.666667
091205070558 20.952381
091205070658 17.142857
091205070758 29.52381
091205070858 24.761905
091205070958 23.809524
091205071058 22.857143
091205071158 20.00
091205071258 23.809524
091205071358 20.952381
091205071458 30.47619
091205071558 23.809524
091205071658 23.809524
091205071758 15.238095
091205071858 17.142857
091205071958 21.904762
091205072058 27.619048
091205072158 26.666667
091205072258 19.047619
091205072358 20.00
091205072458 20.00
091205072558 21.904762
091205072658 19.047619
091205072758 16.190476
091205072858 23.809524
091205072958 13.333333
091205073058 13.333333
091205073158 22.857143
091205073258 15.238095
091205073358 16.190476
091205073458 25.714286
091205073558 14.285714
091205073658 19.047619
091205073758 18.095238
091205073858 20.952381
091205073958 23.809524
091205074058 34.285714
091205074158 18.095238
091205074258 19.047619
091205074358 27.619048
091205074458 18.095238
091205074558 21.904762
091205074658 24.761905
091205074758 20.952381
091205074858 19.047619
091205074958 29.52381
091205075058 17.142857
091205075158 14.285714
091205075258 23.809524
091205075358 19.047619
091205075458 13.333333
091205075558 35.238095
091205075658 29.52381
091205075758 30.47619
091205075858 25.714286
091205075958 18.095238
091205080058 19.047619
091205080158 26.666667
091205080258 23.809524
091205080358 19.047619
091205080458 15.238095
091205080558 25.714286
091205080658 38.095238
091205080758 21.904762
091205080858 28.571429
091205080958 21.904762
091205081058 21.904762
091205081158 23.809524
091205081258 19.047619
091205081358 17.142857
091205081458 19.047619
091205081558 20.952381
091205081658 20.00
091205081758 12.380952
091205081858 26.666667
091205081958 24.761905
091205082058 17.142857
091205082158 20.952381
091205082258 16.190476
091205082358 21.904762
091205082458 19.047619
091205082558 17.142857
091205082658 20.952381
091205082758 26.666667
091205082858 26.666667
091205082958 20.952381
091205083058 18.095238
091205083158 21.904762
091205083258 20.00
091205083358 24.761905
091205083458 20.00
091205083558 20.00
091205083658 20.00
091205083758 23.809524
091205083858 18.095238
091205083958 18.095238
091205084058 20.952381
091205084158 24.761905
091205084258 20.952381
091205084358 19.047619
091205084458 20.952381
091205084558 26.666667
091205084658 20.00
091205084758 26.666667
091205084858 21.904762
091205084958 17.142857
091205085058 16.190476
091205085158 27.619048
091205085258 21.904762
091205085358 21.904762
091205085458 20.952381
091205085558 21.904762
091205085658 33.333333
091205085758 22.857143
091205085858 22.857143
091205085958 16.190476
091205090058 22.857143
091205090158 27.619048
091205090258 23.809524
091205090358 24.761905
091205090458 20.00
091205090558 22.857143
091205090658 31.428571
091205090758 23.809524
091205090858 32.380952
091205090958 16.190476
091205091058 20.00
091205091158 24.761905
091205091258 27.619048
091205091358 20.952381
091205091458 20.952381
091205091558 34.285714
091205091658 20.952381
091205091758 25.714286
091205091858 18.095238
091205091958 28.571429
091205092058 16.190476
091205092158 14.285714
091205092258 20.952381
091205092358 22.857143
091205092458 25.714286
091205092558 21.904762
091205092658 27.619048
091205092758 19.047619
091205092858 19.047619
091205092958 28.571429
091205093058 25.714286
091205093158 17.142857
091205093258 20.952381
091205093358 24.761905
091205093458 22.857143
091205093558 25.714286
091205093658 20.952381
091205093758 23.809524
091205093858 25.714286
091205093958 12.380952
091205094058 23.809524
091205094158 20.952381
091205094258 20.952381
091205094358 12.380952
091205094458 16.190476
091205094558 17.142857
091205094658 31.428571
091205094758 22.857143
091205094858 16.190476
091205094958 21.904762
091205095058 20.00
091205095158 21.904762
091205095258 19.047619
091205095358 25.714286
091205095458 19.047619
091205095558 22.857143
091205095658 23.809524
091205095758 20.952381
091205095858 27.619048
091205095958 27.619048
091205100058 21.904762
091205100158 21.904762
091205100258 22.857143
091205100358 22.857143
091205100458 24.761905
091205100558 18.095238
091205100658 32.380952
091205100758 19.047619
091205100858 24.761905
091205100958 20.952381
091205101058 25.714286
091205101158 21.904762
091205101258 19.047619
091205101358 26.666667
091205101458 20.00
091205101558 20.00
091205101658 24.761905
091205101758 29.52381
091205101858 12.380952
091205101958 14.285714
091205102058 20.952381
091205102158 19.047619
091205102258 20.00
091205102358 21.904762
091205102458 24.761905
091205102558 18.095238
091205102658 31.428571
091205102758 26.666667
091205102858 23.809524
091205102958 20.00
091205103058 26.666667
091205103158 27.619048
091205103258 23.809524
091205103358 26.666667
091205103458 24.761905
091205103558 22.857143
091205103658 20.952381
091205103758 22.857143
091205103858 21.904762
091205103958 22.857143
091205104058 21.904762
091205104158 26.666667
091205104258 33.333333
091205104358 20.00
091205104458 25.714286
091205104558 18.095238
091205104658 29.52381
091205104758 15.238095
091205104858 21.904762
091205104958 21.904762
091205105058 31.428571
091205105158 28.571429
091205105258 20.952381
091205105358 16.190476
091205105458 18.095238
091205105558 26.666667
091205105658 24.761905
091205105758 20.00
091205105858 21.904762
091205105958 33.333333
091205110058 22.857143
091205110158 31.428571
091205110258 20.952381
091205110358 24.761905
091205110458 22.857143
091205110558 24.761905
091205110658 20.952381
091205110758 24.761905
091205110858 19.047619
091205110958 21.904762
091205111058 10.47619
091205111158 13.333333
091205111258 20.00
091205111358 20.952381
091205111458 23.809524
091205111558 17.142857
091205111658 21.904762
091205111758 15.238095
091205111858 20.952381
091205111958 27.619048
091205112058 24.761905
091205112158 27.619048
091205112258 33.333333
091205112358 21.904762
091205112458 25.714286
091205112558 27.619048
091205112658 18.095238
091205112758 26.666667
091205112858 17.142857
091205112958 18.095238
091205113058 21.904762
091205113158 22.857143
091205113258 24.761905
091205113358 25.714286
091205113458 27.619048
091205113558 29.52381
091205113658 26.666667
091205113758 23.809524
091205113858 17.142857
091205113958 24.761905
091205114058 23.809524
091205114158 30.47619
091205114258 13.333333
091205114358 29.52381
091205114458 17.142857
091205114558 29.52381
091205114658 34.285714
091205114758 20.00
091205114858 14.285714
091205114958 20.00
091205115058 17.142857
091205115158 19.047619
091205115258 21.904762
091205115358 20.00
091205115458 25.714286
091205115558 27.619048
091205115658 20.00
091205115758 27.619048
091205115858 18.095238
091205115958 20.952381
091205120058 26.666667
091205120158 18.095238
091205120258 18.095238
091205120358 27.619048
091205120458 19.047619
091205120558 25.714286
091205120658 20.952381
091205120758 22.857143
091205120858 15.238095
091205120958 10.47619
091205121058 18.095238
091205121158 25.714286
091205121258 21.904762
091205121358 24.761905
091205121458 17.142857
091205121558 20.952381
091205121658 19.047619
091205121758 23.809524
091205121858 22.857143
091205121958 20.952381
091205122058 23.809524
091205122158 31.428571
091205122258 16.190476
091205122358 29.52381
091205122458 24.761905
091205122558 32.380952
091205122658 21.904762
091205122758 18.095238
091205122858 20.952381
091205122958 17.142857
091205123058 17.142857
091205123158 17.142857
091205123258 19.047619
091205123358 25.714286
091205123458 17.142857
091205123558 29.52381
091205123658 27.619048
091205123758 21.904762
091205123858 26.666667
091205123958 17.142857
091205124058 23.809524
091205124158 22.857143
091205124258 26.666667
091205124358 31.428571
091205124458 15.238095
091205124558 17.142857
091205124658 20.952381
091205124758 19.047619
091205124858 20.952381
091205124958 15.238095
091205125058 14.285714
091205125158 19.047619
091205125258 24.761905
091205125358 19.047619
091205125458 19.047619
091205125558 17.142857
091205125658 26.666667
091205125758 30.47619
091205125858 19.047619
091205125958 17.142857
091205130058 20.952381
091205130158 24.761905
091205130258 19.047619
091205130358 19.047619
091205130458 22.857143
091205130558 25.714286
091205130658 21.904762
091205130758 24.761905
091205130858 20.952381
091205130958 18.095238
091205131058 15.238095
091205131158 15.238095
091205131258 21.904762
091205131358 18.095238
091205131458 16.190476
091205131558 18.095238
091205131658 23.809524
091205131758 20.00
091205131858 24.761905
091205131958 18.095238
091205132058 16.190476
091205132158 19.047619
091205132258 30.47619
091205132358 20.952381
091205132458 22.857143
091205132558 28.571429
091205132658 20.00
091205132758 17.142857
091205132858 15.238095
091205132958 24.761905
091205133058 18.095238
091205133158 28.571429
091205133258 20.00
091205133358 17.142857
091205133458 21.904762
091205133558 16.190476
091205133658 21.904762
091205133758 24.761905
091205133858 22.857143
091205133958 17.142857
091205134058 14.285714
091205134158 21.904762
091205134258 17.142857
091205134358 27.619048
091205134458 25.714286
091205134558 16.190476
091205134658 15.238095
091205134758 27.619048
091205134858 20.00
091205134958 19.047619
091205135058 18.095238
091205135158 17.142857
091205135258 17.142857
091205135358 21.904762
091205135458 21.904762
091205135558 19.047619
091205135658 19.047619
091205135758 23.809524
091205135858 22.857143
091205135958 24.761905
091205140058 14.285714
091205140158 29.52381
091205140258 21.904762
091205140358 20.00
091205140458 26.666667
091205140558 23.809524
091205140658 25.714286
091205140758 19.047619
091205140858 20.952381
091205140958 27.619048
091205141058 20.952381
091205141158 20.00
091205141258 19.047619
091205141358 18.095238
091205141458 26.666667
091205141558 32.380952
091205141658 28.571429
091205141758 15.238095
091205141858 16.190476
091205141958 28.571429
091205142058 28.571429
091205142158 14.285714
091205142258 20.952381
091205142358 16.190476
091205142458 25.714286
091205142558 18.095238
091205142658 20.00
091205142758 23.809524
091205142858 18.095238
091205142958 24.761905
091205143058 25.714286
091205143158 23.809524
091205143258 25.714286
091205143358 18.095238
091205143458 22.857143
091205143558 20.952381
091205143658 19.047619
091205143758 10.47619
091205143858 17.142857
091205143958 26.666667
091205144058 29.52381
091205144158 25.714286
091205144258 27.619048
091205144358 24.761905
091205144458 25.714286
091205144558 16.190476
091205144658 16.190476
091205144758 21.904762
091205144858 19.047619
091205144958 17.142857
091205145058 17.142857
091205145158 26.666667
091205145258 14.285714
091205145358 18.095238
091205145458 32.380952
091205145558 13.333333
091205145658 21.904762
091205145758 20.00
091205145858 24.761905
091205145958 36.190476
091205150058 31.428571
091205150158 20.952381
091205150258 19.047619
091205150358 30.47619
091205150458 24.761905
091205150558 23.809524
091205150658 30.47619
091205150758 20.952381
091205150858 13.333333
091205150958 21.904762
091205151058 28.571429
091205151158 19.047619
091205151258 21.904762
091205151358 24.761905
091205151458 17.142857
091205151558 22.857143
091205151658 19.047619
091205151758 25.714286
091205151858 19.047619
091205151958 17.142857
091205152058 19.047619
091205152158 19.047619
091205152258 29.52381
091205152358 25.714286
091205152458 29.52381
091205152558 19.047619
091205152658 21.904762
091205152758 18.095238
091205152858 26.666667
091205152958 27.619048
091205153058 18.095238
091205153158 16.190476
091205153258 26.666667
091205153358 17.142857
091205153458 27.619048
091205153558 16.190476
091205153658 22.857143
091205153758 24.761905
091205153858 25.714286
091205153958 14.285714
091205154058 29.52381
091205154158 21.904762
091205154258 23.809524
091205154358 25.714286
091205154458 12.380952
091205154558 20.00
091205154658 21.904762
091205154758 32.380952
091205154858 36.190476
091205154958 20.952381
091205155058 20.952381
091205155158 22.857143
091205155258 13.333333
091205155358 13.333333
091205155458 21.904762
091205155558 22.857143
091205155658 25.714286
091205155758 14.285714
091205155858 15.238095
091205155958 24.761905
091205160058 16.190476
091205160158 17.142857
091205160258 20.00
091205160358 22.857143
091205160458 20.00
091205160558 26.666667
091205160658 11.428571
091205160758 26.666667
091205160858 23.809524
091205160958 20.952381
091205161058 21.904762
091205161158 22.857143
091205161258 17.142857
091205161358 16.190476
091205161458 19.047619
091205161558 29.52381
091205161658 20.00
091205161758 15.238095
091205161858 20.00
091205161958 21.904762
091205162058 16.190476
091205162158 18.095238
091205162258 28.571429
091205162358 15.238095
091205162458 20.952381
091205162558 22.857143
091205162658 26.666667
091205162758 22.857143
091205162858 20.952381
091205162958 19.047619
091205163058 27.619048
091205163158 19.047619
091205163258 23.809524
091205163358 34.285714
091205163458 25.714286
091205163558 28.571429
091205163658 28.571429
091205163758 15.238095
091205163858 19.047619
091205163958 25.714286
091205164058 28.571429
091205164158 20.00
091205164258 12.380952
091205164358 21.904762
091205164458 35.238095
091205164558 28.571429
091205164658 24.761905
091205164758 19.047619
091205164858 20.00
091205164958 19.047619
091205165058 27.619048
091205165158 26.666667
091205165258 20.952381
091205165358 25.714286
091205165458 25.714286
091205165558 13.333333
091205165658 15.238095
091205165758 24.761905
091205165858 22.857143
091205165958 23.809524
091205170058 22.857143
091205170158 23.809524
091205170258 23.809524
091205170358 17.142857
091205170458 30.47619
091205170558 12.380952
091205170658 23.809524
091205170758 26.666667
091205170858 20.00
091205170958 23.809524
091205171058 19.047619
091205171158 23.809524
091205171258 27.619048
091205171358 32.380952
091205171458 23.809524
091205171558 13.333333
091205171658 22.857143
091205171758 28.571429
091205171858 16.190476
091205171958 23.809524
091205172058 22.857143
091205172158 23.809524
091205172258 13.333333
091205172358 20.00
091205172458 22.857143
091205172558 20.952381
091205172658 19.047619
091205172758 21.904762
091205172858 24.761905
091205172958 18.095238
091205173058 17.142857
091205173158 26.666667
091205173258 11.428571
091205173358 18.095238
091205173458 31.428571
091205173558 17.142857
091205173658 17.142857
091205173758 22.857143
091205173858 17.142857
091205173958 20.952381
091205174058 23.809524
091205174158 33.333333
091205174258 18.095238
091205174358 23.809524
091205174458 19.047619
091205174558 33.333333
091205174658 22.857143
091205174758 20.00
091205174858 19.047619
091205174958 24.761905
091205175058 21.904762
091205175158 26.666667
091205175258 24.761905
091205175358 25.714286
091205175458 25.714286
091205175558 26.666667
091205175658 18.095238
091205175758 21.904762
091205175858 16.190476
091205175958 25.714286
091205180058 19.047619
091205180158 30.47619
091205180258 22.857143
091205180358 27.619048
091205180458 15.238095
091205180558 25.714286
091205180658 30.47619
091205180758 19.047619
091205180858 28.571429
091205180958 20.952381
091205181058 20.00
091205181158 23.809524
091205181258 16.190476
091205181358 30.47619
091205181458 33.333333
091205181558 17.142857
091205181658 25.714286
091205181758 21.904762
091205181858 20.00
091205181958 19.047619
091205182058 16.190476
091205182158 19.047619
091205182258 24.761905
091205182358 23.809524
091205182458 22.857143
091205182558 21.904762
091205182658 21.904762
091205182758 18.095238
091205182858 15.238095
091205182958 15.238095
091205183058 25.714286
091205183158 16.190476
091205183258 23.809524
091205183358 31.428571
091205183458 24.761905
091205183558 16.190476
091205183658 21.904762
091205183758 31.428571
091205183858 23.809524
091205183958 21.904762
091205184058 29.52381
091205184158 26.666667
091205184258 19.047619
091205184358 23.809524
091205184458 17.142857
091205184558 24.761905
091205184658 25.714286
091205184758 22.857143
091205184858 24.761905
091205184958 22.857143
091205185058 21.904762
091205185158 17.142857
091205185258 17.142857
091205185358 32.380952
091205185458 25.714286
091205185558 20.00
091205185658 14.285714
091205185758 20.952381
091205185858 16.190476
091205185958 20.00
091205190058 21.904762
091205190158 28.571429
091205190258 21.904762
091205190358 27.619048
091205190458 27.619048
091205190558 27.619048
091205190658 32.380952
091205190758 23.809524
091205190858 20.952381
091205190958 28.571429
091205191058 24.761905
091205191158 19.047619
091205191258 23.809524
091205191358 20.952381
091205191458 19.047619
091205191558 30.47619
091205191658 25.714286
091205191758 23.809524
091205191858 20.00
091205191958 16.190476
091205192058 20.952381
091205192158 18.095238
091205192258 21.904762
091205192358 20.952381
091205192458 21.904762
091205192558 14.285714
091205192658 25.714286
091205192758 27.619048
091205192858 18.095238
091205192958 22.857143
091205193058 17.142857
091205193158 21.904762
091205193258 20.00
091205193358 26.666667
091205193458 23.809524
091205193558 22.857143
091205193658 21.904762
091205193758 30.47619
091205193858 20.952381
091205193958 29.52381
091205194058 19.047619
091205194158 29.52381
091205194258 27.619048
091205194358 28.571429
091205194458 30.47619
091205194558 30.47619
091205194658 21.904762
091205194758 20.00
091205194858 20.952381
091205194958 26.666667
091205195058 23.809524
091205195158 21.904762
091205195258 20.00
091205195358 20.00
091205195458 22.857143
091205195558 20.952381
091205195658 20.952381
091205195758 24.761905
091205195858 26.666667
091205195958 24.761905
091205200058 26.666667
091205200158 21.904762
091205200258 20.952381
091205200358 27.619048
091205200458 20.952381
091205200558 19.047619
091205200658 22.857143
091205200758 15.238095
091205200858 31.428571
091205200958 27.619048
091205201058 22.857143
091205201158 21.904762
091205201258 21.904762
091205201358 16.190476
091205201458 21.904762
091205201558 13.333333
091205201658 22.857143
091205201758 27.619048
091205201858 21.904762
091205201958 21.904762
091205202058 22.857143
091205202158 23.809524
091205202258 22.857143
091205202358 15.238095
091205202458 18.095238
091205202558 23.809524
091205202658 35.238095
091205202758 15.238095
091205202858 22.857143
091205202958 27.619048
091205203058 31.428571
091205203158 25.714286
091205203258 20.00
091205203358 33.333333
091205203458 21.904762
091205203558 25.714286
091205203658 27.619048
091205203758 20.00
091205203858 27.619048
091205203958 23.809524
091205204058 22.857143
091205204158 19.047619
091205204258 14.285714
091205204358 20.00
091205204458 17.142857
091205204558 27.619048
091205204658 17.142857
091205204758 19.047619
091205204858 20.952381
091205204958 16.190476
091205205058 28.571429
091205205158 20.00
091205205258 23.809524
091205205358 25.714286
091205205458 19.047619
091205205558 24.761905
091205205658 21.904762
091205205758 18.095238
091205205858 30.47619
091205205958 20.952381
091205210058 29.52381
091205210158 20.952381
091205210258 28.571429
091205210358 23.809524
091205210458 26.666667
091205210558 14.285714
091205210658 25.714286
091205210758 10.47619
091205210858 25.714286
091205210958 28.571429
091205211058 19.047619
091205211158 18.095238
091205211258 22.857143
091205211358 20.00
091205211458 23.809524
091205211558 20.952381
091205211658 24.761905
091205211758 21.904762
091205211858 15.238095
091205211958 20.952381
091205212058 28.571429
091205212158 20.952381
091205212258 24.761905
091205212358 24.761905
091205212458 30.47619
091205212558 12.380952
091205212658 20.952381
091205212758 29.52381
091205212858 18.095238
091205212958 23.809524
091205213058 17.142857
091205213158 25.714286
091205213258 26.666667
091205213358 24.761905
091205213458 20.952381
091205213558 22.857143
091205213658 22.857143
091205213758 18.095238
091205213858 19.047619
091205213958 14.285714
091205214058 27.619048
091205214158 23.809524
091205214258 29.52381
091205214358 21.904762
091205214458 27.619048
091205214558 20.00
091205214658 25.714286
091205214758 24.761905
091205214858 23.809524
091205214958 23.809524
091205215058 19.047619
091205215158 28.571429
091205215258 18.095238
091205215358 21.904762
091205215458 26.666667
091205215558 20.952381
091205215658 34.285714
091205215758 15.238095
091205215858 16.190476
091205215958 25.714286
091205220058 26.666667
091205220158 23.809524
091205220258 18.095238
091205220358 23.809524
091205220458 13.333333
091205220558 23.809524
091205220658 26.666667
091205220758 27.619048
091205220858 17.142857
091205220958 20.952381
091205221058 32.380952
091205221158 21.904762
091205221258 17.142857
091205221358 24.761905
091205221458 20.952381
091205221558 20.952381
091205221658 23.809524
091205221758 20.952381
091205221858 26.666667
091205221958 24.761905
091205222058 22.857143
091205222158 22.857143
091205222258 23.809524
091205222358 21.904762
091205222458 18.095238
091205222558 15.238095
091205222658 18.095238
091205222758 19.047619
091205222858 23.809524
091205222958 25.714286
091205223058 27.619048
091205223158 15.238095
091205223258 15.238095
091205223358 19.047619
091205223458 27.619048
091205223558 27.619048
091205223658 19.047619
091205223758 30.47619
091205223858 26.666667
091205223958 15.238095
091205224058 23.809524
091205224158 21.904762
091205224258 30.47619
091205224358 29.52381
091205224458 23.809524
091205224558 21.904762
091205224658 25.714286
091205224758 20.00
091205224858 22.857143
091205224958 23.809524
091205225058 24.761905
091205225158 20.00
091205225258 15.238095
091205225358 23.809524
091205225458 19.047619
091205225558 25.714286
091205225658 27.619048
091205225758 22.857143
091205225858 14.285714
091205225958 23.809524
091205230058 28.571429
091205230158 22.857143
091205230258 29.52381
091205230358 21.904762
091205230458 24.761905
091205230558 25.714286
091205230658 19.047619
091205230758 22.857143
091205230858 22.857143
091205230958 18.095238
091205231058 27.619048
091205231158 19.047619
091205231258 29.52381
091205231358 24.761905
091205231458 30.47619
091205231558 29.52381
091205231658 27.619048
091205231758 21.904762
091205231858 18.095238
091205231958 19.047619
091205232058 15.238095
091205232158 18.095238
091205232258 30.47619
091205232358 24.761905
091205232458 24.761905
091205232558 20.00
091205232658 19.047619
091205232758 21.904762
091205232858 20.00
091205232958 19.047619
091205233058 20.00
091205233158 25.714286
091205233258 24.761905
091205233358 26.666667
091205233458 20.952381
091205233558 26.666667
091205233658 20.00
091205233758 24.761905
091205233858 19.047619
091205233958 18.095238
091205234058 23.809524
091205234158 24.761905
091205234258 29.52381
091205234358 24.761905
091205234458 20.00
091205234558 25.714286
091205234658 20.952381
091205234758 28.571429
091205234858 29.52381
091205234958 31.428571
091205235058 19.047619
091205235158 23.809524
091205235258 28.571429
091205235358 20.952381
091205235458 20.952381
091205235558 23.809524
091205235658 22.857143
091205235758 17.142857
091205235858 20.00
091205235958 17.142857
091206000058 18.095238
091206000158 20.00
091206000258 30.47619
091206000358 31.428571
091206000458 15.238095
091206000558 28.571429
091206000658 23.809524
091206000758 14.285714
091206000858 16.190476
091206000958 23.809524
091206001058 20.952381
091206001158 20.00
091206001258 22.857143
091206001358 20.00
091206001458 23.809524
091206001558 22.857143
091206001658 20.952381
091206001758 25.714286
091206001858 26.666667
091206001958 22.857143
091206002058 15.238095
091206002158 37.142857
091206002258 20.00
091206002358 20.952381
091206002458 22.857143
091206002558 19.047619
091206002658 17.142857
091206002758 27.619048
091206002858 21.904762
091206002958 23.809524
091206003058 20.00
091206003158 17.142857
091206003258 30.47619
091206003358 17.142857
091206003458 23.809524
091206003558 20.952381
091206003658 22.857143
091206003758 18.095238
091206003858 36.190476
091206003958 23.809524
091206004058 20.00
091206004158 25.714286
091206004258 20.00
091206004358 20.952381
091206004458 20.952381
091206004558 20.00
091206004658 20.00
091206004758 20.952381
091206004858 20.00
091206004958 27.619048
091206005058 27.619048
091206005158 25.714286
091206005258 27.619048
091206005358 30.47619
091206005458 28.571429
091206005558 23.809524
091206005658 21.904762
091206005758 27.619048
091206005858 22.857143
091206005958 21.904762
091206010058 20.952381
091206010158 24.761905
091206010258 16.190476
091206010358 31.428571
091206010458 27.619048
091206010558 17.142857
091206010658 20.952381
091206010758 28.571429
091206010858 25.714286
091206010958 14.285714
091206011058 21.904762
091206011158 20.00
091206011258 26.666667
091206011358 16.190476
091206011458 22.857143
091206011558 21.904762
091206011658 29.52381
091206011758 21.904762
091206011858 22.857143
091206011958 21.904762
091206012058 25.714286
091206012158 22.857143
091206012258 13.333333
091206012358 24.761905
091206012458 21.904762
091206012558 25.714286
091206012658 23.809524
091206012758 27.619048
091206012858 16.190476
091206012958 24.761905
091206013058 20.00
091206013158 22.857143
091206013258 26.666667
091206013358 25.714286
091206013458 19.047619
091206013558 21.904762
091206013658 23.809524
091206013758 21.904762
091206013858 26.666667
091206013958 23.809524
091206014058 29.52381
091206014158 23.809524
091206014258 22.857143
091206014358 22.857143
091206014458 20.00
091206014558 16.190476
091206014658 25.714286
091206014758 23.809524
091206014858 20.00
091206014958 22.857143
091206015058 20.952381
091206015158 18.095238
091206015258 23.809524
091206015358 16.190476
091206015458 25.714286
091206015558 22.857143
091206015658 19.047619
091206015758 26.666667
091206015858 14.285714
091206015958 19.047619
091206020058 22.857143
091206020158 20.00
091206020258 21.904762
091206020358 25.714286
091206020458 19.047619
091206020558 24.761905
091206020658 20.952381
091206020758 22.857143
091206020858 28.571429
091206020958 24.761905
091206021058 23.809524
091206021158 20.00
091206021258 21.904762
091206021358 28.571429
091206021458 15.238095
091206021558 19.047619
091206021658 30.47619
091206021758 19.047619
091206021858 21.904762
091206021958 15.238095
091206022058 21.904762
091206022158 29.52381
091206022258 17.142857
091206022358 24.761905
091206022458 21.904762
091206022558 21.904762
091206022658 21.904762
091206022758 22.857143
091206022858 28.571429
091206022958 25.714286
091206023058 19.047619
091206023158 21.904762
091206023258 19.047619
091206023358 27.619048
091206023458 20.952381
091206023558 27.619048
091206023658 22.857143
091206023758 31.428571
091206023858 24.761905
091206023958 22.857143
091206024058 20.00
091206024158 26.666667
091206024258 20.952381
091206024358 23.809524
091206024458 18.095238
091206024558 22.857143
091206024658 28.571429
091206024758 23.809524
091206024858 21.904762
091206024958 21.904762
091206025058 28.571429
091206025158 22.857143
091206025258 31.428571
091206025358 23.809524
091206025458 23.809524
091206025558 35.238095
091206025658 21.904762
091206025758 19.047619
091206025858 19.047619
091206025958 20.00
091206030058 25.714286
091206030158 20.952381
091206030258 23.809524
091206030358 21.904762
091206030458 24.761905
091206030558 26.666667
091206030658 18.095238
091206030758 20.952381
091206030858 25.714286
091206030958 18.095238
091206031058 23.809524
091206031158 18.095238
091206031258 14.285714
091206031358 24.761905
091206031458 20.00
091206031558 21.904762
091206031658 18.095238
091206031758 23.809524
091206031858 31.428571
091206031958 15.238095
091206032058 16.190476
091206032158 26.666667
091206032258 23.809524
091206032358 18.095238
091206032458 22.857143
091206032558 22.857143
091206032658 23.809524
091206032758 20.00
091206032858 21.904762
091206032958 18.095238
091206033058 20.952381
091206033158 27.619048
091206033258 23.809524
091206033358 23.809524
091206033458 29.52381
091206033558 21.904762
091206033658 16.190476
091206033758 29.52381
091206033858 20.00
091206033958 19.047619
091206034058 25.714286
091206034158 23.809524
091206034258 29.52381
091206034358 24.761905
091206034458 22.857143
091206034558 16.190476
091206034658 22.857143
091206034758 21.904762
091206034858 21.904762
091206034958 22.857143
091206035058 24.761905
091206035158 24.761905
091206035258 22.857143
091206035358 20.952381
091206035458 14.285714
091206035558 24.761905
091206035658 20.952381
091206035758 22.857143
091206035858 20.952381
091206035958 25.714286
091206040058 16.190476
091206040158 23.809524
091206040258 20.952381
091206040358 20.00
091206040458 16.190476
091206040558 29.52381
091206040658 25.714286
091206040758 25.714286
091206040858 20.00
091206040958 22.857143
091206041058 18.095238
091206041158 23.809524
091206041258 26.666667
091206041358 19.047619
091206041458 14.285714
091206041558 14.285714
091206041658 18.095238
091206041758 19.047619
091206041858 17.142857
091206041958 30.47619
091206042058 23.809524
091206042158 22.857143
091206042258 16.190476
091206042358 17.142857
091206042458 21.904762
091206042558 22.857143
091206042658 19.047619
091206042758 20.952381
091206042858 16.190476
091206042958 20.00
091206043058 21.904762
091206043158 30.47619
091206043258 28.571429
091206043358 12.380952
091206043458 24.761905
091206043558 20.952381
091206043658 20.952381
091206043758 27.619048
091206043858 26.666667
091206043958 23.809524
091206044058 30.47619
091206044158 21.904762
091206044258 29.52381
091206044358 20.00
091206044458 23.809524
091206044558 28.571429
091206044658 14.285714
091206044758 30.47619
091206044858 27.619048
091206044958 18.095238
091206045058 26.666667
091206045158 22.857143
091206045258 29.52381
091206045358 14.285714
091206045458 30.47619
091206045558 19.047619
091206045658 21.904762
091206045758 19.047619
091206045858 30.47619
091206045958 19.047619
091206050058 20.952381
091206050158 12.380952
091206050258 21.904762
091206050358 22.857143
091206050458 13.333333
091206050558 20.952381
091206050658 27.619048
091206050758 21.904762
091206050858 21.904762
091206050958 24.761905
091206051058 22.857143
091206051158 19.047619
091206051258 20.00
091206051358 23.809524
091206051458 23.809524
091206051558 23.809524
091206051658 26.666667
091206051758 21.904762
091206051858 22.857143
091206051958 26.666667
091206052058 18.095238
091206052158 27.619048
091206052258 21.904762
091206052358 31.428571
091206052458 20.00
091206052558 22.857143
091206052658 23.809524
091206052758 23.809524
091206052858 17.142857
091206052958 28.571429
091206053058 34.285714
091206053158 23.809524
091206053258 25.714286
091206053358 20.952381
091206053458 25.714286
091206053558 27.619048
091206053658 23.809524
091206053758 19.047619
091206053858 19.047619
091206053958 32.380952
091206054058 26.666667
091206054158 21.904762
091206054258 24.761905
091206054358 23.809524
091206054458 30.47619
091206054558 27.619048
091206054658 28.571429
091206054758 16.190476
091206054858 22.857143
091206054958 26.666667
091206055058 27.619048
091206055158 22.857143
091206055258 20.00
091206055358 25.714286
091206055458 21.904762
091206055558 22.857143
091206055658 17.142857
091206055758 20.00
091206055858 26.666667
091206055958 21.904762
091206060058 20.00
091206060158 23.809524
091206060258 25.714286
091206060358 21.904762
091206060458 23.809524
091206060558 33.333333
091206060658 23.809524
091206060758 23.809524
091206060858 20.00
091206060958 15.238095
091206061058 23.809524
091206061158 24.761905
091206061258 21.904762
091206061358 26.666667
091206061458 21.904762
091206061558 25.714286
091206061658 18.095238
091206061758 20.952381
091206061858 15.238095
091206061958 20.00
091206062058 23.809524
091206062158 21.904762
091206062258 17.142857
091206062358 27.619048
091206062458 24.761905
091206062558 25.714286
091206062658 21.904762
091206062758 23.809524
091206062858 23.809524
091206062958 22.857143
091206063058 20.00
091206063158 22.857143
091206063258 22.857143
091206063358 23.809524
091206063458 27.619048
091206063558 12.380952
091206063658 22.857143
091206063758 13.333333
091206063858 32.380952
091206063958 20.00
091206064058 16.190476
091206064158 23.809524
091206064258 18.095238
091206064358 17.142857
091206064458 24.761905
091206064558 20.952381
091206064658 25.714286
091206064758 20.00
091206064858 23.809524
091206064958 17.142857
091206065058 29.52381
091206065158 27.619048
091206065258 12.380952
091206065358 15.238095
091206065458 20.952381
091206065558 27.619048
091206065658 16.190476
091206065758 20.00
091206065858 31.428571
091206065958 17.142857
091206070058 28.571429
091206070158 20.00
091206070258 22.857143
091206070358 21.904762
091206070458 20.00
091206070558 22.857143
091206070658 19.047619
091206070758 18.095238
091206070858 21.904762
091206070958 22.857143
091206071058 29.52381
091206071158 25.714286
091206071258 26.666667
091206071358 22.857143
091206071458 26.666667
091206071558 16.190476
091206071658 12.380952
091206071758 26.666667
091206071858 24.761905
091206071958 20.952381
091206072058 21.904762
091206072158 21.904762
091206072258 25.714286
091206072358 20.00
091206072458 23.809524
091206072558 28.571429
091206072658 32.380952
091206072758 22.857143
091206072858 21.904762
091206072958 20.952381
091206073058 22.857143
091206073158 22.857143
091206073258 20.952381
091206073358 21.904762
091206073458 21.904762
091206073558 15.238095
091206073658 20.952381
091206073758 17.142857
091206073858 23.809524
091206073958 26.666667
091206074058 21.904762
091206074158 21.904762
091206074258 24.761905
091206074358 26.666667
091206074458 20.952381
091206074558 28.571429
091206074658 27.619048
091206074758 17.142857
091206074858 21.904762
091206074958 33.333333
091206075058 21.904762
091206075158 22.857143
091206075258 19.047619
091206075358 22.857143
091206075458 21.904762
091206075558 28.571429
091206075658 24.761905
091206075758 26.666667
091206075858 23.809524
091206075958 29.52381
091206080058 19.047619
091206080158 17.142857
091206080258 24.761905
091206080358 29.52381
091206080458 24.761905
091206080558 23.809524
091206080658 21.904762
091206080758 26.666667
091206080858 25.714286
091206080958 20.00
091206081058 20.00
091206081158 17.142857
091206081258 28.571429
091206081358 18.095238
091206081458 23.809524
091206081558 30.47619
091206081658 31.428571
091206081758 23.809524
091206081858 24.761905
091206081958 31.428571
091206082058 23.809524
091206082158 23.809524
091206082258 16.190476
091206082358 18.095238
091206082458 20.00
091206082558 24.761905
091206082658 22.857143
091206082758 28.571429
091206082858 26.666667
091206082958 19.047619
091206083058 18.095238
091206083158 20.00
091206083258 29.52381
091206083358 30.47619
091206083458 20.952381
091206083558 25.714286
091206083658 15.238095
091206083758 27.619048
091206083858 17.142857
091206083958 17.142857
091206084058 23.809524
091206084158 20.952381
091206084258 22.857143
091206084358 39.047619
091206084458 23.809524
091206084558 24.761905
091206084658 21.904762
091206084758 21.904762
091206084858 20.00
091206084958 20.00
091206085058 25.714286
091206085158 13.333333
091206085258 22.857143
091206085358 20.00
091206085458 19.047619
091206085558 22.857143
091206085658 27.619048
091206085758 17.142857
091206085858 21.904762
091206085958 23.809524
091206090058 20.00
091206090158 22.857143
091206090258 31.428571
091206090358 20.00
091206090458 16.190476
091206090558 23.809524
091206090658 23.809524
091206090758 26.666667
091206090858 26.666667
091206090958 31.428571
091206091058 24.761905
091206091158 30.47619
091206091258 21.904762
091206091358 18.095238
091206091458 20.952381
091206091558 18.095238
091206091658 22.857143
091206091758 32.380952
091206091858 14.285714
091206091958 20.952381
091206092058 24.761905
091206092158 22.857143
091206092258 23.809524
091206092358 27.619048
091206092458 19.047619
091206092558 16.190476
091206092658 25.714286
091206092758 24.761905
091206092858 27.619048
091206092958 23.809524
091206093058 25.714286
091206093158 16.190476
091206093258 19.047619
091206093358 14.285714
091206093458 17.142857
091206093558 22.857143
091206093658 20.952381
091206093758 23.809524
091206093858 20.00
091206093958 27.619048
091206094058 30.47619
091206094158 24.761905
091206094258 19.047619
091206094358 23.809524
091206094458 22.857143
091206094558 22.857143
091206094658 19.047619
091206094758 21.904762
091206094858 18.095238
091206094958 33.333333
091206095058 22.857143
091206095158 11.428571
091206095258 18.095238
091206095358 20.00
091206095458 28.571429
091206095558 29.52381
091206095658 17.142857
091206095758 21.904762
091206095858 18.095238
091206095958 23.809524
091206100058 29.52381
091206100158 21.904762
091206100258 17.142857
091206100358 26.666667
091206100458 29.52381
091206100558 23.809524
091206100658 20.952381
091206100758 25.714286
091206100858 24.761905
091206100958 28.571429
091206101058 18.095238
091206101158 21.904762
091206101258 27.619048
091206101358 25.714286
091206101458 23.809524
091206101558 26.666667
091206101658 26.666667
091206101758 26.666667
091206101858 24.761905
091206101958 21.904762
091206102058 25.714286
091206102158 24.761905
091206102258 17.142857
091206102358 25.714286
091206102458 25.714286
091206102558 27.619048
091206102658 24.761905
091206102758 21.904762
091206102858 25.714286
091206102958 19.047619
091206103058 28.571429
091206103158 21.904762
091206103258 25.714286
091206103358 24.761905
091206103458 17.142857
091206103558 25.714286
091206103658 25.714286
091206103758 18.095238
091206103858 33.333333
091206103958 20.952381
091206104058 34.285714
091206104158 28.571429
091206104258 18.095238
091206104358 30.47619
091206104458 20.952381
091206104558 21.904762
091206104658 20.952381
091206104758 26.666667
091206104858 25.714286
091206104958 16.190476
091206105058 20.952381
091206105158 21.904762
091206105258 28.571429
091206105358 26.666667
091206105458 16.190476
091206105558 22.857143
091206105658 22.857143
091206105758 18.095238
091206105858 26.666667
091206105958 14.285714
091206110058 20.00
091206110158 20.00
091206110258 26.666667
091206110358 18.095238
091206110458 16.190476
091206110558 19.047619
091206110658 16.190476
091206110758 22.857143
091206110858 24.761905
091206110958 20.00
091206111058 19.047619
091206111158 20.952381
091206111258 18.095238
091206111358 22.857143
091206111458 23.809524
091206111558 18.095238
091206111658 21.904762
091206111758 22.857143
091206111858 27.619048
091206111958 25.714286
091206112058 22.857143
091206112158 19.047619
091206112258 20.952381
091206112358 18.095238
091206112458 25.714286
091206112558 28.571429
091206112658 19.047619
091206112758 28.571429
091206112858 14.285714
091206112958 30.47619
091206113058 22.857143
091206113158 19.047619
091206113258 17.142857
091206113358 17.142857
091206113458 20.952381
091206113558 15.238095
091206113658 17.142857
091206113758 23.809524
091206113858 14.285714
091206113958 26.666667
091206114058 23.809524
091206114158 19.047619
091206114258 25.714286
091206114358 18.095238
091206114458 23.809524
091206114558 28.571429
091206114658 20.00
091206114758 25.714286
091206114858 20.952381
091206114958 16.190476
091206115058 22.857143
091206115158 23.809524
091206115258 25.714286
091206115358 22.857143
091206115458 21.904762
091206115558 28.571429
091206115658 17.142857
091206115758 19.047619
091206115858 31.428571
091206115958 17.142857
091206120058 24.761905
091206120158 18.095238
091206120258 24.761905
091206120358 23.809524
091206120458 18.095238
091206120558 17.142857
091206120658 20.952381
091206120758 22.857143
091206120858 26.666667
091206120958 23.809524
091206121058 16.190476
091206121158 19.047619
091206121258 20.952381
091206121358 20.952381
091206121458 25.714286
091206121558 22.857143
091206121658 20.00
091206121758 25.714286
091206121858 15.238095
091206121958 22.857143
091206122058 23.809524
091206122158 19.047619
091206122258 26.666667
091206122358 25.714286
091206122458 20.00
091206122558 17.142857
091206122658 22.857143
091206122758 7.619048
091206122858 26.666667
091206122958 28.571429
091206123058 20.00
091206123158 21.904762
091206123258 19.047619
091206123358 18.095238
091206123458 21.904762
091206123558 20.00
091206123658 20.952381
091206123758 25.714286
091206123858 23.809524
091206123958 23.809524
091206124058 14.285714
091206124158 25.714286
091206124258 21.904762
091206124358 30.47619
091206124458 24.761905
091206124558 25.714286
091206124658 25.714286
091206124758 17.142857
091206124858 25.714286
091206124958 23.809524
091206125058 19.047619
091206125158 16.190476
091206125258 18.095238
091206125358 24.761905
091206125458 26.666667
091206125558 25.714286
091206125658 20.952381
091206125758 17.142857
091206125858 23.809524
091206125958 31.428571
091206130058 28.571429
091206130158 20.00
091206130258 28.571429
091206130358 24.761905
091206130458 15.238095
091206130558 28.571429
091206130658 22.857143
091206130758 24.761905
091206130858 18.095238
091206130958 29.52381
091206131058 29.52381
091206131158 17.142857
091206131258 19.047619
091206131358 16.190476
091206131458 20.00
091206131558 20.952381
091206131658 27.619048
091206131758 18.095238
091206131858 25.714286
091206131958 23.809524
091206132058 27.619048
091206132158 26.666667
091206132258 22.857143
091206132358 23.809524
091206132458 20.952381
091206132558 20.952381
091206132658 24.761905
091206132758 22.857143
091206132858 22.857143
091206132958 27.619048
091206133058 17.142857
091206133158 12.380952
091206133258 19.047619
091206133358 23.809524
091206133458 28.571429
091206133558 19.047619
091206133658 18.095238
091206133758 28.571429
091206133858 21.904762
091206133958 20.952381
091206134058 30.47619
091206134158 18.095238
091206134258 21.904762
091206134358 26.666667
091206134458 27.619048
091206134558 18.095238
091206134658 23.809524
091206134758 18.095238
091206134858 19.047619
091206134958 21.904762
091206135058 27.619048
091206135158 25.714286
091206135258 14.285714
091206135358 22.857143
091206135458 25.714286
091206135558 15.238095
091206135658 19.047619
091206135758 22.857143
091206135858 27.619048
091206135958 19.047619
091206140058 20.00
091206140158 22.857143
091206140258 26.666667
091206140358 23.809524
091206140458 23.809524
091206140558 24.761905
091206140658 19.047619
091206140758 29.52381
091206140858 15.238095
091206140958 20.952381
091206141058 24.761905
091206141158 20.00
091206141258 19.047619
091206141358 16.190476
091206141458 19.047619
091206141558 24.761905
091206141658 20.952381
091206141758 19.047619
091206141858 22.857143
091206141958 27.619048
091206142058 23.809524
091206142158 29.52381
091206142258 26.666667
091206142358 19.047619
091206142458 20.952381
091206142558 23.809524
091206142658 23.809524
091206142758 14.285714
091206142858 22.857143
091206142958 17.142857
091206143058 22.857143
091206143158 20.00
091206143258 17.142857
091206143358 21.904762
091206143458 33.333333
091206143558 26.666667
091206143658 24.761905
091206143758 25.714286
091206143858 23.809524
091206143958 35.238095
091206144058 22.857143
091206144158 20.00
091206144258 23.809524
091206144358 21.904762
091206144458 20.00
091206144558 23.809524
091206144658 24.761905
091206144758 20.952381
091206144858 21.904762
091206144958 20.00
091206145058 24.761905
091206145158 20.952381
091206145258 16.190476
091206145358 24.761905
091206145458 16.190476
091206145558 26.666667
091206145658 14.285714
091206145758 19.047619
091206145858 24.761905
091206145958 21.904762
091206150058 20.952381
091206150158 29.52381
091206150258 24.761905
091206150358 19.047619
091206150458 23.809524
091206150558 17.142857
091206150658 26.666667
091206150758 19.047619
091206150858 24.761905
091206150958 16.190476
091206151058 20.00
091206151158 19.047619
091206151258 20.00
091206151358 23.809524
091206151458 19.047619
091206151558 20.952381
091206151658 25.714286
091206151758 22.857143
091206151858 18.095238
091206151958 17.142857
091206152058 21.904762
091206152158 24.761905
091206152258 30.47619
091206152358 14.285714
091206152458 20.00
091206152558 24.761905
091206152658 18.095238
091206152758 19.047619
091206152858 22.857143
091206152958 23.809524
091206153058 29.52381
091206153158 18.095238
091206153258 27.619048
091206153358 24.761905
091206153458 27.619048
091206153558 26.666667
091206153658 25.714286
091206153758 24.761905
091206153858 21.904762
091206153958 23.809524
091206154058 26.666667
091206154158 19.047619
091206154258 18.095238
091206154358 18.095238
091206154458 30.47619
091206154558 21.904762
091206154658 21.904762
091206154758 21.904762
091206154858 16.190476
091206154958 22.857143
091206155058 23.809524
091206155158 17.142857
091206155258 16.190476
091206155358 27.619048
091206155458 36.190476
091206155558 19.047619
091206155658 15.238095
091206155758 14.285714
091206155858 31.428571
091206155958 16.190476
091206160058 18.095238
091206160158 24.761905
091206160258 22.857143
091206160358 22.857143
091206160458 22.857143
091206160558 24.761905
091206160658 24.761905
091206160758 24.761905
091206160858 20.952381
091206160958 23.809524
091206161058 21.904762
091206161158 19.047619
091206161258 19.047619
091206161358 18.095238
091206161458 20.00
091206161558 23.809524
091206161658 18.095238
091206161758 31.428571
091206161858 20.952381
091206161958 21.904762
091206162058 21.904762
091206162158 24.761905
091206162258 21.904762
091206162358 16.190476
091206162458 20.00
091206162558 25.714286
091206162658 22.857143
091206162758 18.095238
091206162858 19.047619
091206162958 18.095238
091206163058 21.904762
091206163158 17.142857
091206163258 21.904762
091206163358 25.714286
091206163458 24.761905
091206163558 18.095238
091206163658 20.952381
091206163758 22.857143
091206163858 17.142857
091206163958 22.857143
091206164058 20.00
091206164158 16.190476
091206164258 21.904762
091206164358 21.904762
091206164458 24.761905
091206164558 24.761905
091206164658 21.904762
091206164758 21.904762
091206164858 23.809524
091206164958 19.047619
091206165058 28.571429
091206165158 20.952381
091206165258 32.380952
091206165358 24.761905
091206165458 26.666667
091206165558 28.571429
091206165658 22.857143
091206165758 30.47619
091206165858 20.952381
091206165958 21.904762
091206170058 19.047619
091206170158 27.619048
091206170258 22.857143
091206170358 22.857143
091206170458 24.761905
091206170558 19.047619
091206170658 25.714286
091206170758 27.619048
091206170858 27.619048
091206170958 20.00
091206171058 22.857143
091206171158 17.142857
091206171258 19.047619
091206171358 22.857143
091206171458 30.47619
091206171558 20.952381
091206171658 25.714286
091206171758 22.857143
091206171858 33.333333
091206171958 25.714286
091206172058 29.52381
091206172158 19.047619
091206172258 25.714286
091206172358 26.666667
091206172458 22.857143
091206172558 27.619048
091206172658 24.761905
091206172758 33.333333
091206172858 25.714286
091206172958 33.333333
091206173058 32.380952
091206173158 27.619048
091206173258 24.761905
091206173358 20.00
091206173458 24.761905
091206173558 20.00
091206173658 23.809524
091206173758 27.619048
091206173858 18.095238
091206173958 21.904762
091206174058 26.666667
091206174158 24.761905
091206174258 23.809524
091206174358 15.238095
091206174458 18.095238
091206174558 13.333333
091206174658 24.761905
091206174758 19.047619
091206174858 24.761905
091206174958 23.809524
091206175058 15.238095
091206175158 23.809524
091206175258 21.904762
091206175358 24.761905
091206175458 13.333333
091206175558 20.952381
091206175658 28.571429
091206175758 14.285714
091206175858 29.52381
091206175958 22.857143
091206180058 19.047619
091206180158 15.238095
091206180258 28.571429
091206180358 19.047619
091206180458 22.857143
091206180558 28.571429
091206180658 26.666667
091206180758 21.904762
091206180858 24.761905
091206180958 19.047619
091206181058 22.857143
091206181158 21.904762
091206181258 18.095238
091206181358 25.714286
091206181458 28.571429
091206181558 27.619048
091206181658 19.047619
091206181758 16.190476
091206181858 24.761905
091206181958 20.00
091206182058 17.142857
091206182158 23.809524
091206182258 19.047619
091206182358 23.809524
091206182458 22.857143
091206182558 21.904762
091206182658 20.952381
091206182758 21.904762
091206182858 20.00
091206182958 23.809524
091206183058 24.761905
091206183158 26.666667
091206183258 18.095238
091206183358 24.761905
091206183458 18.095238
091206183558 20.952381
091206183658 25.714286
091206183758 22.857143
091206183858 24.761905
091206183958 28.571429
091206184058 20.952381
091206184158 20.00
091206184258 30.47619
091206184358 28.571429
091206184458 25.714286
091206184558 18.095238
091206184658 23.809524
091206184758 19.047619
091206184858 22.857143
091206184958 18.095238
091206185058 18.095238
091206185158 22.857143
091206185258 21.904762
091206185358 22.857143
091206185458 21.904762
091206185558 22.857143
091206185658 28.571429
091206185758 26.666667
091206185858 23.809524
091206185958 23.809524
091206190058 25.714286
091206190158 17.142857
091206190258 16.190476
091206190358 22.857143
091206190458 21.904762
091206190558 28.571429
091206190658 20.00
091206190758 37.142857
091206190858 18.095238
091206190958 20.952381
091206191058 25.714286
091206191158 20.00
091206191258 18.095238
091206191358 24.761905
091206191458 17.142857
091206191558 26.666667
091206191658 26.666667
091206191758 20.952381
091206191858 20.952381
091206191958 27.619048
091206192058 20.952381
091206192158 24.761905
091206192258 26.666667
091206192358 20.952381
091206192458 21.904762
091206192558 22.857143
091206192658 24.761905
091206192758 20.00
091206192858 38.095238
091206192958 20.00
091206193058 18.095238
091206193158 21.904762
091206193258 22.857143
091206193358 32.380952
091206193458 27.619048
091206193558 25.714286
091206193658 18.095238
091206193758 20.952381
091206193858 18.095238
091206193958 18.095238
091206194058 25.714286
091206194158 14.285714
091206194258 18.095238
091206194358 23.809524
091206194458 20.00
091206194558 23.809524
091206194658 25.714286
091206194758 14.285714
091206194858 31.428571
091206194958 19.047619
091206195058 16.190476
091206195158 20.00
091206195258 21.904762
091206195358 25.714286
091206195458 18.095238
091206195558 14.285714
091206195658 17.142857
091206195758 25.714286
091206195858 19.047619
091206195958 21.904762
091206200058 20.00
091206200158 23.809524
091206200258 19.047619
091206200358 20.952381
091206200458 27.619048
091206200558 20.952381
091206200658 31.428571
091206200758 25.714286
091206200858 20.00
091206200958 20.00
091206201058 19.047619
091206201158 20.952381
091206201258 23.809524
091206201358 18.095238
091206201458 18.095238
091206201558 20.952381
091206201658 20.952381
091206201758 35.238095
091206201858 28.571429
091206201958 25.714286
091206202058 20.00
091206202158 12.380952
091206202258 19.047619
091206202358 19.047619
091206202458 23.809524
091206202558 17.142857
091206202658 27.619048
091206202758 21.904762
091206202858 15.238095
091206202958 18.095238
091206203058 25.714286
091206203158 31.428571
091206203258 20.952381
091206203358 21.904762
091206203458 19.047619
091206203558 33.333333
091206203658 19.047619
091206203758 21.904762
091206203858 20.952381
091206203958 21.904762
091206204058 19.047619
091206204158 25.714286
091206204258 22.857143
091206204358 21.904762
091206204458 27.619048
091206204558 29.52381
091206204658 23.809524
091206204758 16.190476
091206204858 23.809524
091206204958 36.190476
091206205058 25.714286
091206205158 20.00
091206205258 22.857143
091206205358 20.952381
091206205458 18.095238
091206205558 21.904762
091206205658 25.714286
091206205758 25.714286
091206205858 19.047619
091206205958 20.952381
091206210058 20.952381
091206210158 31.428571
091206210258 21.904762
091206210358 25.714286
091206210458 23.809524
091206210558 21.904762
091206210658 29.52381
091206210758 20.952381
091206210858 18.095238
091206210958 21.904762
091206211058 30.47619
091206211158 28.571429
091206211258 20.00
091206211358 29.52381
091206211458 16.190476
091206211558 20.952381
091206211658 22.857143
091206211758 15.238095
091206211858 20.952381
091206211958 25.714286
091206212058 27.619048
091206212158 20.00
091206212258 24.761905
091206212358 20.952381
091206212458 18.095238
091206212558 33.333333
091206212658 23.809524
091206212758 20.00
091206212858 28.571429
091206212958 23.809524
091206213058 21.904762
091206213158 20.952381
091206213258 17.142857
091206213358 23.809524
091206213458 20.00
091206213558 17.142857
091206213658 19.047619
091206213758 20.952381
091206213858 27.619048
091206213958 22.857143
091206214058 18.095238
091206214158 16.190476
091206214258 23.809524
091206214358 21.904762
091206214458 32.380952
091206214558 24.761905
091206214658 27.619048
091206214758 33.333333
091206214858 20.00
091206214958 25.714286
091206215058 20.00
091206215158 24.761905
091206215258 27.619048
091206215358 23.809524
091206215458 24.761905
091206215558 20.00
091206215658 10.47619
091206215758 22.857143
091206215858 16.190476
091206215958 29.52381
091206220058 27.619048
091206220158 20.952381
091206220258 23.809524
091206220358 21.904762
091206220458 22.857143
091206220558 28.571429
091206220658 20.00
091206220758 24.761905
091206220858 36.190476
091206220958 22.857143
091206221058 25.714286
091206221158 25.714286
091206221258 19.047619
091206221358 21.904762
091206221458 27.619048
091206221558 26.666667
091206221658 21.904762
091206221758 23.809524
091206221858 27.619048
091206221958 33.333333
091206222058 25.714286
091206222158 28.571429
091206222258 28.571429
091206222358 28.571429
091206222458 15.238095
091206222558 23.809524
091206222658 28.571429
091206222758 23.809524
091206222858 19.047619
091206222958 26.666667
091206223058 20.952381
091206223158 21.904762
091206223258 15.238095
091206223358 29.52381
091206223458 20.00
091206223558 17.142857
091206223658 16.190476
091206223758 19.047619
091206223858 25.714286
091206223958 24.761905
091206224058 26.666667
091206224158 22.857143
091206224258 18.095238
091206224358 20.00
091206224458 19.047619
091206224558 33.333333
091206224658 26.666667
091206224758 25.714286
091206224858 27.619048
091206224958 30.47619
091206225058 20.952381
091206225158 25.714286
091206225258 21.904762
091206225358 21.904762
091206225458 20.00
091206225558 17.142857
091206225658 23.809524
091206225758 23.809524
091206225858 20.00
091206225958 17.142857
091206230058 30.47619
091206230158 31.428571
091206230258 22.857143
091206230358 19.047619
091206230458 21.904762
091206230558 27.619048
091206230658 13.333333
091206230758 28.571429
091206230858 26.666667
091206230958 21.904762
091206231058 25.714286
091206231158 17.142857
091206231258 18.095238
091206231358 27.619048
091206231458 32.380952
091206231558 18.095238
091206231658 23.809524
091206231758 27.619048
091206231858 21.904762
091206231958 21.904762
091206232058 20.00
091206232158 21.904762
091206232258 21.904762
091206232358 18.095238
091206232458 25.714286
091206232558 20.00
091206232658 17.142857
091206232758 27.619048
091206232858 21.904762
091206232958 22.857143
091206233058 23.809524
091206233158 31.428571
091206233258 23.809524
091206233358 21.904762
091206233458 17.142857
091206233558 21.904762
091206233658 28.571429
091206233758 24.761905
091206233858 24.761905
091206233958 22.857143
091206234058 25.714286
091206234158 20.952381
091206234258 29.52381
091206234358 26.666667
091206234458 25.714286
091206234558 20.00
091206234658 21.904762
091206234758 25.714286
091206234858 23.809524
091206234958 27.619048
091206235058 21.904762
091206235158 20.952381
091206235258 28.571429
091206235358 18.095238
091206235458 22.857143
091206235558 27.619048
091206235658 11.428571
091206235758 28.571429
091206235858 25.714286
091206235958 20.952381
091207000058 18.095238
091207000158 25.714286
091207000258 26.666667
091207000358 26.666667
091207000458 17.142857
091207000558 18.095238
091207000658 27.619048
091207000758 21.904762
091207000858 22.857143
091207000958 21.904762
091207001058 29.52381
091207001158 18.095238
