091201100439 27.619048
091201100539 25.714286
091201100639 22.857143
091201100739 19.047619
091201100839 17.142857
091201100939 19.047619
091201101039 27.619048
091201101139 28.571429
091201101239 21.904762
091201101339 23.809524
091201101439 20.952381
091201101539 21.904762
091201101639 19.047619
091201101739 24.761905
091201101839 24.761905
091201101939 23.809524
091201102039 21.904762
091201102139 17.142857
091201102239 25.714286
091201102339 19.047619
091201102439 11.428571
091201102539 24.761905
091201102639 30.47619
091201102739 30.47619
091201102839 21.904762
091201102939 20.00
091201103039 20.00
091201103139 21.904762
091201103239 16.190476
091201103339 20.952381
091201103439 20.952381
091201103539 22.857143
091201103639 17.142857
091201103739 27.619048
091201103839 21.904762
091201103939 21.904762
091201104039 18.095238
091201104139 21.904762
091201104239 23.809524
091201104339 20.00
091201104439 21.904762
091201104539 20.952381
091201104639 23.809524
091201104739 33.333333
091201104839 24.761905
091201104939 28.571429
091201105039 15.238095
091201105139 25.714286
091201105239 27.619048
091201105339 22.857143
091201105439 27.619048
091201105539 20.00
091201105639 20.952381
091201105739 23.809524
091201105839 26.666667
091201105939 22.857143
091201110039 20.952381
091201110139 18.095238
091201110239 15.238095
091201110339 17.142857
091201110439 28.571429
091201110539 26.666667
091201110639 21.904762
091201110739 17.142857
091201110839 17.142857
091201110939 21.904762
091201111039 20.952381
091201111139 17.142857
091201111239 27.619048
091201111339 30.47619
091201111439 22.857143
091201111539 26.666667
091201111639 20.00
091201111739 20.952381
091201111839 25.714286
091201111939 15.238095
091201112039 25.714286
091201112139 19.047619
091201112239 34.285714
091201112339 18.095238
091201112439 20.00
091201112539 25.714286
091201112639 27.619048
091201112739 20.00
091201112839 24.761905
091201112939 20.00
091201113039 31.428571
091201113139 19.047619
091201113239 29.52381
091201113339 18.095238
091201113439 34.285714
091201113539 24.761905
091201113639 20.952381
091201113739 20.952381
091201113839 20.952381
091201113939 26.666667
091201114039 16.190476
091201114139 16.190476
091201114239 13.333333
091201114339 17.142857
091201114439 22.857143
091201114539 30.47619
091201114639 19.047619
091201114739 15.238095
091201114839 24.761905
091201114939 19.047619
091201115039 18.095238
091201115139 22.857143
091201115239 23.809524
091201115339 23.809524
091201115439 20.00
091201115539 28.571429
091201115639 22.857143
091201115739 24.761905
091201115839 11.428571
091201115939 27.619048
091201120039 12.380952
091201120139 22.857143
091201120239 22.857143
091201120339 17.142857
091201120439 21.904762
091201120539 32.380952
091201120639 19.047619
091201120739 20.00
091201120839 33.333333
091201120939 29.52381
091201121039 17.142857
091201121139 24.761905
091201121239 34.285714
091201121339 20.00
091201121439 21.904762
091201121539 25.714286
091201121639 19.047619
091201121739 22.857143
091201121839 28.571429
091201121939 33.333333
091201122039 18.095238
091201122139 12.380952
091201122239 24.761905
091201122339 15.238095
091201122439 26.666667
091201122539 23.809524
091201122639 20.952381
091201122739 21.904762
091201122839 20.00
091201122939 27.619048
091201123039 22.857143
091201123139 23.809524
091201123239 20.00
091201123339 25.714286
091201123439 17.142857
091201123539 22.857143
091201123639 25.714286
091201123739 30.47619
091201123839 26.666667
091201123939 24.761905
091201124039 25.714286
091201124139 20.00
091201124239 22.857143
091201124339 19.047619
091201124439 14.285714
091201124539 27.619048
091201124639 18.095238
091201124739 20.00
091201124839 31.428571
091201124939 23.809524
091201125039 24.761905
091201125139 26.666667
091201125239 28.571429
091201125339 20.00
091201125439 22.857143
091201125539 22.857143
091201125639 21.904762
091201125739 29.52381
091201125839 18.095238
091201125939 20.00
091201130039 25.714286
091201130139 18.095238
091201130239 25.714286
091201130339 27.619048
091201130439 16.190476
091201130539 21.904762
091201130639 22.857143
091201130739 20.00
091201130839 21.904762
091201130939 25.714286
091201131039 28.571429
091201131139 17.142857
091201131239 16.190476
091201131339 16.190476
091201131439 20.952381
091201131539 19.047619
091201131639 21.904762
091201131739 27.619048
091201131839 20.952381
091201131939 14.285714
091201132039 23.809524
091201132139 20.00
091201132239 22.857143
091201132339 24.761905
091201132439 30.47619
091201132539 23.809524
091201132639 14.285714
091201132739 19.047619
091201132839 28.571429
091201132939 19.047619
091201133039 23.809524
091201133139 26.666667
091201133239 23.809524
091201133339 17.142857
091201133439 21.904762
091201133539 30.47619
091201133639 23.809524
091201133739 29.52381
091201133839 20.952381
091201133939 22.857143
091201134039 23.809524
091201134139 24.761905
091201134239 29.52381
091201134339 12.380952
091201134439 28.571429
091201134539 28.571429
091201134639 22.857143
091201134739 25.714286
091201134839 19.047619
091201134939 25.714286
091201135039 20.952381
091201135139 22.857143
091201135239 26.666667
091201135339 27.619048
091201135439 24.761905
091201135539 17.142857
091201135639 18.095238
091201135739 22.857143
091201135839 20.00
091201135939 22.857143
091201140039 19.047619
091201140139 28.571429
091201140239 32.380952
091201140339 24.761905
091201140439 25.714286
091201140539 35.238095
091201140639 22.857143
091201140739 17.142857
091201140839 27.619048
091201140939 21.904762
091201141039 18.095238
091201141139 20.952381
091201141239 24.761905
091201141339 31.428571
091201141439 19.047619
091201141539 19.047619
091201141639 24.761905
091201141739 18.095238
091201141839 21.904762
091201141939 20.952381
091201142039 18.095238
091201142139 30.47619
091201142239 15.238095
091201142339 22.857143
091201142439 27.619048
091201142539 21.904762
091201142639 20.952381
091201142739 30.47619
091201142839 21.904762
091201142939 18.095238
091201143039 21.904762
091201143139 20.00
091201143239 17.142857
091201143339 20.00
091201143439 20.00
091201143539 20.00
091201143639 17.142857
091201143739 24.761905
091201143839 17.142857
091201143939 24.761905
091201144039 23.809524
091201144139 27.619048
091201144239 20.952381
091201144339 24.761905
091201144439 21.904762
091201144539 23.809524
091201144639 32.380952
091201144739 22.857143
091201144839 20.00
091201144939 28.571429
091201145039 27.619048
091201145139 20.00
091201145239 24.761905
091201145339 26.666667
091201145439 25.714286
091201145539 15.238095
091201145639 25.714286
091201145739 17.142857
091201145839 21.904762
091201145939 24.761905
091201150039 21.904762
091201150139 20.00
091201150239 23.809524
091201150339 25.714286
091201150439 20.00
091201150539 24.761905
091201150639 25.714286
091201150739 21.904762
091201150839 27.619048
091201150939 25.714286
091201151039 21.904762
091201151139 28.571429
091201151239 26.666667
091201151339 31.428571
091201151439 26.666667
091201151539 18.095238
091201151639 23.809524
091201151739 20.00
091201151839 35.238095
091201151939 20.00
091201152039 16.190476
091201152139 32.380952
091201152239 27.619048
091201152339 16.190476
091201152439 14.285714
091201152539 24.761905
091201152639 30.47619
091201152739 21.904762
091201152839 21.904762
091201152939 28.571429
091201153039 20.00
091201153139 18.095238
091201153239 25.714286
091201153339 27.619048
091201153439 20.00
091201153539 20.00
091201153639 24.761905
091201153739 30.47619
091201153839 22.857143
091201153939 20.00
091201154039 25.714286
091201154139 16.190476
091201154239 17.142857
091201154339 13.333333
091201154439 21.904762
091201154539 17.142857
091201154639 19.047619
091201154739 19.047619
091201154839 20.952381
091201154939 15.238095
091201155039 25.714286
091201155139 19.047619
091201155239 22.857143
091201155339 26.666667
091201155439 25.714286
091201155539 19.047619
091201155639 19.047619
091201155739 21.904762
091201155839 27.619048
091201155939 20.00
091201160039 18.095238
091201160139 16.190476
091201160239 23.809524
091201160339 27.619048
091201160439 26.666667
091201160539 19.047619
091201160639 24.761905
091201160739 22.857143
091201160839 31.428571
091201160939 26.666667
091201161039 21.904762
091201161139 25.714286
091201161239 22.857143
091201161339 27.619048
091201161439 26.666667
091201161539 29.52381
091201161639 22.857143
091201161739 24.761905
091201161839 22.857143
091201161939 27.619048
091201162039 17.142857
091201162139 26.666667
091201162239 25.714286
091201162339 20.00
091201162439 16.190476
091201162539 20.00
091201162639 20.952381
091201162739 24.761905
091201162839 28.571429
091201162939 26.666667
091201163039 20.00
091201163139 20.952381
091201163239 15.238095
091201163339 16.190476
091201163439 30.47619
091201163539 23.809524
091201163639 25.714286
091201163739 20.952381
091201163839 12.380952
091201163939 19.047619
091201164039 30.47619
091201164139 19.047619
091201164239 24.761905
091201164339 25.714286
091201164439 25.714286
091201164539 20.952381
091201164639 20.952381
091201164739 20.00
091201164839 17.142857
091201164939 20.952381
091201165039 20.952381
091201165139 30.47619
091201165239 23.809524
091201165339 24.761905
091201165439 19.047619
091201165539 18.095238
091201165639 22.857143
091201165739 20.952381
091201165839 13.333333
091201165939 15.238095
091201170039 26.666667
091201170139 29.52381
091201170239 22.857143
091201170339 24.761905
091201170439 18.095238
091201170539 21.904762
091201170639 22.857143
091201170739 30.47619
091201170839 23.809524
091201170939 18.095238
091201171039 20.952381
091201171139 19.047619
091201171239 19.047619
091201171339 22.857143
091201171439 20.952381
091201171539 16.190476
091201171639 29.52381
091201171739 24.761905
091201171839 19.047619
091201171939 17.142857
091201172039 20.952381
091201172139 16.190476
091201172239 23.809524
091201172339 15.238095
091201172439 21.904762
091201172539 37.142857
091201172639 20.952381
091201172739 23.809524
091201172839 28.571429
091201172939 16.190476
091201173039 25.714286
091201173139 17.142857
091201173239 23.809524
091201173339 28.571429
091201173439 23.809524
091201173539 26.666667
091201173639 31.428571
091201173739 18.095238
091201173839 21.904762
091201173939 19.047619
091201174039 20.00
091201174139 35.238095
091201174239 25.714286
091201174339 20.00
091201174439 20.952381
091201174539 19.047619
091201174639 28.571429
091201174739 24.761905
091201174839 27.619048
091201174939 24.761905
091201175039 20.00
091201175139 17.142857
091201175239 25.714286
091201175339 22.857143
091201175439 20.00
091201175539 20.00
091201175639 23.809524
091201175739 19.047619
091201175839 16.190476
091201175939 29.52381
091201180039 31.428571
091201180139 17.142857
091201180239 23.809524
091201180339 22.857143
091201180439 26.666667
091201180539 20.00
091201180639 12.380952
091201180739 33.333333
091201180839 34.285714
091201180939 21.904762
091201181039 26.666667
091201181139 21.904762
091201181239 20.952381
091201181339 21.904762
091201181439 21.904762
091201181539 19.047619
091201181639 16.190476
091201181739 20.00
091201181839 24.761905
091201181939 29.52381
091201182039 22.857143
091201182139 20.00
091201182239 26.666667
091201182339 23.809524
091201182439 20.00
091201182539 20.00
091201182639 21.904762
091201182739 18.095238
091201182839 22.857143
091201182939 30.47619
091201183039 21.904762
091201183139 28.571429
091201183239 24.761905
091201183339 25.714286
091201183439 26.666667
091201183539 21.904762
091201183639 19.047619
091201183739 27.619048
091201183839 26.666667
091201183939 26.666667
091201184039 27.619048
091201184139 27.619048
091201184239 22.857143
091201184339 23.809524
091201184439 20.952381
091201184539 17.142857
091201184639 23.809524
091201184739 21.904762
091201184839 16.190476
091201184939 22.857143
091201185039 25.714286
091201185139 23.809524
091201185239 14.285714
091201185339 23.809524
091201185439 26.666667
091201185539 24.761905
091201185639 29.52381
091201185739 23.809524
091201185839 21.904762
091201185939 19.047619
091201190039 16.190476
091201190139 22.857143
091201190239 16.190476
091201190339 24.761905
091201190439 26.666667
091201190539 13.333333
091201190639 19.047619
091201190739 34.285714
091201190839 23.809524
091201190939 25.714286
091201191039 20.952381
091201191139 18.095238
091201191239 27.619048
091201191339 20.952381
091201191439 21.904762
091201191539 26.666667
091201191639 20.00
091201191739 19.047619
091201191839 20.952381
091201191939 20.952381
091201192039 26.666667
091201192139 23.809524
091201192239 24.761905
091201192339 30.47619
091201192439 18.095238
091201192539 33.333333
091201192639 21.904762
091201192739 22.857143
091201192839 22.857143
091201192939 23.809524
091201193039 22.857143
091201193139 17.142857
091201193239 24.761905
091201193339 21.904762
091201193439 24.761905
091201193539 30.47619
091201193639 22.857143
091201193739 18.095238
091201193839 27.619048
091201193939 30.47619
091201194039 27.619048
091201194139 26.666667
091201194239 22.857143
091201194339 20.952381
091201194439 24.761905
091201194539 18.095238
091201194639 22.857143
091201194739 26.666667
091201194839 22.857143
091201194939 32.380952
091201195039 15.238095
091201195139 15.238095
091201195239 20.00
091201195339 15.238095
091201195439 19.047619
091201195539 25.714286
091201195639 23.809524
091201195739 25.714286
091201195839 22.857143
091201195939 26.666667
091201200039 22.857143
091201200139 26.666667
091201200239 25.714286
091201200339 26.666667
091201200439 21.904762
091201200539 28.571429
091201200639 20.952381
091201200739 20.952381
091201200839 15.238095
091201200939 19.047619
091201201039 22.857143
091201201139 19.047619
091201201239 33.333333
091201201339 25.714286
091201201439 26.666667
091201201539 24.761905
091201201639 29.52381
091201201739 28.571429
091201201839 17.142857
091201201939 27.619048
091201202039 27.619048
091201202139 31.428571
091201202239 20.952381
091201202339 24.761905
091201202439 18.095238
091201202539 17.142857
091201202639 28.571429
091201202739 22.857143
091201202839 28.571429
091201202939 26.666667
091201203039 25.714286
091201203139 22.857143
091201203239 20.952381
091201203339 24.761905
091201203439 24.761905
091201203539 27.619048
091201203639 21.904762
091201203739 26.666667
091201203839 26.666667
091201203939 24.761905
091201204039 22.857143
091201204139 20.00
091201204239 24.761905
091201204339 16.190476
091201204439 19.047619
091201204539 21.904762
091201204639 19.047619
091201204739 32.380952
091201204839 26.666667
091201204939 15.238095
091201205039 18.095238
091201205139 18.095238
091201205239 21.904762
091201205339 14.285714
091201205439 19.047619
091201205539 18.095238
091201205639 12.380952
091201205739 28.571429
091201205839 27.619048
091201205939 20.952381
091201210039 20.00
091201210139 15.238095
091201210239 22.857143
091201210339 21.904762
091201210439 17.142857
091201210539 19.047619
091201210639 18.095238
091201210739 29.52381
091201210839 21.904762
091201210939 20.952381
091201211039 19.047619
091201211139 18.095238
091201211239 17.142857
091201211339 19.047619
091201211439 22.857143
091201211539 20.00
091201211639 18.095238
091201211739 19.047619
091201211839 28.571429
091201211939 24.761905
091201212039 26.666667
091201212139 14.285714
091201212239 29.52381
091201212339 20.00
091201212439 24.761905
091201212539 23.809524
091201212639 22.857143
091201212739 24.761905
091201212839 22.857143
091201212939 27.619048
091201213039 28.571429
091201213139 26.666667
091201213239 23.809524
091201213339 22.857143
091201213439 22.857143
091201213539 26.666667
091201213639 26.666667
091201213739 28.571429
091201213839 21.904762
091201213939 22.857143
091201214039 26.666667
091201214139 21.904762
091201214239 30.47619
091201214339 15.238095
091201214439 20.952381
091201214539 21.904762
091201214639 23.809524
091201214739 26.666667
091201214839 33.333333
091201214939 27.619048
091201215039 17.142857
091201215139 20.952381
091201215239 20.952381
091201215339 21.904762
091201215439 25.714286
091201215539 20.952381
091201215639 23.809524
091201215739 19.047619
091201215839 30.47619
091201215939 22.857143
091201220039 16.190476
091201220139 22.857143
091201220239 32.380952
091201220339 24.761905
091201220439 23.809524
091201220539 24.761905
091201220639 25.714286
091201220739 22.857143
091201220839 17.142857
091201220939 27.619048
091201221039 21.904762
091201221139 19.047619
091201221239 16.190476
091201221339 24.761905
091201221439 18.095238
091201221539 18.095238
091201221639 33.333333
091201221739 16.190476
091201221839 21.904762
091201221939 30.47619
091201222039 17.142857
091201222139 20.952381
091201222239 24.761905
091201222339 26.666667
091201222439 26.666667
091201222539 26.666667
091201222639 23.809524
091201222739 22.857143
091201222839 22.857143
091201222939 29.52381
091201223039 21.904762
091201223139 23.809524
091201223239 19.047619
091201223339 20.952381
091201223439 21.904762
091201223539 19.047619
091201223639 16.190476
091201223739 27.619048
091201223839 21.904762
091201223939 15.238095
091201224039 20.00
091201224139 19.047619
091201224239 26.666667
091201224339 24.761905
091201224439 22.857143
091201224539 21.904762
091201224639 19.047619
091201224739 16.190476
091201224839 23.809524
091201224939 22.857143
091201225039 25.714286
091201225139 28.571429
091201225239 25.714286
091201225339 20.952381
091201225439 20.952381
091201225539 23.809524
091201225639 15.238095
091201225739 20.00
091201225839 25.714286
091201225939 24.761905
091201230039 16.190476
091201230139 20.00
091201230239 22.857143
091201230339 23.809524
091201230439 21.904762
091201230539 25.714286
091201230639 21.904762
091201230739 20.952381
091201230839 20.952381
091201230939 23.809524
091201231039 23.809524
091201231139 18.095238
091201231239 27.619048
091201231339 27.619048
091201231439 14.285714
091201231539 17.142857
091201231639 27.619048
091201231739 17.142857
091201231839 30.47619
091201231939 24.761905
091201232039 26.666667
091201232139 24.761905
091201232239 23.809524
091201232339 29.52381
091201232439 30.47619
091201232539 26.666667
091201232639 32.380952
091201232739 20.00
091201232839 24.761905
091201232939 22.857143
091201233039 19.047619
091201233139 25.714286
091201233239 25.714286
091201233339 17.142857
091201233439 18.095238
091201233539 21.904762
091201233639 12.380952
091201233739 21.904762
091201233839 22.857143
091201233939 22.857143
091201234039 23.809524
091201234139 23.809524
091201234239 21.904762
091201234339 24.761905
091201234439 19.047619
091201234539 21.904762
091201234639 21.904762
091201234739 19.047619
091201234839 21.904762
091201234939 21.904762
091201235039 22.857143
091201235139 19.047619
091201235239 29.52381
091201235339 25.714286
091201235439 35.238095
091201235539 25.714286
091201235639 20.00
091201235739 17.142857
091201235839 31.428571
091201235939 20.00
091202000039 23.809524
091202000139 29.52381
091202000239 23.809524
091202000339 26.666667
091202000439 26.666667
091202000539 22.857143
091202000639 20.00
091202000739 21.904762
091202000839 22.857143
091202000939 16.190476
091202001039 16.190476
091202001139 19.047619
091202001239 14.285714
091202001339 14.285714
091202001439 26.666667
091202001539 24.761905
091202001639 19.047619
091202001739 19.047619
091202001839 24.761905
091202001939 19.047619
091202002039 25.714286
091202002139 29.52381
091202002239 22.857143
091202002339 20.952381
091202002439 22.857143
091202002539 30.47619
091202002639 24.761905
091202002739 14.285714
091202002839 23.809524
091202002939 19.047619
091202003039 12.380952
091202003139 20.00
091202003239 23.809524
091202003339 23.809524
091202003439 26.666667
091202003539 21.904762
091202003639 11.428571
091202003739 19.047619
091202003839 26.666667
091202003939 23.809524
091202004039 22.857143
091202004139 32.380952
091202004239 23.809524
091202004339 20.00
091202004439 18.095238
091202004539 19.047619
091202004639 18.095238
091202004739 23.809524
091202004839 29.52381
091202004939 21.904762
091202005039 18.095238
091202005139 23.809524
091202005239 20.952381
091202005339 20.952381
091202005439 20.952381
091202005539 23.809524
091202005639 25.714286
091202005739 20.00
091202005839 21.904762
091202005939 15.238095
091202010039 26.666667
091202010139 31.428571
091202010239 20.00
091202010339 22.857143
091202010439 24.761905
091202010539 19.047619
091202010639 17.142857
091202010739 24.761905
091202010839 15.238095
091202010939 18.095238
091202011039 31.428571
091202011139 13.333333
091202011239 32.380952
091202011339 32.380952
091202011439 33.333333
091202011539 16.190476
091202011639 16.190476
091202011739 13.333333
091202011839 21.904762
091202011939 13.333333
091202012039 17.142857
091202012139 23.809524
091202012239 21.904762
091202012339 19.047619
091202012439 25.714286
091202012539 14.285714
091202012639 24.761905
091202012739 30.47619
091202012839 20.952381
091202012939 20.952381
091202013039 21.904762
091202013139 20.00
091202013239 15.238095
091202013339 21.904762
091202013439 25.714286
091202013539 23.809524
091202013639 26.666667
091202013739 18.095238
091202013839 29.52381
091202013939 22.857143
091202014039 23.809524
091202014139 21.904762
091202014239 20.00
091202014339 20.00
091202014439 22.857143
091202014539 28.571429
091202014639 21.904762
091202014739 23.809524
091202014839 22.857143
091202014939 22.857143
091202015039 17.142857
091202015139 24.761905
091202015239 28.571429
091202015339 35.238095
091202015439 23.809524
091202015539 20.00
091202015639 17.142857
091202015739 18.095238
091202015839 19.047619
091202015939 23.809524
091202020039 19.047619
091202020139 20.00
091202020239 20.952381
091202020339 20.00
091202020439 29.52381
091202020539 24.761905
091202020639 27.619048
091202020739 20.952381
091202020839 23.809524
091202020939 17.142857
091202021039 17.142857
091202021139 16.190476
091202021239 20.00
091202021339 27.619048
091202021439 12.380952
091202021539 34.285714
091202021639 22.857143
091202021739 18.095238
091202021839 21.904762
091202021939 20.00
091202022039 21.904762
091202022139 16.190476
091202022239 16.190476
091202022339 30.47619
091202022439 25.714286
091202022539 23.809524
091202022639 20.952381
091202022739 22.857143
091202022839 24.761905
091202022939 23.809524
091202023039 29.52381
091202023139 19.047619
091202023239 30.47619
091202023339 26.666667
091202023439 26.666667
091202023539 24.761905
091202023639 27.619048
091202023739 19.047619
091202023839 25.714286
091202023939 20.00
091202024039 17.142857
091202024139 23.809524
091202024239 25.714286
091202024339 17.142857
091202024439 19.047619
091202024539 20.00
091202024639 22.857143
091202024739 24.761905
091202024839 28.571429
091202024939 28.571429
091202025039 21.904762
091202025139 23.809524
091202025239 20.952381
091202025339 27.619048
091202025439 20.00
091202025539 17.142857
091202025639 25.714286
091202025739 21.904762
091202025839 25.714286
091202025939 25.714286
091202030039 13.333333
091202030139 26.666667
091202030239 22.857143
091202030339 28.571429
091202030439 18.095238
091202030539 20.00
091202030639 22.857143
091202030739 22.857143
091202030839 15.238095
091202030939 27.619048
091202031039 18.095238
091202031139 27.619048
091202031239 18.095238
091202031339 19.047619
091202031439 21.904762
091202031539 16.190476
091202031639 28.571429
091202031739 20.00
091202031839 19.047619
091202031939 17.142857
091202032039 27.619048
091202032139 18.095238
091202032239 23.809524
091202032339 20.00
091202032439 12.380952
091202032539 22.857143
091202032639 17.142857
091202032739 20.00
091202032839 28.571429
091202032939 19.047619
091202033039 27.619048
091202033139 18.095238
091202033239 26.666667
091202033339 23.809524
091202033439 28.571429
091202033539 21.904762
091202033639 20.952381
091202033739 17.142857
091202033839 17.142857
091202033939 28.571429
091202034039 22.857143
091202034139 22.857143
091202034239 23.809524
091202034339 22.857143
091202034439 31.428571
091202034539 19.047619
091202034639 24.761905
091202034739 32.380952
091202034839 21.904762
091202034939 19.047619
091202035039 20.00
091202035139 24.761905
091202035239 20.00
091202035339 22.857143
091202035439 30.47619
091202035539 17.142857
091202035639 21.904762
091202035739 19.047619
091202035839 26.666667
091202035939 28.571429
091202040039 25.714286
091202040139 26.666667
091202040239 14.285714
091202040339 26.666667
091202040439 23.809524
091202040539 21.904762
091202040639 27.619048
091202040739 23.809524
091202040839 24.761905
091202040939 20.00
091202041039 20.952381
091202041139 24.761905
091202041239 27.619048
091202041339 17.142857
091202041439 18.095238
091202041539 20.00
091202041639 27.619048
091202041739 20.00
091202041839 21.904762
091202041939 20.952381
091202042039 18.095238
091202042139 18.095238
091202042239 17.142857
091202042339 19.047619
091202042439 25.714286
091202042539 28.571429
091202042639 23.809524
091202042739 21.904762
091202042839 28.571429
091202042939 32.380952
091202043039 21.904762
091202043139 20.952381
091202043239 19.047619
091202043339 21.904762
091202043439 24.761905
091202043539 22.857143
091202043639 24.761905
091202043739 21.904762
091202043839 22.857143
091202043939 34.285714
091202044039 21.904762
091202044139 22.857143
091202044239 22.857143
091202044339 22.857143
091202044439 17.142857
091202044539 22.857143
091202044639 20.952381
091202044739 25.714286
091202044839 26.666667
091202044939 20.952381
091202045039 27.619048
091202045139 19.047619
091202045239 23.809524
091202045339 22.857143
091202045439 22.857143
091202045539 25.714286
091202045639 20.00
091202045739 40.00
091202045839 34.285714
091202045939 24.761905
091202050039 29.52381
091202050139 16.190476
091202050239 23.809524
091202050339 30.47619
091202050439 23.809524
091202050539 25.714286
091202050639 19.047619
091202050739 26.666667
091202050839 15.238095
091202050939 30.47619
091202051039 28.571429
091202051139 18.095238
091202051239 31.428571
091202051339 18.095238
091202051439 20.952381
091202051539 15.238095
091202051639 25.714286
091202051739 28.571429
091202051839 18.095238
091202051939 20.00
091202052039 30.47619
091202052139 30.47619
091202052239 28.571429
091202052339 21.904762
091202052439 25.714286
091202052539 17.142857
091202052639 29.52381
091202052739 25.714286
091202052839 23.809524
091202052939 23.809524
091202053039 16.190476
091202053139 29.52381
091202053239 19.047619
091202053339 30.47619
091202053439 20.00
091202053539 24.761905
091202053639 20.00
091202053739 17.142857
091202053839 28.571429
091202053939 27.619048
091202054039 19.047619
091202054139 22.857143
091202054239 25.714286
091202054339 20.952381
091202054439 23.809524
091202054539 20.00
091202054639 23.809524
091202054739 26.666667
091202054839 28.571429
091202054939 21.904762
091202055039 21.904762
091202055139 22.857143
091202055239 20.952381
091202055339 25.714286
091202055439 19.047619
091202055539 19.047619
091202055639 26.666667
091202055739 18.095238
091202055839 20.952381
091202055939 20.00
091202060039 27.619048
091202060139 20.00
091202060239 30.47619
091202060339 14.285714
091202060439 20.952381
091202060539 24.761905
091202060639 29.52381
091202060739 19.047619
091202060839 24.761905
091202060939 17.142857
091202061039 17.142857
091202061139 20.952381
091202061239 27.619048
091202061339 18.095238
091202061439 21.904762
091202061539 25.714286
091202061639 14.285714
091202061739 20.952381
091202061839 19.047619
091202061939 20.00
091202062039 21.904762
091202062139 27.619048
091202062239 20.952381
091202062339 25.714286
091202062439 23.809524
091202062539 20.952381
091202062639 34.285714
091202062739 23.809524
091202062839 21.904762
091202062939 16.190476
091202063039 24.761905
091202063139 26.666667
091202063239 20.952381
091202063339 23.809524
091202063439 30.47619
091202063539 26.666667
091202063639 22.857143
091202063739 21.904762
091202063839 26.666667
091202063939 20.00
091202064039 20.952381
091202064139 21.904762
091202064239 26.666667
091202064339 22.857143
091202064439 20.00
091202064539 21.904762
091202064639 23.809524
091202064739 24.761905
091202064839 20.00
091202064939 18.095238
091202065039 31.428571
091202065139 20.952381
091202065239 21.904762
091202065339 19.047619
091202065439 24.761905
091202065539 8.571429
091202065639 30.47619
091202065739 19.047619
091202065839 20.00
091202065939 25.714286
091202070039 21.904762
091202070139 26.666667
091202070239 29.52381
091202070339 23.809524
091202070439 30.47619
091202070539 22.857143
091202070639 20.00
091202070739 25.714286
091202070839 29.52381
091202070939 23.809524
091202071039 18.095238
091202071139 20.00
091202071239 20.952381
091202071339 21.904762
091202071439 15.238095
091202071539 22.857143
091202071639 19.047619
091202071739 28.571429
091202071839 18.095238
091202071939 35.238095
091202072039 24.761905
091202072139 27.619048
091202072239 20.00
091202072339 29.52381
091202072439 23.809524
091202072539 29.52381
091202072639 26.666667
091202072739 19.047619
091202072839 37.142857
091202072939 21.904762
091202073039 19.047619
091202073139 20.952381
091202073239 21.904762
091202073339 24.761905
091202073439 21.904762
091202073539 25.714286
091202073639 22.857143
091202073739 21.904762
091202073839 15.238095
091202073939 18.095238
091202074039 31.428571
091202074139 26.666667
091202074239 25.714286
091202074339 28.571429
091202074439 24.761905
091202074539 22.857143
091202074639 26.666667
091202074739 20.952381
091202074839 21.904762
091202074939 23.809524
091202075039 23.809524
091202075139 23.809524
091202075239 21.904762
091202075339 23.809524
091202075439 27.619048
091202075539 25.714286
091202075639 29.52381
091202075739 22.857143
091202075839 21.904762
091202075939 23.809524
091202080039 20.952381
091202080139 18.095238
091202080239 20.952381
091202080339 28.571429
091202080439 15.238095
091202080539 29.52381
091202080639 16.190476
091202080739 17.142857
091202080839 25.714286
091202080939 24.761905
091202081039 15.238095
091202081139 23.809524
091202081239 19.047619
091202081339 22.857143
091202081439 31.428571
091202081539 22.857143
091202081639 25.714286
091202081739 23.809524
091202081839 19.047619
091202081939 20.00
091202082039 28.571429
091202082139 20.00
091202082239 22.857143
091202082339 21.904762
091202082439 19.047619
091202082539 20.952381
091202082639 22.857143
091202082739 21.904762
091202082839 22.857143
091202082939 25.714286
091202083039 25.714286
091202083139 25.714286
091202083239 30.47619
091202083339 25.714286
091202083439 25.714286
091202083539 21.904762
091202083639 19.047619
091202083739 16.190476
091202083839 18.095238
091202083939 30.47619
091202084039 20.00
091202084139 20.952381
091202084239 18.095238
091202084339 20.952381
091202084439 26.666667
091202084539 19.047619
091202084639 20.952381
091202084739 23.809524
091202084839 13.333333
091202084939 19.047619
091202085039 22.857143
091202085139 20.00
091202085239 19.047619
091202085339 20.952381
091202085439 22.857143
091202085539 24.761905
091202085639 23.809524
091202085739 19.047619
091202085839 31.428571
091202085939 22.857143
091202090039 20.00
091202090139 32.380952
091202090239 29.52381
091202090339 22.857143
091202090439 21.904762
091202090539 36.190476
091202090639 32.380952
091202090739 28.571429
091202090839 10.47619
091202090939 19.047619
091202091039 23.809524
091202091139 20.952381
091202091239 15.238095
091202091339 26.666667
091202091439 22.857143
091202091539 36.190476
091202091639 24.761905
091202091739 26.666667
091202091839 24.761905
091202091939 28.571429
091202092039 20.952381
091202092139 29.52381
091202092239 16.190476
091202092339 26.666667
091202092439 27.619048
091202092539 18.095238
091202092639 27.619048
091202092739 25.714286
091202092839 27.619048
091202092939 21.904762
091202093039 22.857143
091202093139 21.904762
091202093239 27.619048
091202093339 21.904762
091202093439 22.857143
091202093539 21.904762
091202093639 20.00
091202093739 18.095238
091202093839 26.666667
091202093939 21.904762
091202094039 17.142857
091202094139 16.190476
091202094239 24.761905
091202094339 15.238095
091202094439 20.952381
091202094539 22.857143
091202094639 28.571429
091202094739 18.095238
091202094839 20.00
091202094939 16.190476
091202095039 20.00
091202095139 20.952381
091202095239 19.047619
091202095339 19.047619
091202095439 21.904762
091202095539 23.809524
091202095639 19.047619
091202095739 30.47619
091202095839 22.857143
091202095939 27.619048
091202100039 27.619048
091202100139 19.047619
091202100239 20.952381
091202100339 22.857143
091202100439 26.666667
091202100539 20.00
091202100639 24.761905
091202100739 22.857143
091202100839 17.142857
091202100939 28.571429
091202101039 30.47619
091202101139 16.190476
091202101239 24.761905
091202101339 15.238095
091202101439 23.809524
091202101539 25.714286
091202101639 26.666667
091202101739 19.047619
091202101839 19.047619
091202101939 19.047619
091202102039 20.952381
091202102139 20.952381
091202102239 25.714286
091202102339 28.571429
091202102439 18.095238
091202102539 25.714286
091202102639 13.333333
091202102739 20.00
091202102839 20.00
091202102939 20.952381
091202103039 21.904762
091202103139 20.952381
091202103239 21.904762
091202103339 23.809524
091202103439 27.619048
091202103539 20.952381
091202103639 30.47619
091202103739 17.142857
091202103839 14.285714
091202103939 23.809524
091202104039 21.904762
091202104139 21.904762
091202104239 20.00
091202104339 18.095238
091202104439 23.809524
091202104539 21.904762
091202104639 26.666667
091202104739 23.809524
091202104839 18.095238
091202104939 29.52381
091202105039 23.809524
091202105139 19.047619
091202105239 27.619048
091202105339 28.571429
091202105439 24.761905
091202105539 20.00
091202105639 29.52381
091202105739 16.190476
091202105839 26.666667
091202105939 23.809524
091202110039 31.428571
091202110139 33.333333
091202110239 19.047619
091202110339 32.380952
091202110439 21.904762
091202110539 25.714286
091202110639 27.619048
091202110739 23.809524
091202110839 32.380952
091202110939 22.857143
091202111039 24.761905
091202111139 30.47619
091202111239 22.857143
091202111339 27.619048
091202111439 22.857143
091202111539 30.47619
091202111639 17.142857
091202111739 21.904762
091202111839 23.809524
091202111939 19.047619
091202112039 17.142857
091202112139 21.904762
091202112239 19.047619
091202112339 14.285714
091202112439 18.095238
091202112539 28.571429
091202112639 20.00
091202112739 18.095238
091202112839 24.761905
091202112939 21.904762
091202113039 20.952381
091202113139 23.809524
091202113239 17.142857
091202113339 21.904762
091202113439 15.238095
091202113539 19.047619
091202113639 21.904762
091202113739 20.00
091202113839 20.00
091202113939 20.00
091202114039 14.285714
091202114139 27.619048
091202114239 25.714286
091202114339 19.047619
091202114439 22.857143
091202114539 25.714286
091202114639 23.809524
091202114739 20.952381
091202114839 20.952381
091202114939 19.047619
091202115039 27.619048
091202115139 27.619048
091202115239 30.47619
091202115339 34.285714
091202115439 29.52381
091202115539 16.190476
091202115639 18.095238
091202115739 22.857143
091202115839 29.52381
091202115939 22.857143
091202120039 26.666667
091202120139 20.952381
091202120239 21.904762
091202120339 26.666667
091202120439 27.619048
091202120539 18.095238
091202120639 17.142857
091202120739 20.00
091202120839 22.857143
091202120939 23.809524
091202121039 21.904762
091202121139 28.571429
091202121239 19.047619
091202121339 26.666667
091202121439 30.47619
091202121539 19.047619
091202121639 16.190476
091202121739 16.190476
091202121839 19.047619
091202121939 14.285714
091202122039 14.285714
091202122139 28.571429
091202122239 24.761905
091202122339 25.714286
091202122439 20.952381
091202122539 20.00
091202122639 28.571429
091202122739 20.00
091202122839 21.904762
091202122939 20.952381
091202123039 21.904762
091202123139 28.571429
091202123239 27.619048
091202123339 17.142857
091202123439 24.761905
091202123539 20.00
091202123639 29.52381
091202123739 23.809524
091202123839 17.142857
091202123939 21.904762
091202124039 21.904762
091202124139 25.714286
091202124239 22.857143
091202124339 18.095238
091202124439 18.095238
091202124539 25.714286
091202124639 27.619048
091202124739 18.095238
091202124839 18.095238
091202124939 25.714286
091202125039 21.904762
091202125139 18.095238
091202125239 22.857143
091202125339 20.00
091202125439 17.142857
091202125539 18.095238
091202125639 20.00
091202125739 18.095238
091202125839 18.095238
091202125939 20.00
091202130039 24.761905
091202130139 15.238095
091202130239 34.285714
091202130339 16.190476
091202130439 22.857143
091202130539 21.904762
091202130639 19.047619
091202130739 28.571429
091202130839 11.428571
091202130939 19.047619
091202131039 26.666667
091202131139 18.095238
091202131239 23.809524
091202131339 19.047619
091202131439 27.619048
091202131539 20.952381
091202131639 23.809524
091202131739 20.00
091202131839 28.571429
091202131939 16.190476
091202132039 25.714286
091202132139 24.761905
091202132239 24.761905
091202132339 15.238095
091202132439 22.857143
091202132539 23.809524
091202132639 16.190476
091202132739 23.809524
091202132839 17.142857
091202132939 16.190476
091202133039 24.761905
091202133139 23.809524
091202133239 29.52381
091202133339 25.714286
091202133439 18.095238
091202133539 21.904762
091202133639 22.857143
091202133739 16.190476
091202133839 17.142857
091202133939 34.285714
091202134039 29.52381
091202134139 22.857143
091202134239 22.857143
091202134339 19.047619
091202134439 20.00
091202134539 21.904762
091202134639 20.952381
091202134739 24.761905
091202134839 25.714286
091202134939 17.142857
091202135039 20.00
091202135139 23.809524
091202135239 17.142857
091202135339 20.952381
091202135439 23.809524
091202135539 29.52381
091202135639 23.809524
091202135739 26.666667
091202135839 28.571429
091202135939 27.619048
091202140039 20.00
091202140139 25.714286
091202140239 20.952381
091202140339 21.904762
091202140439 16.190476
091202140539 22.857143
091202140639 22.857143
091202140739 23.809524
091202140839 18.095238
091202140939 21.904762
091202141039 23.809524
091202141139 28.571429
091202141239 20.00
091202141339 24.761905
091202141439 25.714286
091202141539 20.952381
091202141639 23.809524
091202141739 23.809524
091202141839 23.809524
091202141939 17.142857
091202142039 22.857143
091202142139 15.238095
091202142239 35.238095
091202142339 22.857143
091202142439 22.857143
091202142539 20.952381
091202142639 30.47619
091202142739 21.904762
091202142839 25.714286
091202142939 22.857143
091202143039 20.00
091202143139 21.904762
091202143239 31.428571
091202143339 23.809524
091202143439 22.857143
091202143539 18.095238
091202143639 13.333333
091202143739 35.238095
091202143839 22.857143
091202143939 14.285714
091202144039 25.714286
091202144139 34.285714
091202144239 23.809524
091202144339 24.761905
091202144439 24.761905
091202144539 19.047619
091202144639 17.142857
091202144739 17.142857
091202144839 20.952381
091202144939 22.857143
091202145039 20.00
091202145139 26.666667
091202145239 20.952381
091202145339 22.857143
091202145439 22.857143
091202145539 12.380952
091202145639 17.142857
091202145739 20.952381
091202145839 20.952381
091202145939 16.190476
091202150039 22.857143
091202150139 21.904762
091202150239 23.809524
091202150339 22.857143
091202150439 17.142857
091202150539 16.190476
091202150639 20.00
091202150739 25.714286
091202150839 24.761905
091202150939 20.00
091202151039 25.714286
091202151139 19.047619
091202151239 22.857143
091202151339 26.666667
091202151439 13.333333
091202151539 22.857143
091202151639 24.761905
091202151739 21.904762
091202151839 22.857143
091202151939 24.761905
091202152039 20.952381
091202152139 23.809524
091202152239 16.190476
091202152339 32.380952
091202152439 26.666667
091202152539 22.857143
091202152639 24.761905
091202152739 21.904762
091202152839 19.047619
091202152939 16.190476
091202153039 30.47619
091202153139 32.380952
091202153239 30.47619
091202153339 24.761905
091202153439 19.047619
091202153539 18.095238
091202153639 29.52381
091202153739 25.714286
091202153839 17.142857
091202153939 20.952381
091202154039 22.857143
091202154139 21.904762
091202154239 18.095238
091202154339 23.809524
091202154439 29.52381
091202154539 13.333333
091202154639 23.809524
091202154739 17.142857
091202154839 23.809524
091202154939 20.00
091202155039 14.285714
091202155139 28.571429
091202155239 22.857143
091202155339 16.190476
091202155439 20.00
091202155539 20.952381
091202155639 31.428571
091202155739 22.857143
091202155839 19.047619
091202155939 16.190476
091202160039 21.904762
091202160139 19.047619
091202160239 24.761905
091202160339 22.857143
091202160439 22.857143
091202160539 20.00
091202160639 23.809524
091202160739 23.809524
091202160839 25.714286
091202160939 23.809524
091202161039 32.380952
091202161139 18.095238
091202161239 23.809524
091202161339 16.190476
091202161439 20.00
091202161539 20.952381
091202161639 21.904762
091202161739 25.714286
091202161839 20.00
091202161939 21.904762
091202162039 13.333333
091202162139 20.00
091202162239 20.00
091202162339 20.00
091202162439 18.095238
091202162539 24.761905
091202162639 18.095238
091202162739 18.095238
091202162839 19.047619
091202162939 19.047619
091202163039 23.809524
091202163139 22.857143
091202163239 27.619048
091202163339 20.00
091202163439 30.47619
091202163539 19.047619
091202163639 27.619048
091202163739 24.761905
091202163839 21.904762
091202163939 21.904762
091202164039 16.190476
091202164139 16.190476
091202164239 21.904762
091202164339 18.095238
091202164439 29.52381
091202164539 33.333333
091202164639 22.857143
091202164739 32.380952
091202164839 15.238095
091202164939 27.619048
091202165039 23.809524
091202165139 21.904762
091202165239 19.047619
091202165339 25.714286
091202165439 19.047619
091202165539 12.380952
091202165639 20.00
091202165739 21.904762
091202165839 28.571429
091202165939 18.095238
091202170039 22.857143
091202170139 15.238095
091202170239 20.952381
091202170339 20.952381
091202170439 23.809524
091202170539 28.571429
091202170639 28.571429
091202170739 19.047619
091202170839 15.238095
091202170939 20.952381
091202171039 22.857143
091202171139 19.047619
091202171239 18.095238
091202171339 14.285714
091202171439 28.571429
091202171539 25.714286
091202171639 20.00
091202171739 22.857143
091202171839 24.761905
091202171939 29.52381
091202172039 17.142857
091202172139 20.952381
091202172239 21.904762
091202172339 27.619048
091202172439 18.095238
091202172539 28.571429
091202172639 26.666667
091202172739 26.666667
091202172839 26.666667
091202172939 20.952381
091202173039 21.904762
091202173139 27.619048
091202173239 26.666667
091202173339 24.761905
091202173439 33.333333
091202173539 24.761905
091202173639 17.142857
091202173739 17.142857
091202173839 20.952381
091202173939 19.047619
091202174039 29.52381
091202174139 21.904762
091202174239 17.142857
091202174339 25.714286
091202174439 28.571429
091202174539 16.190476
091202174639 19.047619
091202174739 25.714286
091202174839 25.714286
091202174939 28.571429
091202175039 20.952381
091202175139 21.904762
091202175239 25.714286
091202175339 17.142857
091202175439 24.761905
091202175539 22.857143
091202175639 18.095238
091202175739 19.047619
091202175839 20.952381
091202175939 20.952381
091202180039 25.714286
091202180139 19.047619
091202180239 15.238095
091202180339 24.761905
091202180439 18.095238
091202180539 21.904762
091202180639 28.571429
091202180739 18.095238
091202180839 18.095238
091202180939 20.952381
091202181039 22.857143
091202181139 22.857143
091202181239 32.380952
091202181339 20.952381
091202181439 12.380952
091202181539 20.952381
091202181639 17.142857
091202181739 21.904762
091202181839 25.714286
091202181939 26.666667
091202182039 13.333333
091202182139 20.952381
091202182239 23.809524
091202182339 17.142857
091202182439 21.904762
091202182539 17.142857
091202182639 20.952381
091202182739 22.857143
091202182839 20.952381
091202182939 20.00
091202183039 21.904762
091202183139 22.857143
091202183239 22.857143
091202183339 13.333333
091202183439 23.809524
091202183539 28.571429
091202183639 25.714286
091202183739 24.761905
091202183839 23.809524
091202183939 15.238095
091202184039 24.761905
091202184139 28.571429
091202184239 24.761905
091202184339 12.380952
091202184439 23.809524
091202184539 20.00
091202184639 20.952381
091202184739 15.238095
091202184839 22.857143
091202184939 26.666667
091202185039 13.333333
091202185139 27.619048
091202185239 15.238095
091202185339 15.238095
091202185439 20.00
091202185539 17.142857
091202185639 27.619048
091202185739 25.714286
091202185839 24.761905
091202185939 20.952381
091202190039 25.714286
091202190139 24.761905
091202190239 33.333333
091202190339 19.047619
091202190439 26.666667
091202190539 27.619048
091202190639 24.761905
091202190739 24.761905
091202190839 16.190476
091202190939 20.952381
091202191039 22.857143
091202191139 21.904762
091202191239 18.095238
091202191339 27.619048
091202191439 24.761905
091202191539 26.666667
091202191639 24.761905
091202191739 23.809524
091202191839 20.952381
091202191939 20.952381
091202192039 25.714286
091202192139 27.619048
091202192239 21.904762
091202192339 20.952381
091202192439 29.52381
091202192539 15.238095
091202192639 25.714286
091202192739 20.952381
091202192839 20.00
091202192939 30.47619
091202193039 25.714286
091202193139 22.857143
091202193239 17.142857
091202193339 22.857143
091202193439 27.619048
091202193539 24.761905
091202193639 18.095238
091202193739 21.904762
091202193839 17.142857
091202193939 23.809524
091202194039 21.904762
091202194139 20.952381
091202194239 26.666667
091202194339 31.428571
091202194439 21.904762
091202194539 19.047619
091202194639 14.285714
091202194739 16.190476
091202194839 23.809524
091202194939 20.952381
091202195039 30.47619
091202195139 22.857143
091202195239 18.095238
091202195339 18.095238
091202195439 27.619048
091202195539 20.00
091202195639 25.714286
091202195739 25.714286
091202195839 11.428571
091202195939 17.142857
091202200039 23.809524
091202200139 20.00
091202200239 23.809524
091202200339 22.857143
091202200439 20.00
091202200539 14.285714
091202200639 20.00
091202200739 30.47619
091202200839 28.571429
091202200939 22.857143
091202201039 24.761905
091202201139 19.047619
091202201239 23.809524
091202201339 22.857143
091202201439 22.857143
091202201539 18.095238
091202201639 24.761905
091202201739 22.857143
091202201839 15.238095
091202201939 14.285714
091202202039 21.904762
091202202139 20.00
091202202239 27.619048
091202202339 26.666667
091202202439 36.190476
091202202539 20.952381
091202202639 28.571429
091202202739 25.714286
091202202839 16.190476
091202202939 31.428571
091202203039 20.952381
091202203139 26.666667
091202203239 26.666667
091202203339 30.47619
091202203439 19.047619
091202203539 23.809524
091202203639 23.809524
091202203739 18.095238
091202203839 21.904762
091202203939 35.238095
091202204039 25.714286
091202204139 22.857143
091202204239 20.952381
091202204339 24.761905
091202204439 23.809524
091202204539 15.238095
091202204639 24.761905
091202204739 23.809524
091202204839 21.904762
091202204939 18.095238
091202205039 25.714286
091202205139 22.857143
091202205239 28.571429
091202205339 19.047619
091202205439 24.761905
091202205539 17.142857
091202205639 19.047619
091202205739 26.666667
091202205839 24.761905
091202205939 22.857143
091202210039 23.809524
091202210139 25.714286
091202210239 23.809524
091202210339 22.857143
091202210439 25.714286
091202210539 15.238095
091202210639 19.047619
091202210739 21.904762
091202210839 28.571429
091202210939 26.666667
091202211039 32.380952
091202211139 32.380952
091202211239 23.809524
091202211339 25.714286
091202211439 25.714286
091202211539 22.857143
091202211639 23.809524
091202211739 21.904762
091202211839 21.904762
091202211939 20.952381
091202212039 28.571429
091202212139 29.52381
091202212239 23.809524
091202212339 20.952381
091202212439 28.571429
091202212539 27.619048
091202212639 22.857143
091202212739 26.666667
091202212839 15.238095
091202212939 28.571429
091202213039 25.714286
091202213139 24.761905
091202213239 21.904762
091202213339 26.666667
091202213439 23.809524
091202213539 20.952381
091202213639 38.095238
091202213739 18.095238
091202213839 23.809524
091202213939 19.047619
091202214039 25.714286
091202214139 27.619048
091202214239 20.00
091202214339 21.904762
091202214439 20.00
091202214539 18.095238
091202214639 18.095238
091202214739 28.571429
091202214839 34.285714
091202214939 26.666667
091202215039 21.904762
091202215139 14.285714
091202215239 16.190476
091202215339 13.333333
091202215439 23.809524
091202215539 24.761905
091202215639 17.142857
091202215739 20.952381
091202215839 22.857143
091202215939 19.047619
091202220039 21.904762
091202220139 19.047619
091202220239 17.142857
091202220339 30.47619
091202220439 22.857143
091202220539 24.761905
091202220639 17.142857
091202220739 28.571429
091202220839 15.238095
091202220939 13.333333
091202221039 20.952381
091202221139 19.047619
091202221239 19.047619
091202221339 20.952381
091202221439 20.952381
091202221539 31.428571
091202221639 23.809524
091202221739 21.904762
091202221839 14.285714
091202221939 16.190476
091202222039 25.714286
091202222139 25.714286
091202222239 16.190476
091202222339 23.809524
091202222439 28.571429
091202222539 28.571429
091202222639 25.714286
091202222739 21.904762
091202222839 20.00
091202222939 17.142857
091202223039 25.714286
091202223139 26.666667
091202223239 17.142857
091202223339 17.142857
091202223439 20.952381
091202223539 21.904762
091202223639 26.666667
091202223739 13.333333
091202223839 20.00
091202223939 20.00
091202224039 26.666667
091202224139 24.761905
091202224239 20.00
091202224339 28.571429
091202224439 15.238095
091202224539 22.857143
091202224639 22.857143
091202224739 20.952381
091202224839 27.619048
091202224939 26.666667
091202225039 20.952381
091202225139 17.142857
091202225239 25.714286
091202225339 23.809524
091202225439 25.714286
091202225539 27.619048
091202225639 21.904762
091202225739 20.952381
091202225839 27.619048
091202225939 20.952381
091202230039 24.761905
091202230139 20.00
091202230239 21.904762
091202230339 33.333333
091202230439 22.857143
091202230539 27.619048
091202230639 20.952381
091202230739 21.904762
091202230839 14.285714
091202230939 20.952381
091202231039 16.190476
091202231139 23.809524
091202231239 18.095238
091202231339 20.952381
091202231439 33.333333
091202231539 25.714286
091202231639 21.904762
091202231739 20.952381
091202231839 23.809524
091202231939 16.190476
091202232039 26.666667
091202232139 21.904762
091202232239 20.00
091202232339 24.761905
091202232439 25.714286
091202232539 28.571429
091202232639 17.142857
091202232739 19.047619
091202232839 19.047619
091202232939 23.809524
091202233039 16.190476
091202233139 22.857143
091202233239 26.666667
091202233339 24.761905
091202233439 33.333333
091202233539 20.952381
091202233639 23.809524
091202233739 28.571429
091202233839 24.761905
091202233939 19.047619
091202234039 26.666667
091202234139 28.571429
091202234239 30.47619
091202234339 20.952381
091202234439 14.285714
091202234539 28.571429
091202234639 21.904762
091202234739 27.619048
091202234839 26.666667
091202234939 23.809524
091202235039 24.761905
091202235139 20.00
091202235239 20.00
091202235339 17.142857
091202235439 28.571429
091202235539 17.142857
091202235639 22.857143
091202235739 24.761905
091202235839 18.095238
091202235939 20.00
091203000039 25.714286
091203000139 23.809524
091203000239 24.761905
091203000339 28.571429
091203000439 21.904762
091203000539 22.857143
091203000639 21.904762
091203000739 22.857143
091203000839 25.714286
091203000939 21.904762
091203001039 22.857143
091203001139 25.714286
091203001239 17.142857
091203001339 15.238095
091203001439 28.571429
091203001539 28.571429
091203001639 23.809524
091203001739 32.380952
091203001839 29.52381
091203001939 33.333333
091203002039 23.809524
091203002139 25.714286
091203002239 18.095238
091203002339 22.857143
091203002439 15.238095
091203002539 19.047619
091203002639 23.809524
091203002739 19.047619
091203002839 32.380952
091203002939 33.333333
091203003039 28.571429
091203003139 26.666667
091203003239 28.571429
091203003339 35.238095
091203003439 34.285714
091203003539 19.047619
091203003639 26.666667
091203003739 20.00
091203003839 29.52381
091203003939 24.761905
091203004039 22.857143
091203004139 24.761905
091203004239 20.00
091203004339 22.857143
091203004439 19.047619
091203004539 19.047619
091203004639 15.238095
091203004739 28.571429
091203004839 22.857143
091203004939 27.619048
091203005039 18.095238
091203005139 20.952381
091203005239 17.142857
091203005339 23.809524
091203005439 20.952381
091203005539 16.190476
091203005639 17.142857
091203005739 24.761905
091203005839 24.761905
091203005939 17.142857
091203010039 19.047619
091203010139 18.095238
091203010239 21.904762
091203010339 28.571429
091203010439 24.761905
091203010539 21.904762
091203010639 21.904762
091203010739 27.619048
091203010839 29.52381
091203010939 30.47619
091203011039 24.761905
091203011139 18.095238
091203011239 25.714286
091203011339 24.761905
091203011439 20.00
091203011539 26.666667
091203011639 27.619048
091203011739 30.47619
091203011839 17.142857
091203011939 20.00
091203012039 26.666667
091203012139 19.047619
091203012239 28.571429
091203012339 19.047619
091203012439 25.714286
091203012539 19.047619
091203012639 28.571429
091203012739 23.809524
091203012839 25.714286
091203012939 19.047619
091203013039 17.142857
091203013139 24.761905
091203013239 21.904762
091203013339 18.095238
091203013439 23.809524
091203013539 21.904762
091203013639 21.904762
091203013739 22.857143
091203013839 17.142857
091203013939 26.666667
091203014039 24.761905
091203014139 24.761905
091203014239 25.714286
091203014339 22.857143
091203014439 19.047619
091203014539 15.238095
091203014639 28.571429
091203014739 30.47619
091203014839 20.00
091203014939 29.52381
091203015039 20.952381
091203015139 21.904762
091203015239 28.571429
091203015339 14.285714
091203015439 31.428571
091203015539 25.714286
091203015639 22.857143
091203015739 28.571429
091203015839 23.809524
091203015939 20.952381
091203020039 26.666667
091203020139 17.142857
091203020239 27.619048
091203020339 17.142857
091203020439 26.666667
091203020539 23.809524
091203020639 16.190476
091203020739 23.809524
091203020839 23.809524
091203020939 22.857143
091203021039 23.809524
091203021139 20.952381
091203021239 26.666667
091203021339 25.714286
091203021439 20.00
091203021539 25.714286
091203021639 19.047619
091203021739 26.666667
091203021839 20.00
091203021939 22.857143
091203022039 20.952381
091203022139 29.52381
091203022239 23.809524
091203022339 30.47619
091203022439 21.904762
091203022539 20.00
091203022639 11.428571
091203022739 14.285714
091203022839 22.857143
091203022939 27.619048
091203023039 15.238095
091203023139 29.52381
091203023239 16.190476
091203023339 20.952381
091203023439 23.809524
091203023539 17.142857
091203023639 24.761905
091203023739 20.952381
091203023839 32.380952
091203023939 23.809524
091203024039 21.904762
091203024139 13.333333
091203024239 25.714286
091203024339 31.428571
091203024439 24.761905
091203024539 22.857143
091203024639 30.47619
091203024739 25.714286
091203024839 23.809524
091203024939 21.904762
091203025039 20.00
091203025139 21.904762
091203025239 24.761905
091203025339 20.00
091203025439 28.571429
091203025539 21.904762
091203025639 19.047619
091203025739 28.571429
091203025839 23.809524
091203025939 22.857143
091203030039 18.095238
091203030139 19.047619
091203030239 23.809524
091203030339 28.571429
091203030439 25.714286
091203030539 22.857143
091203030639 26.666667
091203030739 20.00
091203030839 20.00
091203030939 25.714286
091203031039 17.142857
091203031139 21.904762
091203031239 14.285714
091203031339 22.857143
091203031439 29.52381
091203031539 25.714286
091203031639 29.52381
091203031739 18.095238
091203031839 30.47619
091203031939 19.047619
091203032039 29.52381
091203032139 27.619048
091203032239 20.952381
091203032339 29.52381
091203032439 20.00
091203032539 38.095238
091203032639 22.857143
091203032739 20.952381
091203032839 21.904762
091203032939 21.904762
091203033039 19.047619
091203033139 17.142857
091203033239 21.904762
091203033339 19.047619
091203033439 19.047619
091203033539 26.666667
091203033639 30.47619
091203033739 24.761905
091203033839 21.904762
091203033939 21.904762
091203034039 18.095238
091203034139 28.571429
091203034239 17.142857
091203034339 16.190476
091203034439 15.238095
091203034539 21.904762
091203034639 23.809524
091203034739 22.857143
091203034839 31.428571
091203034939 25.714286
091203035039 21.904762
091203035139 18.095238
091203035239 26.666667
091203035339 21.904762
091203035439 31.428571
091203035539 20.952381
091203035639 21.904762
091203035739 25.714286
091203035839 33.333333
091203035939 28.571429
091203040039 17.142857
091203040139 20.00
091203040239 21.904762
091203040339 28.571429
091203040439 29.52381
091203040539 20.952381
091203040639 23.809524
091203040739 23.809524
091203040839 20.952381
091203040939 20.952381
091203041039 12.380952
091203041139 20.952381
091203041239 21.904762
091203041339 18.095238
091203041439 20.00
091203041539 20.00
091203041639 23.809524
091203041739 21.904762
091203041839 32.380952
091203041939 20.952381
091203042039 31.428571
091203042139 19.047619
091203042239 21.904762
091203042339 24.761905
091203042439 27.619048
091203042539 23.809524
091203042639 28.571429
091203042739 19.047619
091203042839 18.095238
091203042939 18.095238
091203043039 26.666667
091203043139 26.666667
091203043239 20.00
091203043339 23.809524
091203043439 24.761905
091203043539 26.666667
091203043639 30.47619
091203043739 30.47619
091203043839 28.571429
091203043939 28.571429
091203044039 19.047619
091203044139 22.857143
091203044239 26.666667
091203044339 18.095238
091203044439 25.714286
091203044539 29.52381
091203044639 17.142857
091203044739 25.714286
091203044839 26.666667
091203044939 32.380952
091203045039 21.904762
091203045139 21.904762
091203045239 23.809524
091203045339 20.952381
091203045439 22.857143
091203045539 21.904762
091203045639 32.380952
091203045739 21.904762
091203045839 25.714286
091203045939 20.952381
091203050039 20.00
091203050139 18.095238
091203050239 18.095238
091203050339 18.095238
091203050439 19.047619
091203050539 23.809524
091203050639 22.857143
091203050739 18.095238
091203050839 20.952381
091203050939 27.619048
091203051039 27.619048
091203051139 18.095238
091203051239 25.714286
091203051339 20.00
091203051439 16.190476
091203051539 24.761905
091203051639 22.857143
091203051739 25.714286
091203051839 17.142857
091203051939 21.904762
091203052039 19.047619
091203052139 25.714286
091203052239 21.904762
091203052339 22.857143
091203052439 27.619048
091203052539 26.666667
091203052639 19.047619
091203052739 21.904762
091203052839 26.666667
091203052939 21.904762
091203053039 16.190476
091203053139 18.095238
091203053239 20.00
091203053339 24.761905
091203053439 20.00
091203053539 19.047619
091203053639 21.904762
091203053739 20.952381
091203053839 16.190476
091203053939 24.761905
091203054039 20.952381
091203054139 23.809524
091203054239 26.666667
091203054339 21.904762
091203054439 21.904762
091203054539 24.761905
091203054639 25.714286
091203054739 21.904762
091203054839 19.047619
091203054939 18.095238
091203055039 28.571429
091203055139 29.52381
091203055239 25.714286
091203055339 20.00
091203055439 22.857143
091203055539 20.00
091203055639 29.52381
091203055739 17.142857
091203055839 23.809524
091203055939 15.238095
091203060039 22.857143
091203060139 18.095238
091203060239 20.00
091203060339 28.571429
091203060439 26.666667
091203060539 20.952381
091203060639 20.952381
091203060739 25.714286
091203060839 21.904762
091203060939 25.714286
091203061039 15.238095
091203061139 20.952381
091203061239 18.095238
091203061339 24.761905
091203061439 21.904762
091203061539 19.047619
091203061639 23.809524
091203061739 21.904762
091203061839 20.00
091203061939 25.714286
091203062039 31.428571
091203062139 20.952381
091203062239 20.952381
091203062339 23.809524
091203062439 31.428571
091203062539 16.190476
091203062639 17.142857
091203062739 24.761905
091203062839 28.571429
091203062939 22.857143
091203063039 38.095238
091203063139 22.857143
091203063239 25.714286
091203063339 20.00
091203063439 29.52381
091203063539 24.761905
091203063639 14.285714
091203063739 26.666667
091203063839 22.857143
091203063939 28.571429
091203064039 26.666667
091203064139 28.571429
091203064239 26.666667
091203064339 24.761905
091203064439 22.857143
091203064539 21.904762
091203064639 23.809524
091203064739 30.47619
091203064839 24.761905
091203064939 19.047619
091203065039 18.095238
091203065139 23.809524
091203065239 23.809524
091203065339 24.761905
091203065439 33.333333
091203065539 24.761905
091203065639 20.00
091203065739 23.809524
091203065839 20.952381
091203065939 17.142857
091203070039 20.952381
091203070139 26.666667
091203070239 23.809524
091203070339 29.52381
091203070439 21.904762
091203070539 19.047619
091203070639 26.666667
091203070739 20.952381
091203070839 23.809524
091203070939 21.904762
091203071039 16.190476
091203071139 20.00
091203071239 27.619048
091203071339 33.333333
091203071439 17.142857
091203071539 18.095238
091203071639 23.809524
091203071739 27.619048
091203071839 22.857143
091203071939 23.809524
091203072039 13.333333
091203072139 36.190476
091203072239 20.952381
091203072339 24.761905
091203072439 23.809524
091203072539 29.52381
091203072639 27.619048
091203072739 22.857143
091203072839 16.190476
091203072939 27.619048
091203073039 12.380952
091203073139 26.666667
091203073239 25.714286
091203073339 25.714286
091203073439 34.285714
091203073539 16.190476
091203073639 20.00
091203073739 14.285714
091203073839 10.47619
091203073939 16.190476
091203074039 26.666667
091203074139 30.47619
091203074239 23.809524
091203074339 21.904762
091203074439 25.714286
091203074539 36.190476
091203074639 29.52381
091203074739 26.666667
091203074839 19.047619
091203074939 20.00
091203075039 28.571429
091203075139 27.619048
091203075239 19.047619
091203075339 24.761905
091203075439 16.190476
091203075539 17.142857
091203075639 20.00
091203075739 25.714286
091203075839 20.952381
091203075939 25.714286
091203080039 21.904762
091203080139 27.619048
091203080239 20.00
091203080339 21.904762
091203080439 22.857143
091203080539 29.52381
091203080639 17.142857
091203080739 27.619048
091203080839 23.809524
091203080939 31.428571
091203081039 26.666667
091203081139 25.714286
091203081239 20.00
091203081339 20.00
091203081439 19.047619
091203081539 22.857143
091203081639 19.047619
091203081739 26.666667
091203081839 26.666667
091203081939 22.857143
091203082039 17.142857
091203082139 20.952381
091203082239 20.952381
091203082339 19.047619
091203082439 20.952381
091203082539 22.857143
091203082639 38.095238
091203082739 27.619048
091203082839 19.047619
091203082939 33.333333
091203083039 15.238095
091203083139 19.047619
091203083239 20.00
091203083339 28.571429
091203083439 25.714286
091203083539 27.619048
091203083639 24.761905
091203083739 20.952381
091203083839 24.761905
091203083939 30.47619
091203084039 14.285714
091203084139 27.619048
091203084239 20.00
091203084339 28.571429
091203084439 20.952381
091203084539 23.809524
091203084639 27.619048
091203084739 34.285714
091203084839 23.809524
091203084939 19.047619
091203085039 22.857143
091203085139 16.190476
091203085239 19.047619
091203085339 22.857143
091203085439 20.952381
091203085539 26.666667
091203085639 24.761905
091203085739 24.761905
091203085839 28.571429
091203085939 22.857143
091203090039 20.952381
091203090139 16.190476
091203090239 21.904762
091203090339 27.619048
091203090439 19.047619
091203090539 29.52381
091203090639 10.47619
091203090739 23.809524
091203090839 28.571429
091203090939 16.190476
091203091039 23.809524
091203091139 24.761905
091203091239 28.571429
091203091339 27.619048
091203091439 28.571429
091203091539 13.333333
091203091639 18.095238
091203091739 20.952381
091203091839 22.857143
091203091939 11.428571
091203092039 19.047619
091203092139 16.190476
091203092239 20.00
091203092339 24.761905
091203092439 27.619048
091203092539 22.857143
091203092639 20.952381
091203092739 25.714286
091203092839 19.047619
091203092939 19.047619
091203093039 15.238095
091203093139 24.761905
091203093239 20.00
091203093339 25.714286
091203093439 26.666667
091203093539 20.00
091203093639 19.047619
091203093739 13.333333
091203093839 15.238095
091203093939 32.380952
091203094039 12.380952
091203094139 18.095238
091203094239 25.714286
091203094339 20.952381
091203094439 14.285714
091203094539 26.666667
091203094639 22.857143
091203094739 17.142857
091203094839 16.190476
091203094939 20.952381
091203095039 26.666667
091203095139 20.952381
091203095239 17.142857
091203095339 17.142857
091203095439 27.619048
091203095539 22.857143
091203095639 19.047619
091203095739 20.952381
091203095839 22.857143
091203095939 22.857143
091203100039 26.666667
091203100139 27.619048
