091203135058 15.238095
091203135158 18.095238
091203135258 23.809524
091203135358 28.571429
091203135458 33.333333
091203135558 24.761905
091203135658 18.095238
091203135758 13.333333
091203135858 24.761905
091203135958 24.761905
091203140058 17.142857
091203140158 23.809524
091203140258 29.52381
091203140358 23.809524
091203140458 13.333333
091203140558 30.47619
091203140658 15.238095
091203140758 22.857143
091203140858 20.952381
091203140958 22.857143
091203141058 20.00
091203141158 26.666667
091203141258 27.619048
091203141358 26.666667
091203141458 26.666667
091203141558 25.714286
091203141658 16.190476
091203141758 21.904762
091203141858 20.00
091203141958 20.952381
091203142058 20.00
091203142158 19.047619
091203142258 24.761905
091203142358 28.571429
091203142458 21.904762
091203142558 17.142857
091203142658 21.904762
091203142758 13.333333
091203142858 14.285714
091203142958 13.333333
091203143058 22.857143
091203143158 16.190476
091203143258 23.809524
091203143358 27.619048
091203143458 23.809524
091203143558 25.714286
091203143658 22.857143
091203143758 24.761905
091203143858 25.714286
091203143958 15.238095
091203144058 23.809524
091203144158 35.238095
091203144258 23.809524
091203144358 33.333333
091203144458 19.047619
091203144558 16.190476
091203144658 21.904762
091203144758 28.571429
091203144858 20.00
091203144958 19.047619
091203145058 23.809524
091203145158 18.095238
091203145258 26.666667
091203145358 15.238095
091203145458 14.285714
091203145558 20.952381
091203145658 19.047619
091203145758 18.095238
091203145858 26.666667
091203145958 21.904762
091203150058 17.142857
091203150158 29.52381
091203150258 18.095238
091203150358 22.857143
091203150458 25.714286
091203150558 17.142857
091203150658 15.238095
091203150758 21.904762
091203150858 18.095238
091203150958 26.666667
091203151058 19.047619
091203151158 19.047619
091203151258 24.761905
091203151358 26.666667
091203151458 26.666667
091203151558 16.190476
091203151658 27.619048
091203151758 29.52381
091203151858 29.52381
091203151958 23.809524
091203152058 18.095238
091203152158 21.904762
091203152258 17.142857
091203152358 18.095238
091203152458 19.047619
091203152558 26.666667
091203152658 23.809524
091203152758 20.952381
091203152858 27.619048
091203152958 25.714286
091203153058 20.00
091203153158 21.904762
091203153258 24.761905
091203153358 22.857143
091203153458 22.857143
091203153558 20.952381
091203153658 20.00
091203153758 24.761905
091203153858 20.00
091203153958 23.809524
091203154058 18.095238
091203154158 13.333333
091203154258 18.095238
091203154358 28.571429
091203154458 30.47619
091203154558 24.761905
091203154658 15.238095
091203154758 24.761905
091203154858 20.00
091203154958 26.666667
091203155058 29.52381
091203155158 20.952381
091203155258 21.904762
091203155358 22.857143
091203155458 29.52381
091203155558 18.095238
091203155658 19.047619
091203155758 25.714286
091203155858 17.142857
091203155958 19.047619
091203160058 17.142857
091203160158 19.047619
091203160258 18.095238
091203160358 22.857143
091203160458 15.238095
091203160558 21.904762
091203160658 24.761905
091203160758 20.00
091203160858 24.761905
091203160958 13.333333
091203161058 31.428571
091203161158 19.047619
091203161258 21.904762
091203161358 26.666667
091203161458 16.190476
091203161558 25.714286
091203161658 18.095238
091203161758 22.857143
091203161858 20.00
091203161958 21.904762
091203162058 23.809524
091203162158 29.52381
091203162258 25.714286
091203162358 33.333333
091203162458 24.761905
091203162558 18.095238
091203162658 20.00
091203162758 30.47619
091203162858 22.857143
091203162958 22.857143
091203163058 19.047619
091203163158 20.00
091203163258 34.285714
091203163358 25.714286
091203163458 25.714286
091203163558 24.761905
091203163658 21.904762
091203163758 20.952381
091203163858 23.809524
091203163958 20.00
091203164058 27.619048
091203164158 17.142857
091203164258 24.761905
091203164358 24.761905
091203164458 17.142857
091203164558 18.095238
091203164658 22.857143
091203164758 22.857143
091203164858 13.333333
091203164958 28.571429
091203165058 22.857143
091203165158 20.952381
091203165258 21.904762
091203165358 14.285714
091203165458 21.904762
091203165558 16.190476
091203165658 23.809524
091203165758 19.047619
091203165858 35.238095
091203165958 22.857143
091203170058 21.904762
091203170158 30.47619
091203170258 17.142857
091203170358 18.095238
091203170458 14.285714
091203170558 24.761905
091203170658 20.952381
091203170758 17.142857
091203170858 20.00
091203170958 19.047619
091203171058 26.666667
091203171158 25.714286
091203171258 25.714286
091203171358 28.571429
091203171458 23.809524
091203171558 20.00
091203171658 26.666667
091203171758 25.714286
091203171858 27.619048
091203171958 28.571429
091203172058 13.333333
091203172158 22.857143
091203172258 20.00
091203172358 22.857143
091203172458 30.47619
091203172558 20.952381
091203172658 26.666667
091203172758 24.761905
091203172858 20.00
091203172958 20.00
091203173058 20.00
091203173158 21.904762
091203173258 16.190476
091203173358 22.857143
091203173458 25.714286
091203173558 20.00
091203173658 17.142857
091203173758 22.857143
091203173858 20.00
091203173958 23.809524
091203174058 25.714286
091203174158 19.047619
091203174258 18.095238
091203174358 21.904762
091203174458 19.047619
091203174558 28.571429
091203174658 20.952381
091203174758 18.095238
091203174858 17.142857
091203174958 28.571429
091203175058 19.047619
091203175158 19.047619
091203175258 20.00
091203175358 17.142857
091203175458 24.761905
091203175558 21.904762
091203175658 24.761905
091203175758 25.714286
091203175858 11.428571
091203175958 24.761905
091203180058 22.857143
091203180158 24.761905
091203180258 15.238095
091203180358 29.52381
091203180458 27.619048
091203180558 27.619048
091203180658 19.047619
091203180758 16.190476
091203180858 14.285714
091203180958 21.904762
091203181058 28.571429
091203181158 14.285714
091203181258 20.00
091203181358 20.952381
091203181458 22.857143
091203181558 17.142857
091203181658 19.047619
091203181758 31.428571
091203181858 24.761905
091203181958 24.761905
091203182058 20.00
091203182158 20.952381
091203182258 21.904762
091203182358 25.714286
091203182458 32.380952
091203182558 16.190476
091203182658 20.952381
091203182758 23.809524
091203182858 21.904762
091203182958 22.857143
091203183058 23.809524
091203183158 29.52381
091203183258 19.047619
091203183358 27.619048
091203183458 27.619048
091203183558 26.666667
091203183658 23.809524
091203183758 24.761905
091203183858 18.095238
091203183958 22.857143
091203184058 16.190476
091203184158 20.952381
091203184258 16.190476
091203184358 20.00
091203184458 22.857143
091203184558 29.52381
091203184658 19.047619
091203184758 22.857143
091203184858 27.619048
091203184958 19.047619
091203185058 25.714286
091203185158 24.761905
091203185258 17.142857
091203185358 15.238095
091203185458 20.952381
091203185558 28.571429
091203185658 23.809524
091203185758 28.571429
091203185858 15.238095
091203185958 19.047619
091203190058 21.904762
091203190158 12.380952
091203190258 24.761905
091203190358 20.00
091203190458 31.428571
091203190558 28.571429
091203190658 22.857143
091203190758 26.666667
091203190858 19.047619
091203190958 37.142857
091203191058 22.857143
091203191158 20.00
091203191258 29.52381
091203191358 28.571429
091203191458 20.00
091203191558 27.619048
091203191658 20.00
091203191758 20.952381
091203191858 20.00
091203191958 20.00
091203192058 18.095238
091203192158 15.238095
091203192258 20.00
091203192358 20.00
091203192458 23.809524
091203192558 24.761905
091203192658 22.857143
091203192758 20.00
091203192858 20.00
091203192958 25.714286
091203193058 20.00
091203193158 20.00
091203193258 25.714286
091203193358 30.47619
091203193458 41.904762
091203193558 30.47619
091203193658 27.619048
091203193758 19.047619
091203193858 26.666667
091203193958 18.095238
091203194058 21.904762
091203194158 23.809524
091203194258 23.809524
091203194358 18.095238
091203194458 24.761905
091203194558 26.666667
091203194658 19.047619
091203194758 20.952381
091203194858 20.952381
091203194958 24.761905
091203195058 20.952381
091203195158 22.857143
091203195258 14.285714
091203195358 17.142857
091203195458 19.047619
091203195558 18.095238
091203195658 20.952381
091203195758 22.857143
091203195858 19.047619
091203195958 17.142857
091203200058 23.809524
091203200158 34.285714
091203200258 18.095238
091203200358 23.809524
091203200458 20.00
091203200558 22.857143
091203200658 26.666667
091203200758 24.761905
091203200858 20.00
091203200958 23.809524
091203201058 33.333333
091203201158 20.00
091203201258 24.761905
091203201358 23.809524
091203201458 23.809524
091203201558 20.952381
091203201658 20.952381
091203201758 21.904762
091203201858 23.809524
091203201958 15.238095
091203202058 27.619048
091203202158 20.952381
091203202258 24.761905
091203202358 17.142857
091203202458 25.714286
091203202558 24.761905
091203202658 20.952381
091203202758 21.904762
091203202858 22.857143
091203202958 21.904762
091203203058 22.857143
091203203158 16.190476
091203203258 23.809524
091203203358 31.428571
091203203458 19.047619
091203203558 25.714286
091203203658 27.619048
091203203758 21.904762
091203203858 18.095238
091203203958 17.142857
091203204058 22.857143
091203204158 14.285714
091203204258 23.809524
091203204358 14.285714
091203204458 21.904762
091203204558 29.52381
091203204658 19.047619
091203204758 20.00
091203204858 16.190476
091203204958 12.380952
091203205058 23.809524
091203205158 23.809524
091203205258 28.571429
091203205358 23.809524
091203205458 20.00
091203205558 30.47619
091203205658 24.761905
091203205758 25.714286
091203205858 28.571429
091203205958 18.095238
091203210058 23.809524
091203210158 22.857143
091203210258 18.095238
091203210358 18.095238
091203210458 13.333333
091203210558 23.809524
091203210658 25.714286
091203210758 24.761905
091203210858 24.761905
091203210958 19.047619
091203211058 19.047619
091203211158 25.714286
091203211258 20.00
091203211358 16.190476
091203211458 30.47619
091203211558 21.904762
091203211658 30.47619
091203211758 11.428571
091203211858 13.333333
091203211958 25.714286
091203212058 26.666667
091203212158 26.666667
091203212258 24.761905
091203212358 28.571429
091203212458 29.52381
091203212558 20.952381
091203212658 22.857143
091203212758 19.047619
091203212858 20.00
091203212958 23.809524
091203213058 31.428571
091203213158 20.00
091203213258 18.095238
091203213358 22.857143
091203213458 20.00
091203213558 22.857143
091203213658 31.428571
091203213758 18.095238
091203213858 22.857143
091203213958 23.809524
091203214058 21.904762
091203214158 24.761905
091203214258 20.00
091203214358 20.00
091203214458 15.238095
091203214558 27.619048
091203214658 20.00
091203214758 16.190476
091203214858 24.761905
091203214958 23.809524
091203215058 25.714286
091203215158 18.095238
091203215258 20.952381
091203215358 18.095238
091203215458 24.761905
091203215558 23.809524
091203215658 26.666667
091203215758 25.714286
091203215858 20.00
091203215958 20.952381
091203220058 27.619048
091203220158 23.809524
091203220258 17.142857
091203220358 33.333333
091203220458 32.380952
091203220558 28.571429
091203220658 27.619048
091203220758 27.619048
091203220858 18.095238
091203220958 28.571429
091203221058 21.904762
091203221158 18.095238
091203221258 18.095238
091203221358 18.095238
091203221458 16.190476
091203221558 27.619048
091203221658 19.047619
091203221758 16.190476
091203221858 18.095238
091203221958 22.857143
091203222058 21.904762
091203222158 20.952381
091203222258 18.095238
091203222358 15.238095
091203222458 20.952381
091203222558 20.952381
091203222658 21.904762
091203222758 21.904762
091203222858 19.047619
091203222958 14.285714
091203223058 28.571429
091203223158 29.52381
091203223258 21.904762
091203223358 27.619048
091203223458 22.857143
091203223558 31.428571
091203223658 22.857143
091203223758 27.619048
091203223858 19.047619
091203223958 24.761905
091203224058 20.00
091203224158 16.190476
091203224258 22.857143
091203224358 23.809524
091203224458 28.571429
091203224558 23.809524
091203224658 26.666667
091203224758 28.571429
091203224858 26.666667
091203224958 20.00
091203225058 25.714286
091203225158 23.809524
091203225258 17.142857
091203225358 29.52381
091203225458 19.047619
091203225558 22.857143
091203225658 14.285714
091203225758 22.857143
091203225858 28.571429
091203225958 22.857143
091203230058 24.761905
091203230158 20.952381
091203230258 18.095238
091203230358 19.047619
091203230458 20.00
091203230558 18.095238
091203230658 19.047619
091203230758 20.00
091203230858 26.666667
091203230958 20.952381
091203231058 23.809524
091203231158 27.619048
091203231258 22.857143
091203231358 27.619048
091203231458 30.47619
091203231558 21.904762
091203231658 18.095238
091203231758 20.00
091203231858 16.190476
091203231958 15.238095
091203232058 21.904762
091203232158 18.095238
091203232258 28.571429
091203232358 19.047619
091203232458 18.095238
091203232558 20.00
091203232658 23.809524
091203232758 23.809524
091203232858 24.761905
091203232958 20.952381
091203233058 17.142857
091203233158 15.238095
091203233258 19.047619
091203233358 20.00
091203233458 20.00
091203233558 32.380952
091203233658 24.761905
091203233758 25.714286
091203233858 13.333333
091203233958 24.761905
091203234058 18.095238
091203234158 21.904762
091203234258 24.761905
091203234358 25.714286
091203234458 20.00
091203234558 15.238095
091203234658 21.904762
091203234758 21.904762
091203234858 24.761905
091203234958 20.00
091203235058 27.619048
091203235158 25.714286
091203235258 33.333333
091203235358 23.809524
091203235458 37.142857
091203235558 19.047619
091203235658 21.904762
091203235758 20.952381
091203235858 22.857143
091203235958 30.47619
091204000058 24.761905
091204000158 16.190476
091204000258 15.238095
091204000358 19.047619
091204000458 19.047619
091204000558 19.047619
091204000658 17.142857
091204000758 18.095238
091204000858 23.809524
091204000958 20.00
091204001058 20.952381
091204001158 22.857143
091204001258 27.619048
091204001358 23.809524
091204001458 23.809524
091204001558 22.857143
091204001658 16.190476
091204001758 26.666667
091204001858 24.761905
091204001958 24.761905
091204002058 26.666667
091204002158 19.047619
091204002258 17.142857
091204002358 21.904762
091204002458 20.00
091204002558 21.904762
091204002658 20.952381
091204002758 23.809524
091204002858 16.190476
091204002958 20.00
091204003058 23.809524
091204003158 18.095238
091204003258 26.666667
091204003358 24.761905
091204003458 19.047619
091204003558 22.857143
091204003658 20.952381
091204003758 15.238095
091204003858 26.666667
091204003958 20.00
091204004058 32.380952
091204004158 18.095238
091204004258 24.761905
091204004358 31.428571
091204004458 23.809524
091204004558 24.761905
091204004658 24.761905
091204004758 20.00
091204004858 31.428571
091204004958 25.714286
091204005058 15.238095
091204005158 20.00
091204005258 25.714286
091204005358 22.857143
091204005458 24.761905
091204005558 20.00
091204005658 30.47619
091204005758 17.142857
091204005858 20.952381
091204005958 21.904762
091204010058 16.190476
091204010158 20.952381
091204010258 21.904762
091204010358 25.714286
091204010458 19.047619
091204010558 20.952381
091204010658 21.904762
091204010758 13.333333
091204010858 26.666667
091204010958 22.857143
091204011058 16.190476
091204011158 21.904762
091204011258 19.047619
091204011358 25.714286
091204011458 24.761905
091204011558 21.904762
091204011658 25.714286
091204011758 25.714286
091204011858 17.142857
091204011958 20.00
091204012058 22.857143
091204012158 14.285714
091204012258 21.904762
091204012358 15.238095
091204012458 25.714286
091204012558 25.714286
091204012658 33.333333
091204012758 25.714286
091204012858 16.190476
091204012958 20.952381
091204013058 25.714286
091204013158 26.666667
091204013258 23.809524
091204013358 21.904762
091204013458 16.190476
091204013558 19.047619
091204013658 26.666667
091204013758 23.809524
091204013858 27.619048
091204013958 22.857143
091204014058 16.190476
091204014158 20.00
091204014258 30.47619
091204014358 20.952381
091204014458 14.285714
091204014558 27.619048
091204014658 23.809524
091204014758 21.904762
091204014858 15.238095
091204014958 26.666667
091204015058 29.52381
091204015158 24.761905
091204015258 25.714286
091204015358 23.809524
091204015458 23.809524
091204015558 18.095238
091204015658 30.47619
091204015758 23.809524
091204015858 18.095238
091204015958 19.047619
091204020058 20.00
091204020158 23.809524
091204020258 23.809524
091204020358 34.285714
091204020458 21.904762
091204020558 25.714286
091204020658 25.714286
091204020758 20.00
091204020858 19.047619
091204020958 14.285714
091204021058 20.00
091204021158 18.095238
091204021258 26.666667
091204021358 17.142857
091204021458 21.904762
091204021558 20.952381
091204021658 22.857143
091204021758 17.142857
091204021858 20.952381
091204021958 26.666667
091204022058 24.761905
091204022158 17.142857
091204022258 22.857143
091204022358 22.857143
091204022458 26.666667
091204022558 26.666667
091204022658 27.619048
091204022758 28.571429
091204022858 24.761905
091204022958 24.761905
091204023058 28.571429
091204023158 22.857143
091204023258 20.00
091204023358 21.904762
091204023458 22.857143
091204023558 21.904762
091204023658 18.095238
091204023758 19.047619
091204023858 22.857143
091204023958 20.952381
091204024058 18.095238
091204024158 25.714286
091204024258 22.857143
091204024358 27.619048
091204024458 21.904762
091204024558 27.619048
091204024658 18.095238
091204024758 33.333333
091204024858 16.190476
091204024958 16.190476
091204025058 24.761905
091204025158 24.761905
091204025258 17.142857
091204025358 22.857143
091204025458 29.52381
091204025558 35.238095
091204025658 25.714286
091204025758 25.714286
091204025858 21.904762
091204025958 27.619048
091204030058 28.571429
091204030158 22.857143
091204030258 24.761905
091204030358 15.238095
091204030458 22.857143
091204030558 19.047619
091204030658 28.571429
091204030758 21.904762
091204030858 20.952381
091204030958 21.904762
091204031058 22.857143
091204031158 23.809524
091204031258 13.333333
091204031358 21.904762
091204031458 13.333333
091204031558 21.904762
091204031658 21.904762
091204031758 24.761905
091204031858 21.904762
091204031958 25.714286
091204032058 29.52381
091204032158 19.047619
091204032258 26.666667
091204032358 25.714286
091204032458 20.00
091204032558 20.00
091204032658 21.904762
091204032758 20.00
091204032858 29.52381
091204032958 24.761905
091204033058 15.238095
091204033158 20.952381
091204033258 19.047619
091204033358 20.952381
091204033458 27.619048
091204033558 21.904762
091204033658 22.857143
091204033758 21.904762
091204033858 21.904762
091204033958 21.904762
091204034058 23.809524
091204034158 23.809524
091204034258 16.190476
091204034358 15.238095
091204034458 16.190476
091204034558 18.095238
091204034658 19.047619
091204034758 24.761905
091204034858 24.761905
091204034958 23.809524
091204035058 23.809524
091204035158 23.809524
091204035258 19.047619
091204035358 21.904762
091204035458 21.904762
091204035558 28.571429
091204035658 24.761905
091204035758 18.095238
091204035858 25.714286
091204035958 24.761905
091204040058 20.952381
091204040158 30.47619
091204040258 18.095238
091204040358 23.809524
091204040458 31.428571
091204040558 30.47619
091204040658 20.952381
091204040758 22.857143
091204040858 27.619048
091204040958 34.285714
091204041058 20.952381
091204041158 20.952381
091204041258 26.666667
091204041358 17.142857
091204041458 20.952381
091204041558 23.809524
091204041658 26.666667
091204041758 18.095238
091204041858 20.00
091204041958 28.571429
091204042058 20.00
091204042158 30.47619
091204042258 15.238095
091204042358 24.761905
091204042458 17.142857
091204042558 26.666667
091204042658 29.52381
091204042758 12.380952
091204042858 24.761905
091204042958 35.238095
091204043058 24.761905
091204043158 29.52381
091204043258 24.761905
091204043358 23.809524
091204043458 18.095238
091204043558 20.00
091204043658 13.333333
091204043758 24.761905
091204043858 28.571429
091204043958 24.761905
091204044058 35.238095
091204044158 15.238095
091204044258 19.047619
091204044358 20.952381
091204044458 24.761905
091204044558 19.047619
091204044658 17.142857
091204044758 21.904762
091204044858 21.904762
091204044958 20.00
091204045058 20.952381
091204045158 28.571429
091204045258 27.619048
091204045358 26.666667
091204045458 18.095238
091204045558 20.952381
091204045658 16.190476
091204045758 20.00
091204045858 30.47619
091204045958 17.142857
091204050058 17.142857
091204050158 28.571429
091204050258 23.809524
091204050358 23.809524
091204050458 36.190476
091204050558 25.714286
091204050658 21.904762
091204050758 18.095238
091204050858 21.904762
091204050958 22.857143
091204051058 18.095238
091204051158 23.809524
091204051258 20.952381
091204051358 34.285714
091204051458 21.904762
091204051558 21.904762
091204051658 17.142857
091204051758 21.904762
091204051858 28.571429
091204051958 23.809524
091204052058 20.952381
091204052158 20.00
091204052258 20.952381
091204052358 30.47619
091204052458 17.142857
091204052558 29.52381
091204052658 35.238095
091204052758 25.714286
091204052858 28.571429
091204052958 20.952381
091204053058 27.619048
091204053158 20.00
091204053258 24.761905
091204053358 28.571429
091204053458 31.428571
091204053558 20.00
091204053658 27.619048
091204053758 19.047619
091204053858 33.333333
091204053958 18.095238
091204054058 15.238095
091204054158 24.761905
091204054258 23.809524
091204054358 39.047619
091204054458 27.619048
091204054558 30.47619
091204054658 32.380952
091204054758 27.619048
091204054858 23.809524
091204054958 20.952381
091204055058 20.952381
091204055158 27.619048
091204055258 22.857143
091204055358 21.904762
091204055458 28.571429
091204055558 26.666667
091204055658 23.809524
091204055758 21.904762
091204055858 25.714286
091204055958 18.095238
091204060058 22.857143
091204060158 22.857143
091204060258 18.095238
091204060358 27.619048
091204060458 20.00
091204060558 23.809524
091204060658 23.809524
091204060758 21.904762
091204060858 19.047619
091204060958 24.761905
091204061058 20.952381
091204061158 20.00
091204061258 19.047619
091204061358 20.952381
091204061458 27.619048
091204061558 17.142857
091204061658 25.714286
091204061758 20.00
091204061858 19.047619
091204061958 20.00
091204062058 22.857143
091204062158 23.809524
091204062258 20.952381
091204062358 27.619048
091204062458 21.904762
091204062558 20.00
091204062658 20.952381
091204062758 32.380952
091204062858 36.190476
091204062958 32.380952
091204063058 18.095238
091204063158 20.00
091204063258 20.00
091204063358 19.047619
091204063458 18.095238
091204063558 13.333333
091204063658 28.571429
091204063758 18.095238
091204063858 28.571429
091204063958 30.47619
091204064058 25.714286
091204064158 21.904762
091204064258 20.00
091204064358 20.952381
091204064458 24.761905
091204064558 20.00
091204064658 21.904762
091204064758 19.047619
091204064858 27.619048
091204064958 18.095238
091204065058 28.571429
091204065158 23.809524
091204065258 26.666667
091204065358 22.857143
091204065458 20.00
091204065558 15.238095
091204065658 28.571429
091204065758 20.00
091204065858 14.285714
091204065958 21.904762
091204070058 25.714286
091204070158 18.095238
091204070258 10.47619
091204070358 22.857143
091204070458 28.571429
091204070558 22.857143
091204070658 14.285714
091204070758 22.857143
091204070858 25.714286
091204070958 23.809524
091204071058 20.952381
091204071158 16.190476
091204071258 31.428571
091204071358 20.952381
091204071458 27.619048
091204071558 15.238095
091204071658 23.809524
091204071758 32.380952
091204071858 18.095238
091204071958 19.047619
091204072058 27.619048
091204072158 23.809524
091204072258 25.714286
091204072358 18.095238
091204072458 20.952381
091204072558 16.190476
091204072658 12.380952
091204072758 20.952381
091204072858 26.666667
091204072958 30.47619
091204073058 31.428571
091204073158 17.142857
091204073258 13.333333
091204073358 10.47619
091204073458 17.142857
091204073558 24.761905
091204073658 17.142857
091204073758 24.761905
091204073858 25.714286
091204073958 24.761905
091204074058 27.619048
091204074158 21.904762
091204074258 15.238095
091204074358 19.047619
091204074458 25.714286
091204074558 22.857143
091204074658 18.095238
091204074758 17.142857
091204074858 23.809524
091204074958 20.952381
091204075058 18.095238
091204075158 21.904762
091204075258 21.904762
091204075358 19.047619
091204075458 28.571429
091204075558 25.714286
091204075658 25.714286
091204075758 25.714286
091204075858 16.190476
091204075958 15.238095
091204080058 19.047619
091204080158 23.809524
091204080258 25.714286
091204080358 21.904762
091204080458 23.809524
091204080558 21.904762
091204080658 26.666667
091204080758 26.666667
091204080858 15.238095
091204080958 22.857143
091204081058 21.904762
091204081158 23.809524
091204081258 20.952381
091204081358 24.761905
091204081458 22.857143
091204081558 32.380952
091204081658 11.428571
091204081758 18.095238
091204081858 25.714286
091204081958 20.952381
091204082058 20.00
091204082158 20.00
091204082258 20.952381
091204082358 17.142857
091204082458 22.857143
091204082558 17.142857
091204082658 27.619048
091204082758 27.619048
091204082858 30.47619
091204082958 20.00
091204083058 23.809524
091204083158 24.761905
091204083258 23.809524
091204083358 27.619048
091204083458 20.00
091204083558 21.904762
091204083658 20.00
091204083758 21.904762
091204083858 19.047619
091204083958 20.00
091204084058 22.857143
091204084158 23.809524
091204084258 30.47619
091204084358 22.857143
091204084458 25.714286
091204084558 18.095238
091204084658 23.809524
091204084758 22.857143
091204084858 25.714286
091204084958 20.00
091204085058 28.571429
091204085158 19.047619
091204085258 26.666667
091204085358 23.809524
091204085458 21.904762
091204085558 18.095238
091204085658 12.380952
091204085758 20.952381
091204085858 20.00
091204085958 27.619048
091204090058 25.714286
091204090158 27.619048
091204090258 26.666667
091204090358 21.904762
091204090458 28.571429
091204090558 22.857143
091204090658 25.714286
091204090758 23.809524
091204090858 19.047619
091204090958 23.809524
091204091058 28.571429
091204091158 28.571429
091204091258 24.761905
091204091358 22.857143
091204091458 16.190476
091204091558 15.238095
091204091658 21.904762
091204091758 27.619048
091204091858 16.190476
091204091958 21.904762
091204092058 15.238095
091204092158 22.857143
091204092258 24.761905
091204092358 23.809524
091204092458 20.952381
091204092558 37.142857
091204092658 17.142857
091204092758 16.190476
091204092858 20.00
091204092958 24.761905
091204093058 24.761905
091204093158 21.904762
091204093258 22.857143
091204093358 24.761905
091204093458 17.142857
091204093558 23.809524
091204093658 17.142857
091204093758 25.714286
091204093858 29.52381
091204093958 22.857143
091204094058 26.666667
091204094158 19.047619
091204094258 28.571429
091204094358 23.809524
