No Ascii Message
Window Title:  Aw-Radw Exec # 1
Com Port: 1  TBU: 60 sec.  TBUs Averaged per Line: 1
Calibration Factor: 105.00 Detector Dead Time: 35 microsecs. Time: Wed Feb 23 22:53:48 2011
110223225348 20.952381
110223225448 20.00
110223225548 23.809524
110223225648 20.00
110223225748 21.904762
110223225848 23.809524
110223225948 17.142857
110223230048 27.619048
110223230148 18.095238
110223230248 16.190476
110223230348 31.428571
110223230448 29.52381
110223230548 24.761905
110223230648 20.00
110223230748 20.00
110223230848 26.666667
110223230948 22.857143
110223231048 20.952381
110223231148 19.047619
110223231248 25.714286
110223231348 29.52381
110223231448 20.952381
110223231548 23.809524
110223231648 23.809524
110223231748 26.666667
110223231848 23.809524
110223231948 19.047619
110223232048 31.428571
110223232148 36.190476
110223232248 27.619048
110223232348 23.809524
110223232448 22.857143
110223232548 26.666667
110223232648 26.666667
110223232748 31.428571
110223232848 25.714286
110223232948 35.238095
110223233048 22.857143
110223233148 18.095238
110223233248 28.571429
110223233348 26.666667
110223233448 28.571429
110223233548 21.904762
110223233648 20.952381
110223233748 25.714286
110223233848 18.095238
110223233948 30.47619
110223234048 26.666667
110223234148 29.52381
110223234248 23.809524
110223234348 26.666667
110223234448 23.809524
110223234548 30.47619
110223234648 25.714286
110223234748 20.952381
110223234848 37.142857
110223234948 12.380952
110223235048 23.809524
110223235148 22.857143
110223235248 21.904762
110223235348 35.238095
110223235448 16.190476
110223235548 27.619048
110223235648 27.619048
110223235748 20.952381
110223235848 29.52381
110223235948 34.285714
110224000048 20.952381
110224000148 19.047619
110224000248 20.952381
110224000348 23.809524
110224000448 25.714286
110224000548 24.761905
110224000648 25.714286
110224000748 18.095238
110224000848 31.428571
110224000948 25.714286
110224001048 25.714286
110224001148 21.904762
110224001248 24.761905
110224001348 29.52381
110224001448 32.380952
110224001548 15.238095
110224001648 20.952381
110224001748 25.714286
110224001848 19.047619
110224001948 20.00
110224002048 24.761905
110224002148 21.904762
110224002248 27.619048
110224002348 38.095238
110224002448 26.666667
110224002548 22.857143
110224002648 24.761905
110224002748 34.285714
110224002848 23.809524
110224002948 26.666667
110224003048 20.00
110224003148 18.095238
110224003248 18.095238
110224003348 21.904762
110224003448 18.095238
110224003548 21.904762
110224003648 22.857143
110224003748 17.142857
110224003848 27.619048
110224003948 20.952381
110224004048 19.047619
110224004148 20.952381
110224004248 18.095238
110224004348 29.52381
110224004448 31.428571
110224004548 25.714286
110224004648 23.809524
110224004748 30.47619
110224004848 23.809524
110224004948 20.00
110224005048 26.666667
110224005148 23.809524
110224005248 31.428571
110224005348 22.857143
110224005448 29.52381
110224005548 22.857143
110224005648 30.47619
110224005748 19.047619
110224005848 20.952381
110224005948 30.47619
110224010048 29.52381
110224010148 20.952381
110224010248 30.47619
110224010348 28.571429
110224010448 29.52381
110224010548 33.333333
110224010648 32.380952
110224010748 20.952381
110224010848 19.047619
110224010948 24.761905
110224011048 33.333333
110224011148 23.809524
110224011248 24.761905
110224011348 24.761905
110224011448 33.333333
110224011548 18.095238
110224011648 22.857143
110224011748 25.714286
110224011848 20.00
110224011948 26.666667
110224012048 26.666667
110224012148 23.809524
110224012248 28.571429
110224012348 27.619048
110224012448 19.047619
110224012548 23.809524
110224012648 31.428571
110224012748 22.857143
110224012848 32.380952
110224012948 28.571429
110224013048 20.952381
110224013148 18.095238
110224013248 26.666667
110224013348 23.809524
110224013448 29.52381
110224013548 20.952381
110224013648 27.619048
110224013748 26.666667
110224013848 29.52381
110224013948 24.761905
110224014048 20.00
110224014148 33.333333
110224014248 26.666667
110224014348 33.333333
110224014448 33.333333
110224014548 21.904762
110224014648 23.809524
110224014748 27.619048
110224014848 25.714286
110224014948 20.00
110224015048 24.761905
110224015148 29.52381
110224015248 27.619048
110224015348 26.666667
110224015448 15.238095
110224015548 26.666667
110224015648 16.190476
110224015748 23.809524
110224015848 20.00
110224015948 28.571429
110224020048 21.904762
110224020148 23.809524
110224020248 32.380952
110224020348 20.952381
110224020448 24.761905
110224020548 29.52381
110224020648 23.809524
110224020748 27.619048
110224020848 21.904762
110224020948 20.952381
110224021048 19.047619
110224021148 31.428571
110224021248 22.857143
110224021348 24.761905
110224021448 21.904762
110224021548 17.142857
110224021648 35.238095
110224021748 25.714286
110224021848 26.666667
110224021948 21.904762
110224022048 31.428571
110224022148 34.285714
110224022248 27.619048
110224022348 32.380952
110224022448 28.571429
110224022548 30.47619
110224022648 15.238095
110224022748 20.00
110224022848 20.952381
110224022948 28.571429
110224023048 32.380952
110224023148 25.714286
110224023248 20.952381
110224023348 30.47619
110224023448 30.47619
110224023548 28.571429
110224023648 23.809524
110224023748 23.809524
110224023848 25.714286
110224023948 18.095238
110224024048 31.428571
110224024148 14.285714
110224024248 25.714286
110224024348 19.047619
110224024448 30.47619
110224024548 20.00
110224024648 30.47619
110224024748 32.380952
110224024848 35.238095
110224024948 23.809524
110224025048 22.857143
110224025148 25.714286
110224025248 27.619048
110224025348 28.571429
110224025448 22.857143
110224025548 26.666667
110224025648 29.52381
110224025748 35.238095
110224025848 19.047619
110224025948 27.619048
110224030048 16.190476
110224030148 22.857143
110224030248 29.52381
110224030348 21.904762
110224030448 24.761905
110224030548 26.666667
110224030648 23.809524
110224030748 21.904762
110224030848 21.904762
110224030948 23.809524
110224031048 34.285714
110224031148 18.095238
110224031248 20.952381
110224031348 24.761905
110224031448 24.761905
110224031548 23.809524
110224031648 21.904762
110224031748 37.142857
110224031848 21.904762
110224031948 26.666667
110224032048 28.571429
110224032148 24.761905
110224032248 29.52381
110224032348 21.904762
110224032448 33.333333
110224032548 27.619048
110224032648 32.380952
110224032748 22.857143
110224032848 22.857143
110224032948 31.428571
110224033048 26.666667
110224033148 26.666667
110224033248 17.142857
110224033348 24.761905
110224033448 23.809524
110224033548 26.666667
110224033648 33.333333
110224033748 29.52381
110224033848 26.666667
110224033948 21.904762
110224034048 30.47619
110224034148 28.571429
110224034248 20.00
110224034348 36.190476
110224034448 23.809524
110224034548 20.00
110224034648 25.714286
110224034748 25.714286
110224034848 20.00
110224034948 22.857143
110224035048 20.00
110224035148 22.857143
110224035248 23.809524
110224035348 21.904762
110224035448 26.666667
110224035548 22.857143
110224035648 22.857143
110224035748 21.904762
110224035848 21.904762
110224035948 36.190476
110224040048 23.809524
110224040148 27.619048
110224040248 24.761905
110224040348 28.571429
110224040448 21.904762
110224040548 25.714286
110224040648 28.571429
110224040748 24.761905
110224040848 25.714286
110224040948 24.761905
110224041048 23.809524
110224041148 29.52381
110224041248 27.619048
110224041348 24.761905
110224041448 24.761905
110224041548 37.142857
110224041648 27.619048
110224041748 27.619048
110224041848 22.857143
110224041948 20.952381
110224042048 23.809524
110224042148 20.952381
110224042248 20.00
110224042348 15.238095
110224042448 30.47619
110224042548 25.714286
110224042648 23.809524
110224042748 20.00
110224042848 25.714286
110224042948 20.952381
110224043048 35.238095
110224043148 28.571429
110224043248 17.142857
110224043348 25.714286
110224043448 26.666667
110224043548 24.761905
110224043648 26.666667
110224043748 21.904762
110224043848 21.904762
110224043948 20.952381
110224044048 21.904762
110224044148 24.761905
110224044248 28.571429
110224044348 38.095238
110224044448 30.47619
110224044548 22.857143
110224044648 20.952381
110224044748 20.00
110224044848 20.00
110224044948 15.238095
110224045048 29.52381
110224045148 22.857143
110224045248 24.761905
110224045348 30.47619
110224045448 25.714286
110224045548 26.666667
110224045648 35.238095
110224045748 29.52381
110224045848 32.380952
110224045948 32.380952
110224050048 23.809524
110224050148 20.00
110224050248 33.333333
110224050348 23.809524
110224050448 21.904762
110224050548 22.857143
110224050648 32.380952
110224050748 32.380952
110224050848 22.857143
110224050948 28.571429
110224051048 32.380952
110224051148 22.857143
110224051248 35.238095
110224051348 30.47619
110224051448 25.714286
110224051548 28.571429
110224051648 26.666667
110224051748 26.666667
110224051848 26.666667
110224051948 19.047619
110224052048 29.52381
110224052148 25.714286
110224052248 26.666667
110224052348 30.47619
110224052448 27.619048
110224052548 25.714286
110224052648 24.761905
110224052748 32.380952
110224052848 19.047619
110224052948 23.809524
110224053048 23.809524
110224053148 27.619048
110224053248 24.761905
110224053348 29.52381
110224053448 30.47619
110224053548 31.428571
110224053648 20.00
110224053748 21.904762
110224053848 25.714286
110224053948 29.52381
110224054048 23.809524
110224054148 20.952381
110224054248 20.00
110224054348 27.619048
110224054448 19.047619
110224054548 29.52381
110224054648 20.00
110224054748 17.142857
110224054848 28.571429
110224054948 23.809524
110224055048 22.857143
110224055148 25.714286
110224055248 19.047619
110224055348 20.00
110224055448 26.666667
110224055548 29.52381
110224055648 19.047619
110224055748 29.52381
110224055848 27.619048
110224055948 20.00
110224060048 21.904762
110224060148 30.47619
110224060248 25.714286
110224060348 21.904762
110224060448 27.619048
110224060548 18.095238
110224060648 31.428571
110224060748 20.00
110224060848 33.333333
110224060948 28.571429
110224061048 26.666667
110224061148 20.952381
110224061248 26.666667
110224061348 32.380952
110224061448 34.285714
110224061548 20.952381
110224061648 22.857143
110224061748 23.809524
110224061848 32.380952
110224061948 17.142857
110224062048 25.714286
110224062148 32.380952
110224062248 23.809524
110224062348 25.714286
110224062448 21.904762
110224062548 29.52381
110224062648 30.47619
110224062748 35.238095
110224062848 21.904762
110224062948 24.761905
110224063048 27.619048
110224063148 35.238095
110224063248 22.857143
110224063348 19.047619
110224063448 33.333333
110224063548 28.571429
110224063648 20.952381
110224063748 20.952381
110224063848 19.047619
110224063948 21.904762
110224064048 19.047619
110224064148 33.333333
110224064248 16.190476
110224064348 28.571429
110224064448 23.809524
110224064548 24.761905
110224064648 25.714286
110224064748 29.52381
110224064848 22.857143
110224064948 28.571429
110224065048 30.47619
110224065148 31.428571
110224065248 14.285714
110224065348 23.809524
110224065448 28.571429
110224065548 27.619048
110224065648 27.619048
110224065748 27.619048
110224065848 23.809524
110224065948 24.761905
110224070048 29.52381
110224070148 33.333333
110224070248 20.00
110224070348 30.47619
110224070448 31.428571
110224070548 22.857143
110224070648 26.666667
110224070748 27.619048
110224070848 23.809524
110224070948 25.714286
110224071048 33.333333
110224071148 22.857143
110224071248 17.142857
110224071348 20.00
110224071448 18.095238
110224071548 27.619048
110224071648 25.714286
110224071748 20.952381
110224071848 33.333333
110224071948 25.714286
110224072048 18.095238
110224072148 22.857143
110224072248 17.142857
110224072348 21.904762
110224072448 33.333333
110224072548 28.571429
110224072648 33.333333
110224072748 30.47619
110224072848 23.809524
110224072948 16.190476
110224073048 25.714286
110224073148 21.904762
110224073248 26.666667
110224073348 21.904762
110224073448 24.761905
110224073548 23.809524
110224073648 27.619048
110224073748 27.619048
110224073848 42.857143
110224073948 20.00
110224074048 20.952381
110224074148 29.52381
110224074248 20.952381
110224074348 22.857143
110224074448 24.761905
110224074548 24.761905
110224074648 20.952381
110224074748 26.666667
110224074848 30.47619
110224074948 21.904762
110224075048 23.809524
110224075148 28.571429
110224075248 25.714286
110224075348 27.619048
110224075448 35.238095
110224075548 19.047619
110224075648 20.00
110224075748 14.285714
110224075848 21.904762
110224075948 23.809524
110224080048 33.333333
110224080148 25.714286
110224080248 23.809524
110224080348 24.761905
110224080448 20.00
110224080548 20.00
110224080648 19.047619
110224080748 23.809524
110224080848 21.904762
110224080948 23.809524
110224081048 26.666667
110224081148 40.952381
110224081248 24.761905
110224081348 22.857143
110224081448 29.52381
110224081548 35.238095
110224081648 23.809524
110224081748 28.571429
110224081848 31.428571
110224081948 23.809524
110224082048 30.47619
110224082148 24.761905
110224082248 33.333333
110224082348 16.190476
110224082448 21.904762
110224082548 27.619048
110224082648 21.904762
110224082748 22.857143
110224082848 32.380952
110224082948 24.761905
110224083048 25.714286
110224083148 22.857143
110224083248 17.142857
110224083348 25.714286
110224083448 20.952381
110224083548 17.142857
110224083648 25.714286
110224083748 25.714286
110224083848 23.809524
110224083948 32.380952
110224084048 27.619048
110224084148 24.761905
110224084248 25.714286
110224084348 25.714286
110224084448 23.809524
110224084548 27.619048
110224084648 24.761905
110224084748 31.428571
110224084848 29.52381
110224084948 27.619048
110224085048 20.952381
110224085148 32.380952
110224085248 19.047619
110224085348 26.666667
110224085448 27.619048
110224085548 24.761905
110224085648 12.380952
110224085748 27.619048
110224085848 25.714286
110224085948 18.095238
110224090048 22.857143
110224090148 22.857143
110224090248 18.095238
110224090348 21.904762
110224090448 18.095238
110224090548 28.571429
110224090648 19.047619
110224090748 23.809524
110224090848 19.047619
110224090948 27.619048
110224091048 20.952381
110224091148 22.857143
110224091248 12.380952
110224091348 35.238095
110224091448 21.904762
110224091548 20.952381
110224091648 24.761905
110224091748 36.190476
110224091848 27.619048
110224091948 20.952381
110224092048 33.333333
110224092148 31.428571
110224092248 23.809524
110224092348 20.952381
110224092448 21.904762
110224092548 15.238095
110224092648 20.00
110224092748 31.428571
110224092848 25.714286
110224092948 23.809524
110224093048 23.809524
110224093148 24.761905
110224093248 24.761905
110224093348 20.00
110224093448 31.428571
110224093548 21.904762
110224093648 20.00
110224093748 36.190476
110224093848 29.52381
110224093948 29.52381
110224094048 21.904762
110224094148 22.857143
110224094248 24.761905
110224094348 23.809524
110224094448 38.095238
110224094548 22.857143
110224094648 22.857143
110224094748 24.761905
110224094848 24.761905
110224094948 30.47619
110224095048 24.761905
110224095148 27.619048
110224095248 20.952381
110224095348 25.714286
110224095448 20.952381
110224095548 21.904762
110224095648 25.714286
110224095748 25.714286
110224095848 23.809524
110224095948 23.809524
110224100048 24.761905
110224100148 25.714286
110224100248 21.904762
110224100348 19.047619
110224100448 31.428571
110224100548 25.714286
110224100648 20.00
110224100748 25.714286
110224100848 27.619048
110224100948 25.714286
110224101048 19.047619
110224101148 31.428571
110224101248 20.952381
110224101348 18.095238
110224101448 23.809524
110224101548 19.047619
110224101648 22.857143
110224101748 27.619048
110224101848 15.238095
110224101948 30.47619
110224102048 28.571429
110224102148 27.619048
110224102248 21.904762
110224102348 25.714286
110224102448 28.571429
110224102548 18.095238
110224102648 28.571429
110224102748 17.142857
110224102848 20.952381
110224102948 24.761905
110224103048 27.619048
110224103148 28.571429
110224103248 20.00
110224103348 32.380952
110224103448 23.809524
110224103548 27.619048
110224103648 30.47619
110224103748 20.952381
110224103848 16.190476
110224103948 26.666667
110224104048 21.904762
110224104148 22.857143
110224104248 22.857143
110224104348 18.095238
110224104448 40.952381
110224104548 28.571429
110224104648 29.52381
110224104748 21.904762
110224104848 28.571429
110224104948 25.714286
110224105048 29.52381
110224105148 24.761905
110224105248 22.857143
110224105348 21.904762
110224105448 15.238095
110224105548 20.00
110224105648 36.190476
110224105748 31.428571
110224105848 28.571429
110224105948 25.714286
110224110048 20.952381
110224110148 30.47619
110224110248 25.714286
110224110348 28.571429
110224110448 30.47619
110224110548 26.666667
110224110648 25.714286
110224110748 23.809524
110224110848 17.142857
110224110948 23.809524
110224111048 27.619048
110224111148 24.761905
110224111248 22.857143
110224111348 36.190476
110224111448 33.333333
110224111548 17.142857
110224111648 36.190476
110224111748 24.761905
110224111848 18.095238
110224111948 20.952381
110224112048 33.333333
110224112148 20.952381
110224112248 16.190476
110224112348 28.571429
110224112448 20.00
110224112548 29.52381
110224112648 25.714286
110224112748 23.809524
110224112848 21.904762
110224112948 17.142857
110224113048 28.571429
110224113148 35.238095
110224113248 21.904762
110224113348 26.666667
110224113448 17.142857
110224113548 28.571429
110224113648 31.428571
110224113748 20.952381
110224113848 21.904762
110224113948 28.571429
110224114048 20.952381
110224114148 24.761905
110224114248 26.666667
110224114348 28.571429
110224114448 22.857143
110224114548 28.571429
110224114648 24.761905
110224114748 23.809524
110224114848 29.52381
110224114948 30.47619
110224115048 26.666667
110224115148 33.333333
110224115248 25.714286
110224115348 17.142857
110224115448 30.47619
110224115548 25.714286
110224115648 29.52381
110224115748 28.571429
110224115848 19.047619
110224115948 20.00
110224120048 23.809524
110224120148 26.666667
110224120248 28.571429
110224120348 22.857143
110224120448 26.666667
110224120548 30.47619
110224120648 19.047619
110224120748 29.52381
110224120848 18.095238
110224120948 22.857143
110224121048 23.809524
110224121148 26.666667
110224121248 21.904762
110224121348 20.952381
110224121448 24.761905
110224121548 33.333333
110224121648 24.761905
110224121748 32.380952
110224121848 22.857143
110224121948 33.333333
110224122048 23.809524
110224122148 25.714286
110224122248 24.761905
110224122348 20.00
110224122448 29.52381
110224122548 20.952381
110224122648 18.095238
110224122748 31.428571
110224122848 23.809524
110224122948 29.52381
110224123048 23.809524
110224123148 24.761905
110224123248 23.809524
110224123348 26.666667
110224123448 19.047619
110224123548 22.857143
110224123648 24.761905
110224123748 20.00
110224123848 26.666667
110224123948 20.00
110224124048 30.47619
110224124148 20.00
110224124248 24.761905
110224124348 33.333333
110224124448 22.857143
110224124548 20.952381
110224124648 22.857143
110224124748 23.809524
110224124848 23.809524
110224124948 25.714286
110224125048 35.238095
110224125148 23.809524
110224125248 25.714286
110224125348 20.00
110224125448 20.00
110224125548 20.952381
110224125648 25.714286
110224125748 20.952381
110224125848 20.00
110224125948 29.52381
110224130048 21.904762
110224130148 25.714286
110224130248 25.714286
110224130348 38.095238
110224130448 24.761905
110224130548 25.714286
110224130648 20.952381
110224130748 23.809524
110224130848 23.809524
110224130948 18.095238
110224131048 22.857143
110224131148 21.904762
110224131248 27.619048
110224131348 21.904762
110224131448 28.571429
110224131548 21.904762
110224131648 19.047619
110224131748 29.52381
110224131848 20.952381
110224131948 23.809524
110224132048 18.095238
110224132148 20.952381
110224132248 26.666667
110224132348 22.857143
110224132448 31.428571
110224132548 19.047619
110224132648 18.095238
110224132748 15.238095
110224132848 33.333333
110224132948 22.857143
110224133048 25.714286
110224133148 21.904762
110224133248 31.428571
110224133348 25.714286
110224133448 30.47619
110224133548 9.52381
110224133648 24.761905
110224133748 27.619048
110224133848 19.047619
110224133948 25.714286
110224134048 26.666667
110224134148 21.904762
110224134248 21.904762
110224134348 23.809524
110224134448 19.047619
110224134548 30.47619
110224134648 20.952381
110224134748 33.333333
110224134848 30.47619
110224134948 23.809524
110224135048 29.52381
110224135148 24.761905
110224135248 32.380952
110224135348 21.904762
110224135448 21.904762
110224135548 16.190476
110224135648 24.761905
110224135748 25.714286
110224135848 23.809524
110224135948 19.047619
110224140048 30.47619
110224140148 24.761905
110224140248 20.952381
110224140348 19.047619
110224140448 20.00
110224140548 19.047619
110224140648 21.904762
110224140748 21.904762
110224140848 30.47619
110224140948 23.809524
110224141048 32.380952
110224141148 26.666667
110224141248 19.047619
110224141348 29.52381
110224141448 20.952381
110224141548 19.047619
110224141648 23.809524
110224141748 30.47619
110224141848 22.857143
110224141948 25.714286
110224142048 29.52381
110224142148 34.285714
110224142248 23.809524
110224142348 26.666667
110224142448 28.571429
110224142548 23.809524
110224142648 18.095238
110224142748 36.190476
110224142848 22.857143
110224142948 18.095238
110224143048 20.952381
110224143148 21.904762
110224143248 26.666667
110224143348 22.857143
110224143448 13.333333
110224143548 21.904762
110224143648 32.380952
110224143748 26.666667
110224143848 18.095238
110224143948 19.047619
110224144048 17.142857
110224144148 27.619048
110224144248 26.666667
110224144348 18.095238
110224144448 19.047619
110224144548 20.952381
110224144648 27.619048
110224144748 21.904762
110224144848 27.619048
110224144948 23.809524
110224145048 22.857143
110224145148 26.666667
110224145248 27.619048
110224145348 32.380952
110224145448 24.761905
110224145548 30.47619
110224145648 18.095238
110224145748 26.666667
110224145848 19.047619
110224145948 19.047619
110224150048 30.47619
110224150148 29.52381
110224150248 21.904762
110224150348 21.904762
110224150448 28.571429
110224150548 27.619048
110224150648 20.952381
110224150748 29.52381
110224150848 31.428571
110224150948 28.571429
110224151048 20.952381
110224151148 20.952381
110224151248 24.761905
110224151348 26.666667
110224151448 22.857143
110224151548 25.714286
110224151648 20.952381
110224151748 27.619048
110224151848 25.714286
110224151948 20.00
110224152048 21.904762
110224152148 26.666667
110224152248 26.666667
110224152348 22.857143
110224152448 38.095238
110224152548 27.619048
110224152648 24.761905
110224152748 22.857143
110224152848 25.714286
110224152948 22.857143
110224153048 26.666667
110224153148 25.714286
110224153248 20.00
110224153348 26.666667
110224153448 25.714286
110224153548 24.761905
110224153648 22.857143
110224153748 20.00
110224153848 21.904762
110224153948 17.142857
110224154048 27.619048
110224154148 23.809524
110224154248 27.619048
110224154348 32.380952
110224154448 28.571429
110224154548 14.285714
110224154648 24.761905
110224154748 31.428571
110224154848 23.809524
110224154948 22.857143
110224155048 32.380952
110224155148 26.666667
110224155248 30.47619
110224155348 15.238095
110224155448 27.619048
110224155548 26.666667
110224155648 31.428571
110224155748 19.047619
110224155848 27.619048
110224155948 26.666667
110224160048 18.095238
110224160148 20.00
110224160248 28.571429
110224160348 27.619048
110224160448 21.904762
110224160548 21.904762
110224160648 27.619048
110224160748 20.00
110224160848 19.047619
110224160948 37.142857
110224161048 20.00
110224161148 21.904762
110224161248 25.714286
110224161348 20.952381
110224161448 21.904762
110224161548 35.238095
110224161648 27.619048
110224161748 20.00
110224161848 20.952381
110224161948 24.761905
110224162048 20.00
110224162148 18.095238
110224162248 25.714286
110224162348 27.619048
110224162448 26.666667
110224162548 23.809524
110224162648 20.952381
110224162748 22.857143
110224162848 25.714286
110224162948 24.761905
110224163048 20.952381
110224163148 24.761905
110224163248 34.285714
110224163348 21.904762
110224163448 25.714286
110224163548 25.714286
110224163648 20.952381
110224163748 28.571429
110224163848 22.857143
110224163948 26.666667
110224164048 21.904762
110224164148 25.714286
110224164248 26.666667
110224164348 20.952381
110224164448 26.666667
110224164548 21.904762
110224164648 30.47619
110224164748 28.571429
110224164848 28.571429
110224164948 25.714286
110224165048 25.714286
110224165148 29.52381
110224165248 21.904762
110224165348 29.52381
110224165448 22.857143
110224165548 32.380952
110224165648 27.619048
110224165748 18.095238
110224165848 13.333333
110224165948 26.666667
110224170048 33.333333
110224170148 26.666667
110224170248 30.47619
110224170348 18.095238
110224170448 20.00
110224170548 19.047619
110224170648 26.666667
110224170748 20.952381
110224170848 23.809524
110224170948 20.952381
110224171048 23.809524
110224171148 20.00
110224171248 20.952381
110224171348 24.761905
110224171448 23.809524
110224171548 32.380952
110224171648 22.857143
110224171748 29.52381
110224171848 23.809524
110224171948 26.666667
110224172048 25.714286
110224172148 24.761905
110224172248 18.095238
110224172348 17.142857
110224172448 34.285714
110224172548 28.571429
110224172648 29.52381
110224172748 19.047619
110224172848 22.857143
110224172948 23.809524
110224173048 21.904762
110224173148 20.952381
110224173248 18.095238
110224173348 22.857143
110224173448 32.380952
110224173548 24.761905
110224173648 23.809524
110224173748 23.809524
110224173848 26.666667
110224173948 16.190476
110224174048 21.904762
110224174148 23.809524
110224174248 30.47619
110224174348 23.809524
110224174448 23.809524
110224174548 33.333333
110224174648 19.047619
110224174748 25.714286
110224174848 31.428571
110224174948 30.47619
110224175048 18.095238
110224175148 24.761905
110224175248 23.809524
110224175348 27.619048
110224175448 17.142857
110224175548 14.285714
110224175648 21.904762
110224175748 28.571429
110224175848 29.52381
110224175948 19.047619
110224180048 27.619048
110224180148 21.904762
110224180248 22.857143
110224180348 28.571429
110224180448 25.714286
110224180548 29.52381
110224180648 16.190476
110224180748 32.380952
110224180848 23.809524
110224180948 13.333333
110224181048 16.190476
110224181148 29.52381
110224181248 16.190476
110224181348 22.857143
110224181448 16.190476
110224181548 19.047619
110224181648 16.190476
110224181748 26.666667
110224181848 20.00
110224181948 24.761905
110224182048 21.904762
110224182148 27.619048
110224182248 26.666667
110224182348 26.666667
110224182448 22.857143
110224182548 25.714286
110224182648 25.714286
110224182748 33.333333
110224182848 27.619048
110224182948 12.380952
110224183048 19.047619
110224183148 26.666667
110224183248 31.428571
110224183348 30.47619
110224183448 20.952381
110224183548 21.904762
110224183648 25.714286
110224183748 18.095238
110224183848 25.714286
110224183948 22.857143
110224184048 25.714286
110224184148 26.666667
110224184248 24.761905
110224184348 26.666667
110224184448 24.761905
110224184548 21.904762
110224184648 28.571429
110224184748 23.809524
110224184848 33.333333
110224184948 19.047619
110224185048 18.095238
110224185148 20.00
110224185248 28.571429
110224185348 30.47619
110224185448 17.142857
110224185548 11.428571
110224185648 20.952381
110224185748 23.809524
110224185848 26.666667
110224185948 28.571429
110224190048 25.714286
110224190148 35.238095
110224190248 18.095238
110224190348 27.619048
110224190448 24.761905
110224190548 23.809524
110224190648 25.714286
110224190748 23.809524
110224190848 23.809524
110224190948 22.857143
110224191048 22.857143
110224191148 21.904762
110224191248 20.00
110224191348 30.47619
110224191448 36.190476
110224191548 22.857143
110224191648 26.666667
110224191748 21.904762
110224191848 20.00
110224191948 22.857143
110224192048 22.857143
110224192148 17.142857
110224192248 20.00
110224192348 25.714286
110224192448 20.952381
110224192548 29.52381
110224192648 17.142857
110224192748 27.619048
110224192848 22.857143
110224192948 30.47619
110224193048 15.238095
110224193148 18.095238
110224193248 26.666667
110224193348 20.952381
110224193448 18.095238
110224193548 24.761905
110224193648 19.047619
110224193748 26.666667
110224193848 20.00
110224193948 23.809524
110224194048 32.380952
110224194148 22.857143
110224194248 24.761905
110224194348 18.095238
110224194448 19.047619
110224194548 23.809524
110224194648 30.47619
110224194748 34.285714
110224194848 23.809524
110224194948 28.571429
110224195048 24.761905
110224195148 24.761905
110224195248 17.142857
110224195348 33.333333
110224195448 23.809524
110224195548 21.904762
110224195648 28.571429
110224195748 28.571429
110224195848 22.857143
110224195948 13.333333
110224200048 12.380952
110224200148 37.142857
110224200248 28.571429
110224200348 20.952381
110224200448 24.761905
110224200548 24.761905
110224200648 21.904762
110224200748 28.571429
110224200848 16.190476
110224200948 23.809524
110224201048 20.00
110224201148 25.714286
110224201248 22.857143
110224201348 31.428571
110224201448 35.238095
110224201548 20.952381
110224201648 24.761905
110224201748 23.809524
110224201848 35.238095
110224201948 32.380952
110224202048 22.857143
110224202148 22.857143
110224202248 26.666667
110224202348 28.571429
110224202448 27.619048
110224202548 20.952381
110224202648 26.666667
110224202748 19.047619
110224202848 20.00
110224202948 17.142857
110224203048 32.380952
110224203148 24.761905
110224203248 27.619048
110224203348 18.095238
110224203448 16.190476
110224203548 19.047619
110224203648 23.809524
110224203748 34.285714
110224203848 27.619048
110224203948 34.285714
110224204048 21.904762
110224204148 29.52381
110224204248 19.047619
110224204348 29.52381
110224204448 21.904762
110224204548 31.428571
110224204648 32.380952
110224204748 20.952381
110224204848 21.904762
110224204948 20.00
110224205048 20.00
110224205148 25.714286
110224205248 26.666667
110224205348 25.714286
110224205448 33.333333
110224205548 23.809524
110224205648 27.619048
110224205748 31.428571
110224205848 27.619048
110224205948 23.809524
110224210048 25.714286
110224210148 26.666667
110224210248 28.571429
110224210348 20.00
110224210448 28.571429
110224210548 25.714286
110224210648 16.190476
110224210748 25.714286
110224210848 23.809524
110224210948 31.428571
110224211048 32.380952
110224211148 21.904762
110224211248 20.952381
110224211348 32.380952
110224211448 15.238095
110224211548 22.857143
110224211648 25.714286
110224211748 20.952381
110224211848 24.761905
110224211948 31.428571
110224212048 37.142857
110224212148 26.666667
110224212248 24.761905
110224212348 23.809524
110224212448 23.809524
110224212548 32.380952
110224212648 20.952381
110224212748 26.666667
110224212848 19.047619
110224212948 26.666667
110224213048 29.52381
110224213148 16.190476
110224213248 25.714286
110224213348 29.52381
110224213448 31.428571
110224213548 31.428571
110224213648 29.52381
110224213748 20.952381
110224213848 18.095238
110224213948 23.809524
110224214048 20.952381
110224214148 26.666667
110224214248 24.761905
110224214348 28.571429
110224214448 36.190476
110224214548 22.857143
110224214648 24.761905
110224214748 20.00
110224214848 18.095238
110224214948 36.190476
110224215048 20.952381
110224215148 30.47619
110224215248 28.571429
110224215348 15.238095
110224215448 32.380952
110224215548 24.761905
110224215648 23.809524
110224215748 24.761905
110224215848 25.714286
110224215948 25.714286
110224220048 21.904762
110224220148 28.571429
110224220248 32.380952
110224220348 33.333333
110224220448 26.666667
110224220548 29.52381
110224220648 33.333333
110224220748 18.095238
110224220848 31.428571
110224220948 16.190476
110224221048 14.285714
110224221148 25.714286
110224221248 20.952381
110224221348 24.761905
110224221448 24.761905
110224221548 27.619048
110224221648 29.52381
110224221748 27.619048
110224221848 27.619048
110224221948 31.428571
110224222048 25.714286
110224222148 26.666667
110224222248 24.761905
110224222348 22.857143
110224222448 22.857143
110224222548 35.238095
110224222648 24.761905
110224222748 14.285714
110224222848 17.142857
110224222948 31.428571
110224223048 29.52381
110224223148 22.857143
110224223248 26.666667
110224223348 19.047619
110224223448 20.952381
110224223548 29.52381
110224223648 25.714286
110224223748 35.238095
110224223848 29.52381
110224223948 13.333333
110224224048 26.666667
110224224148 24.761905
110224224248 23.809524
110224224348 15.238095
110224224448 30.47619
110224224548 32.380952
110224224648 39.047619
110224224748 22.857143
110224224848 20.00
110224224948 24.761905
110224225048 26.666667
110224225148 23.809524
110224225248 23.809524
110224225348 29.52381
110224225448 26.666667
110224225548 20.00
110224225648 30.47619
110224225748 25.714286
110224225848 25.714286
110224225948 22.857143
110224230048 19.047619
110224230148 21.904762
110224230248 27.619048
110224230348 20.952381
110224230448 20.952381
110224230548 19.047619
110224230648 32.380952
110224230748 26.666667
110224230848 30.47619
110224230948 22.857143
110224231048 20.00
110224231148 20.952381
110224231248 23.809524
110224231348 23.809524
110224231448 20.952381
110224231548 31.428571
110224231648 21.904762
110224231748 20.00
110224231848 26.666667
110224231948 31.428571
110224232048 23.809524
110224232148 18.095238
110224232248 20.00
110224232348 18.095238
110224232448 26.666667
110224232548 20.00
110224232648 18.095238
110224232748 18.095238
110224232848 29.52381
110224232948 27.619048
110224233048 28.571429
110224233148 25.714286
110224233248 15.238095
110224233348 27.619048
110224233448 28.571429
110224233548 17.142857
110224233648 23.809524
110224233748 26.666667
110224233848 37.142857
110224233948 23.809524
110224234048 25.714286
110224234148 19.047619
110224234248 24.761905
110224234348 26.666667
110224234448 33.333333
110224234548 20.00
110224234648 19.047619
110224234748 34.285714
110224234848 24.761905
110224234948 25.714286
110224235048 26.666667
110224235148 33.333333
110224235248 27.619048
110224235348 20.952381
110224235448 20.00
110224235548 24.761905
110224235648 29.52381
110224235748 26.666667
110224235848 23.809524
110224235948 19.047619
110225000048 18.095238
110225000148 33.333333
110225000248 23.809524
110225000348 35.238095
110225000448 31.428571
110225000548 24.761905
110225000648 18.095238
110225000748 23.809524
110225000848 23.809524
110225000948 18.095238
110225001048 28.571429
110225001148 24.761905
110225001248 29.52381
110225001348 28.571429
110225001448 22.857143
110225001548 17.142857
110225001648 27.619048
110225001748 24.761905
110225001848 28.571429
110225001948 20.952381
110225002048 23.809524
110225002148 24.761905
110225002248 37.142857
110225002348 35.238095
110225002448 20.00
110225002548 28.571429
110225002648 37.142857
110225002748 20.00
110225002848 27.619048
110225002948 26.666667
110225003048 32.380952
110225003148 24.761905
110225003248 20.952381
110225003348 20.952381
110225003448 20.952381
110225003548 27.619048
110225003648 20.00
110225003748 25.714286
110225003848 30.47619
110225003948 23.809524
110225004048 25.714286
110225004148 28.571429
110225004248 30.47619
110225004348 23.809524
110225004448 38.095238
110225004548 28.571429
110225004648 25.714286
110225004748 28.571429
110225004848 19.047619
110225004948 26.666667
110225005048 23.809524
110225005148 24.761905
110225005248 29.52381
110225005348 19.047619
110225005448 29.52381
110225005548 22.857143
110225005648 22.857143
110225005748 18.095238
110225005848 23.809524
110225005948 24.761905
110225010048 20.952381
110225010148 28.571429
110225010248 21.904762
110225010348 28.571429
110225010448 30.47619
110225010548 29.52381
110225010648 24.761905
110225010748 17.142857
110225010848 23.809524
110225010948 20.00
110225011048 23.809524
110225011148 21.904762
110225011248 17.142857
110225011348 25.714286
110225011448 30.47619
110225011548 26.666667
110225011648 24.761905
110225011748 26.666667
110225011848 40.952381
110225011948 20.00
110225012048 20.952381
110225012148 24.761905
110225012248 24.761905
110225012348 21.904762
110225012448 12.380952
110225012548 23.809524
110225012648 23.809524
110225012748 21.904762
110225012848 21.904762
110225012948 30.47619
110225013048 18.095238
110225013148 26.666667
110225013248 35.238095
110225013348 31.428571
110225013448 22.857143
110225013548 21.904762
110225013648 34.285714
110225013748 24.761905
110225013848 31.428571
110225013948 21.904762
110225014048 27.619048
110225014148 22.857143
110225014248 30.47619
110225014348 22.857143
110225014448 24.761905
110225014548 20.00
110225014648 25.714286
110225014748 22.857143
110225014848 30.47619
110225014948 35.238095
110225015048 29.52381
110225015148 27.619048
110225015248 23.809524
110225015348 29.52381
110225015448 22.857143
110225015548 18.095238
110225015648 20.952381
110225015748 19.047619
110225015848 22.857143
110225015948 21.904762
110225020048 19.047619
110225020148 28.571429
110225020248 26.666667
110225020348 28.571429
110225020448 20.00
110225020548 19.047619
110225020648 23.809524
110225020748 21.904762
110225020848 30.47619
110225020948 20.952381
110225021048 20.00
110225021148 32.380952
110225021248 34.285714
110225021348 26.666667
110225021448 20.00
110225021548 32.380952
110225021648 18.095238
110225021748 24.761905
110225021848 22.857143
110225021948 27.619048
110225022048 23.809524
110225022148 28.571429
110225022248 21.904762
110225022348 21.904762
110225022448 22.857143
110225022548 23.809524
110225022648 20.952381
110225022748 20.952381
110225022848 28.571429
110225022948 26.666667
110225023048 19.047619
110225023148 20.00
110225023248 18.095238
110225023348 23.809524
110225023448 31.428571
110225023548 22.857143
110225023648 20.00
110225023748 24.761905
110225023848 30.47619
110225023948 20.00
110225024048 27.619048
110225024148 23.809524
110225024248 24.761905
110225024348 25.714286
110225024448 23.809524
110225024548 27.619048
110225024648 18.095238
110225024748 20.00
110225024848 20.00
110225024948 29.52381
110225025048 28.571429
110225025148 23.809524
110225025248 25.714286
110225025348 20.952381
110225025448 14.285714
110225025548 19.047619
110225025648 18.095238
110225025748 26.666667
110225025848 25.714286
110225025948 29.52381
110225030048 25.714286
110225030148 27.619048
110225030248 22.857143
110225030348 25.714286
110225030448 29.52381
110225030548 22.857143
110225030648 25.714286
110225030748 32.380952
110225030848 20.952381
110225030948 30.47619
110225031048 22.857143
110225031148 22.857143
110225031248 20.00
110225031348 24.761905
110225031448 21.904762
110225031548 25.714286
110225031648 15.238095
110225031748 21.904762
110225031848 25.714286
110225031948 38.095238
110225032048 20.00
110225032148 20.00
110225032248 15.238095
110225032348 23.809524
110225032448 22.857143
110225032548 21.904762
110225032648 24.761905
110225032748 28.571429
110225032848 22.857143
110225032948 24.761905
110225033048 23.809524
110225033148 13.333333
110225033248 19.047619
110225033348 27.619048
110225033448 23.809524
110225033548 29.52381
110225033648 24.761905
110225033748 20.952381
110225033848 31.428571
110225033948 20.00
110225034048 28.571429
110225034148 31.428571
110225034248 21.904762
110225034348 20.00
110225034448 24.761905
110225034548 23.809524
110225034648 31.428571
110225034748 23.809524
110225034848 30.47619
110225034948 28.571429
110225035048 23.809524
110225035148 28.571429
110225035248 27.619048
110225035348 26.666667
110225035448 24.761905
110225035548 22.857143
110225035648 20.00
110225035748 33.333333
110225035848 24.761905
110225035948 22.857143
110225040048 24.761905
110225040148 26.666667
110225040248 27.619048
110225040348 30.47619
110225040448 25.714286
110225040548 27.619048
110225040648 21.904762
110225040748 26.666667
110225040848 16.190476
110225040948 20.00
110225041048 23.809524
110225041148 18.095238
110225041248 22.857143
110225041348 27.619048
110225041448 28.571429
110225041548 18.095238
110225041648 19.047619
110225041748 24.761905
110225041848 27.619048
110225041948 31.428571
110225042048 36.190476
110225042148 24.761905
110225042248 24.761905
110225042348 30.47619
110225042448 27.619048
110225042548 28.571429
110225042648 22.857143
110225042748 22.857143
110225042848 32.380952
110225042948 35.238095
110225043048 26.666667
110225043148 34.285714
110225043248 22.857143
110225043348 30.47619
110225043448 19.047619
110225043548 24.761905
110225043648 25.714286
110225043748 20.952381
110225043848 30.47619
110225043948 22.857143
110225044048 21.904762
110225044148 36.190476
110225044248 25.714286
110225044348 13.333333
110225044448 25.714286
110225044548 28.571429
110225044648 23.809524
110225044748 37.142857
110225044848 27.619048
110225044948 34.285714
110225045048 30.47619
110225045148 29.52381
110225045248 33.333333
110225045348 12.380952
110225045448 21.904762
110225045548 23.809524
110225045648 25.714286
110225045748 32.380952
110225045848 23.809524
110225045948 40.952381
110225050048 27.619048
110225050148 17.142857
110225050248 23.809524
110225050348 20.952381
110225050448 31.428571
110225050548 24.761905
110225050648 27.619048
110225050748 21.904762
110225050848 30.47619
110225050948 28.571429
110225051048 21.904762
110225051148 26.666667
110225051248 23.809524
110225051348 35.238095
110225051448 22.857143
110225051548 12.380952
110225051648 21.904762
110225051748 18.095238
110225051848 25.714286
110225051948 24.761905
110225052048 32.380952
110225052148 18.095238
110225052248 26.666667
110225052348 25.714286
110225052448 24.761905
110225052548 23.809524
110225052648 23.809524
110225052748 29.52381
110225052848 30.47619
110225052948 25.714286
110225053048 30.47619
110225053148 28.571429
110225053248 17.142857
110225053348 22.857143
110225053448 27.619048
110225053548 23.809524
110225053648 26.666667
110225053748 23.809524
110225053848 23.809524
110225053948 22.857143
110225054048 30.47619
110225054148 20.952381
110225054248 37.142857
110225054348 26.666667
110225054448 31.428571
110225054548 25.714286
110225054648 23.809524
110225054748 22.857143
110225054848 19.047619
110225054948 19.047619
110225055048 20.00
110225055148 26.666667
110225055248 14.285714
110225055348 22.857143
110225055448 16.190476
110225055548 14.285714
110225055648 25.714286
110225055748 24.761905
110225055848 27.619048
110225055948 24.761905
110225060048 20.00
110225060148 28.571429
110225060248 19.047619
110225060348 21.904762
110225060448 25.714286
110225060548 28.571429
110225060648 21.904762
110225060748 18.095238
110225060848 30.47619
110225060948 28.571429
110225061048 32.380952
110225061148 20.952381
110225061248 25.714286
110225061348 32.380952
110225061448 25.714286
110225061548 23.809524
110225061648 20.952381
110225061748 23.809524
110225061848 17.142857
110225061948 26.666667
110225062048 25.714286
110225062148 24.761905
110225062248 35.238095
110225062348 20.00
110225062448 20.952381
110225062548 23.809524
110225062648 20.00
110225062748 19.047619
110225062848 22.857143
110225062948 24.761905
110225063048 23.809524
110225063148 23.809524
110225063248 24.761905
110225063348 34.285714
110225063448 29.52381
110225063548 19.047619
110225063648 27.619048
110225063748 24.761905
110225063848 22.857143
110225063948 27.619048
110225064048 29.52381
110225064148 16.190476
110225064248 26.666667
110225064348 24.761905
110225064448 17.142857
110225064548 18.095238
110225064648 32.380952
110225064748 29.52381
110225064848 19.047619
110225064948 23.809524
110225065048 26.666667
110225065148 34.285714
110225065248 26.666667
110225065348 22.857143
110225065448 26.666667
110225065548 21.904762
110225065648 33.333333
110225065748 30.47619
110225065848 27.619048
110225065948 20.952381
110225070048 20.00
110225070148 25.714286
110225070248 36.190476
110225070348 27.619048
110225070448 24.761905
110225070548 18.095238
110225070648 21.904762
110225070748 29.52381
110225070848 13.333333
110225070948 20.00
110225071048 24.761905
110225071148 31.428571
110225071248 26.666667
110225071348 24.761905
110225071448 30.47619
110225071548 22.857143
110225071648 22.857143
110225071748 23.809524
110225071848 26.666667
110225071948 24.761905
110225072048 26.666667
110225072148 22.857143
110225072248 26.666667
110225072348 27.619048
110225072448 24.761905
110225072548 32.380952
110225072648 29.52381
110225072748 25.714286
110225072848 27.619048
110225072948 23.809524
110225073048 26.666667
110225073148 24.761905
110225073248 34.285714
110225073348 17.142857
110225073448 29.52381
110225073548 18.095238
110225073648 24.761905
110225073748 31.428571
110225073848 21.904762
110225073948 20.952381
110225074048 23.809524
110225074148 25.714286
110225074248 26.666667
110225074348 28.571429
110225074448 23.809524
110225074548 20.952381
110225074648 26.666667
110225074748 24.761905
110225074848 21.904762
110225074948 25.714286
110225075048 22.857143
110225075148 20.00
110225075248 22.857143
110225075348 17.142857
110225075448 26.666667
110225075548 19.047619
110225075648 21.904762
110225075748 26.666667
110225075848 20.00
110225075948 28.571429
110225080048 21.904762
110225080148 25.714286
110225080248 16.190476
110225080348 23.809524
110225080448 25.714286
110225080548 27.619048
110225080648 28.571429
110225080748 36.190476
110225080848 17.142857
110225080948 21.904762
110225081048 20.00
110225081148 20.00
110225081248 40.952381
110225081348 25.714286
110225081448 23.809524
110225081548 23.809524
110225081648 20.952381
110225081748 38.095238
110225081848 29.52381
110225081948 19.047619
110225082048 36.190476
110225082148 27.619048
110225082248 24.761905
110225082348 18.095238
110225082448 19.047619
110225082548 21.904762
110225082648 24.761905
110225082748 26.666667
110225082848 26.666667
110225082948 29.52381
110225083048 21.904762
110225083148 24.761905
110225083248 28.571429
110225083348 19.047619
110225083448 27.619048
110225083548 21.904762
110225083648 18.095238
110225083748 26.666667
110225083848 18.095238
110225083948 20.00
110225084048 23.809524
110225084148 20.00
110225084248 28.571429
110225084348 27.619048
110225084448 27.619048
110225084548 27.619048
110225084648 20.00
110225084748 20.952381
110225084848 24.761905
110225084948 30.47619
110225085048 15.238095
110225085148 28.571429
110225085248 29.52381
110225085348 24.761905
110225085448 30.47619
110225085548 27.619048
110225085648 20.952381
110225085748 20.00
110225085848 20.00
110225085948 32.380952
110225090048 31.428571
110225090148 27.619048
110225090248 26.666667
110225090348 25.714286
110225090448 24.761905
110225090548 19.047619
110225090648 29.52381
110225090748 18.095238
110225090848 28.571429
110225090948 27.619048
110225091048 20.00
110225091148 30.47619
110225091248 22.857143
110225091348 25.714286
110225091448 17.142857
110225091548 24.761905
110225091648 20.00
110225091748 27.619048
110225091848 26.666667
110225091948 21.904762
110225092048 22.857143
110225092148 21.904762
110225092248 20.00
110225092348 26.666667
110225092448 30.47619
110225092548 26.666667
110225092648 25.714286
110225092748 25.714286
110225092848 19.047619
110225092948 30.47619
110225093048 35.238095
110225093148 18.095238
110225093248 30.47619
110225093348 33.333333
110225093448 30.47619
110225093548 29.52381
110225093648 26.666667
110225093748 18.095238
110225093848 20.952381
110225093948 28.571429
110225094048 29.52381
110225094148 23.809524
110225094248 15.238095
110225094348 23.809524
110225094448 27.619048
110225094548 27.619048
110225094648 28.571429
110225094748 22.857143
110225094848 20.952381
110225094948 27.619048
110225095048 31.428571
110225095148 24.761905
110225095248 20.952381
110225095348 25.714286
110225095448 29.52381
110225095548 19.047619
110225095648 29.52381
110225095748 30.47619
110225095848 24.761905
110225095948 22.857143
110225100048 17.142857
110225100148 20.00
110225100248 19.047619
110225100348 18.095238
110225100448 27.619048
110225100548 18.095238
110225100648 15.238095
110225100748 20.952381
110225100848 28.571429
110225100948 23.809524
110225101048 18.095238
110225101148 21.904762
110225101248 37.142857
110225101348 27.619048
110225101448 24.761905
110225101548 22.857143
110225101648 20.00
110225101748 30.47619
110225101848 35.238095
110225101948 20.00
110225102048 24.761905
110225102148 22.857143
110225102248 28.571429
110225102348 29.52381
110225102448 30.47619
110225102548 23.809524
110225102648 20.952381
110225102748 22.857143
110225102848 36.190476
110225102948 28.571429
110225103048 15.238095
110225103148 25.714286
110225103248 26.666667
110225103348 25.714286
110225103448 21.904762
110225103548 23.809524
110225103648 22.857143
110225103748 15.238095
110225103848 21.904762
110225103948 28.571429
110225104048 26.666667
110225104148 27.619048
110225104248 28.571429
110225104348 19.047619
110225104448 26.666667
110225104548 24.761905
110225104648 31.428571
110225104748 18.095238
110225104848 20.952381
110225104948 27.619048
110225105048 18.095238
110225105148 22.857143
110225105248 30.47619
110225105348 20.00
110225105448 20.952381
110225105548 13.333333
110225105648 20.952381
110225105748 28.571429
110225105848 26.666667
110225105948 23.809524
110225110048 23.809524
110225110148 20.952381
110225110248 25.714286
110225110348 20.00
110225110448 18.095238
110225110548 24.761905
110225110648 22.857143
110225110748 19.047619
110225110848 26.666667
110225110948 34.285714
110225111048 22.857143
110225111148 12.380952
110225111248 26.666667
110225111348 25.714286
110225111448 24.761905
110225111548 23.809524
110225111648 20.952381
110225111748 22.857143
110225111848 29.52381
110225111948 24.761905
110225112048 26.666667
110225112148 32.380952
110225112248 13.333333
110225112348 21.904762
110225112448 22.857143
110225112548 28.571429
110225112648 20.00
110225112748 26.666667
110225112848 24.761905
110225112948 20.952381
110225113048 20.952381
110225113148 19.047619
110225113248 30.47619
110225113348 18.095238
110225113448 20.952381
110225113548 20.952381
110225113648 23.809524
110225113748 17.142857
110225113848 23.809524
110225113948 26.666667
110225114048 22.857143
110225114148 18.095238
110225114248 26.666667
110225114348 27.619048
110225114448 28.571429
110225114548 25.714286
110225114648 30.47619
110225114748 27.619048
110225114848 25.714286
110225114948 21.904762
110225115048 19.047619
110225115148 32.380952
110225115248 23.809524
110225115348 28.571429
110225115448 27.619048
110225115548 33.333333
110225115648 19.047619
110225115748 26.666667
110225115848 26.666667
110225115948 26.666667
110225120048 18.095238
110225120148 30.47619
110225120248 28.571429
110225120348 20.00
110225120448 25.714286
110225120548 20.00
110225120648 29.52381
110225120748 23.809524
110225120848 15.238095
110225120948 20.00
110225121048 18.095238
110225121148 16.190476
110225121248 25.714286
110225121348 20.00
110225121448 19.047619
110225121548 28.571429
110225121648 23.809524
110225121748 20.00
110225121848 22.857143
110225121948 13.333333
110225122048 37.142857
110225122148 20.952381
110225122248 27.619048
110225122348 29.52381
110225122448 31.428571
110225122548 30.47619
110225122648 33.333333
110225122748 28.571429
110225122848 23.809524
110225122948 27.619048
110225123048 34.285714
110225123148 18.095238
110225123248 25.714286
110225123348 22.857143
110225123448 23.809524
110225123548 20.00
110225123648 29.52381
110225123748 26.666667
110225123848 28.571429
110225123948 39.047619
110225124048 27.619048
110225124148 28.571429
110225124248 29.52381
110225124348 30.47619
110225124448 27.619048
110225124548 21.904762
110225124648 27.619048
110225124748 24.761905
110225124848 27.619048
110225124948 23.809524
110225125048 24.761905
110225125148 17.142857
110225125248 23.809524
110225125348 24.761905
110225125448 30.47619
110225125548 28.571429
110225125648 26.666667
110225125748 20.00
110225125848 23.809524
110225125948 21.904762
110225130048 20.952381
110225130148 22.857143
110225130248 33.333333
110225130348 27.619048
110225130448 29.52381
110225130548 22.857143
110225130648 24.761905
110225130748 22.857143
110225130848 25.714286
110225130948 22.857143
110225131048 19.047619
110225131148 23.809524
110225131248 30.47619
110225131348 24.761905
110225131448 23.809524
110225131548 24.761905
110225131648 20.952381
110225131748 25.714286
110225131848 25.714286
110225131948 22.857143
110225132048 27.619048
110225132148 22.857143
110225132248 17.142857
110225132348 30.47619
110225132448 26.666667
110225132548 29.52381
110225132648 19.047619
110225132748 23.809524
110225132848 20.952381
110225132948 26.666667
110225133048 26.666667
110225133148 21.904762
110225133248 27.619048
110225133348 29.52381
110225133448 32.380952
110225133548 28.571429
110225133648 26.666667
110225133748 29.52381
110225133848 23.809524
110225133948 24.761905
110225134048 18.095238
110225134148 27.619048
110225134248 17.142857
110225134348 19.047619
110225134448 22.857143
110225134548 20.952381
110225134648 20.00
110225134748 30.47619
110225134848 19.047619
110225134948 18.095238
110225135048 24.761905
110225135148 15.238095
110225135248 35.238095
110225135348 30.47619
110225135448 26.666667
110225135548 23.809524
110225135648 20.952381
110225135748 25.714286
110225135848 18.095238
110225135948 23.809524
110225140048 19.047619
110225140148 24.761905
110225140248 17.142857
110225140348 30.47619
110225140448 22.857143
110225140548 18.095238
110225140648 20.952381
110225140748 26.666667
