  Q    F1        F2
001    0.9603   0.9603
002    0.9067   0.9067
003    0.8603   0.8603
004    0.8216   0.8216
005    0.7893   0.7893
006    0.7618   0.7618
007    0.7381   0.7381
008    0.7174   0.7174
009    0.6992   0.6992
010    0.6830   0.6830
011    0.6684   0.6684
012    0.6552   0.6552
013    0.6432   0.6432
014    0.6322   0.6322
015    0.6221   0.6221
016    0.6128   0.6128
017    0.6041   0.6041
018    0.5960   0.5960
019    0.5884   0.5884
020    0.5813   0.5813
021    0.5746   0.5746
022    0.5683   0.5683
023    0.5624   0.5624
024    0.5567   0.5567
025    0.5514   0.5514
026    0.5463   0.5463
027    0.5414   0.5414
028    0.5368   0.5368
029    0.5324   0.5324
030    0.5282   0.5282
031    0.5241   0.5241
032    0.5202   0.5202
033    0.5165   0.5165
034    0.5129   0.5129
035    0.5094   0.5094
036    0.5061   0.5061
037    0.5028   0.5028
038    0.5000   0.5000
039    0.4972   0.4972
040    0.4943   0.4943
041    0.4915   0.4915
042    0.4888   0.4888
043    0.4861   0.4861
044    0.4836   0.4836
045    0.4811   0.4811
046    0.4787   0.4787
047    0.4763   0.4763
048    0.4741   0.4741
049    0.4718   0.4718
050    0.4697   0.4697
051    0.4676   0.4676
052    0.4655   0.4655
053    0.4635   0.4635
054    0.4616   0.4616
055    0.4597   0.4597
056    0.4578   0.4578
057    0.4560   0.4560
058    0.4542   0.4542
059    0.4525   0.4525
060    0.4508   0.4508
061    0.4492   0.4492
062    0.4475   0.4475
063    0.4460   0.4460
064    0.4444   0.4444
065    0.4429   0.4429
066    0.4414   0.4414
067    0.4399   0.4399
068    0.4385   0.4385
069    0.4371   0.4371
070    0.4357   0.4357
071    0.4344   0.4344
072    0.4330   0.4330
073    0.4317   0.4317
074    0.4304   0.4304
075    0.4292   0.4292
076    0.4279   0.4279
077    0.4267   0.4267
078    0.4255   0.4255
079    0.4244   0.4244
080    0.4232   0.4232
081    0.4221   0.4221
082    0.4210   0.4210
083    0.4199   0.4199
084    0.4188   0.4188
085    0.4177   0.4177
086    0.4167   0.4167
087    0.4156   0.4156
088    0.4146   0.4146
089    0.4136   0.4136
090    0.4126   0.4126
091    0.4117   0.4117
092    0.4107   0.4107
093    0.4098   0.4098
094    0.4088   0.4088
095    0.4079   0.4079
096    0.4070   0.4070
097    0.4061   0.4061
098    0.4053   0.4053
099    0.4044   0.4044
100    0.4035   0.4035
101    0.4027   0.4027
102    0.4018   0.4018
103    0.4010   0.4010
104    0.4002   0.4002
105    0.3994   0.3994
106    0.3986   0.3986
107    0.3978   0.3978
108    0.3971   0.3971
109    0.3963   0.3963
110    0.3956   0.3956
111    0.3948   0.3948
112    0.3941   0.3941
113    0.3933   0.3933
114    0.3926   0.3926
115    0.3919   0.3919
116    0.3912   0.3912
117    0.3905   0.3905
118    0.3898   0.3898
119    0.3892   0.3892
120    0.3885   0.3885
121    0.3878   0.3878
122    0.3872   0.3872
123    0.3865   0.3865
124    0.3859   0.3859
125    0.3853   0.3853
126    0.3846   0.3846
127    0.3840   0.3840
128    0.3834   0.3834
129    0.3828   0.3828
130    0.3822   0.3822
131    0.3816   0.3816
132    0.3810   0.3810
133    0.3804   0.3804
134    0.3798   0.3798
135    0.3793   0.3793
136    0.3787   0.3787
137    0.3781   0.3781
138    0.3776   0.3776
139    0.3770   0.3770
140    0.3765   0.3765
141    0.3759   0.3759
142    0.3754   0.3754
143    0.3749   0.3749
144    0.3743   0.3743
145    0.3738   0.3738
146    0.3733   0.3733
147    0.3728   0.3728
148    0.3723   0.3723
149    0.3718   0.3718
150    0.3713   0.3713
151    0.3708   0.3708
152    0.3703   0.3703
153    0.3698   0.3698
154    0.3694   0.3694
155    0.3689   0.3689
156    0.3684   0.3684
157    0.3679   0.3679
158    0.3675   0.3675
159    0.3670   0.3670
160    0.3666   0.3666
161    0.3661   0.3661
162    0.3657   0.3657
163    0.3652   0.3652
164    0.3648   0.3648
165    0.3643   0.3643
166    0.3639   0.3639
167    0.3635   0.3635
168    0.3630   0.3630
169    0.3626   0.3626
170    0.3622   0.3622
171    0.3618   0.3618
172    0.3614   0.3614
173    0.3610   0.3610
174    0.3606   0.3606
175    0.3602   0.3602
176    0.3597   0.3597
177    0.3594   0.3594
178    0.3590   0.3590
179    0.3586   0.3586
180    0.3582   0.3582
181    0.3578   0.3578
182    0.3574   0.3574
183    0.3570   0.3570
184    0.3566   0.3566
185    0.3563   0.3563
186    0.3559   0.3559
187    0.3555   0.3555
188    0.3552   0.3552
189    0.3548   0.3548
190    0.3544   0.3544
191    0.3541   0.3541
192    0.3537   0.3537
193    0.3534   0.3534
194    0.3530   0.3530
195    0.3527   0.3527
196    0.3523   0.3523
197    0.3520   0.3520
198    0.3516   0.3516
199    0.3513   0.3513
200    0.3510   0.3510
201    0.3506   0.3506
202    0.3503   0.3503
203    0.3500   0.3500
204    0.3496   0.3496
205    0.3493   0.3493
206    0.3490   0.3490
207    0.3486   0.3486
208    0.3483   0.3483
209    0.3480   0.3480
210    0.3477   0.3477
211    0.3474   0.3474
212    0.3471   0.3471
213    0.3468   0.3468
214    0.3464   0.3464
215    0.3461   0.3461
216    0.3458   0.3458
217    0.3455   0.3455
218    0.3452   0.3452
219    0.3449   0.3449
220    0.3446   0.3446
221    0.3443   0.3443
222    0.3440   0.3440
223    0.3438   0.3438
224    0.3435   0.3435
225    0.3432   0.3432
226    0.3429   0.3429
227    0.3426   0.3426
228    0.3423   0.3423
229    0.3420   0.3420
230    0.3418   0.3418
231    0.3415   0.3415
232    0.3412   0.3412
233    0.3409   0.3409
234    0.3406   0.3406
235    0.3404   0.3404
236    0.3401   0.3401
237    0.3398   0.3398
238    0.3396   0.3396
239    0.3393   0.3393
240    0.3390   0.3390
241    0.3388   0.3388
242    0.3385   0.3385
243    0.3383   0.3383
244    0.3380   0.3380
245    0.3377   0.3377
246    0.3375   0.3375
247    0.3372   0.3372
248    0.3370   0.3370
249    0.3367   0.3367
250    0.3365   0.3365
251    0.3362   0.3362
252    0.3360   0.3360
253    0.3357   0.3357
254    0.3355   0.3355
255    0.3352   0.3352
256    0.3350   0.3350
257    0.3348   0.3348
258    0.3345   0.3345
259    0.3343   0.3343
260    0.3340   0.3340
261    0.3338   0.3338
262    0.3336   0.3336
263    0.3333   0.3333
264    0.3331   0.3331
265    0.3329   0.3329
266    0.3326   0.3326
267    0.3324   0.3324
268    0.3322   0.3322
269    0.3319   0.3319
270    0.3317   0.3317
271    0.3315   0.3315
272    0.3313   0.3313
273    0.3311   0.3311
274    0.3308   0.3308
275    0.3306   0.3306
276    0.3304   0.3304
277    0.3302   0.3302
278    0.3300   0.3300
279    0.3297   0.3297
280    0.3295   0.3295
281    0.3293   0.3293
282    0.3291   0.3291
283    0.3289   0.3289
284    0.3287   0.3287
285    0.3285   0.3285
286    0.3283   0.3283
287    0.3280   0.3280
288    0.3278   0.3278
289    0.3276   0.3276
290    0.3274   0.3274
291    0.3272   0.3272
292    0.3270   0.3270
293    0.3268   0.3268
294    0.3266   0.3266
295    0.3264   0.3264
296    0.3262   0.3262
297    0.3260   0.3260
298    0.3258   0.3258
299    0.3256   0.3256
300    0.3254   0.3254
301    0.3252   0.3252
302    0.3250   0.3250
303    0.3248   0.3248
304    0.3246   0.3246
305    0.3245   0.3245
306    0.3243   0.3243
307    0.3241   0.3241
308    0.3239   0.3239
309    0.3237   0.3237
310    0.3235   0.3235
311    0.3233   0.3233
312    0.3231   0.3231
313    0.3229   0.3229
314    0.3228   0.3228
315    0.3226   0.3226
316    0.3224   0.3224
317    0.3222   0.3222
318    0.3220   0.3220
319    0.3218   0.3218
320    0.3217   0.3217
321    0.3215   0.3215
322    0.3213   0.3213
323    0.3211   0.3211
324    0.3210   0.3210
325    0.3208   0.3208
326    0.3206   0.3206
327    0.3204   0.3204
328    0.3203   0.3203
329    0.3201   0.3201
330    0.3199   0.3199
331    0.3197   0.3197
332    0.3196   0.3196
333    0.3194   0.3194
334    0.3192   0.3192
335    0.3191   0.3191
336    0.3189   0.3189
337    0.3187   0.3187
338    0.3186   0.3186
339    0.3184   0.3184
340    0.3182   0.3182
341    0.3181   0.3181
342    0.3179   0.3179
343    0.3177   0.3177
344    0.3176   0.3176
345    0.3174   0.3174
346    0.3172   0.3172
347    0.3171   0.3171
348    0.3169   0.3169
349    0.3168   0.3168
350    0.3166   0.3166
351    0.3164   0.3164
352    0.3163   0.3163
353    0.3161   0.3161
354    0.3160   0.3160
355    0.3158   0.3158
356    0.3156   0.3156
357    0.3155   0.3155
358    0.3153   0.3153
359    0.3152   0.3152
360    0.3150   0.3150
361    0.3149   0.3149
362    0.3147   0.3147
363    0.3146   0.3146
364    0.3144   0.3144
365    0.3143   0.3143
366    0.3141   0.3141
367    0.3140   0.3140
368    0.3138   0.3138
369    0.3137   0.3137
370    0.3135   0.3135
371    0.3134   0.3134
372    0.3132   0.3132
373    0.3131   0.3131
374    0.3129   0.3129
375    0.3128   0.3128
376    0.3126   0.3126
377    0.3125   0.3125
378    0.3124   0.3124
379    0.3122   0.3122
380    0.3121   0.3121
381    0.3119   0.3119
382    0.3118   0.3118
383    0.3116   0.3116
384    0.3115   0.3115
385    0.3114   0.3114
386    0.3112   0.3112
387    0.3111   0.3111
388    0.3109   0.3109
389    0.3108   0.3108
390    0.3107   0.3107
391    0.3105   0.3105
392    0.3104   0.3104
393    0.3103   0.3103
394    0.3101   0.3101
395    0.3100   0.3100
396    0.3098   0.3098
397    0.3097   0.3097
398    0.3096   0.3096
399    0.3094   0.3094
400    0.3093   0.3093
401    0.3092   0.3092
402    0.3090   0.3090
403    0.3089   0.3089
404    0.3088   0.3088
405    0.3087   0.3087
406    0.3085   0.3085
407    0.3084   0.3084
408    0.3083   0.3083
409    0.3081   0.3081
410    0.3080   0.3080
411    0.3079   0.3079
412    0.3077   0.3077
413    0.3076   0.3076
414    0.3075   0.3075
415    0.3074   0.3074
416    0.3072   0.3072
417    0.3071   0.3071
418    0.3070   0.3070
419    0.3069   0.3069
420    0.3067   0.3067
421    0.3066   0.3066
422    0.3065   0.3065
423    0.3064   0.3064
424    0.3062   0.3062
425    0.3061   0.3061
426    0.3060   0.3060
427    0.3059   0.3059
428    0.3057   0.3057
429    0.3056   0.3056
430    0.3055   0.3055
431    0.3054   0.3054
432    0.3053   0.3053
433    0.3051   0.3051
434    0.3050   0.3050
435    0.3049   0.3049
436    0.3048   0.3048
437    0.3047   0.3047
438    0.3045   0.3045
439    0.3044   0.3044
440    0.3043   0.3043
441    0.3042   0.3042
442    0.3041   0.3041
443    0.3040   0.3040
444    0.3038   0.3038
445    0.3037   0.3037
446    0.3036   0.3036
447    0.3035   0.3035
448    0.3034   0.3034
449    0.3033   0.3033
450    0.3032   0.3032
451    0.3030   0.3030
452    0.3029   0.3029
453    0.3028   0.3028
454    0.3027   0.3027
455    0.3026   0.3026
456    0.3025   0.3025
457    0.3024   0.3024
458    0.3023   0.3023
459    0.3021   0.3021
460    0.3020   0.3020
461    0.3019   0.3019
462    0.3018   0.3018
463    0.3017   0.3017
464    0.3016   0.3016
465    0.3015   0.3015
466    0.3014   0.3014
467    0.3013   0.3013
468    0.3012   0.3012
469    0.3011   0.3011
470    0.3009   0.3009
471    0.3008   0.3008
472    0.3007   0.3007
473    0.3006   0.3006
474    0.3005   0.3005
475    0.3004   0.3004
476    0.3003   0.3003
477    0.3002   0.3002
478    0.3001   0.3001
479    0.3000   0.3000
480    0.2999   0.2999
481    0.2998   0.2998
482    0.2997   0.2997
483    0.2996   0.2996
484    0.2995   0.2995
485    0.2994   0.2994
486    0.2993   0.2993
487    0.2992   0.2992
488    0.2991   0.2991
489    0.2990   0.2990
490    0.2989   0.2989
491    0.2988   0.2988
492    0.2987   0.2987
493    0.2986   0.2986
494    0.2985   0.2985
495    0.2984   0.2984
496    0.2983   0.2983
497    0.2982   0.2982
498    0.2981   0.2981
499    0.2980   0.2980
500    0.2979   0.2979
