23.04 0.945
23.05 0.326
23.06 0.271
23.07 0.347
23.08 0.337
23.09 0.304
23.10 0.250
23.11 0.402
23.12 0.206
23.13 0.304
23.14 0.293
23.15 0.326
23.16 0.293
23.17 0.489
23.18 0.369
23.19 0.391
23.20 0.456
23.21 0.369
23.22 0.402
23.23 0.380
23.24 0.326
23.25 0.337
23.26 0.250
23.27 0.304
23.28 0.413
23.29 0.293
23.30 0.402
23.31 0.315
23.32 0.467
23.33 0.250
23.34 0.250
23.35 0.304
23.36 0.380
23.37 0.261
23.38 0.271
23.39 0.369
23.40 0.369
23.41 0.369
23.42 0.304
23.43 0.315
23.44 0.391
23.45 0.315
23.46 0.380
23.47 0.358
23.48 0.337
23.49 0.206
23.50 0.337
23.51 0.326
23.52 0.282
23.53 0.402
23.54 0.467
23.55 0.413
23.56 0.261
23.57 0.293
23.58 0.304
23.59 0.261
00.00 0.413
00.01 0.293
00.02 0.413
00.03 0.413
00.04 0.293
00.05 0.337
00.06 0.271
00.07 0.380
00.08 0.315
00.09 0.402
00.10 0.358
00.11 0.337
00.12 0.304
00.13 0.358
00.14 0.391
00.15 0.293
00.16 0.228
00.17 0.337
00.18 0.282
00.19 0.456
00.20 0.358
00.21 0.380
00.22 0.337
00.23 0.369
00.24 0.326
00.25 0.282
00.26 0.326
00.27 0.380
00.28 0.413
00.29 0.347
00.30 0.380
00.31 0.293
00.32 0.391
00.33 0.217
00.34 0.337
00.35 0.369
00.36 0.282
00.37 0.358
00.38 0.489
00.39 0.315
00.40 0.326
00.41 0.293
00.42 0.391
00.43 0.271
00.44 0.217
00.45 0.347
00.46 0.239
00.47 0.315
00.48 0.402
00.49 0.315
00.50 0.391
00.51 0.358
00.52 0.326
00.53 0.434
00.54 0.521
00.55 0.391
00.56 0.304
00.57 0.293
00.58 0.315
00.59 0.326
01.00 0.467
01.01 0.402
01.02 0.261
01.03 0.337
01.04 0.402
01.05 0.315
01.06 0.282
01.07 0.369
01.08 0.304
01.09 0.228
01.10 0.380
01.11 0.347
01.12 0.369
01.13 0.347
01.14 0.369
01.15 0.347
01.16 0.337
01.17 0.293
01.18 0.315
01.19 0.337
01.20 0.391
01.21 0.293
01.22 0.413
01.23 0.315
01.24 0.217
01.25 0.326
01.26 0.282
01.27 0.261
01.28 0.326
01.29 0.282
01.30 0.326
01.31 0.402
01.32 0.347
01.33 0.326
01.34 0.304
01.35 0.326
01.36 0.467
01.37 0.478
01.38 0.326
01.39 0.358
01.40 0.261
01.41 0.282
01.42 0.315
01.43 0.282
01.44 0.315
01.45 0.391
01.46 0.347
01.47 0.315
01.48 0.347
01.49 0.358
01.50 0.380
01.51 0.326
01.52 0.315
01.53 0.282
01.54 0.293
01.55 0.423
01.56 0.489
01.57 0.347
01.58 0.391
01.59 0.326
02.00 0.369
02.01 0.369
02.02 0.337
02.03 0.347
02.04 0.380
02.05 0.337
02.06 0.293
02.07 0.326
02.08 0.369
02.09 0.326
02.10 0.326
02.11 0.315
02.12 0.174
02.13 0.369
02.14 0.402
02.15 0.337
02.16 0.380
02.17 0.402
02.18 0.358
02.19 0.347
02.20 0.413
02.21 0.402
02.22 0.250
02.23 0.347
02.24 0.402
02.25 0.358
02.26 0.380
02.27 0.423
02.28 0.369
02.29 0.337
02.30 0.445
02.31 0.413
02.32 0.315
02.33 0.261
02.34 0.413
02.35 0.337
02.36 0.413
02.37 0.369
02.38 0.304
02.39 0.380
02.40 0.369
02.41 0.434
02.42 0.380
02.43 0.315
02.44 0.391
02.45 0.337
02.46 0.347
02.47 0.293
02.48 0.326
02.49 0.304
02.50 0.293
02.51 0.358
02.52 0.445
02.53 0.358
02.54 0.304
02.55 0.304
02.56 0.347
02.57 0.358
02.58 0.423
02.59 0.337
03.00 0.271
03.01 0.250
03.02 0.315
03.03 0.358
03.04 0.315
03.05 0.391
03.06 0.304
03.07 0.326
03.08 0.337
03.09 0.282
03.10 0.380
03.11 0.467
03.12 0.423
03.13 0.206
03.14 0.261
03.15 0.434
03.16 0.228
03.17 0.358
03.18 0.304
03.19 0.347
03.20 0.380
03.21 0.347
03.22 0.282
03.23 0.369
03.24 0.206
03.25 0.271
03.26 0.337
03.27 0.434
03.28 0.358
03.29 0.423
03.30 0.391
03.31 0.271
03.32 0.326
03.33 0.326
03.34 0.391
03.35 0.369
03.36 0.358
03.37 0.282
03.38 0.358
03.39 0.391
03.40 0.282
03.41 0.282
03.42 0.228
03.43 0.271
03.44 0.434
03.45 0.445
03.46 0.315
03.47 0.347
03.48 0.293
03.49 0.239
03.50 0.315
03.51 0.337
03.52 0.315
03.53 0.358
03.54 0.250
03.55 0.358
03.56 0.271
03.57 0.261
03.58 0.282
03.59 0.347
04.00 0.315
04.01 0.499
04.02 0.423
04.03 0.423
04.04 0.282
04.05 0.358
04.06 0.304
04.07 0.391
04.08 0.326
04.09 0.337
04.10 0.326
04.11 0.423
04.12 0.347
04.13 0.217
04.14 0.315
04.15 0.315
04.16 0.282
04.17 0.315
04.18 0.315
04.19 0.347
04.20 0.413
04.21 0.271
04.22 0.358
04.23 0.402
04.24 0.347
04.25 0.423
04.26 0.315
04.27 0.369
04.28 0.358
04.29 0.250
04.30 0.391
04.31 0.304
04.32 0.282
04.33 0.391
04.34 0.282
04.35 0.141
04.36 0.402
04.37 0.391
04.38 0.369
04.39 0.250
04.40 0.304
04.41 0.358
04.42 0.347
04.43 0.402
04.44 0.358
04.45 0.261
04.46 0.380
04.47 0.337
04.48 0.304
04.49 0.380
04.50 0.315
04.51 0.293
04.52 0.402
04.53 0.271
04.54 0.261
04.55 0.304
04.56 0.391
04.57 0.358
04.58 0.282
04.59 0.304
05.00 0.369
05.01 0.380
05.02 0.358
05.03 0.304
05.04 0.315
05.05 0.293
05.06 0.413
05.07 0.358
05.08 0.413
05.09 0.315
05.10 0.271
05.11 0.391
05.12 0.282
05.13 0.445
05.14 0.315
05.15 0.380
05.16 0.358
05.17 0.402
05.18 0.337
05.19 0.326
05.20 0.369
05.21 0.304
05.22 0.271
05.23 0.293
05.24 0.261
05.25 0.369
05.26 0.282
05.27 0.293
05.28 0.402
05.29 0.369
05.30 0.206
05.31 0.239
05.32 0.380
05.33 0.358
05.34 0.282
05.35 0.337
05.36 0.326
05.37 0.391
05.38 0.380
05.39 0.315
05.40 0.271
05.41 0.337
05.42 0.315
05.43 0.380
05.44 0.337
05.45 0.413
05.46 0.315
05.47 0.358
05.48 0.315
05.49 0.423
05.50 0.304
05.51 0.456
05.52 0.315
05.53 0.304
05.54 0.282
05.55 0.326
05.56 0.304
05.57 0.402
05.58 0.326
05.59 0.402
06.00 0.347
06.01 0.413
06.02 0.239
06.03 0.326
06.04 0.337
06.05 0.293
06.06 0.369
06.07 0.380
06.08 0.261
06.09 0.358
06.10 0.391
06.11 0.337
06.12 0.315
06.13 0.261
06.14 0.293
06.15 0.326
06.16 0.489
06.17 0.380
06.18 0.347
06.19 0.347
06.20 0.337
06.21 0.304
06.22 0.261
06.23 0.315
06.24 0.478
06.25 0.369
06.26 0.195
06.27 0.358
06.28 0.423
06.29 0.358
06.30 0.380
06.31 0.315
06.32 0.326
06.33 0.402
06.34 0.358
06.35 0.337
06.36 0.326
06.37 0.347
06.38 0.380
06.39 0.304
06.40 0.293
06.41 0.347
06.42 0.347
06.43 0.358
06.44 0.261
06.45 0.282
06.46 0.326
06.47 0.391
06.48 0.271
06.49 0.358
06.50 0.337
06.51 0.380
06.52 0.402
06.53 0.304
06.54 0.239
06.55 0.358
06.56 0.326
06.57 0.337
06.58 0.315
06.59 0.293
07.00 0.413
07.01 0.326
07.02 0.369
07.03 0.489
07.04 0.358
07.05 0.391
07.06 0.326
07.07 0.282
07.08 0.445
07.09 0.402
07.10 0.271
07.11 0.250
07.12 0.347
07.13 0.391
07.14 0.250
07.15 0.380
07.16 0.282
07.17 0.282
07.18 0.369
07.19 0.413
07.20 0.239
07.21 0.358
07.22 0.315
07.23 0.369
07.24 0.413
07.25 0.347
07.26 0.358
07.27 0.358
07.28 0.326
07.29 0.326
07.30 0.271
07.31 0.347
07.32 0.326
07.33 0.347
07.34 0.489
07.35 0.358
07.36 0.337
07.37 0.358
07.38 0.282
07.39 0.250
07.40 0.337
07.41 0.239
07.42 0.282
07.43 0.228
07.44 0.250
07.45 0.391
07.46 0.282
07.47 0.315
07.48 0.261
07.49 0.326
07.50 0.402
07.51 0.304
07.52 0.293
07.53 0.315
07.54 0.326
07.55 0.358
07.56 0.423
07.57 0.282
07.58 0.445
07.59 0.293
08.00 0.347
08.01 0.337
08.02 0.402
08.03 0.282
08.04 0.380
08.05 0.326
08.06 0.326
08.07 0.282
08.08 0.347
08.09 0.261
08.10 0.423
08.11 0.434
08.12 0.391
08.13 0.174
08.14 0.337
08.15 0.239
08.16 0.315
08.17 0.369
08.18 0.326
08.19 0.282
08.20 0.543
08.21 0.228
08.22 0.413
08.23 0.337
08.24 0.347
08.25 0.413
08.26 0.347
08.27 0.358
08.28 0.304
08.29 0.347
08.30 0.380
08.31 0.326
08.32 0.261
08.33 0.337
08.34 0.423
08.35 0.380
08.36 0.315
08.37 0.369
08.38 0.326
08.39 0.369
08.40 0.489
08.41 0.261
08.42 0.185
08.43 0.228
08.44 0.174
08.45 0.261
08.46 0.228
08.47 0.271
08.48 0.261
08.49 0.152
08.50 0.250
08.51 0.282
08.52 0.228
08.53 0.261
08.54 0.206
08.55 0.217
08.56 0.217
08.57 0.141
08.58 0.282
08.59 0.130
09.00 0.250
09.01 0.228
09.02 0.304
09.03 0.217
09.04 0.228
09.05 0.358
09.06 0.391
09.07 0.326
09.08 0.174
09.09 0.217
09.10 0.369
09.11 0.304
09.12 0.195
09.13 0.304
09.14 0.185
09.15 0.358
09.16 0.239
09.17 0.163
09.18 0.195
09.19 0.206
09.20 0.228
09.21 0.228
09.22 0.282
09.23 0.217
09.24 0.282
09.25 0.228
09.26 0.195
09.27 0.119
09.28 0.174
09.29 0.228
09.30 0.228
09.31 0.293
09.32 0.304
09.33 0.326
09.34 0.174
09.35 0.239
09.36 0.250
09.37 0.185
09.38 0.261
09.39 0.250
09.40 0.326
10.22 0.007
10.23 0.043
10.24 0.185
10.25 0.337
10.26 0.423
10.27 0.206
10.28 0.347
10.29 0.391
10.30 0.304
10.31 0.369
10.32 0.369
10.33 0.293
10.34 0.369
10.35 0.239
10.36 0.293
10.37 0.489
10.38 0.456
10.39 0.423
10.40 0.402
10.41 0.304
10.42 0.261
10.43 1.574
10.44 0.402
10.45 0.326
10.46 0.304
10.47 0.282
10.48 0.337
10.49 0.358
10.50 0.456
10.51 0.282
10.52 0.228
10.53 0.261
10.54 0.185
10.55 0.130
10.56 0.174
10.57 0.282
10.58 0.163
10.59 0.109
11.00 0.119
11.01 0.174
11.02 0.185
11.03 0.185
11.04 0.130
11.05 0.206
11.06 0.130
11.07 0.282
11.08 0.163
11.09 0.119
11.10 0.152
11.11 0.239
11.12 0.261
11.13 0.228
11.14 0.347
11.15 0.423
11.16 0.391
11.17 0.261
11.18 0.369
11.19 0.369
11.20 0.347
11.21 0.423
11.22 0.358
11.23 0.478
11.24 0.402
11.25 0.489
11.26 0.467
11.27 0.369
11.28 0.413
11.29 0.489
11.30 0.391
11.31 0.337
11.32 0.271
11.33 0.217
11.34 0.261
11.35 0.261
11.36 0.271
11.37 0.369
11.38 0.195
11.39 0.304
11.40 0.141
11.41 0.250
11.42 0.206
11.43 0.271
11.44 0.282
11.45 0.326
11.46 0.347
11.47 0.402
11.48 0.434
11.49 0.347
11.50 0.489
11.51 0.326
11.52 0.293
11.53 0.369
11.54 0.293
11.55 0.326
11.56 0.271
11.57 0.434
11.58 0.391
