85071 Material Measurement Software E07.01.08
Agilent Technologies,N5230C,MY49001460,A.09.20.08
Title:,Title
Sub Title:,SubTitle
Date:,"Wednesday, April 27, 2016 15:46:10"

frequency,e',e'',u',u''
8200000000.0000,  12.3195,   0.4505,   0.9848,  -0.0075
8202625000.0000,  12.3262,   0.4561,   0.9881,  -0.0088
8205250000.0000,  12.3423,   0.4470,   0.9848,  -0.0030
8207875000.0000,  12.3274,   0.4426,   0.9878,  -0.0062
8210500000.0000,  12.3245,   0.4502,   0.9884,  -0.0077
8213125000.0000,  12.3276,   0.4576,   0.9895,  -0.0032
8215750000.0000,  12.3307,   0.4442,   0.9886,  -0.0043
8218375000.0000,  12.3182,   0.4447,   0.9891,  -0.0105
8221000000.0000,  12.3296,   0.4556,   0.9882,  -0.0014
8223625000.0000,  12.3206,   0.4567,   0.9905,  -0.0036
8226250000.0000,  12.3209,   0.4406,   0.9903,  -0.0084
8228875000.0000,  12.3294,   0.4505,   0.9904,  -0.0043
8231500000.0000,  12.3341,   0.4546,   0.9884,  -0.0051
8234125000.0000,  12.3265,   0.4580,   0.9926,  -0.0045
8236750000.0000,  12.3241,   0.4496,   0.9922,  -0.0083
8239375000.0000,  12.3408,   0.4602,   0.9934,  -0.0047
8242000000.0000,  12.3420,   0.4530,   0.9900,  -0.0009
8244625000.0000,  12.3321,   0.4539,   0.9905,  -0.0048
8247250000.0000,  12.3398,   0.4471,   0.9921,  -0.0068
8249875000.0000,  12.3417,   0.4529,   0.9906,  -0.0038
8252500000.0000,  12.3424,   0.4563,   0.9910,  -0.0014
8255125000.0000,  12.3432,   0.4607,   0.9885,  -0.0009
8257750000.0000,  12.3408,   0.4607,   0.9898,  -0.0001
8260375000.0000,  12.3294,   0.4633,   0.9902,  -0.0021
8263000000.0000,  12.3423,   0.4494,   0.9891,  -0.0111
8265625000.0000,  12.3430,   0.4529,   0.9895,  -0.0036
8268250000.0000,  12.3417,   0.4596,   0.9917,  -0.0039
8270875000.0000,  12.3491,   0.4532,   0.9908,  -0.0057
8273500000.0000,  12.3517,   0.4563,   0.9851,  -0.0045
8276125000.0000,  12.3478,   0.4704,   0.9908,  -0.0030
8278750000.0000,  12.3529,   0.4594,   0.9864,  -0.0074
8281375000.0000,  12.3416,   0.4584,   0.9881,  -0.0041
8284000000.0000,  12.3502,   0.4756,   0.9886,   0.0011
8286625000.0000,  12.3520,   0.4514,   0.9855,  -0.0087
8289250000.0000,  12.3499,   0.4534,   0.9889,  -0.0063
8291875000.0000,  12.3555,   0.4628,   0.9867,  -0.0033
8294500000.0000,  12.3415,   0.4648,   0.9874,  -0.0014
8297125000.0000,  12.3597,   0.4698,   0.9858,  -0.0011
8299750000.0000,  12.3561,   0.4636,   0.9850,  -0.0080
8302375000.0000,  12.3554,   0.4614,   0.9866,  -0.0068
8305000000.0000,  12.3494,   0.4703,   0.9875,  -0.0004
8307625000.0000,  12.3575,   0.4770,   0.9858,  -0.0038
8310250000.0000,  12.3510,   0.4753,   0.9881,  -0.0098
8312875000.0000,  12.3563,   0.4668,   0.9851,  -0.0054
8315500000.0000,  12.3600,   0.4682,   0.9874,  -0.0083
8318125000.0000,  12.3483,   0.4769,   0.9856,  -0.0068
8320750000.0000,  12.3556,   0.4726,   0.9864,  -0.0049
8323375000.0000,  12.3411,   0.4818,   0.9880,  -0.0032
8326000000.0000,  12.3474,   0.4868,   0.9920,   0.0014
8328625000.0000,  12.3461,   0.4721,   0.9881,  -0.0100
8331250000.0000,  12.3522,   0.4846,   0.9868,  -0.0053
8333875000.0000,  12.3405,   0.4777,   0.9884,  -0.0074
8336500000.0000,  12.3427,   0.4847,   0.9935,  -0.0023
8339125000.0000,  12.3535,   0.4834,   0.9946,  -0.0041
8341750000.0000,  12.3422,   0.4899,   0.9904,  -0.0022
8344375000.0000,  12.3521,   0.4854,   0.9902,  -0.0055
8347000000.0000,  12.3486,   0.4883,   0.9937,  -0.0013
8349625000.0000,  12.3546,   0.4973,   0.9897,  -0.0031
8352250000.0000,  12.3627,   0.4915,   0.9930,  -0.0035
8354875000.0000,  12.3513,   0.4960,   0.9962,  -0.0082
8357500000.0000,  12.3504,   0.5070,   0.9945,   0.0029
8360125000.0000,  12.3601,   0.4998,   0.9928,  -0.0037
8362750000.0000,  12.3422,   0.4998,   0.9933,   0.0040
8365375000.0000,  12.3535,   0.4909,   0.9937,  -0.0007
8368000000.0000,  12.3568,   0.4927,   0.9992,   0.0000
8370625000.0000,  12.3452,   0.4926,   0.9935,  -0.0052
8373250000.0000,  12.3529,   0.5001,   0.9963,  -0.0071
8375875000.0000,  12.3412,   0.4929,   0.9934,  -0.0046
8378500000.0000,  12.3672,   0.4889,   0.9927,  -0.0060
8381125000.0000,  12.3452,   0.5141,   0.9955,   0.0060
8383750000.0000,  12.3540,   0.5002,   0.9914,  -0.0051
8386375000.0000,  12.3552,   0.4921,   0.9955,  -0.0087
8389000000.0000,  12.3559,   0.4967,   0.9945,  -0.0033
8391625000.0000,  12.3586,   0.5019,   0.9945,  -0.0028
8394250000.0000,  12.3555,   0.5066,   0.9939,  -0.0024
8396875000.0000,  12.3528,   0.5111,   0.9944,   0.0012
8399500000.0000,  12.3783,   0.5061,   0.9913,  -0.0046
8402125000.0000,  12.3600,   0.4963,   0.9918,  -0.0047
8404750000.0000,  12.3654,   0.5113,   0.9902,   0.0003
8407375000.0000,  12.3608,   0.5080,   0.9885,  -0.0064
8410000000.0000,  12.3643,   0.5055,   0.9879,  -0.0062
8412625000.0000,  12.3595,   0.5059,   0.9888,  -0.0026
8415250000.0000,  12.3642,   0.4998,   0.9904,  -0.0056
8417875000.0000,  12.3548,   0.5132,   0.9907,  -0.0082
8420500000.0000,  12.3677,   0.5005,   0.9857,  -0.0041
8423125000.0000,  12.3564,   0.5278,   0.9887,   0.0026
8425750000.0000,  12.3610,   0.5118,   0.9925,  -0.0094
8428375000.0000,  12.3771,   0.5279,   0.9852,  -0.0064
8431000000.0000,  12.3605,   0.5364,   0.9858,  -0.0022
8433625000.0000,  12.3558,   0.5215,   0.9876,  -0.0097
8436250000.0000,  12.3556,   0.5114,   0.9878,  -0.0112
8438875000.0000,  12.3600,   0.5265,   0.9887,  -0.0042
8441500000.0000,  12.3536,   0.5263,   0.9907,  -0.0056
8444125000.0000,  12.3499,   0.5305,   0.9884,  -0.0025
8446750000.0000,  12.3417,   0.5350,   0.9910,  -0.0026
8449375000.0000,  12.3529,   0.5388,   0.9883,  -0.0059
8452000000.0000,  12.3528,   0.5287,   0.9858,  -0.0090
8454625000.0000,  12.3476,   0.5468,   0.9883,  -0.0051
8457250000.0000,  12.3340,   0.5375,   0.9892,  -0.0094
8459875000.0000,  12.3375,   0.5409,   0.9891,  -0.0080
8462500000.0000,  12.3441,   0.5484,   0.9880,  -0.0111
8465125000.0000,  12.3338,   0.5463,   0.9876,  -0.0058
8467750000.0000,  12.3283,   0.5600,   0.9890,  -0.0074
8470375000.0000,  12.3303,   0.5587,   0.9889,  -0.0004
8473000000.0000,  12.3259,   0.5626,   0.9892,  -0.0032
8475625000.0000,  12.3252,   0.5569,   0.9897,  -0.0091
8478250000.0000,  12.3128,   0.5462,   0.9883,  -0.0064
8480875000.0000,  12.3206,   0.5651,   0.9910,  -0.0012
8483500000.0000,  12.3038,   0.5656,   0.9917,  -0.0038
8486125000.0000,  12.3278,   0.5683,   0.9928,   0.0027
8488750000.0000,  12.2994,   0.5759,   0.9906,  -0.0008
8491375000.0000,  12.3290,   0.5697,   0.9885,  -0.0006
8494000000.0000,  12.3019,   0.5684,   0.9898,  -0.0041
8496625000.0000,  12.3059,   0.5676,   0.9914,  -0.0019
8499250000.0000,  12.3033,   0.5797,   0.9918,   0.0022
8501875000.0000,  12.2917,   0.5889,   0.9944,   0.0035
8504500000.0000,  12.3063,   0.5812,   0.9916,  -0.0006
8507125000.0000,  12.2826,   0.5944,   0.9929,   0.0044
8509750000.0000,  12.2929,   0.5824,   0.9912,  -0.0008
8512375000.0000,  12.2943,   0.5768,   0.9950,   0.0005
8515000000.0000,  12.2860,   0.5792,   0.9905,  -0.0025
8517625000.0000,  12.2933,   0.5893,   0.9937,   0.0031
8520250000.0000,  12.2812,   0.6026,   0.9904,   0.0053
8522875000.0000,  12.2762,   0.5706,   0.9970,  -0.0092
8525500000.0000,  12.2811,   0.5887,   0.9886,   0.0030
8528125000.0000,  12.2822,   0.5858,   0.9913,  -0.0033
8530750000.0000,  12.2746,   0.5878,   0.9973,  -0.0023
8533375000.0000,  12.2733,   0.5951,   0.9906,  -0.0013
8536000000.0000,  12.2772,   0.5814,   0.9957,   0.0005
8538625000.0000,  12.2675,   0.5841,   0.9934,  -0.0040
8541250000.0000,  12.2603,   0.5906,   0.9913,   0.0009
8543875000.0000,  12.2579,   0.5965,   0.9925,  -0.0010
8546500000.0000,  12.2505,   0.6041,   0.9946,   0.0025
8549125000.0000,  12.2558,   0.5867,   0.9943,  -0.0039
8551750000.0000,  12.2561,   0.5833,   0.9943,  -0.0044
8554375000.0000,  12.2502,   0.5991,   0.9921,  -0.0015
8557000000.0000,  12.2342,   0.5927,   0.9946,  -0.0026
8559625000.0000,  12.2564,   0.5975,   0.9936,   0.0012
8562250000.0000,  12.2463,   0.5913,   0.9914,  -0.0057
8564875000.0000,  12.2382,   0.5947,   0.9897,  -0.0018
8567500000.0000,  12.2432,   0.5878,   0.9950,  -0.0064
8570125000.0000,  12.2271,   0.5942,   0.9912,  -0.0033
8572750000.0000,  12.2236,   0.5871,   0.9942,  -0.0001
8575375000.0000,  12.2261,   0.5865,   0.9939,   0.0017
8578000000.0000,  12.2299,   0.5683,   0.9932,  -0.0099
8580625000.0000,  12.2053,   0.5840,   0.9927,  -0.0051
8583250000.0000,  12.2240,   0.5899,   0.9946,  -0.0047
8585875000.0000,  12.2186,   0.5738,   0.9950,  -0.0010
8588500000.0000,  12.2093,   0.5914,   0.9946,   0.0040
8591125000.0000,  12.1995,   0.5725,   0.9941,  -0.0010
8593750000.0000,  12.2121,   0.5824,   0.9947,   0.0015
8596375000.0000,  12.2053,   0.5575,   0.9939,  -0.0086
8599000000.0000,  12.2042,   0.5711,   0.9968,   0.0028
8601625000.0000,  12.1979,   0.5609,   0.9942,  -0.0023
8604250000.0000,  12.1930,   0.5678,   0.9938,   0.0028
8606875000.0000,  12.1939,   0.5689,   0.9963,   0.0016
8609500000.0000,  12.1823,   0.5575,   0.9935,   0.0002
8612125000.0000,  12.1890,   0.5546,   0.9971,   0.0001
8614750000.0000,  12.1821,   0.5791,   0.9935,   0.0064
8617375000.0000,  12.1876,   0.5501,   0.9937,  -0.0054
8620000000.0000,  12.1873,   0.5533,   0.9981,   0.0022
8622625000.0000,  12.1753,   0.5480,   0.9949,  -0.0013
8625250000.0000,  12.1857,   0.5496,   0.9932,   0.0011
8627875000.0000,  12.1725,   0.5448,   0.9942,   0.0006
8630500000.0000,  12.1794,   0.5363,   0.9957,  -0.0017
8633125000.0000,  12.1797,   0.5444,   0.9900,   0.0033
8635750000.0000,  12.1660,   0.5384,   0.9952,   0.0002
8638375000.0000,  12.1886,   0.5285,   0.9953,  -0.0034
8641000000.0000,  12.1710,   0.5267,   0.9925,  -0.0007
8643625000.0000,  12.1681,   0.5417,   0.9913,   0.0074
8646250000.0000,  12.1684,   0.5344,   0.9923,   0.0030
8648875000.0000,  12.1656,   0.5383,   0.9979,   0.0043
8651500000.0000,  12.1665,   0.5299,   0.9953,   0.0015
8654125000.0000,  12.1750,   0.5244,   0.9928,  -0.0022
8656750000.0000,  12.1688,   0.5262,   0.9942,  -0.0002
8659375000.0000,  12.1773,   0.5197,   0.9924,  -0.0023
8662000000.0000,  12.1643,   0.5203,   0.9948,  -0.0014
8664625000.0000,  12.1705,   0.5173,   0.9917,  -0.0005
8667250000.0000,  12.1757,   0.5243,   0.9908,   0.0008
8669875000.0000,  12.1710,   0.5193,   0.9923,   0.0022
8672500000.0000,  12.1650,   0.5115,   0.9920,  -0.0032
8675125000.0000,  12.1636,   0.5125,   0.9960,  -0.0025
8677750000.0000,  12.1683,   0.5080,   0.9915,  -0.0019
8680375000.0000,  12.1651,   0.5023,   0.9920,   0.0000
8683000000.0000,  12.1610,   0.4961,   0.9902,  -0.0030
8685625000.0000,  12.1602,   0.5035,   0.9930,  -0.0013
8688250000.0000,  12.1653,   0.5065,   0.9916,   0.0025
8690875000.0000,  12.1647,   0.5012,   0.9952,   0.0009
8693500000.0000,  12.1701,   0.4934,   0.9945,  -0.0057
8696125000.0000,  12.1611,   0.4948,   0.9933,   0.0004
8698750000.0000,  12.1719,   0.4875,   0.9920,  -0.0032
8701375000.0000,  12.1544,   0.4911,   0.9953,   0.0001
8704000000.0000,  12.1792,   0.4744,   0.9940,  -0.0063
8706625000.0000,  12.1673,   0.4754,   0.9934,  -0.0021
8709250000.0000,  12.1665,   0.4744,   0.9911,  -0.0015
8711875000.0000,  12.1647,   0.4721,   0.9908,  -0.0047
8714500000.0000,  12.1642,   0.4759,   0.9964,  -0.0027
8717125000.0000,  12.1711,   0.4786,   0.9967,   0.0020
8719750000.0000,  12.1766,   0.4766,   0.9949,  -0.0007
8722375000.0000,  12.1624,   0.4713,   0.9943,   0.0009
8725000000.0000,  12.1645,   0.4768,   0.9966,   0.0017
8727625000.0000,  12.1489,   0.4767,   0.9957,   0.0067
8730250000.0000,  12.1700,   0.4599,   0.9942,  -0.0032
8732875000.0000,  12.1718,   0.4723,   0.9971,   0.0021
8735500000.0000,  12.1601,   0.4677,   0.9974,   0.0016
8738125000.0000,  12.1796,   0.4823,   0.9994,   0.0081
8740750000.0000,  12.1661,   0.4539,   0.9957,   0.0003
8743375000.0000,  12.1805,   0.4649,   0.9961,   0.0007
8746000000.0000,  12.1600,   0.4706,   0.9963,   0.0055
8748625000.0000,  12.1754,   0.4638,   0.9993,   0.0046
8751250000.0000,  12.1729,   0.4555,   0.9944,   0.0005
8753875000.0000,  12.1817,   0.4694,   0.9932,   0.0051
8756500000.0000,  12.1676,   0.4589,   0.9934,   0.0049
8759125000.0000,  12.1754,   0.4601,   0.9950,   0.0036
8761750000.0000,  12.1746,   0.4636,   0.9950,   0.0057
8764375000.0000,  12.1703,   0.4479,   0.9946,   0.0044
8767000000.0000,  12.1804,   0.4577,   0.9935,   0.0039
8769625000.0000,  12.1779,   0.4609,   0.9948,   0.0042
8772250000.0000,  12.1799,   0.4517,   0.9916,   0.0044
8774875000.0000,  12.1730,   0.4402,   0.9923,  -0.0000
8777500000.0000,  12.1726,   0.4474,   0.9927,   0.0011
8780125000.0000,  12.1781,   0.4448,   0.9940,   0.0003
8782750000.0000,  12.1680,   0.4567,   0.9942,   0.0043
8785375000.0000,  12.1890,   0.4581,   0.9886,   0.0028
8788000000.0000,  12.1815,   0.4393,   0.9910,   0.0029
8790625000.0000,  12.1774,   0.4632,   0.9907,   0.0069
8793250000.0000,  12.1731,   0.4417,   0.9922,  -0.0007
8795875000.0000,  12.1833,   0.4503,   0.9928,   0.0068
8798500000.0000,  12.1813,   0.4431,   0.9883,   0.0026
8801125000.0000,  12.1764,   0.4362,   0.9892,   0.0027
8803750000.0000,  12.1760,   0.4610,   0.9901,   0.0071
8806375000.0000,  12.1823,   0.4398,   0.9925,  -0.0023
8809000000.0000,  12.1795,   0.4593,   0.9890,   0.0067
8811625000.0000,  12.1803,   0.4393,   0.9915,  -0.0016
8814250000.0000,  12.1792,   0.4496,   0.9909,  -0.0005
8816875000.0000,  12.1810,   0.4401,   0.9899,   0.0022
8819500000.0000,  12.1881,   0.4514,   0.9929,   0.0024
8822125000.0000,  12.1743,   0.4428,   0.9914,   0.0041
8824750000.0000,  12.1841,   0.4563,   0.9914,   0.0045
8827375000.0000,  12.1909,   0.4521,   0.9920,   0.0055
8830000000.0000,  12.1773,   0.4398,   0.9926,   0.0035
8832625000.0000,  12.1750,   0.4450,   0.9933,   0.0030
8835250000.0000,  12.1832,   0.4405,   0.9943,  -0.0012
8837875000.0000,  12.1814,   0.4475,   0.9938,   0.0016
8840500000.0000,  12.1760,   0.4381,   0.9946,   0.0054
8843125000.0000,  12.1678,   0.4353,   0.9935,  -0.0025
8845750000.0000,  12.1827,   0.4374,   0.9898,   0.0011
8848375000.0000,  12.1732,   0.4418,   0.9944,   0.0052
8851000000.0000,  12.1818,   0.4412,   0.9958,   0.0035
8853625000.0000,  12.1781,   0.4368,   0.9939,  -0.0003
8856250000.0000,  12.1837,   0.4185,   0.9973,  -0.0026
8858875000.0000,  12.1809,   0.4379,   0.9945,   0.0039
8861500000.0000,  12.1657,   0.4269,   0.9920,  -0.0005
8864125000.0000,  12.1607,   0.4426,   0.9955,   0.0060
8866750000.0000,  12.1748,   0.4355,   0.9973,   0.0044
8869375000.0000,  12.1916,   0.4287,   0.9960,   0.0029
8872000000.0000,  12.1787,   0.4285,   0.9988,   0.0037
8874625000.0000,  12.1976,   0.4306,   0.9979,   0.0031
8877250000.0000,  12.1913,   0.4354,   0.9956,   0.0039
8879875000.0000,  12.1860,   0.4381,   0.9958,   0.0062
8882500000.0000,  12.1728,   0.4173,   0.9973,   0.0047
8885125000.0000,  12.1814,   0.4248,   0.9992,   0.0041
8887750000.0000,  12.1889,   0.4221,   0.9971,   0.0067
8890375000.0000,  12.1847,   0.4269,   0.9965,   0.0071
8893000000.0000,  12.1976,   0.4168,   0.9974,   0.0003
8895625000.0000,  12.1890,   0.4171,   0.9990,   0.0047
8898250000.0000,  12.1972,   0.4339,   0.9964,   0.0061
8900875000.0000,  12.1873,   0.4145,   1.0002,   0.0009
8903500000.0000,  12.1939,   0.4317,   0.9955,   0.0112
8906125000.0000,  12.2103,   0.4209,   0.9941,   0.0007
8908750000.0000,  12.2029,   0.4234,   0.9944,   0.0045
8911375000.0000,  12.1856,   0.4124,   0.9975,   0.0047
8914000000.0000,  12.2004,   0.4259,   0.9973,   0.0038
8916625000.0000,  12.2064,   0.4233,   0.9927,   0.0033
8919250000.0000,  12.1910,   0.4179,   0.9960,   0.0030
8921875000.0000,  12.2140,   0.4336,   0.9922,   0.0040
8924500000.0000,  12.2008,   0.4264,   0.9937,   0.0047
8927125000.0000,  12.1924,   0.4280,   0.9928,   0.0042
8929750000.0000,  12.1981,   0.4235,   0.9939,   0.0002
8932375000.0000,  12.2054,   0.4234,   0.9943,   0.0029
8935000000.0000,  12.1988,   0.4254,   0.9922,   0.0013
8937625000.0000,  12.2043,   0.4322,   0.9900,   0.0047
8940250000.0000,  12.2155,   0.4265,   0.9938,   0.0028
8942875000.0000,  12.2023,   0.4398,   0.9951,   0.0053
8945500000.0000,  12.2025,   0.4298,   0.9928,   0.0023
8948125000.0000,  12.2020,   0.4239,   0.9927,   0.0047
8950750000.0000,  12.1995,   0.4223,   0.9889,   0.0002
8953375000.0000,  12.2090,   0.4283,   0.9922,   0.0022
8956000000.0000,  12.2050,   0.4220,   0.9914,   0.0034
8958625000.0000,  12.2082,   0.4402,   0.9937,   0.0053
8961250000.0000,  12.1849,   0.4280,   0.9919,   0.0018
8963875000.0000,  12.1945,   0.4207,   0.9875,  -0.0027
8966500000.0000,  12.1874,   0.4262,   0.9916,   0.0013
8969125000.0000,  12.1965,   0.4199,   0.9889,   0.0008
8971750000.0000,  12.1881,   0.4149,   0.9919,   0.0014
8974375000.0000,  12.1817,   0.4168,   0.9924,   0.0031
8977000000.0000,  12.1974,   0.4069,   0.9914,   0.0013
8979625000.0000,  12.1849,   0.4180,   0.9919,   0.0023
8982250000.0000,  12.2023,   0.4182,   0.9918,   0.0048
8984875000.0000,  12.1912,   0.4190,   0.9924,   0.0052
8987500000.0000,  12.1956,   0.4250,   0.9945,   0.0073
8990125000.0000,  12.1834,   0.4129,   0.9916,   0.0053
8992750000.0000,  12.1786,   0.4230,   0.9931,   0.0061
8995375000.0000,  12.1864,   0.4133,   0.9918,   0.0038
8998000000.0000,  12.1865,   0.4211,   0.9938,   0.0081
9000625000.0000,  12.1877,   0.4244,   0.9956,   0.0104
9003250000.0000,  12.1823,   0.4215,   0.9931,   0.0080
9005875000.0000,  12.1921,   0.4127,   0.9940,   0.0066
9008500000.0000,  12.1905,   0.4072,   0.9955,   0.0030
9011125000.0000,  12.1842,   0.4119,   0.9907,   0.0101
9013750000.0000,  12.1953,   0.4344,   0.9944,   0.0130
9016375000.0000,  12.1827,   0.4222,   0.9935,   0.0091
9019000000.0000,  12.1875,   0.4134,   0.9926,   0.0065
9021625000.0000,  12.1972,   0.4219,   0.9948,   0.0160
9024250000.0000,  12.2070,   0.4143,   0.9927,   0.0086
9026875000.0000,  12.1775,   0.4113,   0.9933,   0.0055
9029500000.0000,  12.2032,   0.4155,   0.9918,   0.0055
9032125000.0000,  12.1875,   0.4198,   0.9956,   0.0101
9034750000.0000,  12.1922,   0.4184,   0.9948,   0.0101
9037375000.0000,  12.2035,   0.4263,   0.9897,   0.0066
9040000000.0000,  12.2059,   0.4175,   0.9915,   0.0077
9042625000.0000,  12.1874,   0.4181,   0.9914,   0.0065
9045250000.0000,  12.1944,   0.4275,   0.9964,   0.0081
9047875000.0000,  12.2027,   0.4178,   0.9935,   0.0072
9050500000.0000,  12.1855,   0.4245,   0.9973,   0.0082
9053125000.0000,  12.2045,   0.4219,   0.9923,   0.0066
9055750000.0000,  12.1890,   0.4326,   0.9933,   0.0092
9058375000.0000,  12.2062,   0.4378,   0.9946,   0.0095
9061000000.0000,  12.1974,   0.4250,   0.9922,   0.0031
9063625000.0000,  12.2027,   0.4123,   0.9934,   0.0021
9066250000.0000,  12.1991,   0.4161,   0.9926,   0.0049
9068875000.0000,  12.2057,   0.4265,   0.9919,   0.0046
9071500000.0000,  12.2070,   0.4259,   0.9925,   0.0056
9074125000.0000,  12.2066,   0.4296,   0.9918,   0.0057
9076750000.0000,  12.2026,   0.4347,   0.9916,   0.0084
9079375000.0000,  12.2026,   0.4203,   0.9934,   0.0053
9082000000.0000,  12.2067,   0.4208,   0.9912,   0.0040
9084625000.0000,  12.2027,   0.4152,   0.9926,   0.0007
9087250000.0000,  12.2232,   0.4088,   0.9934,   0.0009
9089875000.0000,  12.2157,   0.4339,   0.9907,   0.0082
9092500000.0000,  12.2114,   0.4196,   0.9934,   0.0032
9095125000.0000,  12.2086,   0.4279,   0.9951,   0.0072
9097750000.0000,  12.2011,   0.4194,   0.9927,   0.0045
9100375000.0000,  12.2075,   0.4303,   0.9928,   0.0034
9103000000.0000,  12.2072,   0.4351,   0.9953,   0.0076
9105625000.0000,  12.2075,   0.4292,   0.9936,   0.0057
9108250000.0000,  12.2092,   0.4226,   0.9930,   0.0012
9110875000.0000,  12.2079,   0.4246,   0.9943,   0.0029
9113500000.0000,  12.1959,   0.4312,   0.9945,   0.0073
9116125000.0000,  12.2111,   0.4186,   0.9922,   0.0012
9118750000.0000,  12.2109,   0.4211,   0.9973,   0.0033
9121375000.0000,  12.2142,   0.4274,   0.9914,   0.0050
9124000000.0000,  12.2120,   0.4302,   0.9912,   0.0057
9126625000.0000,  12.2045,   0.4191,   0.9922,   0.0031
9129250000.0000,  12.2036,   0.4294,   0.9909,   0.0081
9131875000.0000,  12.2142,   0.4114,   0.9929,  -0.0015
9134500000.0000,  12.1897,   0.4405,   0.9933,   0.0108
9137125000.0000,  12.2002,   0.4257,   0.9924,   0.0027
9139750000.0000,  12.1973,   0.4213,   0.9933,   0.0074
9142375000.0000,  12.2092,   0.4189,   0.9923,   0.0050
9145000000.0000,  12.1930,   0.4304,   0.9924,   0.0112
9147625000.0000,  12.2056,   0.4203,   0.9947,   0.0048
9150250000.0000,  12.2096,   0.4191,   0.9927,   0.0050
9152875000.0000,  12.1952,   0.4225,   0.9945,   0.0105
9155500000.0000,  12.2104,   0.4263,   0.9934,   0.0062
9158125000.0000,  12.1855,   0.4206,   0.9943,   0.0066
9160750000.0000,  12.1952,   0.4178,   0.9937,   0.0027
9163375000.0000,  12.2156,   0.4134,   0.9910,   0.0038
9166000000.0000,  12.2157,   0.4149,   0.9932,   0.0031
9168625000.0000,  12.2113,   0.4137,   0.9919,   0.0027
9171250000.0000,  12.2051,   0.4227,   0.9930,   0.0041
9173875000.0000,  12.2064,   0.4095,   0.9944,   0.0009
9176500000.0000,  12.2201,   0.4131,   0.9909,   0.0022
9179125000.0000,  12.1990,   0.4190,   0.9959,  -0.0008
9181750000.0000,  12.2166,   0.4227,   0.9932,   0.0047
9184375000.0000,  12.2211,   0.4185,   0.9923,   0.0063
9187000000.0000,  12.2092,   0.4162,   0.9936,   0.0024
9189625000.0000,  12.2157,   0.4200,   0.9957,   0.0033
9192250000.0000,  12.2247,   0.4194,   0.9913,   0.0069
9194875000.0000,  12.2160,   0.4350,   0.9915,   0.0054
9197500000.0000,  12.2149,   0.4272,   0.9946,   0.0053
9200125000.0000,  12.2155,   0.4248,   0.9975,   0.0055
9202750000.0000,  12.2105,   0.4167,   0.9921,   0.0034
9205375000.0000,  12.2264,   0.4285,   0.9913,   0.0067
9208000000.0000,  12.2198,   0.4282,   0.9943,   0.0073
9210625000.0000,  12.2256,   0.4164,   0.9940,   0.0015
9213250000.0000,  12.2101,   0.4308,   0.9937,   0.0060
9215875000.0000,  12.2057,   0.4216,   0.9926,   0.0014
9218500000.0000,  12.2199,   0.4306,   0.9943,   0.0053
9221125000.0000,  12.2133,   0.4303,   0.9962,   0.0038
9223750000.0000,  12.2168,   0.4249,   0.9933,   0.0052
9226375000.0000,  12.2188,   0.4221,   0.9920,  -0.0000
9229000000.0000,  12.2144,   0.4181,   0.9926,   0.0020
9231625000.0000,  12.2203,   0.4266,   0.9947,   0.0001
9234250000.0000,  12.2112,   0.4294,   0.9978,   0.0049
9236875000.0000,  12.2033,   0.4349,   0.9941,   0.0055
9239500000.0000,  12.2011,   0.4323,   0.9953,   0.0046
9242125000.0000,  12.2067,   0.4334,   0.9933,   0.0062
9244750000.0000,  12.2168,   0.4296,   0.9935,   0.0018
9247375000.0000,  12.1902,   0.4360,   0.9925,   0.0091
9250000000.0000,  12.2079,   0.4322,   0.9947,   0.0052
9252625000.0000,  12.2034,   0.4227,   0.9943,   0.0048
9255250000.0000,  12.2091,   0.4261,   0.9932,   0.0029
9257875000.0000,  12.2045,   0.4400,   0.9951,   0.0052
9260500000.0000,  12.2023,   0.4345,   0.9913,   0.0047
9263125000.0000,  12.2166,   0.4270,   0.9932,   0.0074
9265750000.0000,  12.1992,   0.4295,   0.9929,   0.0053
9268375000.0000,  12.2006,   0.4283,   0.9948,   0.0079
9271000000.0000,  12.2011,   0.4304,   0.9928,   0.0045
9273625000.0000,  12.2063,   0.4208,   0.9941,   0.0055
9276250000.0000,  12.1883,   0.4306,   0.9928,   0.0082
9278875000.0000,  12.2025,   0.4212,   0.9941,   0.0015
9281500000.0000,  12.2015,   0.4208,   0.9938,   0.0026
9284125000.0000,  12.2007,   0.4176,   0.9938,   0.0026
9286750000.0000,  12.2034,   0.4353,   0.9951,   0.0069
9289375000.0000,  12.1995,   0.4265,   0.9934,   0.0040
9292000000.0000,  12.2141,   0.4432,   0.9959,   0.0082
9294625000.0000,  12.2038,   0.4266,   0.9962,   0.0047
9297250000.0000,  12.1958,   0.4309,   0.9953,   0.0067
9299875000.0000,  12.2056,   0.4326,   0.9962,   0.0100
9302500000.0000,  12.1964,   0.4502,   0.9946,   0.0108
9305125000.0000,  12.1946,   0.4400,   0.9953,   0.0101
9307750000.0000,  12.2184,   0.4416,   0.9944,   0.0087
9310375000.0000,  12.2128,   0.4400,   0.9929,   0.0051
9313000000.0000,  12.2008,   0.4490,   0.9979,   0.0085
9315625000.0000,  12.2080,   0.4313,   0.9930,   0.0056
9318250000.0000,  12.2051,   0.4327,   0.9927,   0.0029
9320875000.0000,  12.2047,   0.4294,   0.9932,   0.0040
9323500000.0000,  12.1975,   0.4396,   0.9930,   0.0087
9326125000.0000,  12.1988,   0.4437,   0.9944,   0.0074
9328750000.0000,  12.1950,   0.4256,   0.9934,   0.0017
9331375000.0000,  12.1961,   0.4391,   0.9938,   0.0012
9334000000.0000,  12.1985,   0.4543,   0.9914,   0.0104
9336625000.0000,  12.2007,   0.4392,   0.9913,   0.0041
9339250000.0000,  12.1949,   0.4483,   0.9934,   0.0066
9341875000.0000,  12.1984,   0.4468,   0.9908,   0.0055
9344500000.0000,  12.2054,   0.4373,   0.9928,   0.0026
9347125000.0000,  12.2000,   0.4536,   0.9907,   0.0093
9349750000.0000,  12.1872,   0.4513,   0.9907,   0.0072
9352375000.0000,  12.2005,   0.4452,   0.9927,   0.0053
9355000000.0000,  12.2017,   0.4385,   0.9919,   0.0038
9357625000.0000,  12.1883,   0.4363,   0.9934,   0.0022
9360250000.0000,  12.1950,   0.4524,   0.9940,   0.0078
9362875000.0000,  12.1972,   0.4445,   0.9908,   0.0013
9365500000.0000,  12.2148,   0.4436,   0.9903,   0.0041
9368125000.0000,  12.1923,   0.4380,   0.9906,   0.0038
9370750000.0000,  12.1844,   0.4433,   0.9902,   0.0042
9373375000.0000,  12.2027,   0.4437,   0.9913,   0.0041
9376000000.0000,  12.2011,   0.4524,   0.9921,   0.0044
9378625000.0000,  12.1939,   0.4466,   0.9957,   0.0061
9381250000.0000,  12.1901,   0.4426,   0.9918,   0.0053
9383875000.0000,  12.2050,   0.4315,   0.9931,   0.0010
9386500000.0000,  12.1994,   0.4351,   0.9940,   0.0040
9389125000.0000,  12.1998,   0.4342,   0.9930,   0.0048
9391750000.0000,  12.1953,   0.4373,   0.9991,   0.0042
9394375000.0000,  12.1802,   0.4348,   0.9925,   0.0059
9397000000.0000,  12.1772,   0.4411,   0.9929,   0.0074
9399625000.0000,  12.1880,   0.4356,   0.9968,   0.0059
9402250000.0000,  12.2017,   0.4315,   0.9938,   0.0036
9404875000.0000,  12.1898,   0.4350,   0.9928,   0.0064
9407500000.0000,  12.1690,   0.4278,   0.9957,   0.0082
9410125000.0000,  12.1833,   0.4291,   0.9922,   0.0052
9412750000.0000,  12.1794,   0.4196,   0.9936,   0.0048
9415375000.0000,  12.1869,   0.4240,   0.9939,   0.0069
9418000000.0000,  12.1887,   0.4314,   0.9940,   0.0063
9420625000.0000,  12.1838,   0.4469,   0.9946,   0.0130
9423250000.0000,  12.1869,   0.4258,   0.9951,   0.0057
9425875000.0000,  12.1821,   0.4457,   0.9937,   0.0077
9428500000.0000,  12.1933,   0.4217,   0.9952,   0.0004
9431125000.0000,  12.1825,   0.4240,   0.9956,   0.0061
9433750000.0000,  12.1883,   0.4388,   0.9936,   0.0078
9436375000.0000,  12.1845,   0.4384,   0.9938,   0.0070
9439000000.0000,  12.1943,   0.4290,   0.9899,   0.0041
9441625000.0000,  12.1765,   0.4409,   0.9967,   0.0077
9444250000.0000,  12.1924,   0.4234,   0.9923,   0.0019
9446875000.0000,  12.1937,   0.4299,   0.9937,   0.0024
9449500000.0000,  12.1805,   0.4428,   0.9919,   0.0094
9452125000.0000,  12.1815,   0.4337,   0.9936,   0.0018
9454750000.0000,  12.1847,   0.4430,   0.9942,   0.0069
9457375000.0000,  12.1859,   0.4262,   0.9918,   0.0035
9460000000.0000,  12.1877,   0.4339,   0.9916,   0.0047
9462625000.0000,  12.1698,   0.4308,   0.9903,   0.0026
9465250000.0000,  12.1793,   0.4356,   0.9931,   0.0100
9467875000.0000,  12.1758,   0.4259,   0.9872,   0.0032
9470500000.0000,  12.1838,   0.4380,   0.9916,   0.0071
9473125000.0000,  12.1912,   0.4318,   0.9915,   0.0044
9475750000.0000,  12.1845,   0.4385,   0.9888,   0.0044
9478375000.0000,  12.1823,   0.4274,   0.9913,   0.0022
9481000000.0000,  12.1745,   0.4304,   0.9911,   0.0035
9483625000.0000,  12.1835,   0.4171,   0.9906,   0.0003
9486250000.0000,  12.1823,   0.4188,   0.9916,   0.0026
9488875000.0000,  12.1744,   0.4365,   0.9902,   0.0054
9491500000.0000,  12.1761,   0.4217,   0.9889,  -0.0005
9494125000.0000,  12.1764,   0.4262,   0.9921,   0.0033
9496750000.0000,  12.1784,   0.4260,   0.9931,   0.0029
9499375000.0000,  12.1793,   0.4117,   0.9912,  -0.0043
9502000000.0000,  12.1789,   0.4299,   0.9900,   0.0017
9504625000.0000,  12.1913,   0.4274,   0.9950,   0.0047
9507250000.0000,  12.1660,   0.4181,   0.9891,   0.0004
9509875000.0000,  12.1803,   0.4056,   0.9934,  -0.0008
9512500000.0000,  12.1786,   0.4172,   0.9897,   0.0017
9515125000.0000,  12.1756,   0.4215,   0.9919,   0.0043
9517750000.0000,  12.1781,   0.4280,   0.9955,   0.0054
9520375000.0000,  12.1794,   0.4248,   0.9914,   0.0031
9523000000.0000,  12.1821,   0.4338,   0.9935,   0.0059
9525625000.0000,  12.1724,   0.4202,   0.9940,   0.0058
9528250000.0000,  12.1769,   0.4228,   0.9916,   0.0070
9530875000.0000,  12.1724,   0.4124,   0.9931,   0.0029
9533500000.0000,  12.1816,   0.4137,   0.9913,   0.0015
9536125000.0000,  12.1901,   0.4174,   0.9927,   0.0067
9538750000.0000,  12.1799,   0.4127,   0.9910,   0.0015
9541375000.0000,  12.1772,   0.4121,   0.9940,   0.0049
9544000000.0000,  12.1864,   0.4055,   0.9936,  -0.0005
9546625000.0000,  12.1768,   0.3942,   0.9904,  -0.0054
9549250000.0000,  12.1827,   0.4125,   0.9918,   0.0042
9551875000.0000,  12.1793,   0.4222,   0.9928,   0.0060
9554500000.0000,  12.1803,   0.4015,   0.9934,   0.0016
9557125000.0000,  12.1637,   0.4132,   0.9960,   0.0047
9559750000.0000,  12.1762,   0.3986,   0.9953,   0.0021
9562375000.0000,  12.1786,   0.3982,   0.9909,   0.0016
9565000000.0000,  12.1658,   0.4148,   0.9915,   0.0031
9567625000.0000,  12.1750,   0.4113,   0.9913,   0.0058
9570250000.0000,  12.1676,   0.4048,   0.9939,   0.0046
9572875000.0000,  12.1653,   0.4038,   0.9926,   0.0059
9575500000.0000,  12.1671,   0.4114,   0.9922,   0.0061
9578125000.0000,  12.1768,   0.4147,   0.9901,   0.0066
9580750000.0000,  12.1693,   0.4106,   0.9928,   0.0074
9583375000.0000,  12.1667,   0.4039,   0.9928,   0.0057
9586000000.0000,  12.1843,   0.4061,   0.9919,   0.0046
9588625000.0000,  12.1727,   0.4092,   0.9918,   0.0098
9591250000.0000,  12.1673,   0.4065,   0.9955,   0.0049
9593875000.0000,  12.1680,   0.4113,   0.9932,   0.0095
9596500000.0000,  12.1654,   0.4129,   0.9934,   0.0062
9599125000.0000,  12.1733,   0.4074,   0.9927,   0.0045
9601750000.0000,  12.1755,   0.4023,   0.9934,   0.0058
9604375000.0000,  12.1683,   0.4179,   0.9930,   0.0084
9607000000.0000,  12.1688,   0.4204,   0.9935,   0.0074
9609625000.0000,  12.1672,   0.4206,   0.9884,   0.0125
9612250000.0000,  12.1689,   0.4217,   0.9923,   0.0072
9614875000.0000,  12.1704,   0.4169,   0.9912,   0.0077
9617500000.0000,  12.1679,   0.4219,   0.9941,   0.0087
9620125000.0000,  12.1709,   0.4279,   0.9925,   0.0105
9622750000.0000,  12.1716,   0.4160,   0.9911,   0.0040
9625375000.0000,  12.1706,   0.4274,   0.9904,   0.0110
9628000000.0000,  12.1784,   0.4144,   0.9918,   0.0060
9630625000.0000,  12.1614,   0.4104,   0.9912,   0.0052
9633250000.0000,  12.1707,   0.4293,   0.9957,   0.0124
9635875000.0000,  12.1692,   0.4127,   0.9915,   0.0046
9638500000.0000,  12.1744,   0.4254,   0.9935,   0.0073
9641125000.0000,  12.1714,   0.4275,   0.9940,   0.0087
9643750000.0000,  12.1766,   0.4071,   0.9926,   0.0020
9646375000.0000,  12.1615,   0.4281,   0.9934,   0.0078
9649000000.0000,  12.1707,   0.4182,   0.9962,   0.0029
9651625000.0000,  12.1676,   0.4065,   0.9944,   0.0031
9654250000.0000,  12.1639,   0.4307,   0.9976,   0.0096
9656875000.0000,  12.1601,   0.4203,   0.9965,   0.0058
9659500000.0000,  12.1737,   0.4289,   0.9931,   0.0056
9662125000.0000,  12.1579,   0.4233,   0.9955,   0.0074
9664750000.0000,  12.1650,   0.4243,   0.9963,   0.0055
9667375000.0000,  12.1742,   0.4129,   0.9943,   0.0041
9670000000.0000,  12.1790,   0.4184,   0.9960,   0.0068
9672625000.0000,  12.1648,   0.4156,   0.9955,   0.0044
9675250000.0000,  12.1715,   0.4154,   0.9949,   0.0066
9677875000.0000,  12.1699,   0.4106,   0.9968,   0.0062
9680500000.0000,  12.1617,   0.4140,   0.9962,   0.0079
9683125000.0000,  12.1771,   0.4146,   0.9955,   0.0045
9685750000.0000,  12.1781,   0.4313,   1.0008,   0.0109
9688375000.0000,  12.1827,   0.4277,   0.9974,   0.0120
9691000000.0000,  12.1905,   0.4281,   0.9972,   0.0072
9693625000.0000,  12.1778,   0.4114,   0.9960,   0.0045
9696250000.0000,  12.1811,   0.4080,   0.9947,   0.0080
9698875000.0000,  12.1699,   0.4144,   0.9992,   0.0065
9701500000.0000,  12.1803,   0.4116,   0.9973,   0.0057
9704125000.0000,  12.1829,   0.4177,   0.9975,   0.0043
9706750000.0000,  12.1864,   0.4315,   0.9985,   0.0097
9709375000.0000,  12.1869,   0.4130,   0.9976,   0.0074
9712000000.0000,  12.1729,   0.4186,   0.9978,   0.0103
9714625000.0000,  12.1800,   0.4063,   0.9952,   0.0081
9717250000.0000,  12.1824,   0.4118,   0.9935,   0.0033
9719875000.0000,  12.1896,   0.3992,   0.9950,   0.0040
9722500000.0000,  12.1856,   0.4105,   0.9962,   0.0054
9725125000.0000,  12.1799,   0.4069,   0.9947,   0.0044
9727750000.0000,  12.1868,   0.4145,   0.9956,   0.0065
9730375000.0000,  12.1894,   0.4101,   0.9954,   0.0062
9733000000.0000,  12.1916,   0.3989,   0.9941,   0.0034
9735625000.0000,  12.1950,   0.3969,   0.9932,   0.0044
9738250000.0000,  12.1747,   0.4113,   0.9943,   0.0052
9740875000.0000,  12.1742,   0.4172,   0.9952,   0.0080
9743500000.0000,  12.1737,   0.4222,   0.9969,   0.0107
9746125000.0000,  12.1835,   0.4128,   0.9920,   0.0057
9748750000.0000,  12.1909,   0.4083,   0.9940,   0.0062
9751375000.0000,  12.1837,   0.4004,   0.9946,   0.0045
9754000000.0000,  12.1856,   0.4076,   0.9937,   0.0064
9756625000.0000,  12.1767,   0.4068,   0.9949,   0.0047
9759250000.0000,  12.1721,   0.4091,   0.9942,   0.0063
9761875000.0000,  12.1824,   0.4177,   0.9956,   0.0069
9764500000.0000,  12.1750,   0.4194,   0.9955,   0.0072
9767125000.0000,  12.1783,   0.4165,   0.9929,   0.0089
9769750000.0000,  12.1812,   0.4161,   0.9939,   0.0068
9772375000.0000,  12.1799,   0.3972,   0.9951,   0.0017
9775000000.0000,  12.1858,   0.4099,   0.9943,   0.0018
9777625000.0000,  12.1805,   0.4070,   0.9932,   0.0039
9780250000.0000,  12.1790,   0.4053,   0.9940,   0.0045
9782875000.0000,  12.1861,   0.4048,   0.9946,   0.0042
9785500000.0000,  12.1876,   0.4044,   0.9964,   0.0034
9788125000.0000,  12.1718,   0.4130,   0.9944,   0.0088
9790750000.0000,  12.1836,   0.4002,   0.9932,   0.0016
9793375000.0000,  12.1700,   0.4052,   0.9910,   0.0047
9796000000.0000,  12.1817,   0.4220,   0.9929,   0.0094
9798625000.0000,  12.1801,   0.4120,   0.9936,   0.0062
9801250000.0000,  12.1899,   0.4031,   0.9972,   0.0069
9803875000.0000,  12.1805,   0.4013,   0.9955,   0.0035
9806500000.0000,  12.1934,   0.4042,   0.9960,   0.0045
9809125000.0000,  12.1785,   0.4099,   0.9979,   0.0047
9811750000.0000,  12.1875,   0.4034,   0.9964,   0.0038
9814375000.0000,  12.1812,   0.3979,   0.9968,   0.0055
9817000000.0000,  12.1849,   0.4058,   0.9950,   0.0052
9819625000.0000,  12.1838,   0.4148,   0.9976,   0.0069
9822250000.0000,  12.1855,   0.4051,   0.9978,   0.0066
9824875000.0000,  12.1845,   0.4002,   0.9962,   0.0051
9827500000.0000,  12.1764,   0.4062,   0.9977,   0.0070
9830125000.0000,  12.1852,   0.4149,   0.9984,   0.0106
9832750000.0000,  12.1860,   0.4091,   0.9971,   0.0044
9835375000.0000,  12.1837,   0.4046,   0.9963,   0.0072
9838000000.0000,  12.1907,   0.4006,   0.9958,   0.0043
9840625000.0000,  12.1892,   0.4143,   0.9979,   0.0068
9843250000.0000,  12.1849,   0.3984,   0.9963,   0.0065
9845875000.0000,  12.1916,   0.4003,   0.9976,   0.0078
9848500000.0000,  12.1832,   0.4102,   0.9948,   0.0075
9851125000.0000,  12.1880,   0.4073,   0.9966,   0.0054
9853750000.0000,  12.1852,   0.3959,   0.9955,   0.0051
9856375000.0000,  12.1855,   0.4039,   0.9962,   0.0051
9859000000.0000,  12.1883,   0.3979,   0.9946,   0.0059
9861625000.0000,  12.1918,   0.3978,   0.9948,   0.0042
9864250000.0000,  12.1864,   0.3984,   0.9976,   0.0038
9866875000.0000,  12.1867,   0.4023,   0.9959,   0.0058
9869500000.0000,  12.1821,   0.4112,   0.9948,   0.0089
9872125000.0000,  12.1923,   0.4153,   0.9960,   0.0079
9874750000.0000,  12.1912,   0.4087,   0.9950,   0.0058
9877375000.0000,  12.1823,   0.4040,   0.9946,   0.0047
9880000000.0000,  12.1941,   0.4072,   0.9955,   0.0077
9882625000.0000,  12.1917,   0.4157,   0.9939,   0.0051
9885250000.0000,  12.1977,   0.4080,   0.9959,   0.0042
9887875000.0000,  12.1983,   0.4130,   0.9966,   0.0060
9890500000.0000,  12.1846,   0.3967,   0.9945,   0.0048
9893125000.0000,  12.1806,   0.4014,   0.9946,   0.0057
9895750000.0000,  12.1777,   0.4115,   0.9937,   0.0047
9898375000.0000,  12.1762,   0.4049,   0.9938,   0.0047
9901000000.0000,  12.1903,   0.3987,   0.9927,   0.0048
9903625000.0000,  12.1871,   0.4026,   0.9968,   0.0055
9906250000.0000,  12.1869,   0.4015,   0.9961,   0.0044
9908875000.0000,  12.1783,   0.3994,   0.9951,   0.0038
9911500000.0000,  12.1887,   0.4102,   0.9965,   0.0052
9914125000.0000,  12.1911,   0.3986,   0.9947,   0.0031
9916750000.0000,  12.1799,   0.3933,   0.9933,   0.0031
9919375000.0000,  12.1803,   0.4057,   0.9949,   0.0037
9922000000.0000,  12.1726,   0.4122,   0.9949,   0.0082
9924625000.0000,  12.1695,   0.3980,   0.9933,   0.0050
9927250000.0000,  12.1698,   0.4103,   0.9935,   0.0071
9929875000.0000,  12.1700,   0.4030,   0.9955,   0.0065
9932500000.0000,  12.1795,   0.4023,   0.9987,   0.0056
9935125000.0000,  12.1705,   0.4063,   0.9942,   0.0064
9937750000.0000,  12.1824,   0.3964,   0.9949,   0.0018
9940375000.0000,  12.1721,   0.3921,   0.9958,   0.0056
9943000000.0000,  12.1702,   0.4029,   0.9963,   0.0060
9945625000.0000,  12.1763,   0.3923,   0.9958,   0.0041
9948250000.0000,  12.1703,   0.4121,   0.9962,   0.0057
9950875000.0000,  12.1721,   0.3966,   0.9949,   0.0045
9953500000.0000,  12.1687,   0.3850,   0.9949,   0.0025
9956125000.0000,  12.1797,   0.3977,   0.9960,   0.0057
9958750000.0000,  12.1629,   0.4009,   0.9941,   0.0062
9961375000.0000,  12.1737,   0.4004,   0.9955,   0.0059
9964000000.0000,  12.1740,   0.4038,   0.9976,   0.0056
9966625000.0000,  12.1738,   0.4040,   0.9980,   0.0071
9969250000.0000,  12.1748,   0.3849,   0.9949,   0.0040
9971875000.0000,  12.1782,   0.4010,   0.9964,   0.0046
9974500000.0000,  12.1678,   0.3933,   0.9957,   0.0066
9977125000.0000,  12.1798,   0.3994,   0.9953,   0.0043
9979750000.0000,  12.1748,   0.3968,   0.9937,   0.0074
9982375000.0000,  12.1778,   0.3990,   0.9955,   0.0061
9985000000.0000,  12.1750,   0.3994,   0.9958,   0.0069
9987625000.0000,  12.1773,   0.4109,   0.9950,   0.0067
9990250000.0000,  12.1917,   0.4003,   0.9992,   0.0053
9992875000.0000,  12.1776,   0.4115,   0.9949,   0.0083
9995500000.0000,  12.1757,   0.4004,   0.9965,   0.0076
9998125000.0000,  12.1782,   0.3968,   0.9961,   0.0051
10000750000.0000,  12.1873,   0.4013,   0.9959,   0.0079
10003375000.0000,  12.1790,   0.3980,   0.9939,   0.0047
10006000000.0000,  12.1897,   0.4094,   0.9961,   0.0059
10008625000.0000,  12.1825,   0.4018,   0.9954,   0.0050
10011250000.0000,  12.1838,   0.4039,   0.9956,   0.0049
10013875000.0000,  12.1788,   0.4121,   0.9949,   0.0063
10016500000.0000,  12.1863,   0.4097,   0.9948,   0.0061
10019125000.0000,  12.1885,   0.4127,   0.9975,   0.0075
10021750000.0000,  12.1799,   0.4051,   0.9958,   0.0042
10024375000.0000,  12.1908,   0.4007,   0.9954,   0.0017
10027000000.0000,  12.1700,   0.4094,   0.9948,   0.0044
10029625000.0000,  12.1772,   0.4047,   0.9942,   0.0041
10032250000.0000,  12.1839,   0.4009,   0.9946,   0.0053
10034875000.0000,  12.1833,   0.4085,   0.9967,   0.0021
10037500000.0000,  12.1923,   0.4041,   0.9954,   0.0024
10040125000.0000,  12.1887,   0.4154,   0.9959,   0.0061
10042750000.0000,  12.1763,   0.4161,   0.9937,   0.0060
10045375000.0000,  12.1752,   0.4132,   0.9961,   0.0031
10048000000.0000,  12.1802,   0.4093,   0.9974,   0.0030
10050625000.0000,  12.1716,   0.4137,   0.9982,   0.0060
10053250000.0000,  12.1813,   0.4150,   0.9939,   0.0054
10055875000.0000,  12.1876,   0.4043,   0.9966,   0.0031
10058500000.0000,  12.1907,   0.4014,   0.9973,   0.0028
10061125000.0000,  12.1847,   0.4158,   0.9947,   0.0059
10063750000.0000,  12.1904,   0.4095,   0.9990,   0.0042
10066375000.0000,  12.1756,   0.4054,   0.9949,   0.0038
10069000000.0000,  12.1751,   0.4004,   0.9966,   0.0040
10071625000.0000,  12.1736,   0.4034,   0.9970,   0.0043
10074250000.0000,  12.1840,   0.4158,   0.9963,   0.0055
10076875000.0000,  12.1746,   0.4091,   0.9941,   0.0082
10079500000.0000,  12.1877,   0.3992,   0.9957,   0.0045
10082125000.0000,  12.1752,   0.3901,   0.9955,   0.0033
10084750000.0000,  12.1751,   0.3961,   0.9980,   0.0057
10087375000.0000,  12.1723,   0.4077,   0.9966,   0.0079
10090000000.0000,  12.1777,   0.4019,   0.9970,   0.0065
10092625000.0000,  12.1855,   0.3951,   0.9969,   0.0051
10095250000.0000,  12.1759,   0.3908,   0.9974,   0.0055
10097875000.0000,  12.1665,   0.3938,   0.9952,   0.0084
10100500000.0000,  12.1711,   0.4023,   0.9969,   0.0076
10103125000.0000,  12.1690,   0.4041,   0.9976,   0.0101
10105750000.0000,  12.1682,   0.3995,   0.9986,   0.0085
10108375000.0000,  12.1724,   0.4083,   0.9966,   0.0074
10111000000.0000,  12.1760,   0.3826,   0.9971,   0.0036
10113625000.0000,  12.1715,   0.4008,   0.9961,   0.0071
10116250000.0000,  12.1767,   0.3959,   0.9963,   0.0071
10118875000.0000,  12.1689,   0.3915,   0.9971,   0.0074
10121500000.0000,  12.1771,   0.4014,   0.9964,   0.0079
10124125000.0000,  12.1739,   0.4069,   0.9961,   0.0092
10126750000.0000,  12.1773,   0.4003,   0.9952,   0.0064
10129375000.0000,  12.1846,   0.3965,   0.9961,   0.0074
10132000000.0000,  12.1684,   0.4119,   0.9947,   0.0080
10134625000.0000,  12.1812,   0.4015,   0.9960,   0.0052
10137250000.0000,  12.1727,   0.4010,   0.9952,   0.0085
10139875000.0000,  12.1752,   0.4061,   0.9979,   0.0079
10142500000.0000,  12.1723,   0.3973,   0.9956,   0.0051
10145125000.0000,  12.1795,   0.4007,   0.9947,   0.0063
10147750000.0000,  12.1572,   0.3985,   0.9969,   0.0060
10150375000.0000,  12.1795,   0.4107,   0.9970,   0.0063
10153000000.0000,  12.1717,   0.4033,   0.9955,   0.0077
10155625000.0000,  12.1663,   0.3985,   0.9957,   0.0079
10158250000.0000,  12.1706,   0.4141,   0.9995,   0.0075
10160875000.0000,  12.1701,   0.4030,   0.9985,   0.0055
10163500000.0000,  12.1724,   0.3937,   0.9986,   0.0049
10166125000.0000,  12.1753,   0.4120,   0.9955,   0.0053
10168750000.0000,  12.1757,   0.4058,   0.9974,   0.0037
10171375000.0000,  12.1723,   0.4036,   0.9974,   0.0057
10174000000.0000,  12.1677,   0.4021,   0.9962,   0.0056
10176625000.0000,  12.1779,   0.4091,   0.9986,   0.0075
10179250000.0000,  12.1787,   0.4041,   1.0001,   0.0047
10181875000.0000,  12.1661,   0.4116,   0.9956,   0.0063
10184500000.0000,  12.1773,   0.3962,   0.9972,   0.0042
10187125000.0000,  12.1712,   0.4078,   0.9975,   0.0078
10189750000.0000,  12.1657,   0.4169,   0.9974,   0.0086
10192375000.0000,  12.1767,   0.3970,   0.9996,   0.0044
10195000000.0000,  12.1742,   0.4063,   0.9973,   0.0057
10197625000.0000,  12.1664,   0.4005,   0.9984,   0.0056
10200250000.0000,  12.1714,   0.4082,   0.9949,   0.0080
10202875000.0000,  12.1809,   0.3982,   0.9970,   0.0044
10205500000.0000,  12.1818,   0.4050,   0.9975,   0.0059
10208125000.0000,  12.1753,   0.4043,   0.9986,   0.0073
10210750000.0000,  12.1737,   0.4078,   0.9967,   0.0067
10213375000.0000,  12.1772,   0.4164,   0.9965,   0.0078
10216000000.0000,  12.1807,   0.4024,   0.9966,   0.0064
10218625000.0000,  12.1800,   0.3986,   0.9957,   0.0044
10221250000.0000,  12.1797,   0.4058,   0.9967,   0.0076
10223875000.0000,  12.1816,   0.3945,   0.9947,   0.0050
10226500000.0000,  12.1726,   0.4042,   0.9943,   0.0075
10229125000.0000,  12.1750,   0.3980,   0.9950,   0.0072
10231750000.0000,  12.1790,   0.3981,   0.9932,   0.0047
10234375000.0000,  12.1795,   0.4004,   0.9951,   0.0058
10237000000.0000,  12.1858,   0.3952,   0.9935,   0.0040
10239625000.0000,  12.1781,   0.3949,   0.9948,   0.0044
10242250000.0000,  12.1850,   0.4099,   0.9945,   0.0066
10244875000.0000,  12.1828,   0.3866,   0.9935,   0.0060
10247500000.0000,  12.1830,   0.3918,   0.9931,   0.0058
10250125000.0000,  12.1963,   0.4075,   0.9955,   0.0059
10252750000.0000,  12.1763,   0.3977,   0.9937,   0.0075
10255375000.0000,  12.1815,   0.4064,   0.9921,   0.0095
10258000000.0000,  12.1832,   0.3908,   0.9949,   0.0056
10260625000.0000,  12.1879,   0.3995,   0.9944,   0.0059
10263250000.0000,  12.1896,   0.4043,   0.9923,   0.0078
10265875000.0000,  12.1777,   0.3956,   0.9918,   0.0052
10268500000.0000,  12.1929,   0.3943,   0.9926,   0.0043
10271125000.0000,  12.1767,   0.4023,   0.9929,   0.0099
10273750000.0000,  12.1703,   0.4037,   0.9950,   0.0068
10276375000.0000,  12.1729,   0.3998,   0.9926,   0.0053
10279000000.0000,  12.1728,   0.4002,   0.9930,   0.0076
10281625000.0000,  12.1784,   0.3912,   0.9945,   0.0035
10284250000.0000,  12.1777,   0.3941,   0.9938,   0.0061
10286875000.0000,  12.1880,   0.4081,   0.9943,   0.0060
10289500000.0000,  12.1718,   0.4016,   0.9942,   0.0087
10292125000.0000,  12.1658,   0.3933,   0.9953,   0.0059
10294750000.0000,  12.1690,   0.4025,   0.9923,   0.0067
10297375000.0000,  12.1607,   0.4027,   0.9960,   0.0070
10300000000.0000,  12.1762,   0.4033,   0.9944,   0.0068
10302625000.0000,  12.1685,   0.4064,   0.9951,   0.0071
10305250000.0000,  12.1621,   0.3993,   0.9934,   0.0066
10307875000.0000,  12.1773,   0.3959,   0.9968,   0.0051
10310500000.0000,  12.1673,   0.4108,   0.9969,   0.0042
10313125000.0000,  12.1601,   0.4135,   0.9927,   0.0087
10315750000.0000,  12.1729,   0.4019,   0.9952,   0.0040
10318375000.0000,  12.1675,   0.4040,   0.9950,   0.0039
10321000000.0000,  12.1659,   0.4005,   0.9969,   0.0058
10323625000.0000,  12.1619,   0.4174,   0.9980,   0.0068
10326250000.0000,  12.1732,   0.4082,   0.9972,   0.0062
10328875000.0000,  12.1710,   0.4114,   0.9965,   0.0055
10331500000.0000,  12.1669,   0.4061,   0.9968,   0.0075
10334125000.0000,  12.1637,   0.4021,   0.9959,   0.0058
10336750000.0000,  12.1684,   0.4148,   0.9979,   0.0073
10339375000.0000,  12.1697,   0.4023,   0.9966,   0.0079
10342000000.0000,  12.1655,   0.4071,   1.0000,   0.0057
10344625000.0000,  12.1748,   0.3950,   0.9978,   0.0053
10347250000.0000,  12.1741,   0.4008,   0.9979,   0.0053
10349875000.0000,  12.1708,   0.4001,   0.9981,   0.0061
10352500000.0000,  12.1679,   0.4021,   0.9965,   0.0064
10355125000.0000,  12.1697,   0.4095,   0.9975,   0.0070
10357750000.0000,  12.1788,   0.4091,   0.9962,   0.0094
10360375000.0000,  12.1723,   0.4020,   0.9976,   0.0053
10363000000.0000,  12.1660,   0.3891,   0.9967,   0.0040
10365625000.0000,  12.1808,   0.3962,   0.9959,   0.0052
10368250000.0000,  12.1830,   0.3857,   0.9941,   0.0058
10370875000.0000,  12.1885,   0.3963,   0.9967,   0.0066
10373500000.0000,  12.1898,   0.4088,   0.9988,   0.0081
10376125000.0000,  12.1814,   0.4008,   0.9968,   0.0066
10378750000.0000,  12.1780,   0.4056,   0.9975,   0.0102
10381375000.0000,  12.1815,   0.4005,   0.9958,   0.0088
10384000000.0000,  12.1822,   0.3996,   0.9962,   0.0081
10386625000.0000,  12.1808,   0.3999,   0.9956,   0.0096
10389250000.0000,  12.1845,   0.4021,   0.9921,   0.0073
10391875000.0000,  12.1816,   0.3965,   0.9927,   0.0069
10394500000.0000,  12.1821,   0.4013,   0.9918,   0.0089
10397125000.0000,  12.1861,   0.3985,   0.9943,   0.0045
10399750000.0000,  12.1794,   0.3874,   0.9913,   0.0067
10402375000.0000,  12.1825,   0.3958,   0.9929,   0.0057
10405000000.0000,  12.1816,   0.4015,   0.9928,   0.0080
10407625000.0000,  12.1851,   0.4041,   0.9925,   0.0080
10410250000.0000,  12.1829,   0.3962,   0.9902,   0.0061
10412875000.0000,  12.1909,   0.4099,   0.9946,   0.0075
10415500000.0000,  12.1766,   0.4007,   0.9915,   0.0075
10418125000.0000,  12.1781,   0.4049,   0.9899,   0.0062
10420750000.0000,  12.1754,   0.4069,   0.9905,   0.0077
10423375000.0000,  12.1771,   0.4023,   0.9909,   0.0074
10426000000.0000,  12.1692,   0.4044,   0.9919,   0.0072
10428625000.0000,  12.1590,   0.4101,   0.9910,   0.0087
10431250000.0000,  12.1624,   0.3976,   0.9911,   0.0048
10433875000.0000,  12.1596,   0.3868,   0.9888,   0.0062
10436500000.0000,  12.1691,   0.4121,   0.9937,   0.0079
10439125000.0000,  12.1580,   0.3990,   0.9917,   0.0073
10441750000.0000,  12.1647,   0.3966,   0.9922,   0.0057
10444375000.0000,  12.1546,   0.4025,   0.9909,   0.0080
10447000000.0000,  12.1660,   0.3940,   0.9939,   0.0047
10449625000.0000,  12.1505,   0.4093,   0.9928,   0.0087
10452250000.0000,  12.1481,   0.4081,   0.9916,   0.0086
10454875000.0000,  12.1539,   0.4031,   0.9928,   0.0072
10457500000.0000,  12.1390,   0.3930,   0.9932,   0.0053
10460125000.0000,  12.1490,   0.3970,   0.9916,   0.0063
10462750000.0000,  12.1563,   0.3988,   0.9926,   0.0064
10465375000.0000,  12.1557,   0.4039,   0.9936,   0.0059
10468000000.0000,  12.1522,   0.3912,   0.9965,   0.0070
10470625000.0000,  12.1509,   0.3999,   0.9941,   0.0087
10473250000.0000,  12.1532,   0.4103,   0.9953,   0.0109
10475875000.0000,  12.1499,   0.4012,   0.9971,   0.0078
10478500000.0000,  12.1537,   0.4133,   0.9980,   0.0075
10481125000.0000,  12.1440,   0.3915,   0.9955,   0.0053
10483750000.0000,  12.1501,   0.4058,   0.9966,   0.0100
10486375000.0000,  12.1517,   0.3963,   0.9953,   0.0065
10489000000.0000,  12.1529,   0.3959,   0.9967,   0.0102
10491625000.0000,  12.1519,   0.4120,   0.9969,   0.0114
10494250000.0000,  12.1620,   0.3853,   0.9985,   0.0071
10496875000.0000,  12.1546,   0.3959,   0.9967,   0.0089
10499500000.0000,  12.1773,   0.3938,   1.0000,   0.0094
10502125000.0000,  12.1643,   0.3875,   0.9990,   0.0087
10504750000.0000,  12.1711,   0.4093,   0.9998,   0.0125
10507375000.0000,  12.1837,   0.3907,   1.0008,   0.0102
10510000000.0000,  12.1654,   0.4101,   0.9979,   0.0089
10512625000.0000,  12.1784,   0.4073,   1.0009,   0.0070
10515250000.0000,  12.1733,   0.4031,   0.9989,   0.0091
10517875000.0000,  12.1879,   0.4012,   0.9994,   0.0091
10520500000.0000,  12.1791,   0.4072,   0.9996,   0.0070
10523125000.0000,  12.1805,   0.3893,   0.9957,   0.0061
10525750000.0000,  12.2038,   0.4213,   1.0015,   0.0069
10528375000.0000,  12.2079,   0.4049,   1.0000,   0.0053
10531000000.0000,  12.1820,   0.3963,   0.9976,   0.0040
10533625000.0000,  12.1981,   0.4075,   0.9983,   0.0042
10536250000.0000,  12.1765,   0.4163,   0.9981,   0.0060
10538875000.0000,  12.2009,   0.4024,   0.9972,   0.0101
10541500000.0000,  12.1968,   0.4082,   0.9957,   0.0043
10544125000.0000,  12.1905,   0.4112,   0.9961,   0.0115
10546750000.0000,  12.1888,   0.4063,   0.9982,   0.0051
10549375000.0000,  12.1635,   0.3951,   0.9949,   0.0080
10552000000.0000,  12.1663,   0.4218,   0.9960,   0.0082
10554625000.0000,  12.1982,   0.3959,   0.9993,   0.0019
10557250000.0000,  12.1811,   0.4029,   0.9936,   0.0056
10559875000.0000,  12.1894,   0.4251,   0.9984,   0.0090
10562500000.0000,  12.2033,   0.4044,   1.0000,   0.0083
10565125000.0000,  12.1720,   0.3978,   0.9942,   0.0037
10567750000.0000,  12.1843,   0.4129,   0.9957,   0.0068
10570375000.0000,  12.1692,   0.4240,   0.9996,   0.0094
10573000000.0000,  12.1975,   0.4298,   1.0023,   0.0075
10575625000.0000,  12.1988,   0.4129,   1.0000,   0.0048
10578250000.0000,  12.1776,   0.4047,   0.9971,   0.0046
10580875000.0000,  12.1762,   0.4115,   0.9977,   0.0043
10583500000.0000,  12.1746,   0.4098,   0.9988,   0.0041
10586125000.0000,  12.1724,   0.4008,   1.0007,   0.0075
10588750000.0000,  12.1616,   0.4057,   1.0013,   0.0066
10591375000.0000,  12.1790,   0.4052,   0.9997,   0.0035
10594000000.0000,  12.1722,   0.4098,   0.9975,   0.0083
10596625000.0000,  12.1738,   0.3931,   0.9959,   0.0043
10599250000.0000,  12.1625,   0.4224,   0.9967,   0.0090
10601875000.0000,  12.1776,   0.3900,   0.9998,   0.0044
10604500000.0000,  12.1519,   0.4091,   0.9972,   0.0065
10607125000.0000,  12.1596,   0.3973,   1.0017,   0.0036
10609750000.0000,  12.1626,   0.4067,   1.0007,   0.0086
10612375000.0000,  12.1787,   0.4122,   1.0021,   0.0076
10615000000.0000,  12.1732,   0.4104,   0.9991,   0.0101
10617625000.0000,  12.1764,   0.4063,   0.9993,   0.0099
10620250000.0000,  12.1730,   0.4073,   1.0000,   0.0064
10622875000.0000,  12.1666,   0.4143,   1.0005,   0.0118
10625500000.0000,  12.1808,   0.4111,   0.9977,   0.0084
10628125000.0000,  12.1617,   0.4033,   0.9989,   0.0079
10630750000.0000,  12.1665,   0.4293,   0.9993,   0.0127
10633375000.0000,  12.1762,   0.4239,   1.0019,   0.0099
10636000000.0000,  12.1764,   0.4014,   0.9982,   0.0052
10638625000.0000,  12.1911,   0.4036,   0.9985,   0.0044
10641250000.0000,  12.1916,   0.3942,   1.0002,   0.0056
10643875000.0000,  12.1727,   0.4234,   1.0021,   0.0075
10646500000.0000,  12.1752,   0.4064,   1.0007,   0.0073
10649125000.0000,  12.1672,   0.4072,   0.9996,   0.0068
10651750000.0000,  12.1875,   0.4106,   1.0004,   0.0082
10654375000.0000,  12.1858,   0.4054,   0.9979,   0.0082
10657000000.0000,  12.1859,   0.4045,   1.0013,   0.0072
10659625000.0000,  12.1918,   0.4198,   0.9980,   0.0090
10662250000.0000,  12.1864,   0.4228,   0.9959,   0.0077
10664875000.0000,  12.1676,   0.4273,   1.0016,   0.0081
10667500000.0000,  12.1720,   0.4144,   0.9999,   0.0101
10670125000.0000,  12.1866,   0.4279,   1.0024,   0.0104
10672750000.0000,  12.1994,   0.4137,   1.0006,   0.0077
10675375000.0000,  12.1832,   0.4192,   0.9968,   0.0078
10678000000.0000,  12.1719,   0.4062,   0.9976,   0.0048
10680625000.0000,  12.1826,   0.4262,   1.0002,   0.0094
10683250000.0000,  12.1965,   0.4110,   0.9999,   0.0059
10685875000.0000,  12.1833,   0.4239,   0.9989,   0.0105
10688500000.0000,  12.1894,   0.4105,   0.9972,   0.0079
10691125000.0000,  12.1712,   0.4142,   0.9951,   0.0055
10693750000.0000,  12.1906,   0.4070,   0.9962,   0.0086
10696375000.0000,  12.2070,   0.4359,   1.0000,   0.0084
10699000000.0000,  12.1898,   0.4257,   0.9945,   0.0089
10701625000.0000,  12.1910,   0.4241,   0.9967,   0.0082
10704250000.0000,  12.1796,   0.4188,   0.9934,   0.0051
10706875000.0000,  12.1855,   0.4285,   1.0006,   0.0031
10709500000.0000,  12.1718,   0.4099,   0.9958,   0.0058
10712125000.0000,  12.1901,   0.4213,   0.9945,   0.0073
10714750000.0000,  12.1714,   0.4286,   0.9970,   0.0089
10717375000.0000,  12.1655,   0.4277,   0.9963,   0.0068
10720000000.0000,  12.1651,   0.4152,   0.9911,   0.0061
10722625000.0000,  12.1903,   0.4270,   0.9958,   0.0054
10725250000.0000,  12.1680,   0.4187,   0.9980,   0.0092
10727875000.0000,  12.1706,   0.4210,   0.9971,   0.0084
10730500000.0000,  12.1792,   0.4211,   0.9980,   0.0067
10733125000.0000,  12.1725,   0.4277,   0.9970,   0.0101
10735750000.0000,  12.1786,   0.4171,   0.9986,   0.0059
10738375000.0000,  12.1496,   0.4182,   0.9973,   0.0076
10741000000.0000,  12.1550,   0.4298,   0.9968,   0.0097
10743625000.0000,  12.1530,   0.4201,   0.9940,   0.0073
10746250000.0000,  12.1489,   0.4251,   0.9947,   0.0089
10748875000.0000,  12.1662,   0.4219,   0.9980,   0.0071
10751500000.0000,  12.1669,   0.4169,   0.9957,   0.0064
10754125000.0000,  12.1624,   0.4097,   1.0001,   0.0067
10756750000.0000,  12.1443,   0.4147,   0.9948,   0.0097
10759375000.0000,  12.1452,   0.4422,   0.9964,   0.0087
10762000000.0000,  12.1631,   0.4038,   0.9980,   0.0076
10764625000.0000,  12.1634,   0.4294,   0.9986,   0.0090
10767250000.0000,  12.1765,   0.4146,   0.9941,   0.0064
10769875000.0000,  12.1528,   0.4026,   0.9974,   0.0062
10772500000.0000,  12.1500,   0.4198,   0.9954,   0.0103
10775125000.0000,  12.1485,   0.4208,   0.9974,   0.0084
10777750000.0000,  12.1551,   0.4158,   1.0008,   0.0076
10780375000.0000,  12.1599,   0.4248,   0.9984,   0.0124
10783000000.0000,  12.1676,   0.4340,   0.9981,   0.0075
10785625000.0000,  12.1493,   0.4415,   0.9982,   0.0118
10788250000.0000,  12.1493,   0.4146,   0.9975,   0.0093
10790875000.0000,  12.1515,   0.4333,   0.9983,   0.0121
10793500000.0000,  12.1483,   0.4274,   0.9971,   0.0112
10796125000.0000,  12.1559,   0.4369,   0.9956,   0.0120
10798750000.0000,  12.1556,   0.4342,   0.9995,   0.0107
10801375000.0000,  12.1486,   0.4450,   0.9971,   0.0128
10804000000.0000,  12.1565,   0.4202,   0.9985,   0.0090
10806625000.0000,  12.1428,   0.4411,   0.9961,   0.0080
10809250000.0000,  12.1633,   0.4204,   0.9986,   0.0100
10811875000.0000,  12.1572,   0.4271,   0.9986,   0.0100
10814500000.0000,  12.1521,   0.4317,   0.9989,   0.0074
10817125000.0000,  12.1416,   0.4306,   1.0006,   0.0093
10819750000.0000,  12.1472,   0.4485,   0.9988,   0.0088
10822375000.0000,  12.1546,   0.4542,   0.9949,   0.0126
10825000000.0000,  12.1687,   0.4586,   0.9979,   0.0071
10827625000.0000,  12.1631,   0.4376,   0.9953,   0.0102
10830250000.0000,  12.1485,   0.4409,   0.9979,   0.0090
10832875000.0000,  12.1354,   0.4332,   0.9982,   0.0058
10835500000.0000,  12.1526,   0.4357,   0.9965,   0.0086
10838125000.0000,  12.1498,   0.4315,   0.9975,   0.0039
10840750000.0000,  12.1544,   0.4363,   0.9977,   0.0071
10843375000.0000,  12.1609,   0.4304,   0.9989,   0.0033
10846000000.0000,  12.1500,   0.4324,   0.9979,   0.0074
10848625000.0000,  12.1284,   0.4284,   0.9997,   0.0068
10851250000.0000,  12.1504,   0.4322,   0.9951,   0.0071
10853875000.0000,  12.1525,   0.4349,   0.9975,   0.0086
10856500000.0000,  12.1161,   0.4378,   0.9950,   0.0066
10859125000.0000,  12.1445,   0.4361,   1.0004,   0.0101
10861750000.0000,  12.1574,   0.4255,   0.9954,   0.0074
10864375000.0000,  12.1342,   0.4204,   0.9998,   0.0048
10867000000.0000,  12.1363,   0.4222,   0.9985,   0.0035
10869625000.0000,  12.1282,   0.4437,   0.9953,   0.0093
10872250000.0000,  12.1287,   0.4218,   0.9994,   0.0098
10874875000.0000,  12.1376,   0.4216,   0.9983,   0.0073
10877500000.0000,  12.1311,   0.4173,   0.9960,   0.0080
10880125000.0000,  12.1492,   0.4281,   1.0023,   0.0085
10882750000.0000,  12.1309,   0.4253,   0.9968,   0.0081
10885375000.0000,  12.1196,   0.4074,   0.9991,   0.0071
10888000000.0000,  12.1308,   0.4183,   0.9958,   0.0077
10890625000.0000,  12.1403,   0.4135,   0.9967,   0.0049
10893250000.0000,  12.1474,   0.4117,   0.9967,   0.0077
10895875000.0000,  12.1497,   0.4181,   0.9968,   0.0094
10898500000.0000,  12.1302,   0.4117,   0.9990,   0.0061
10901125000.0000,  12.1255,   0.4227,   0.9978,   0.0078
10903750000.0000,  12.1322,   0.4198,   0.9986,   0.0086
10906375000.0000,  12.1426,   0.4107,   0.9980,   0.0088
10909000000.0000,  12.1516,   0.4021,   0.9984,   0.0063
10911625000.0000,  12.1401,   0.4343,   0.9965,   0.0102
10914250000.0000,  12.1464,   0.4262,   0.9974,   0.0091
10916875000.0000,  12.1376,   0.4123,   0.9996,   0.0103
10919500000.0000,  12.1392,   0.4132,   1.0002,   0.0118
10922125000.0000,  12.1351,   0.4360,   0.9988,   0.0114
10924750000.0000,  12.1430,   0.4280,   0.9957,   0.0114
10927375000.0000,  12.1484,   0.4039,   0.9976,   0.0072
10930000000.0000,  12.1370,   0.4152,   0.9993,   0.0103
10932625000.0000,  12.1317,   0.4047,   0.9978,   0.0059
10935250000.0000,  12.1333,   0.4355,   0.9978,   0.0076
10937875000.0000,  12.1166,   0.4213,   0.9965,   0.0111
10940500000.0000,  12.1418,   0.4116,   0.9943,   0.0066
10943125000.0000,  12.1277,   0.4396,   0.9943,   0.0103
10945750000.0000,  12.1384,   0.4151,   0.9956,   0.0081
10948375000.0000,  12.1323,   0.4135,   0.9921,   0.0099
10951000000.0000,  12.1425,   0.4247,   0.9966,   0.0073
10953625000.0000,  12.1295,   0.4211,   0.9972,   0.0071
10956250000.0000,  12.1207,   0.4183,   0.9956,   0.0097
10958875000.0000,  12.1205,   0.4186,   0.9954,   0.0087
10961500000.0000,  12.1306,   0.4333,   0.9979,   0.0058
10964125000.0000,  12.1347,   0.4337,   0.9980,   0.0090
10966750000.0000,  12.1224,   0.4092,   0.9965,   0.0078
10969375000.0000,  12.1076,   0.4148,   0.9968,   0.0073
10972000000.0000,  12.1243,   0.4226,   0.9963,   0.0105
10974625000.0000,  12.1169,   0.4160,   0.9977,   0.0065
10977250000.0000,  12.1171,   0.4265,   0.9984,   0.0058
10979875000.0000,  12.1150,   0.4035,   0.9969,   0.0066
10982500000.0000,  12.1294,   0.4183,   0.9980,   0.0042
10985125000.0000,  12.1116,   0.4215,   0.9968,   0.0075
10987750000.0000,  12.1341,   0.4246,   1.0017,   0.0076
10990375000.0000,  12.1061,   0.4128,   0.9965,   0.0065
10993000000.0000,  12.1185,   0.4284,   0.9979,   0.0080
10995625000.0000,  12.1067,   0.4151,   1.0003,   0.0082
10998250000.0000,  12.1171,   0.4021,   1.0008,   0.0051
11000875000.0000,  12.1191,   0.4007,   0.9987,   0.0057
11003500000.0000,  12.1117,   0.4166,   1.0005,   0.0076
11006125000.0000,  12.1187,   0.4258,   0.9989,   0.0069
11008750000.0000,  12.1197,   0.3970,   0.9986,   0.0061
11011375000.0000,  12.1180,   0.4013,   0.9968,   0.0046
11014000000.0000,  12.1285,   0.4012,   0.9978,   0.0060
11016625000.0000,  12.1151,   0.4006,   0.9979,   0.0032
11019250000.0000,  12.1172,   0.3907,   1.0001,   0.0050
11021875000.0000,  12.1262,   0.4308,   1.0009,   0.0059
11024500000.0000,  12.1298,   0.4064,   0.9984,   0.0049
11027125000.0000,  12.1388,   0.4088,   0.9990,   0.0052
11029750000.0000,  12.1117,   0.4076,   0.9982,   0.0075
11032375000.0000,  12.1114,   0.4123,   0.9973,   0.0076
11035000000.0000,  12.1282,   0.4022,   0.9981,   0.0043
11037625000.0000,  12.1361,   0.4109,   0.9994,   0.0061
11040250000.0000,  12.1455,   0.4036,   0.9987,   0.0030
11042875000.0000,  12.1387,   0.4188,   0.9985,   0.0063
11045500000.0000,  12.1368,   0.4030,   0.9996,   0.0065
11048125000.0000,  12.1378,   0.3868,   0.9992,   0.0044
11050750000.0000,  12.1274,   0.4152,   0.9993,   0.0099
11053375000.0000,  12.1422,   0.4043,   0.9994,   0.0061
11056000000.0000,  12.1260,   0.4005,   0.9967,   0.0074
11058625000.0000,  12.1304,   0.3991,   0.9951,   0.0051
11061250000.0000,  12.1310,   0.4022,   0.9972,   0.0057
11063875000.0000,  12.1325,   0.3996,   0.9980,   0.0073
11066500000.0000,  12.1328,   0.4084,   1.0015,   0.0073
11069125000.0000,  12.1412,   0.4073,   0.9976,   0.0070
11071750000.0000,  12.1436,   0.3999,   0.9977,   0.0095
11074375000.0000,  12.1357,   0.4027,   0.9949,   0.0068
11077000000.0000,  12.1317,   0.4035,   0.9942,   0.0090
11079625000.0000,  12.1247,   0.4075,   1.0002,   0.0109
11082250000.0000,  12.1326,   0.3909,   0.9963,   0.0033
11084875000.0000,  12.1265,   0.4004,   0.9948,   0.0065
11087500000.0000,  12.1416,   0.3931,   0.9971,   0.0051
11090125000.0000,  12.1275,   0.4163,   1.0017,   0.0098
11092750000.0000,  12.1291,   0.4021,   0.9973,   0.0099
11095375000.0000,  12.1344,   0.4002,   0.9962,   0.0083
11098000000.0000,  12.1206,   0.3947,   0.9965,   0.0046
11100625000.0000,  12.1222,   0.3802,   0.9943,   0.0030
11103250000.0000,  12.1338,   0.4105,   0.9962,   0.0075
11105875000.0000,  12.1298,   0.4058,   0.9980,   0.0102
11108500000.0000,  12.1222,   0.4022,   0.9950,   0.0067
11111125000.0000,  12.1186,   0.3868,   0.9968,   0.0065
11113750000.0000,  12.1177,   0.4092,   0.9958,   0.0102
11116375000.0000,  12.1089,   0.4051,   0.9940,   0.0101
11119000000.0000,  12.1109,   0.3976,   0.9940,   0.0096
11121625000.0000,  12.1395,   0.4031,   0.9987,   0.0097
11124250000.0000,  12.1115,   0.4081,   0.9967,   0.0068
11126875000.0000,  12.1115,   0.3976,   0.9976,   0.0081
11129500000.0000,  12.1330,   0.3950,   0.9971,   0.0067
11132125000.0000,  12.1131,   0.4076,   0.9960,   0.0088
11134750000.0000,  12.1315,   0.4094,   0.9980,   0.0092
11137375000.0000,  12.1186,   0.4075,   1.0004,   0.0105
11140000000.0000,  12.1296,   0.3899,   0.9989,   0.0038
11142625000.0000,  12.1213,   0.4001,   0.9986,   0.0086
11145250000.0000,  12.1162,   0.4155,   1.0021,   0.0122
11147875000.0000,  12.1157,   0.3954,   0.9965,   0.0083
11150500000.0000,  12.1136,   0.4174,   0.9990,   0.0094
11153125000.0000,  12.1103,   0.4099,   0.9987,   0.0091
11155750000.0000,  12.1095,   0.4085,   0.9982,   0.0067
11158375000.0000,  12.1106,   0.4244,   1.0002,   0.0099
11161000000.0000,  12.1123,   0.4122,   0.9995,   0.0072
11163625000.0000,  12.1252,   0.4020,   1.0035,   0.0038
11166250000.0000,  12.1049,   0.4148,   0.9971,   0.0089
11168875000.0000,  12.1129,   0.3928,   0.9993,   0.0056
11171500000.0000,  12.1216,   0.4051,   1.0013,   0.0066
11174125000.0000,  12.1108,   0.3997,   0.9980,   0.0094
11176750000.0000,  12.1376,   0.3853,   1.0016,   0.0051
11179375000.0000,  12.1094,   0.3998,   1.0020,   0.0063
11182000000.0000,  12.1095,   0.4035,   1.0051,   0.0086
11184625000.0000,  12.1059,   0.3932,   1.0037,   0.0060
11187250000.0000,  12.1290,   0.4168,   1.0015,   0.0056
11189875000.0000,  12.1249,   0.3943,   1.0012,   0.0051
11192500000.0000,  12.1239,   0.3947,   1.0017,   0.0058
11195125000.0000,  12.1245,   0.4106,   1.0036,   0.0082
11197750000.0000,  12.1246,   0.4007,   1.0055,   0.0079
11200375000.0000,  12.1294,   0.4188,   1.0031,   0.0093
11203000000.0000,  12.1242,   0.3833,   0.9990,   0.0044
11205625000.0000,  12.1432,   0.3937,   1.0009,   0.0085
11208250000.0000,  12.1531,   0.3859,   1.0010,   0.0059
11210875000.0000,  12.1516,   0.4019,   1.0037,   0.0085
11213500000.0000,  12.1269,   0.3920,   1.0006,   0.0056
11216125000.0000,  12.1271,   0.3992,   1.0023,   0.0086
11218750000.0000,  12.1426,   0.4117,   1.0021,   0.0090
11221375000.0000,  12.1378,   0.4030,   1.0004,   0.0067
11224000000.0000,  12.1406,   0.4088,   1.0013,   0.0066
11226625000.0000,  12.1305,   0.4081,   0.9984,   0.0085
11229250000.0000,  12.1207,   0.4163,   1.0009,   0.0117
11231875000.0000,  12.1305,   0.4199,   0.9997,   0.0124
11234500000.0000,  12.1484,   0.4059,   0.9999,   0.0061
11237125000.0000,  12.1387,   0.3901,   1.0001,   0.0091
11239750000.0000,  12.1504,   0.3985,   1.0009,   0.0089
11242375000.0000,  12.1407,   0.3949,   0.9995,   0.0069
11245000000.0000,  12.1415,   0.3929,   0.9980,   0.0035
11247625000.0000,  12.1433,   0.3938,   0.9952,   0.0066
11250250000.0000,  12.1335,   0.4072,   0.9964,   0.0070
11252875000.0000,  12.1494,   0.4041,   0.9978,   0.0065
11255500000.0000,  12.1495,   0.3973,   0.9977,   0.0071
11258125000.0000,  12.1376,   0.3899,   0.9974,   0.0034
11260750000.0000,  12.1567,   0.3923,   0.9997,   0.0033
11263375000.0000,  12.1299,   0.4031,   0.9979,   0.0062
11266000000.0000,  12.1289,   0.4126,   0.9955,   0.0108
11268625000.0000,  12.1433,   0.3921,   0.9951,   0.0042
11271250000.0000,  12.1355,   0.3989,   0.9994,   0.0063
11273875000.0000,  12.1234,   0.3996,   0.9974,   0.0054
11276500000.0000,  12.1347,   0.3962,   0.9986,   0.0046
11279125000.0000,  12.1216,   0.3987,   0.9954,   0.0084
11281750000.0000,  12.1169,   0.4052,   0.9945,   0.0080
11284375000.0000,  12.1251,   0.4078,   0.9980,   0.0095
11287000000.0000,  12.1209,   0.4155,   0.9984,   0.0086
11289625000.0000,  12.1177,   0.4005,   0.9969,   0.0078
11292250000.0000,  12.1185,   0.3910,   0.9973,   0.0064
11294875000.0000,  12.1170,   0.4159,   1.0008,   0.0103
11297500000.0000,  12.1232,   0.3997,   0.9967,   0.0080
11300125000.0000,  12.1144,   0.3948,   0.9974,   0.0084
11302750000.0000,  12.1184,   0.4114,   0.9991,   0.0071
11305375000.0000,  12.1069,   0.4064,   0.9978,   0.0058
11308000000.0000,  12.1208,   0.3995,   0.9983,   0.0080
11310625000.0000,  12.0996,   0.3957,   0.9987,   0.0079
11313250000.0000,  12.1250,   0.4067,   0.9976,   0.0088
11315875000.0000,  12.1176,   0.3948,   0.9982,   0.0076
11318500000.0000,  12.1247,   0.3986,   1.0009,   0.0058
11321125000.0000,  12.1143,   0.3925,   0.9947,   0.0066
11323750000.0000,  12.1185,   0.3784,   0.9993,   0.0070
11326375000.0000,  12.1199,   0.3867,   0.9975,   0.0054
11329000000.0000,  12.1270,   0.4007,   1.0000,   0.0110
11331625000.0000,  12.1182,   0.3946,   1.0003,   0.0072
11334250000.0000,  12.1231,   0.3836,   0.9983,   0.0073
11336875000.0000,  12.1193,   0.3934,   0.9973,   0.0083
11339500000.0000,  12.1268,   0.3940,   0.9979,   0.0081
11342125000.0000,  12.1153,   0.3891,   0.9980,   0.0052
11344750000.0000,  12.1373,   0.4052,   0.9997,   0.0077
11347375000.0000,  12.1350,   0.4018,   0.9988,   0.0074
11350000000.0000,  12.1280,   0.3942,   0.9990,   0.0091
11352625000.0000,  12.1456,   0.3847,   0.9985,   0.0049
11355250000.0000,  12.1252,   0.4012,   0.9986,   0.0082
11357875000.0000,  12.1280,   0.4001,   0.9989,   0.0092
11360500000.0000,  12.1302,   0.3899,   1.0018,   0.0065
11363125000.0000,  12.1368,   0.3958,   0.9983,   0.0062
11365750000.0000,  12.1273,   0.3924,   1.0003,   0.0068
11368375000.0000,  12.1410,   0.4171,   1.0015,   0.0090
11371000000.0000,  12.1359,   0.4054,   0.9987,   0.0047
11373625000.0000,  12.1320,   0.3892,   0.9979,   0.0028
11376250000.0000,  12.1224,   0.3678,   0.9964,   0.0058
11378875000.0000,  12.1449,   0.3860,   1.0000,   0.0042
11381500000.0000,  12.1386,   0.3972,   0.9995,   0.0069
11384125000.0000,  12.1348,   0.3897,   0.9969,   0.0038
11386750000.0000,  12.1401,   0.3982,   1.0000,   0.0040
11389375000.0000,  12.1271,   0.3885,   0.9995,   0.0064
11392000000.0000,  12.1478,   0.3672,   0.9995,   0.0058
11394625000.0000,  12.1219,   0.3861,   0.9981,   0.0064
11397250000.0000,  12.1271,   0.3799,   1.0009,   0.0031
11399875000.0000,  12.1322,   0.3880,   1.0007,   0.0065
11402500000.0000,  12.1290,   0.4140,   0.9992,   0.0104
11405125000.0000,  12.1264,   0.4060,   0.9974,   0.0091
11407750000.0000,  12.1225,   0.3952,   0.9970,   0.0088
11410375000.0000,  12.1263,   0.4082,   0.9978,   0.0088
11413000000.0000,  12.1410,   0.3841,   0.9993,   0.0046
11415625000.0000,  12.1315,   0.3742,   1.0019,   0.0068
11418250000.0000,  12.1363,   0.4070,   0.9990,   0.0056
11420875000.0000,  12.1298,   0.3789,   0.9969,   0.0087
11423500000.0000,  12.1212,   0.3884,   1.0013,   0.0062
11426125000.0000,  12.1138,   0.3867,   0.9975,   0.0079
11428750000.0000,  12.1165,   0.4052,   0.9972,   0.0093
11431375000.0000,  12.1318,   0.4064,   1.0001,   0.0090
11434000000.0000,  12.1357,   0.4012,   1.0012,   0.0090
11436625000.0000,  12.1412,   0.3839,   1.0003,   0.0062
11439250000.0000,  12.1131,   0.3935,   0.9982,   0.0065
11441875000.0000,  12.1295,   0.3990,   1.0023,   0.0101
11444500000.0000,  12.1077,   0.3935,   0.9985,   0.0073
11447125000.0000,  12.1156,   0.4159,   0.9990,   0.0091
11449750000.0000,  12.1264,   0.3886,   0.9963,   0.0075
11452375000.0000,  12.1123,   0.4002,   0.9989,   0.0087
11455000000.0000,  12.1146,   0.3959,   0.9978,   0.0057
11457625000.0000,  12.1187,   0.3998,   0.9990,   0.0074
11460250000.0000,  12.1144,   0.3983,   0.9991,   0.0068
11462875000.0000,  12.1166,   0.4082,   0.9997,   0.0106
11465500000.0000,  12.1249,   0.3928,   1.0006,   0.0066
11468125000.0000,  12.1206,   0.4030,   0.9981,   0.0101
11470750000.0000,  12.1232,   0.4142,   1.0010,   0.0094
11473375000.0000,  12.1029,   0.3801,   0.9972,   0.0075
11476000000.0000,  12.1199,   0.4010,   0.9999,   0.0088
11478625000.0000,  12.1154,   0.4014,   1.0009,   0.0082
11481250000.0000,  12.1145,   0.4046,   1.0007,   0.0086
11483875000.0000,  12.1263,   0.3974,   1.0007,   0.0063
11486500000.0000,  12.1181,   0.4059,   1.0000,   0.0051
11489125000.0000,  12.1259,   0.4072,   1.0005,   0.0086
11491750000.0000,  12.1106,   0.3947,   1.0032,   0.0072
11494375000.0000,  12.1206,   0.4143,   0.9991,   0.0089
11497000000.0000,  12.1133,   0.4135,   1.0013,   0.0098
11499625000.0000,  12.1295,   0.3971,   0.9998,   0.0078
11502250000.0000,  12.1270,   0.3955,   1.0001,   0.0083
11504875000.0000,  12.1272,   0.4016,   0.9998,   0.0093
11507500000.0000,  12.1234,   0.3817,   0.9985,   0.0052
11510125000.0000,  12.1218,   0.3808,   0.9989,   0.0086
11512750000.0000,  12.1248,   0.3986,   1.0020,   0.0089
11515375000.0000,  12.1239,   0.3987,   1.0010,   0.0105
11518000000.0000,  12.1252,   0.4012,   0.9987,   0.0089
11520625000.0000,  12.1320,   0.4036,   1.0001,   0.0088
11523250000.0000,  12.1258,   0.4042,   1.0017,   0.0084
11525875000.0000,  12.1304,   0.3939,   1.0007,   0.0068
11528500000.0000,  12.1372,   0.3946,   0.9977,   0.0094
11531125000.0000,  12.1331,   0.4021,   1.0003,   0.0075
11533750000.0000,  12.1405,   0.4092,   1.0007,   0.0082
11536375000.0000,  12.1093,   0.4037,   0.9957,   0.0102
11539000000.0000,  12.1161,   0.4023,   1.0020,   0.0073
11541625000.0000,  12.1193,   0.3949,   1.0002,   0.0071
11544250000.0000,  12.1157,   0.3996,   0.9989,   0.0068
11546875000.0000,  12.1204,   0.4106,   1.0002,   0.0110
11549500000.0000,  12.1381,   0.3800,   0.9982,   0.0056
11552125000.0000,  12.1366,   0.4027,   1.0005,   0.0059
11554750000.0000,  12.1488,   0.3984,   1.0031,   0.0057
11557375000.0000,  12.1295,   0.3946,   1.0009,   0.0060
11560000000.0000,  12.1325,   0.4011,   1.0017,   0.0061
11562625000.0000,  12.1178,   0.3876,   1.0000,   0.0048
11565250000.0000,  12.1304,   0.3857,   0.9979,   0.0059
11567875000.0000,  12.1152,   0.4264,   0.9971,   0.0071
11570500000.0000,  12.1261,   0.3971,   0.9988,   0.0054
11573125000.0000,  12.1112,   0.3912,   0.9972,   0.0049
11575750000.0000,  12.1364,   0.4102,   0.9999,   0.0068
11578375000.0000,  12.1154,   0.4044,   1.0010,   0.0072
11581000000.0000,  12.1150,   0.3963,   1.0009,   0.0068
11583625000.0000,  12.1146,   0.3849,   1.0028,   0.0047
11586250000.0000,  12.1231,   0.4063,   1.0002,   0.0097
11588875000.0000,  12.1054,   0.3879,   0.9987,   0.0076
11591500000.0000,  12.1314,   0.3806,   0.9998,   0.0028
11594125000.0000,  12.1092,   0.3818,   1.0008,   0.0048
11596750000.0000,  12.1176,   0.3956,   1.0015,   0.0076
11599375000.0000,  12.1315,   0.3804,   1.0002,   0.0048
11602000000.0000,  12.0957,   0.3752,   0.9997,   0.0054
11604625000.0000,  12.1228,   0.3879,   0.9996,   0.0079
11607250000.0000,  12.1078,   0.3641,   1.0012,   0.0056
11609875000.0000,  12.1049,   0.3844,   0.9992,   0.0079
11612500000.0000,  12.1053,   0.4003,   0.9984,   0.0096
11615125000.0000,  12.1176,   0.4066,   1.0008,   0.0108
11617750000.0000,  12.1209,   0.3862,   1.0045,   0.0094
11620375000.0000,  12.1064,   0.3978,   1.0001,   0.0110
11623000000.0000,  12.1242,   0.3798,   0.9993,   0.0079
11625625000.0000,  12.1122,   0.3784,   0.9979,   0.0068
11628250000.0000,  12.1313,   0.3873,   0.9990,   0.0093
11630875000.0000,  12.1180,   0.4063,   0.9992,   0.0093
11633500000.0000,  12.1220,   0.3876,   0.9979,   0.0085
11636125000.0000,  12.1328,   0.3938,   0.9997,   0.0068
11638750000.0000,  12.1188,   0.3806,   0.9987,   0.0053
11641375000.0000,  12.1293,   0.3863,   1.0006,   0.0087
11644000000.0000,  12.1328,   0.3934,   1.0022,   0.0064
11646625000.0000,  12.1394,   0.3805,   0.9976,   0.0042
11649250000.0000,  12.1452,   0.3804,   0.9987,   0.0062
11651875000.0000,  12.1419,   0.3743,   0.9983,   0.0058
11654500000.0000,  12.1385,   0.4011,   0.9968,   0.0062
11657125000.0000,  12.1196,   0.4102,   1.0003,   0.0059
11659750000.0000,  12.1318,   0.3962,   1.0002,   0.0072
11662375000.0000,  12.1284,   0.4131,   1.0010,   0.0071
11665000000.0000,  12.1308,   0.4035,   0.9996,   0.0064
11667625000.0000,  12.1470,   0.4058,   0.9981,   0.0066
11670250000.0000,  12.1320,   0.3885,   0.9988,   0.0035
11672875000.0000,  12.1572,   0.3965,   1.0002,   0.0064
11675500000.0000,  12.1301,   0.3935,   1.0002,   0.0059
11678125000.0000,  12.1145,   0.3940,   0.9994,   0.0052
11680750000.0000,  12.1157,   0.3989,   0.9993,   0.0067
11683375000.0000,  12.1339,   0.3994,   0.9994,   0.0046
11686000000.0000,  12.1318,   0.4088,   0.9995,   0.0064
11688625000.0000,  12.1303,   0.4128,   1.0007,   0.0069
11691250000.0000,  12.1194,   0.4027,   0.9995,   0.0043
11693875000.0000,  12.1120,   0.3829,   0.9981,   0.0034
11696500000.0000,  12.1257,   0.3917,   0.9995,   0.0047
11699125000.0000,  12.1115,   0.4023,   1.0001,   0.0066
11701750000.0000,  12.1297,   0.4033,   0.9990,   0.0037
11704375000.0000,  12.1138,   0.3798,   0.9993,   0.0037
11707000000.0000,  12.1102,   0.3886,   0.9962,   0.0071
11709625000.0000,  12.1241,   0.3827,   1.0003,   0.0056
11712250000.0000,  12.0978,   0.4015,   0.9986,   0.0054
11714875000.0000,  12.1186,   0.3734,   1.0009,   0.0038
11717500000.0000,  12.1084,   0.3888,   1.0002,   0.0065
11720125000.0000,  12.1059,   0.3917,   1.0011,   0.0092
11722750000.0000,  12.1134,   0.3665,   1.0008,   0.0074
11725375000.0000,  12.1098,   0.3762,   1.0001,   0.0103
11728000000.0000,  12.1012,   0.3799,   1.0007,   0.0083
11730625000.0000,  12.1008,   0.3835,   1.0006,   0.0086
11733250000.0000,  12.1085,   0.3686,   0.9995,   0.0096
11735875000.0000,  12.1072,   0.3810,   1.0008,   0.0098
11738500000.0000,  12.1254,   0.3899,   1.0002,   0.0128
11741125000.0000,  12.1101,   0.3844,   1.0008,   0.0106
11743750000.0000,  12.1260,   0.3756,   0.9979,   0.0071
11746375000.0000,  12.1242,   0.3911,   1.0001,   0.0087
11749000000.0000,  12.1208,   0.3921,   0.9997,   0.0102
11751625000.0000,  12.1212,   0.3940,   0.9991,   0.0092
11754250000.0000,  12.1135,   0.3802,   1.0001,   0.0097
11756875000.0000,  12.1170,   0.3685,   0.9983,   0.0076
11759500000.0000,  12.1179,   0.3866,   0.9967,   0.0097
11762125000.0000,  12.1267,   0.3888,   0.9983,   0.0095
11764750000.0000,  12.1139,   0.3825,   0.9987,   0.0109
11767375000.0000,  12.1212,   0.4076,   1.0008,   0.0088
11770000000.0000,  12.1124,   0.4086,   0.9972,   0.0092
11772625000.0000,  12.1167,   0.3996,   1.0000,   0.0072
11775250000.0000,  12.1238,   0.3868,   1.0001,   0.0049
11777875000.0000,  12.1226,   0.3933,   0.9990,   0.0101
11780500000.0000,  12.1284,   0.3942,   0.9985,   0.0065
11783125000.0000,  12.1184,   0.3894,   0.9994,   0.0046
11785750000.0000,  12.1118,   0.3905,   0.9983,   0.0063
11788375000.0000,  12.1289,   0.4181,   1.0011,   0.0089
11791000000.0000,  12.1255,   0.4023,   0.9999,   0.0077
11793625000.0000,  12.1255,   0.3878,   0.9995,   0.0064
11796250000.0000,  12.1358,   0.3992,   1.0003,   0.0062
11798875000.0000,  12.1294,   0.3772,   1.0013,   0.0054
11801500000.0000,  12.1353,   0.3971,   1.0009,   0.0066
11804125000.0000,  12.1224,   0.3934,   1.0018,   0.0091
11806750000.0000,  12.1140,   0.3943,   1.0003,   0.0076
11809375000.0000,  12.1095,   0.3966,   1.0002,   0.0050
11812000000.0000,  12.1089,   0.3737,   1.0002,   0.0074
11814625000.0000,  12.1242,   0.4066,   1.0043,   0.0079
11817250000.0000,  12.1133,   0.3872,   1.0019,   0.0060
11819875000.0000,  12.1020,   0.3829,   0.9987,   0.0061
11822500000.0000,  12.1089,   0.3825,   1.0010,   0.0073
11825125000.0000,  12.1031,   0.3903,   1.0024,   0.0066
11827750000.0000,  12.1026,   0.3926,   1.0023,   0.0104
11830375000.0000,  12.1201,   0.3883,   1.0018,   0.0080
11833000000.0000,  12.1156,   0.3669,   1.0009,   0.0061
11835625000.0000,  12.1119,   0.3955,   1.0039,   0.0066
11838250000.0000,  12.1129,   0.3788,   1.0035,   0.0081
11840875000.0000,  12.0974,   0.3746,   1.0011,   0.0087
11843500000.0000,  12.1179,   0.3814,   1.0026,   0.0086
11846125000.0000,  12.1202,   0.3851,   1.0024,   0.0090
11848750000.0000,  12.1248,   0.3979,   1.0024,   0.0069
11851375000.0000,  12.1195,   0.3915,   1.0041,   0.0089
11854000000.0000,  12.1233,   0.3879,   1.0019,   0.0054
11856625000.0000,  12.1166,   0.3948,   1.0031,   0.0096
11859250000.0000,  12.1296,   0.3934,   1.0030,   0.0117
11861875000.0000,  12.1134,   0.3774,   1.0008,   0.0087
11864500000.0000,  12.1230,   0.4025,   1.0009,   0.0086
11867125000.0000,  12.1106,   0.3926,   1.0011,   0.0074
11869750000.0000,  12.1252,   0.3900,   0.9986,   0.0061
11872375000.0000,  12.1235,   0.3802,   1.0012,   0.0086
11875000000.0000,  12.1115,   0.3902,   0.9985,   0.0098
11877625000.0000,  12.1362,   0.3984,   1.0013,   0.0072
11880250000.0000,  12.1332,   0.3831,   1.0012,   0.0073
11882875000.0000,  12.1418,   0.3905,   1.0009,   0.0057
11885500000.0000,  12.1335,   0.3781,   0.9993,   0.0057
11888125000.0000,  12.1282,   0.3888,   0.9988,   0.0079
11890750000.0000,  12.1344,   0.3829,   1.0004,   0.0044
11893375000.0000,  12.1185,   0.3846,   0.9953,   0.0058
11896000000.0000,  12.1100,   0.4008,   0.9987,   0.0073
11898625000.0000,  12.1275,   0.4054,   0.9988,   0.0088
11901250000.0000,  12.1143,   0.3873,   0.9956,   0.0047
11903875000.0000,  12.1323,   0.3843,   0.9997,   0.0057
11906500000.0000,  12.1184,   0.3855,   0.9957,   0.0064
11909125000.0000,  12.1178,   0.3994,   1.0006,   0.0060
11911750000.0000,  12.1303,   0.3861,   1.0004,   0.0048
11914375000.0000,  12.1216,   0.4060,   0.9984,   0.0088
11917000000.0000,  12.1080,   0.3942,   0.9968,   0.0096
11919625000.0000,  12.1248,   0.3835,   0.9987,   0.0064
11922250000.0000,  12.1092,   0.4007,   0.9983,   0.0060
11924875000.0000,  12.1412,   0.3957,   0.9995,   0.0080
11927500000.0000,  12.1255,   0.3794,   1.0014,   0.0082
11930125000.0000,  12.1196,   0.4061,   0.9994,   0.0077
11932750000.0000,  12.1328,   0.3888,   0.9984,   0.0073
11935375000.0000,  12.1131,   0.3821,   1.0012,   0.0077
11938000000.0000,  12.1208,   0.3993,   0.9991,   0.0080
11940625000.0000,  12.0854,   0.4014,   0.9977,   0.0083
11943250000.0000,  12.1070,   0.3922,   0.9978,   0.0101
11945875000.0000,  12.0986,   0.3831,   0.9991,   0.0080
11948500000.0000,  12.1098,   0.3892,   1.0019,   0.0060
11951125000.0000,  12.1049,   0.3846,   0.9990,   0.0071
11953750000.0000,  12.0951,   0.3801,   0.9975,   0.0067
11956375000.0000,  12.0892,   0.4015,   0.9968,   0.0113
11959000000.0000,  12.1096,   0.4087,   0.9993,   0.0061
11961625000.0000,  12.0961,   0.4018,   0.9988,   0.0076
11964250000.0000,  12.1045,   0.4104,   1.0002,   0.0073
11966875000.0000,  12.0952,   0.3997,   1.0003,   0.0067
11969500000.0000,  12.1089,   0.3776,   1.0007,   0.0078
11972125000.0000,  12.0988,   0.3900,   0.9976,   0.0089
11974750000.0000,  12.0997,   0.3975,   0.9997,   0.0093
11977375000.0000,  12.1080,   0.3944,   0.9994,   0.0077
11980000000.0000,  12.0930,   0.4017,   1.0001,   0.0081
11982625000.0000,  12.1076,   0.4006,   1.0001,   0.0090
11985250000.0000,  12.1046,   0.4110,   0.9994,   0.0100
11987875000.0000,  12.0994,   0.4115,   1.0022,   0.0087
11990500000.0000,  12.0952,   0.4077,   1.0025,   0.0069
11993125000.0000,  12.0932,   0.3938,   1.0023,   0.0036
11995750000.0000,  12.1011,   0.3887,   1.0012,   0.0072
11998375000.0000,  12.0913,   0.4035,   1.0010,   0.0099
12001000000.0000,  12.0878,   0.3913,   1.0015,   0.0052
12003625000.0000,  12.0845,   0.4141,   1.0015,   0.0068
12006250000.0000,  12.0986,   0.4165,   1.0038,   0.0073
12008875000.0000,  12.1041,   0.3885,   1.0020,   0.0071
12011500000.0000,  12.1125,   0.3998,   1.0024,   0.0065
12014125000.0000,  12.1158,   0.4108,   1.0038,   0.0090
12016750000.0000,  12.0906,   0.3981,   1.0025,   0.0093
12019375000.0000,  12.0989,   0.4103,   1.0015,   0.0084
12022000000.0000,  12.1126,   0.3836,   1.0028,   0.0070
12024625000.0000,  12.1030,   0.3998,   1.0027,   0.0090
12027250000.0000,  12.1114,   0.4000,   1.0035,   0.0094
12029875000.0000,  12.1197,   0.3741,   1.0030,   0.0060
12032500000.0000,  12.1097,   0.3884,   1.0039,   0.0072
12035125000.0000,  12.1258,   0.3828,   1.0031,   0.0047
12037750000.0000,  12.1216,   0.3841,   1.0019,   0.0073
12040375000.0000,  12.1067,   0.4069,   1.0030,   0.0098
12043000000.0000,  12.1148,   0.3839,   1.0023,   0.0087
12045625000.0000,  12.1237,   0.3990,   1.0017,   0.0077
12048250000.0000,  12.1195,   0.4004,   0.9991,   0.0069
12050875000.0000,  12.1347,   0.3777,   1.0021,   0.0073
12053500000.0000,  12.1278,   0.3935,   1.0005,   0.0071
12056125000.0000,  12.1126,   0.4060,   1.0010,   0.0085
12058750000.0000,  12.1283,   0.3981,   0.9999,   0.0079
12061375000.0000,  12.1231,   0.4177,   1.0007,   0.0068
12064000000.0000,  12.1269,   0.3925,   1.0019,   0.0056
12066625000.0000,  12.1243,   0.4057,   0.9995,   0.0059
12069250000.0000,  12.1178,   0.3905,   0.9985,   0.0052
12071875000.0000,  12.1209,   0.3873,   0.9996,   0.0042
12074500000.0000,  12.1200,   0.3976,   1.0002,   0.0032
12077125000.0000,  12.1312,   0.4021,   0.9990,   0.0039
12079750000.0000,  12.1258,   0.4219,   0.9987,   0.0079
12082375000.0000,  12.1193,   0.4257,   1.0008,   0.0062
12085000000.0000,  12.0999,   0.4099,   1.0011,   0.0064
12087625000.0000,  12.1100,   0.4110,   0.9988,   0.0079
12090250000.0000,  12.1158,   0.3897,   1.0012,   0.0054
12092875000.0000,  12.1078,   0.4129,   1.0000,   0.0054
12095500000.0000,  12.1107,   0.4034,   1.0011,   0.0080
12098125000.0000,  12.1104,   0.3942,   0.9970,   0.0067
12100750000.0000,  12.1026,   0.3937,   0.9997,   0.0061
12103375000.0000,  12.0934,   0.3938,   0.9977,   0.0058
12106000000.0000,  12.1056,   0.3987,   0.9982,   0.0058
12108625000.0000,  12.1031,   0.4036,   0.9983,   0.0050
12111250000.0000,  12.0953,   0.3964,   0.9983,   0.0054
12113875000.0000,  12.1098,   0.3923,   1.0015,   0.0037
12116500000.0000,  12.0974,   0.3865,   1.0005,   0.0034
12119125000.0000,  12.0980,   0.3766,   1.0004,   0.0059
12121750000.0000,  12.0939,   0.3856,   0.9998,   0.0053
12124375000.0000,  12.0982,   0.4078,   0.9992,   0.0080
12127000000.0000,  12.0912,   0.3797,   1.0010,   0.0050
12129625000.0000,  12.0997,   0.3902,   1.0008,   0.0077
12132250000.0000,  12.0879,   0.3832,   1.0001,   0.0075
12134875000.0000,  12.1095,   0.3802,   1.0001,   0.0090
12137500000.0000,  12.0870,   0.3718,   0.9995,   0.0066
12140125000.0000,  12.1101,   0.3871,   1.0046,   0.0061
12142750000.0000,  12.0930,   0.3925,   1.0013,   0.0081
12145375000.0000,  12.1089,   0.3839,   1.0028,   0.0065
12148000000.0000,  12.0977,   0.3861,   1.0021,   0.0083
12150625000.0000,  12.1080,   0.3846,   1.0014,   0.0066
12153250000.0000,  12.1242,   0.3948,   1.0022,   0.0077
12155875000.0000,  12.0950,   0.4165,   1.0013,   0.0089
12158500000.0000,  12.1114,   0.4039,   1.0041,   0.0080
12161125000.0000,  12.1341,   0.3771,   1.0022,   0.0063
12163750000.0000,  12.1328,   0.3921,   1.0034,   0.0078
12166375000.0000,  12.1226,   0.3989,   1.0021,   0.0079
12169000000.0000,  12.1345,   0.3928,   1.0010,   0.0074
12171625000.0000,  12.1364,   0.3937,   1.0024,   0.0061
12174250000.0000,  12.1230,   0.4078,   1.0013,   0.0071
12176875000.0000,  12.1250,   0.4000,   1.0015,   0.0072
12179500000.0000,  12.1299,   0.4138,   1.0001,   0.0064
12182125000.0000,  12.1208,   0.4184,   1.0003,   0.0089
12184750000.0000,  12.1269,   0.4089,   1.0019,   0.0049
12187375000.0000,  12.1491,   0.3865,   1.0020,   0.0036
12190000000.0000,  12.1161,   0.4019,   0.9998,   0.0050
12192625000.0000,  12.1206,   0.4203,   0.9985,   0.0073
12195250000.0000,  12.1085,   0.4108,   0.9975,   0.0048
12197875000.0000,  12.0965,   0.4036,   0.9998,   0.0063
12200500000.0000,  12.1224,   0.4263,   1.0007,   0.0083
12203125000.0000,  12.1081,   0.3969,   0.9975,   0.0058
12205750000.0000,  12.0995,   0.4042,   1.0007,   0.0078
12208375000.0000,  12.0991,   0.3871,   0.9981,   0.0026
12211000000.0000,  12.1136,   0.4076,   0.9976,   0.0063
12213625000.0000,  12.0891,   0.4064,   0.9971,   0.0064
12216250000.0000,  12.1079,   0.4063,   0.9966,   0.0066
12218875000.0000,  12.1271,   0.4021,   1.0024,   0.0051
12221500000.0000,  12.1071,   0.4032,   0.9987,   0.0050
12224125000.0000,  12.0925,   0.4034,   1.0011,   0.0041
12226750000.0000,  12.0997,   0.4127,   1.0007,   0.0068
12229375000.0000,  12.1170,   0.4083,   1.0013,   0.0027
12232000000.0000,  12.0953,   0.3830,   0.9997,   0.0052
12234625000.0000,  12.1163,   0.3900,   1.0008,   0.0055
12237250000.0000,  12.0900,   0.3996,   1.0005,   0.0037
12239875000.0000,  12.1117,   0.3855,   1.0002,   0.0057
12242500000.0000,  12.1012,   0.4021,   1.0003,   0.0071
12245125000.0000,  12.1069,   0.3853,   0.9998,   0.0050
12247750000.0000,  12.1078,   0.3846,   1.0013,   0.0074
12250375000.0000,  12.0924,   0.3837,   0.9988,   0.0052
12253000000.0000,  12.1100,   0.4051,   1.0020,   0.0058
12255625000.0000,  12.0914,   0.4088,   1.0024,   0.0078
12258250000.0000,  12.0766,   0.3888,   1.0020,   0.0079
12260875000.0000,  12.0933,   0.3947,   0.9989,   0.0067
12263500000.0000,  12.0892,   0.3658,   0.9998,   0.0037
12266125000.0000,  12.1016,   0.3894,   1.0005,   0.0068
12268750000.0000,  12.0981,   0.4192,   1.0013,   0.0076
12271375000.0000,  12.1105,   0.3915,   1.0028,   0.0074
12274000000.0000,  12.0964,   0.3921,   1.0021,   0.0072
12276625000.0000,  12.0991,   0.4195,   1.0054,   0.0077
12279250000.0000,  12.1001,   0.3995,   1.0005,   0.0088
12281875000.0000,  12.1193,   0.3965,   1.0025,   0.0082
12284500000.0000,  12.1146,   0.4058,   1.0028,   0.0073
12287125000.0000,  12.0930,   0.3992,   1.0031,   0.0078
12289750000.0000,  12.1101,   0.4101,   1.0030,   0.0065
12292375000.0000,  12.1053,   0.3968,   1.0032,   0.0057
12295000000.0000,  12.1096,   0.4020,   1.0040,   0.0077
12297625000.0000,  12.1159,   0.4183,   1.0048,   0.0054
12300250000.0000,  12.1204,   0.4085,   1.0053,   0.0059
12302875000.0000,  12.1177,   0.4181,   1.0058,   0.0039
12305500000.0000,  12.0927,   0.4069,   1.0018,   0.0069
12308125000.0000,  12.1193,   0.4238,   1.0037,   0.0075
12310750000.0000,  12.1147,   0.4133,   1.0048,   0.0104
12313375000.0000,  12.1239,   0.3936,   1.0054,   0.0041
12316000000.0000,  12.1159,   0.4300,   1.0036,   0.0080
12318625000.0000,  12.1118,   0.4233,   1.0062,   0.0062
12321250000.0000,  12.0931,   0.4047,   1.0035,   0.0051
12323875000.0000,  12.1000,   0.3923,   1.0029,   0.0043
12326500000.0000,  12.1096,   0.4143,   1.0037,   0.0077
12329125000.0000,  12.1060,   0.4004,   1.0034,   0.0071
12331750000.0000,  12.1043,   0.3941,   1.0042,   0.0051
12334375000.0000,  12.0971,   0.3999,   1.0034,   0.0052
12337000000.0000,  12.1113,   0.4168,   1.0027,   0.0058
12339625000.0000,  12.0934,   0.4037,   1.0019,   0.0083
12342250000.0000,  12.1086,   0.3966,   1.0012,   0.0057
12344875000.0000,  12.0870,   0.4253,   1.0028,   0.0108
12347500000.0000,  12.0978,   0.4096,   1.0012,   0.0082
12350125000.0000,  12.0983,   0.3945,   0.9996,   0.0075
12352750000.0000,  12.0928,   0.4023,   1.0017,   0.0078
12355375000.0000,  12.1056,   0.4007,   1.0022,   0.0081
12358000000.0000,  12.0975,   0.4018,   1.0016,   0.0066
12360625000.0000,  12.1191,   0.3969,   1.0036,   0.0086
12363250000.0000,  12.1148,   0.4045,   1.0030,   0.0093
12365875000.0000,  12.1153,   0.4120,   1.0020,   0.0095
12368500000.0000,  12.1067,   0.4132,   1.0006,   0.0096
12371125000.0000,  12.0995,   0.4089,   1.0045,   0.0090
12373750000.0000,  12.1030,   0.4189,   1.0004,   0.0079
12376375000.0000,  12.1034,   0.4113,   1.0010,   0.0077
12379000000.0000,  12.1065,   0.4090,   1.0021,   0.0087
12381625000.0000,  12.0943,   0.4207,   1.0017,   0.0083
12384250000.0000,  12.1133,   0.4052,   1.0028,   0.0048
12386875000.0000,  12.1201,   0.4245,   1.0019,   0.0057
12389500000.0000,  12.1210,   0.4255,   1.0029,   0.0081
12392125000.0000,  12.1295,   0.4146,   1.0022,   0.0076
12394750000.0000,  12.0893,   0.4190,   1.0018,   0.0089
12397375000.0000,  12.1039,   0.4110,   1.0015,   0.0061
12400000000.0000,  12.1031,   0.4207,   1.0015,   0.0061
