85071 Material Measurement Software E07.01.08
Agilent Technologies,N5230C,MY49001460,A.09.20.08
Title:,Title
Sub Title:,SubTitle
Date:,"Wednesday, April 27, 2016 15:27:58"

frequency,e',e'',u',u''
8200000000.0000,  25.2125,   1.8618,   1.0288,  -0.0088
8202625000.0000,  25.2012,   1.9497,   1.0304,  -0.0026
8205250000.0000,  25.2479,   1.9893,   1.0297,   0.0022
8207875000.0000,  25.2226,   1.9075,   1.0309,  -0.0037
8210500000.0000,  25.1986,   1.9731,   1.0312,   0.0021
8213125000.0000,  25.2301,   1.9827,   1.0324,   0.0004
8215750000.0000,  25.2539,   1.9511,   1.0323,   0.0008
8218375000.0000,  25.2404,   1.9163,   1.0337,  -0.0063
8221000000.0000,  25.2447,   1.9492,   1.0319,  -0.0024
8223625000.0000,  25.2029,   1.9893,   1.0328,   0.0008
8226250000.0000,  25.2426,   1.9423,   1.0337,  -0.0031
8228875000.0000,  25.2842,   1.9699,   1.0353,  -0.0015
8231500000.0000,  25.2559,   2.0250,   1.0315,   0.0021
8234125000.0000,  25.2305,   1.9958,   1.0321,  -0.0015
8236750000.0000,  25.2407,   2.0113,   1.0361,   0.0009
8239375000.0000,  25.2699,   2.0141,   1.0349,  -0.0019
8242000000.0000,  25.2836,   2.0418,   1.0316,   0.0045
8244625000.0000,  25.2781,   1.9757,   1.0334,  -0.0031
8247250000.0000,  25.2929,   1.9403,   1.0341,  -0.0069
8249875000.0000,  25.2963,   1.9763,   1.0333,  -0.0025
8252500000.0000,  25.2820,   2.0029,   1.0312,  -0.0007
8255125000.0000,  25.3145,   1.9534,   1.0314,  -0.0056
8257750000.0000,  25.3002,   2.0186,   1.0351,  -0.0017
8260375000.0000,  25.2757,   2.0072,   1.0341,  -0.0034
8263000000.0000,  25.2897,   1.9684,   1.0302,  -0.0072
8265625000.0000,  25.2887,   1.9856,   1.0309,  -0.0038
8268250000.0000,  25.3027,   2.0131,   1.0338,  -0.0022
8270875000.0000,  25.3088,   1.9617,   1.0324,  -0.0065
8273500000.0000,  25.3080,   2.0272,   1.0303,  -0.0013
8276125000.0000,  25.2991,   2.0542,   1.0336,  -0.0021
8278750000.0000,  25.2994,   2.0566,   1.0304,  -0.0011
8281375000.0000,  25.2630,   2.0729,   1.0291,   0.0011
8284000000.0000,  25.2905,   2.0960,   1.0306,   0.0021
8286625000.0000,  25.2867,   2.0413,   1.0290,  -0.0016
8289250000.0000,  25.2854,   2.0408,   1.0284,  -0.0033
8291875000.0000,  25.3106,   2.0734,   1.0288,  -0.0003
8294500000.0000,  25.2823,   2.0093,   1.0302,  -0.0056
8297125000.0000,  25.3239,   2.0666,   1.0300,  -0.0021
8299750000.0000,  25.3206,   2.0574,   1.0278,  -0.0059
8302375000.0000,  25.3188,   2.0970,   1.0308,   0.0001
8305000000.0000,  25.3105,   2.0574,   1.0311,  -0.0035
8307625000.0000,  25.2935,   2.1028,   1.0284,  -0.0022
8310250000.0000,  25.3433,   2.0992,   1.0314,  -0.0051
8312875000.0000,  25.3289,   2.0432,   1.0282,  -0.0079
8315500000.0000,  25.3280,   2.0887,   1.0318,  -0.0056
8318125000.0000,  25.2813,   2.1367,   1.0293,  -0.0033
8320750000.0000,  25.3222,   2.0619,   1.0303,  -0.0089
8323375000.0000,  25.2977,   2.1303,   1.0333,  -0.0029
8326000000.0000,  25.2973,   2.1394,   1.0337,  -0.0006
8328625000.0000,  25.3104,   2.1574,   1.0335,  -0.0006
8331250000.0000,  25.2941,   2.1481,   1.0299,  -0.0033
8333875000.0000,  25.3061,   2.1276,   1.0331,  -0.0044
8336500000.0000,  25.3213,   2.1666,   1.0359,  -0.0032
8339125000.0000,  25.3227,   2.2152,   1.0344,   0.0013
8341750000.0000,  25.2989,   2.2291,   1.0338,  -0.0001
8344375000.0000,  25.3112,   2.2234,   1.0348,   0.0007
8347000000.0000,  25.3284,   2.2118,   1.0359,   0.0016
8349625000.0000,  25.3403,   2.2283,   1.0324,   0.0002
8352250000.0000,  25.3406,   2.2232,   1.0364,  -0.0008
8354875000.0000,  25.3326,   2.2140,   1.0370,  -0.0036
8357500000.0000,  25.3124,   2.3013,   1.0367,   0.0049
8360125000.0000,  25.3627,   2.2346,   1.0364,  -0.0024
8362750000.0000,  25.3377,   2.2174,   1.0381,  -0.0016
8365375000.0000,  25.3100,   2.3110,   1.0367,   0.0056
8368000000.0000,  25.3723,   2.2475,   1.0394,   0.0019
8370625000.0000,  25.3443,   2.2775,   1.0380,   0.0001
8373250000.0000,  25.3589,   2.2806,   1.0388,  -0.0022
8375875000.0000,  25.3152,   2.2815,   1.0376,  -0.0010
8378500000.0000,  25.3762,   2.2665,   1.0362,  -0.0027
8381125000.0000,  25.3735,   2.2737,   1.0402,  -0.0012
8383750000.0000,  25.3587,   2.2073,   1.0352,  -0.0077
8386375000.0000,  25.3847,   2.2378,   1.0381,  -0.0062
8389000000.0000,  25.3525,   2.2918,   1.0369,  -0.0027
8391625000.0000,  25.3610,   2.3038,   1.0366,  -0.0002
8394250000.0000,  25.3707,   2.3020,   1.0375,   0.0000
8396875000.0000,  25.3701,   2.3099,   1.0388,  -0.0008
8399500000.0000,  25.4214,   2.3178,   1.0364,  -0.0037
8402125000.0000,  25.3906,   2.2403,   1.0345,  -0.0051
8404750000.0000,  25.3846,   2.3388,   1.0369,   0.0015
8407375000.0000,  25.3556,   2.3623,   1.0345,  -0.0011
8410000000.0000,  25.3937,   2.3024,   1.0348,  -0.0049
8412625000.0000,  25.3995,   2.2991,   1.0358,  -0.0074
8415250000.0000,  25.3781,   2.3187,   1.0338,  -0.0038
8417875000.0000,  25.3767,   2.3137,   1.0359,  -0.0094
8420500000.0000,  25.4011,   2.2835,   1.0326,  -0.0088
8423125000.0000,  25.3804,   2.3493,   1.0358,  -0.0049
8425750000.0000,  25.3831,   2.3748,   1.0355,  -0.0039
8428375000.0000,  25.4119,   2.3363,   1.0313,  -0.0106
8431000000.0000,  25.3628,   2.4409,   1.0305,  -0.0027
8433625000.0000,  25.3967,   2.3945,   1.0342,  -0.0071
8436250000.0000,  25.3954,   2.3595,   1.0327,  -0.0076
8438875000.0000,  25.3652,   2.4401,   1.0323,  -0.0017
8441500000.0000,  25.3872,   2.3796,   1.0351,  -0.0065
8444125000.0000,  25.3481,   2.3816,   1.0321,  -0.0081
8446750000.0000,  25.3017,   2.4497,   1.0329,  -0.0013
8449375000.0000,  25.3669,   2.4351,   1.0358,  -0.0055
8452000000.0000,  25.3426,   2.4165,   1.0333,  -0.0071
8454625000.0000,  25.3681,   2.4879,   1.0357,  -0.0024
8457250000.0000,  25.3054,   2.5020,   1.0350,  -0.0025
8459875000.0000,  25.3306,   2.4426,   1.0346,  -0.0062
8462500000.0000,  25.3581,   2.4616,   1.0341,  -0.0083
8465125000.0000,  25.3245,   2.5059,   1.0339,  -0.0027
8467750000.0000,  25.2957,   2.4786,   1.0329,  -0.0079
8470375000.0000,  25.3144,   2.5161,   1.0370,  -0.0043
8473000000.0000,  25.3236,   2.5208,   1.0377,  -0.0058
8475625000.0000,  25.2805,   2.4906,   1.0352,  -0.0059
8478250000.0000,  25.2696,   2.5290,   1.0345,  -0.0037
8480875000.0000,  25.2755,   2.5542,   1.0354,  -0.0021
8483500000.0000,  25.2944,   2.5496,   1.0383,  -0.0042
8486125000.0000,  25.3202,   2.5271,   1.0356,  -0.0045
8488750000.0000,  25.2597,   2.5523,   1.0356,  -0.0054
8491375000.0000,  25.3633,   2.5876,   1.0380,  -0.0029
8494000000.0000,  25.2933,   2.6028,   1.0367,  -0.0027
8496625000.0000,  25.2674,   2.5856,   1.0370,  -0.0031
8499250000.0000,  25.2748,   2.6011,   1.0381,  -0.0029
8501875000.0000,  25.2587,   2.6109,   1.0387,  -0.0044
8504500000.0000,  25.3070,   2.6604,   1.0381,  -0.0025
8507125000.0000,  25.2304,   2.6929,   1.0389,   0.0009
8509750000.0000,  25.2483,   2.6377,   1.0378,  -0.0028
8512375000.0000,  25.2860,   2.6584,   1.0396,  -0.0038
8515000000.0000,  25.2487,   2.6870,   1.0393,  -0.0020
8517625000.0000,  25.2683,   2.7099,   1.0397,  -0.0012
8520250000.0000,  25.2491,   2.7511,   1.0372,  -0.0011
8522875000.0000,  25.2239,   2.6604,   1.0401,  -0.0048
8525500000.0000,  25.2513,   2.7426,   1.0367,   0.0018
8528125000.0000,  25.2463,   2.7100,   1.0373,  -0.0055
8530750000.0000,  25.2530,   2.7975,   1.0411,  -0.0002
8533375000.0000,  25.2751,   2.7452,   1.0406,  -0.0066
8536000000.0000,  25.2576,   2.7518,   1.0394,  -0.0014
8538625000.0000,  25.2474,   2.7175,   1.0380,  -0.0067
8541250000.0000,  25.2633,   2.7004,   1.0393,  -0.0069
8543875000.0000,  25.2442,   2.7430,   1.0386,  -0.0067
8546500000.0000,  25.1977,   2.8377,   1.0403,  -0.0005
8549125000.0000,  25.2106,   2.7799,   1.0396,  -0.0037
8551750000.0000,  25.2133,   2.8271,   1.0401,  -0.0009
8554375000.0000,  25.2237,   2.7901,   1.0386,  -0.0087
8557000000.0000,  25.1758,   2.8613,   1.0416,  -0.0029
8559625000.0000,  25.2155,   2.8470,   1.0388,  -0.0033
8562250000.0000,  25.2458,   2.7789,   1.0394,  -0.0137
8564875000.0000,  25.2177,   2.8777,   1.0391,  -0.0071
8567500000.0000,  25.2255,   2.8327,   1.0408,  -0.0085
8570125000.0000,  25.1717,   2.8712,   1.0397,  -0.0076
8572750000.0000,  25.1531,   2.8810,   1.0403,  -0.0036
8575375000.0000,  25.2037,   2.8875,   1.0431,  -0.0046
8578000000.0000,  25.1653,   2.9363,   1.0410,  -0.0029
8580625000.0000,  25.1307,   2.9010,   1.0413,  -0.0081
8583250000.0000,  25.1593,   2.9606,   1.0429,  -0.0057
8585875000.0000,  25.1565,   2.9095,   1.0417,  -0.0067
8588500000.0000,  25.0965,   2.9260,   1.0391,  -0.0061
8591125000.0000,  25.1103,   2.9403,   1.0425,  -0.0060
8593750000.0000,  25.1477,   2.9613,   1.0424,  -0.0066
8596375000.0000,  25.1201,   2.9340,   1.0420,  -0.0056
8599000000.0000,  25.1075,   2.9858,   1.0433,  -0.0038
8601625000.0000,  25.0486,   3.0120,   1.0413,  -0.0025
8604250000.0000,  25.0365,   3.0264,   1.0425,   0.0005
8606875000.0000,  25.0577,   2.9663,   1.0428,  -0.0076
8609500000.0000,  25.0156,   3.0205,   1.0417,  -0.0023
8612125000.0000,  25.0483,   3.0197,   1.0427,  -0.0044
8614750000.0000,  25.0251,   3.0587,   1.0443,  -0.0048
8617375000.0000,  25.0118,   3.0524,   1.0404,  -0.0057
8620000000.0000,  25.0533,   3.0388,   1.0445,  -0.0051
8622625000.0000,  24.9906,   3.0944,   1.0441,  -0.0034
8625250000.0000,  25.0341,   3.0699,   1.0434,  -0.0051
8627875000.0000,  24.9870,   3.0590,   1.0430,  -0.0056
8630500000.0000,  24.9405,   3.0857,   1.0419,  -0.0047
8633125000.0000,  24.9802,   3.0785,   1.0411,  -0.0042
8635750000.0000,  24.9343,   3.0636,   1.0435,  -0.0077
8638375000.0000,  24.9521,   3.0910,   1.0420,  -0.0061
8641000000.0000,  24.9346,   3.1118,   1.0426,  -0.0049
8643625000.0000,  24.8965,   3.1443,   1.0427,  -0.0014
8646250000.0000,  24.9116,   3.1043,   1.0415,  -0.0079
8648875000.0000,  24.8687,   3.1616,   1.0448,  -0.0032
8651500000.0000,  24.8438,   3.1550,   1.0430,  -0.0043
8654125000.0000,  24.8605,   3.1391,   1.0425,  -0.0068
8656750000.0000,  24.8139,   3.1513,   1.0427,  -0.0038
8659375000.0000,  24.8666,   3.1768,   1.0430,  -0.0079
8662000000.0000,  24.8027,   3.1434,   1.0429,  -0.0085
8664625000.0000,  24.8481,   3.1665,   1.0444,  -0.0079
8667250000.0000,  24.8293,   3.1807,   1.0437,  -0.0091
8669875000.0000,  24.7883,   3.2354,   1.0460,  -0.0026
8672500000.0000,  24.7575,   3.1932,   1.0436,  -0.0075
8675125000.0000,  24.7489,   3.2025,   1.0471,  -0.0066
8677750000.0000,  24.7526,   3.1970,   1.0445,  -0.0057
8680375000.0000,  24.7329,   3.1953,   1.0451,  -0.0071
8683000000.0000,  24.7086,   3.2222,   1.0440,  -0.0070
8685625000.0000,  24.6741,   3.2255,   1.0458,  -0.0058
8688250000.0000,  24.6842,   3.2331,   1.0458,  -0.0064
8690875000.0000,  24.6469,   3.2434,   1.0461,  -0.0045
8693500000.0000,  24.6790,   3.2695,   1.0470,  -0.0070
8696125000.0000,  24.6502,   3.2505,   1.0465,  -0.0069
8698750000.0000,  24.6509,   3.2272,   1.0458,  -0.0082
8701375000.0000,  24.5940,   3.2759,   1.0483,  -0.0041
8704000000.0000,  24.6549,   3.2030,   1.0481,  -0.0119
8706625000.0000,  24.5767,   3.2847,   1.0475,  -0.0033
8709250000.0000,  24.5588,   3.2358,   1.0459,  -0.0049
8711875000.0000,  24.5869,   3.2302,   1.0488,  -0.0103
8714500000.0000,  24.5579,   3.2267,   1.0501,  -0.0097
8717125000.0000,  24.5620,   3.2671,   1.0488,  -0.0059
8719750000.0000,  24.5350,   3.2342,   1.0475,  -0.0059
8722375000.0000,  24.5185,   3.2560,   1.0501,  -0.0073
8725000000.0000,  24.4946,   3.3273,   1.0531,  -0.0040
8727625000.0000,  24.4499,   3.2428,   1.0502,  -0.0079
8730250000.0000,  24.4559,   3.2615,   1.0485,  -0.0059
8732875000.0000,  24.4518,   3.3015,   1.0507,  -0.0037
8735500000.0000,  24.4094,   3.3196,   1.0534,  -0.0024
8738125000.0000,  24.4148,   3.3620,   1.0517,  -0.0000
8740750000.0000,  24.3915,   3.2567,   1.0517,  -0.0055
8743375000.0000,  24.3911,   3.3324,   1.0523,  -0.0014
8746000000.0000,  24.3465,   3.3168,   1.0509,  -0.0026
8748625000.0000,  24.3380,   3.3188,   1.0529,  -0.0017
8751250000.0000,  24.3403,   3.2296,   1.0499,  -0.0081
8753875000.0000,  24.3517,   3.2762,   1.0509,  -0.0060
8756500000.0000,  24.3177,   3.2362,   1.0510,  -0.0069
8759125000.0000,  24.2859,   3.3070,   1.0521,  -0.0036
8761750000.0000,  24.2711,   3.3063,   1.0511,  -0.0028
8764375000.0000,  24.2556,   3.2517,   1.0504,  -0.0043
8767000000.0000,  24.2464,   3.2626,   1.0489,  -0.0037
8769625000.0000,  24.2392,   3.3082,   1.0506,  -0.0008
8772250000.0000,  24.2198,   3.2377,   1.0489,  -0.0043
8774875000.0000,  24.2195,   3.2127,   1.0515,  -0.0076
8777500000.0000,  24.1792,   3.2360,   1.0518,  -0.0059
8780125000.0000,  24.1985,   3.2486,   1.0531,  -0.0065
8782750000.0000,  24.1226,   3.2558,   1.0510,  -0.0044
8785375000.0000,  24.1652,   3.2370,   1.0499,  -0.0081
8788000000.0000,  24.1310,   3.2411,   1.0503,  -0.0025
8790625000.0000,  24.0963,   3.2289,   1.0506,  -0.0049
8793250000.0000,  24.0974,   3.2126,   1.0515,  -0.0060
8795875000.0000,  24.0985,   3.2644,   1.0519,  -0.0032
8798500000.0000,  24.0644,   3.2061,   1.0495,  -0.0056
8801125000.0000,  24.0287,   3.2318,   1.0476,  -0.0016
8803750000.0000,  24.0023,   3.2707,   1.0514,   0.0003
8806375000.0000,  24.0463,   3.1608,   1.0522,  -0.0078
8809000000.0000,  24.0158,   3.1993,   1.0510,  -0.0055
8811625000.0000,  23.9844,   3.2033,   1.0521,  -0.0050
8814250000.0000,  23.9850,   3.2072,   1.0524,  -0.0066
8816875000.0000,  23.9846,   3.1926,   1.0530,  -0.0056
8819500000.0000,  23.9726,   3.2033,   1.0524,  -0.0046
8822125000.0000,  23.9503,   3.1646,   1.0547,  -0.0056
8824750000.0000,  23.8917,   3.2571,   1.0525,  -0.0015
8827375000.0000,  23.9274,   3.2041,   1.0524,  -0.0019
8830000000.0000,  23.9197,   3.1283,   1.0549,  -0.0053
8832625000.0000,  23.8627,   3.1444,   1.0528,  -0.0048
8835250000.0000,  23.8657,   3.1896,   1.0537,  -0.0010
8837875000.0000,  23.8877,   3.1073,   1.0537,  -0.0079
8840500000.0000,  23.8166,   3.1819,   1.0556,   0.0006
8843125000.0000,  23.8145,   3.1313,   1.0556,  -0.0040
8845750000.0000,  23.8905,   3.1183,   1.0550,  -0.0035
8848375000.0000,  23.7972,   3.1354,   1.0566,  -0.0014
8851000000.0000,  23.8139,   3.1061,   1.0579,  -0.0042
8853625000.0000,  23.7917,   3.0969,   1.0568,  -0.0048
8856250000.0000,  23.7751,   3.0894,   1.0582,  -0.0026
8858875000.0000,  23.7662,   3.0360,   1.0555,  -0.0039
8861500000.0000,  23.7199,   3.0504,   1.0561,  -0.0024
8864125000.0000,  23.7145,   3.0841,   1.0589,  -0.0004
8866750000.0000,  23.7253,   3.0827,   1.0604,   0.0001
8869375000.0000,  23.7958,   3.0133,   1.0580,  -0.0040
8872000000.0000,  23.7434,   3.0915,   1.0623,   0.0026
8874625000.0000,  23.7577,   2.9924,   1.0586,  -0.0042
8877250000.0000,  23.7241,   3.0477,   1.0598,  -0.0008
8879875000.0000,  23.7368,   2.9794,   1.0598,  -0.0053
8882500000.0000,  23.6737,   2.9428,   1.0591,  -0.0024
8885125000.0000,  23.6990,   2.9375,   1.0604,  -0.0036
8887750000.0000,  23.6786,   2.9965,   1.0592,   0.0032
8890375000.0000,  23.6882,   2.9513,   1.0601,  -0.0023
8893000000.0000,  23.6719,   3.0129,   1.0603,   0.0035
8895625000.0000,  23.6547,   2.9408,   1.0600,  -0.0000
8898250000.0000,  23.6616,   2.9761,   1.0597,   0.0008
8900875000.0000,  23.6471,   2.9405,   1.0623,   0.0006
8903500000.0000,  23.6756,   2.8994,   1.0606,  -0.0009
8906125000.0000,  23.6917,   2.9063,   1.0580,  -0.0021
8908750000.0000,  23.6683,   2.8957,   1.0603,  -0.0028
8911375000.0000,  23.5950,   2.8951,   1.0612,   0.0015
8914000000.0000,  23.6243,   2.9027,   1.0608,   0.0008
8916625000.0000,  23.6547,   2.8727,   1.0588,  -0.0015
8919250000.0000,  23.6041,   2.8382,   1.0597,  -0.0021
8921875000.0000,  23.6348,   2.8698,   1.0573,  -0.0012
8924500000.0000,  23.5960,   2.8585,   1.0587,  -0.0004
8927125000.0000,  23.5714,   2.8404,   1.0577,  -0.0006
8929750000.0000,  23.5982,   2.7900,   1.0594,  -0.0054
8932375000.0000,  23.5981,   2.8168,   1.0571,  -0.0006
8935000000.0000,  23.5646,   2.8377,   1.0592,  -0.0002
8937625000.0000,  23.5729,   2.8528,   1.0587,   0.0008
8940250000.0000,  23.5939,   2.8116,   1.0581,  -0.0020
8942875000.0000,  23.5515,   2.8198,   1.0599,   0.0016
8945500000.0000,  23.5549,   2.8033,   1.0596,  -0.0019
8948125000.0000,  23.4908,   2.7903,   1.0569,   0.0029
8950750000.0000,  23.5590,   2.7440,   1.0580,  -0.0023
8953375000.0000,  23.5115,   2.7723,   1.0569,   0.0002
8956000000.0000,  23.5394,   2.7488,   1.0585,   0.0004
8958625000.0000,  23.5117,   2.8186,   1.0598,   0.0024
8961250000.0000,  23.4645,   2.7583,   1.0592,   0.0030
8963875000.0000,  23.4894,   2.6761,   1.0559,  -0.0023
8966500000.0000,  23.4463,   2.7281,   1.0586,   0.0020
8969125000.0000,  23.4698,   2.7245,   1.0589,   0.0009
8971750000.0000,  23.4378,   2.7028,   1.0596,   0.0033
8974375000.0000,  23.3959,   2.6345,   1.0584,   0.0007
8977000000.0000,  23.4575,   2.6251,   1.0575,  -0.0024
8979625000.0000,  23.4222,   2.6294,   1.0599,   0.0003
8982250000.0000,  23.4692,   2.6329,   1.0601,   0.0005
8984875000.0000,  23.4292,   2.6746,   1.0602,   0.0051
8987500000.0000,  23.4247,   2.6583,   1.0614,   0.0039
8990125000.0000,  23.4162,   2.6233,   1.0593,   0.0050
8992750000.0000,  23.3992,   2.6542,   1.0621,   0.0058
8995375000.0000,  23.4315,   2.5920,   1.0592,   0.0016
8998000000.0000,  23.3959,   2.6333,   1.0609,   0.0077
9000625000.0000,  23.3794,   2.6133,   1.0614,   0.0069
9003250000.0000,  23.3901,   2.6197,   1.0611,   0.0071
9005875000.0000,  23.4011,   2.5591,   1.0613,   0.0060
9008500000.0000,  23.4054,   2.5553,   1.0621,   0.0039
9011125000.0000,  23.4329,   2.5338,   1.0611,   0.0058
9013750000.0000,  23.3905,   2.6146,   1.0613,   0.0090
9016375000.0000,  23.3750,   2.5782,   1.0619,   0.0072
9019000000.0000,  23.4050,   2.5501,   1.0621,   0.0059
9021625000.0000,  23.4205,   2.5274,   1.0613,   0.0069
9024250000.0000,  23.4349,   2.4816,   1.0611,   0.0035
9026875000.0000,  23.3622,   2.5014,   1.0615,   0.0048
9029500000.0000,  23.4410,   2.5139,   1.0623,   0.0045
9032125000.0000,  23.3680,   2.5661,   1.0640,   0.0105
9034750000.0000,  23.3974,   2.4540,   1.0624,   0.0042
9037375000.0000,  23.4283,   2.4876,   1.0612,   0.0029
9040000000.0000,  23.3959,   2.5135,   1.0603,   0.0083
9042625000.0000,  23.4034,   2.4260,   1.0615,   0.0008
9045250000.0000,  23.3832,   2.5116,   1.0632,   0.0076
9047875000.0000,  23.4064,   2.4695,   1.0620,   0.0062
9050500000.0000,  23.3852,   2.4586,   1.0645,   0.0049
9053125000.0000,  23.4154,   2.4160,   1.0604,   0.0045
9055750000.0000,  23.3925,   2.4370,   1.0633,   0.0034
9058375000.0000,  23.4163,   2.4649,   1.0626,   0.0060
9061000000.0000,  23.4089,   2.4331,   1.0622,   0.0046
9063625000.0000,  23.4022,   2.4163,   1.0625,   0.0051
9066250000.0000,  23.3779,   2.3892,   1.0616,   0.0022
9068875000.0000,  23.4131,   2.4400,   1.0626,   0.0065
9071500000.0000,  23.4317,   2.3745,   1.0622,   0.0025
9074125000.0000,  23.4000,   2.3546,   1.0614,   0.0022
9076750000.0000,  23.4077,   2.3973,   1.0608,   0.0045
9079375000.0000,  23.4018,   2.3693,   1.0633,   0.0059
9082000000.0000,  23.4146,   2.3621,   1.0616,   0.0051
9084625000.0000,  23.3945,   2.3394,   1.0617,   0.0041
9087250000.0000,  23.4326,   2.3424,   1.0609,   0.0037
9089875000.0000,  23.4217,   2.4146,   1.0630,   0.0086
9092500000.0000,  23.4046,   2.3079,   1.0619,   0.0017
9095125000.0000,  23.4203,   2.3425,   1.0637,   0.0050
9097750000.0000,  23.3491,   2.3714,   1.0620,   0.0086
9100375000.0000,  23.3921,   2.3171,   1.0614,   0.0024
9103000000.0000,  23.4049,   2.3735,   1.0652,   0.0095
9105625000.0000,  23.3951,   2.3113,   1.0623,   0.0055
9108250000.0000,  23.4031,   2.2816,   1.0620,   0.0048
9110875000.0000,  23.4224,   2.2905,   1.0641,   0.0032
9113500000.0000,  23.4032,   2.3006,   1.0657,   0.0059
9116125000.0000,  23.4092,   2.2540,   1.0614,   0.0026
9118750000.0000,  23.4189,   2.2721,   1.0645,   0.0043
9121375000.0000,  23.4407,   2.2074,   1.0620,   0.0004
9124000000.0000,  23.3918,   2.3048,   1.0614,   0.0091
9126625000.0000,  23.4045,   2.2247,   1.0628,   0.0039
9129250000.0000,  23.4065,   2.2399,   1.0635,   0.0049
9131875000.0000,  23.4251,   2.1907,   1.0630,   0.0024
9134500000.0000,  23.3407,   2.3085,   1.0643,   0.0097
9137125000.0000,  23.4097,   2.2115,   1.0650,   0.0051
9139750000.0000,  23.3812,   2.2688,   1.0641,   0.0109
9142375000.0000,  23.4159,   2.2095,   1.0641,   0.0053
9145000000.0000,  23.3785,   2.2341,   1.0631,   0.0092
9147625000.0000,  23.3914,   2.2463,   1.0652,   0.0097
9150250000.0000,  23.4095,   2.2125,   1.0632,   0.0078
9152875000.0000,  23.3876,   2.2016,   1.0651,   0.0088
9155500000.0000,  23.4080,   2.2178,   1.0635,   0.0088
9158125000.0000,  23.3579,   2.2064,   1.0652,   0.0098
9160750000.0000,  23.3743,   2.1742,   1.0635,   0.0065
9163375000.0000,  23.4114,   2.1933,   1.0626,   0.0092
9166000000.0000,  23.4330,   2.1421,   1.0642,   0.0047
9168625000.0000,  23.4224,   2.1674,   1.0630,   0.0066
9171250000.0000,  23.3899,   2.1589,   1.0629,   0.0059
9173875000.0000,  23.4033,   2.1089,   1.0635,   0.0045
9176500000.0000,  23.4483,   2.1254,   1.0628,   0.0061
9179125000.0000,  23.4036,   2.1187,   1.0657,   0.0020
9181750000.0000,  23.4715,   2.1496,   1.0648,   0.0060
9184375000.0000,  23.4493,   2.0900,   1.0633,   0.0042
9187000000.0000,  23.4436,   2.1238,   1.0669,   0.0057
9189625000.0000,  23.4312,   2.1595,   1.0640,   0.0070
9192250000.0000,  23.4839,   2.1132,   1.0640,   0.0067
9194875000.0000,  23.4336,   2.1917,   1.0636,   0.0102
9197500000.0000,  23.4415,   2.1058,   1.0660,   0.0077
9200125000.0000,  23.4673,   2.1203,   1.0664,   0.0058
9202750000.0000,  23.4551,   2.0700,   1.0641,   0.0044
9205375000.0000,  23.4960,   2.0893,   1.0638,   0.0063
9208000000.0000,  23.4659,   2.0936,   1.0657,   0.0072
9210625000.0000,  23.4981,   2.1052,   1.0650,   0.0072
9213250000.0000,  23.4439,   2.1305,   1.0650,   0.0098
9215875000.0000,  23.4751,   2.0918,   1.0676,   0.0066
9218500000.0000,  23.4887,   2.0556,   1.0647,   0.0035
9221125000.0000,  23.4594,   2.1530,   1.0679,   0.0094
9223750000.0000,  23.4383,   2.0712,   1.0644,   0.0076
9226375000.0000,  23.4369,   2.1051,   1.0646,   0.0099
9229000000.0000,  23.4571,   2.0213,   1.0651,   0.0045
9231625000.0000,  23.4515,   2.1028,   1.0647,   0.0085
9234250000.0000,  23.4627,   2.0817,   1.0673,   0.0092
9236875000.0000,  23.4145,   2.0703,   1.0649,   0.0086
9239500000.0000,  23.4272,   2.0269,   1.0656,   0.0054
9242125000.0000,  23.4332,   2.0784,   1.0644,   0.0100
9244750000.0000,  23.4817,   2.0573,   1.0652,   0.0072
9247375000.0000,  23.4016,   2.0305,   1.0644,   0.0090
9250000000.0000,  23.4419,   2.0323,   1.0662,   0.0085
9252625000.0000,  23.4245,   1.9927,   1.0659,   0.0056
9255250000.0000,  23.4445,   2.0273,   1.0656,   0.0082
9257875000.0000,  23.4346,   2.0283,   1.0653,   0.0072
9260500000.0000,  23.4437,   1.9731,   1.0638,   0.0043
9263125000.0000,  23.4886,   1.9958,   1.0667,   0.0075
9265750000.0000,  23.4186,   2.0348,   1.0639,   0.0108
9268375000.0000,  23.4398,   1.9853,   1.0660,   0.0082
9271000000.0000,  23.4346,   1.9786,   1.0646,   0.0070
9273625000.0000,  23.4623,   1.9277,   1.0657,   0.0039
9276250000.0000,  23.4136,   2.0169,   1.0662,   0.0104
9278875000.0000,  23.4643,   1.9956,   1.0665,   0.0086
9281500000.0000,  23.4801,   1.9588,   1.0670,   0.0068
9284125000.0000,  23.4763,   1.9109,   1.0643,   0.0039
9286750000.0000,  23.4729,   1.9905,   1.0667,   0.0103
9289375000.0000,  23.4643,   1.9331,   1.0656,   0.0056
9292000000.0000,  23.4944,   2.0435,   1.0668,   0.0135
9294625000.0000,  23.4744,   1.9979,   1.0677,   0.0108
9297250000.0000,  23.4593,   1.9857,   1.0671,   0.0111
9299875000.0000,  23.5089,   1.9296,   1.0674,   0.0073
9302500000.0000,  23.4796,   1.9941,   1.0670,   0.0110
9305125000.0000,  23.4626,   1.9672,   1.0676,   0.0111
9307750000.0000,  23.5288,   1.9331,   1.0659,   0.0077
9310375000.0000,  23.5076,   1.9825,   1.0650,   0.0088
9313000000.0000,  23.4931,   1.9721,   1.0680,   0.0098
9315625000.0000,  23.4849,   1.9557,   1.0645,   0.0091
9318250000.0000,  23.5082,   1.9658,   1.0648,   0.0095
9320875000.0000,  23.4940,   1.9123,   1.0643,   0.0062
9323500000.0000,  23.4662,   1.9331,   1.0646,   0.0079
9326125000.0000,  23.4833,   1.9669,   1.0676,   0.0109
9328750000.0000,  23.4745,   1.9657,   1.0651,   0.0093
9331375000.0000,  23.4643,   1.9802,   1.0653,   0.0106
9334000000.0000,  23.4812,   1.9744,   1.0659,   0.0109
9336625000.0000,  23.5042,   1.9283,   1.0652,   0.0085
9339250000.0000,  23.4909,   1.9814,   1.0678,   0.0102
9341875000.0000,  23.5040,   1.9372,   1.0651,   0.0090
9344500000.0000,  23.4964,   1.9702,   1.0657,   0.0116
9347125000.0000,  23.5150,   1.9200,   1.0649,   0.0079
9349750000.0000,  23.4822,   1.8984,   1.0655,   0.0078
9352375000.0000,  23.4969,   1.9557,   1.0656,   0.0104
9355000000.0000,  23.5223,   1.9381,   1.0666,   0.0081
9357625000.0000,  23.4782,   1.8789,   1.0659,   0.0076
9360250000.0000,  23.5121,   1.9555,   1.0673,   0.0111
9362875000.0000,  23.5038,   1.9258,   1.0653,   0.0090
9365500000.0000,  23.5413,   1.9175,   1.0642,   0.0090
9368125000.0000,  23.4904,   1.9050,   1.0654,   0.0085
9370750000.0000,  23.4832,   1.9399,   1.0664,   0.0109
9373375000.0000,  23.5291,   1.9030,   1.0656,   0.0094
9376000000.0000,  23.5196,   1.9240,   1.0656,   0.0084
9378625000.0000,  23.5294,   1.8597,   1.0674,   0.0061
9381250000.0000,  23.4986,   1.8745,   1.0659,   0.0082
9383875000.0000,  23.5501,   1.8695,   1.0666,   0.0079
9386500000.0000,  23.5774,   1.8523,   1.0692,   0.0074
9389125000.0000,  23.5678,   1.8255,   1.0682,   0.0065
9391750000.0000,  23.5406,   1.9026,   1.0696,   0.0113
9394375000.0000,  23.4613,   1.9300,   1.0662,   0.0140
9397000000.0000,  23.5124,   1.8896,   1.0688,   0.0104
9399625000.0000,  23.5250,   1.8776,   1.0696,   0.0092
9402250000.0000,  23.5638,   1.8727,   1.0679,   0.0098
9404875000.0000,  23.5800,   1.8615,   1.0696,   0.0089
9407500000.0000,  23.4786,   1.8971,   1.0687,   0.0133
9410125000.0000,  23.5499,   1.8698,   1.0685,   0.0097
9412750000.0000,  23.5061,   1.9034,   1.0693,   0.0131
9415375000.0000,  23.5535,   1.8350,   1.0682,   0.0103
9418000000.0000,  23.5345,   1.9003,   1.0683,   0.0125
9420625000.0000,  23.5247,   1.8262,   1.0676,   0.0091
9423250000.0000,  23.5713,   1.8553,   1.0694,   0.0108
9425875000.0000,  23.5340,   1.8735,   1.0685,   0.0108
9428500000.0000,  23.5671,   1.8589,   1.0685,   0.0099
9431125000.0000,  23.5343,   1.8321,   1.0683,   0.0101
9433750000.0000,  23.5480,   1.8805,   1.0679,   0.0120
9436375000.0000,  23.5561,   1.8891,   1.0685,   0.0113
9439000000.0000,  23.5670,   1.8358,   1.0651,   0.0094
9441625000.0000,  23.5285,   1.8780,   1.0686,   0.0112
9444250000.0000,  23.6043,   1.8131,   1.0682,   0.0085
9446875000.0000,  23.6071,   1.8198,   1.0673,   0.0076
9449500000.0000,  23.5574,   1.8915,   1.0676,   0.0122
9452125000.0000,  23.5650,   1.8692,   1.0687,   0.0083
9454750000.0000,  23.5731,   1.8717,   1.0691,   0.0103
9457375000.0000,  23.5658,   1.8498,   1.0683,   0.0098
9460000000.0000,  23.5795,   1.8339,   1.0675,   0.0088
9462625000.0000,  23.5365,   1.8251,   1.0677,   0.0083
9465250000.0000,  23.5797,   1.8337,   1.0683,   0.0114
9467875000.0000,  23.5356,   1.8555,   1.0658,   0.0119
9470500000.0000,  23.5998,   1.8278,   1.0671,   0.0089
9473125000.0000,  23.5792,   1.8479,   1.0668,   0.0105
9475750000.0000,  23.5779,   1.8283,   1.0662,   0.0081
9478375000.0000,  23.5951,   1.8536,   1.0688,   0.0090
9481000000.0000,  23.5889,   1.8528,   1.0679,   0.0097
9483625000.0000,  23.5945,   1.8204,   1.0683,   0.0089
9486250000.0000,  23.5720,   1.8216,   1.0682,   0.0093
9488875000.0000,  23.5655,   1.7750,   1.0673,   0.0061
9491500000.0000,  23.5804,   1.8314,   1.0683,   0.0080
9494125000.0000,  23.5630,   1.8779,   1.0687,   0.0130
9496750000.0000,  23.5806,   1.8936,   1.0702,   0.0116
9499375000.0000,  23.5709,   1.8308,   1.0660,   0.0096
9502000000.0000,  23.5790,   1.8342,   1.0674,   0.0094
9504625000.0000,  23.5971,   1.8622,   1.0685,   0.0123
9507250000.0000,  23.5747,   1.8053,   1.0677,   0.0085
9509875000.0000,  23.5914,   1.8338,   1.0704,   0.0091
9512500000.0000,  23.5870,   1.8414,   1.0686,   0.0105
9515125000.0000,  23.5615,   1.8397,   1.0674,   0.0118
9517750000.0000,  23.5630,   1.8511,   1.0725,   0.0113
9520375000.0000,  23.5912,   1.8129,   1.0708,   0.0081
9523000000.0000,  23.5883,   1.8483,   1.0704,   0.0115
9525625000.0000,  23.5430,   1.8726,   1.0699,   0.0141
9528250000.0000,  23.5753,   1.8270,   1.0676,   0.0115
9530875000.0000,  23.5506,   1.8181,   1.0700,   0.0109
9533500000.0000,  23.5708,   1.8751,   1.0687,   0.0133
9536125000.0000,  23.5864,   1.8676,   1.0694,   0.0155
9538750000.0000,  23.5983,   1.8144,   1.0697,   0.0104
9541375000.0000,  23.5749,   1.8039,   1.0697,   0.0117
9544000000.0000,  23.5978,   1.7729,   1.0695,   0.0090
9546625000.0000,  23.6226,   1.7407,   1.0703,   0.0053
9549250000.0000,  23.5744,   1.8236,   1.0699,   0.0122
9551875000.0000,  23.5846,   1.7888,   1.0704,   0.0107
9554500000.0000,  23.5967,   1.8253,   1.0709,   0.0126
9557125000.0000,  23.5382,   1.8361,   1.0725,   0.0128
9559750000.0000,  23.5989,   1.8257,   1.0722,   0.0123
9562375000.0000,  23.5947,   1.7319,   1.0689,   0.0083
9565000000.0000,  23.6040,   1.7401,   1.0697,   0.0081
9567625000.0000,  23.5744,   1.8016,   1.0690,   0.0104
9570250000.0000,  23.5530,   1.7938,   1.0696,   0.0120
9572875000.0000,  23.5709,   1.8105,   1.0707,   0.0141
9575500000.0000,  23.5704,   1.8158,   1.0704,   0.0133
9578125000.0000,  23.6216,   1.8298,   1.0704,   0.0133
9580750000.0000,  23.5867,   1.7995,   1.0713,   0.0122
9583375000.0000,  23.6076,   1.7828,   1.0719,   0.0115
9586000000.0000,  23.6144,   1.8041,   1.0710,   0.0122
9588625000.0000,  23.5967,   1.8168,   1.0715,   0.0136
9591250000.0000,  23.5786,   1.8219,   1.0706,   0.0144
9593875000.0000,  23.5744,   1.8064,   1.0695,   0.0152
9596500000.0000,  23.5707,   1.8123,   1.0710,   0.0113
9599125000.0000,  23.6018,   1.7954,   1.0703,   0.0118
9601750000.0000,  23.5936,   1.7808,   1.0701,   0.0113
9604375000.0000,  23.5784,   1.8551,   1.0708,   0.0156
9607000000.0000,  23.5515,   1.8951,   1.0702,   0.0177
9609625000.0000,  23.5523,   1.7824,   1.0690,   0.0124
9612250000.0000,  23.6057,   1.8251,   1.0709,   0.0124
9614875000.0000,  23.5872,   1.7899,   1.0697,   0.0122
9617500000.0000,  23.5894,   1.8465,   1.0712,   0.0147
9620125000.0000,  23.6005,   1.8407,   1.0712,   0.0139
9622750000.0000,  23.5955,   1.7932,   1.0689,   0.0107
9625375000.0000,  23.6207,   1.8291,   1.0704,   0.0129
9628000000.0000,  23.6185,   1.8646,   1.0716,   0.0145
9630625000.0000,  23.5560,   1.8079,   1.0710,   0.0122
9633250000.0000,  23.5602,   1.8488,   1.0717,   0.0133
9635875000.0000,  23.6032,   1.7935,   1.0721,   0.0106
9638500000.0000,  23.5900,   1.8186,   1.0702,   0.0107
9641125000.0000,  23.5841,   1.8443,   1.0718,   0.0135
9643750000.0000,  23.6079,   1.7512,   1.0710,   0.0088
9646375000.0000,  23.5495,   1.8494,   1.0720,   0.0148
9649000000.0000,  23.5860,   1.8038,   1.0730,   0.0104
9651625000.0000,  23.5645,   1.8014,   1.0725,   0.0132
9654250000.0000,  23.5713,   1.8162,   1.0733,   0.0127
9656875000.0000,  23.5647,   1.7846,   1.0732,   0.0111
9659500000.0000,  23.6146,   1.8053,   1.0727,   0.0118
9662125000.0000,  23.5442,   1.8402,   1.0736,   0.0144
9664750000.0000,  23.5665,   1.8410,   1.0731,   0.0144
9667375000.0000,  23.6119,   1.7902,   1.0726,   0.0111
9670000000.0000,  23.6110,   1.8389,   1.0739,   0.0138
9672625000.0000,  23.5709,   1.7976,   1.0728,   0.0112
9675250000.0000,  23.5983,   1.8137,   1.0742,   0.0128
9677875000.0000,  23.5794,   1.8288,   1.0736,   0.0153
9680500000.0000,  23.5849,   1.7827,   1.0737,   0.0133
9683125000.0000,  23.6249,   1.7716,   1.0742,   0.0105
9685750000.0000,  23.6329,   1.8658,   1.0769,   0.0160
9688375000.0000,  23.6509,   1.7840,   1.0759,   0.0122
9691000000.0000,  23.6485,   1.8601,   1.0748,   0.0154
9693625000.0000,  23.6309,   1.8182,   1.0743,   0.0131
9696250000.0000,  23.6179,   1.8002,   1.0725,   0.0153
9698875000.0000,  23.6215,   1.7700,   1.0771,   0.0125
9701500000.0000,  23.6475,   1.7752,   1.0744,   0.0124
9704125000.0000,  23.6269,   1.8028,   1.0745,   0.0140
9706750000.0000,  23.6207,   1.8506,   1.0740,   0.0147
9709375000.0000,  23.6315,   1.7726,   1.0755,   0.0126
9712000000.0000,  23.6201,   1.8082,   1.0753,   0.0148
9714625000.0000,  23.6506,   1.7501,   1.0748,   0.0116
9717250000.0000,  23.6146,   1.8037,   1.0725,   0.0141
9719875000.0000,  23.6649,   1.7507,   1.0744,   0.0107
9722500000.0000,  23.6405,   1.7738,   1.0742,   0.0119
9725125000.0000,  23.6348,   1.7746,   1.0740,   0.0116
9727750000.0000,  23.6464,   1.7592,   1.0734,   0.0116
9730375000.0000,  23.5892,   1.8481,   1.0727,   0.0162
9733000000.0000,  23.6776,   1.7769,   1.0737,   0.0126
9735625000.0000,  23.6452,   1.7358,   1.0720,   0.0114
9738250000.0000,  23.5959,   1.7987,   1.0734,   0.0133
9740875000.0000,  23.5902,   1.8473,   1.0748,   0.0166
9743500000.0000,  23.6057,   1.8292,   1.0757,   0.0160
9746125000.0000,  23.6032,   1.7555,   1.0713,   0.0114
9748750000.0000,  23.6316,   1.7624,   1.0727,   0.0131
9751375000.0000,  23.6121,   1.7547,   1.0731,   0.0121
9754000000.0000,  23.6278,   1.7563,   1.0736,   0.0127
9756625000.0000,  23.6082,   1.7379,   1.0740,   0.0115
9759250000.0000,  23.5673,   1.7829,   1.0725,   0.0132
9761875000.0000,  23.5884,   1.8195,   1.0741,   0.0143
9764500000.0000,  23.6025,   1.8268,   1.0756,   0.0138
9767125000.0000,  23.6103,   1.7937,   1.0740,   0.0136
9769750000.0000,  23.6184,   1.7541,   1.0731,   0.0117
9772375000.0000,  23.6133,   1.7759,   1.0741,   0.0135
9775000000.0000,  23.6032,   1.8383,   1.0746,   0.0129
9777625000.0000,  23.5985,   1.8174,   1.0735,   0.0142
9780250000.0000,  23.5972,   1.7799,   1.0733,   0.0129
9782875000.0000,  23.6387,   1.7513,   1.0750,   0.0116
9785500000.0000,  23.6009,   1.7842,   1.0754,   0.0140
9788125000.0000,  23.5794,   1.7457,   1.0753,   0.0130
9790750000.0000,  23.6504,   1.7717,   1.0749,   0.0114
9793375000.0000,  23.5870,   1.7902,   1.0732,   0.0141
9796000000.0000,  23.6335,   1.7788,   1.0756,   0.0129
9798625000.0000,  23.6461,   1.8288,   1.0756,   0.0145
9801250000.0000,  23.7022,   1.7523,   1.0788,   0.0128
9803875000.0000,  23.6282,   1.7875,   1.0771,   0.0145
9806500000.0000,  23.6392,   1.7778,   1.0764,   0.0134
9809125000.0000,  23.6202,   1.8017,   1.0762,   0.0147
9811750000.0000,  23.6335,   1.7877,   1.0769,   0.0129
9814375000.0000,  23.6257,   1.7496,   1.0768,   0.0120
9817000000.0000,  23.6326,   1.7598,   1.0772,   0.0116
9819625000.0000,  23.6410,   1.8039,   1.0770,   0.0134
9822250000.0000,  23.6190,   1.7716,   1.0762,   0.0136
9824875000.0000,  23.5941,   1.7821,   1.0767,   0.0143
9827500000.0000,  23.6140,   1.7566,   1.0777,   0.0128
9830125000.0000,  23.6195,   1.7923,   1.0782,   0.0150
9832750000.0000,  23.6708,   1.7980,   1.0779,   0.0122
9835375000.0000,  23.6207,   1.8080,   1.0772,   0.0149
9838000000.0000,  23.6054,   1.7984,   1.0751,   0.0146
9840625000.0000,  23.6414,   1.8020,   1.0778,   0.0136
9843250000.0000,  23.6264,   1.7860,   1.0776,   0.0148
9845875000.0000,  23.6548,   1.7679,   1.0784,   0.0139
9848500000.0000,  23.6399,   1.7855,   1.0767,   0.0139
9851125000.0000,  23.6109,   1.8010,   1.0769,   0.0139
9853750000.0000,  23.6262,   1.7616,   1.0769,   0.0138
9856375000.0000,  23.6629,   1.7947,   1.0788,   0.0133
9859000000.0000,  23.6388,   1.7388,   1.0755,   0.0134
9861625000.0000,  23.6298,   1.7582,   1.0765,   0.0128
9864250000.0000,  23.6192,   1.7869,   1.0788,   0.0136
9866875000.0000,  23.6460,   1.7618,   1.0779,   0.0135
9869500000.0000,  23.6073,   1.7851,   1.0768,   0.0141
9872125000.0000,  23.6358,   1.8134,   1.0786,   0.0137
9874750000.0000,  23.6320,   1.7779,   1.0763,   0.0127
9877375000.0000,  23.6061,   1.7698,   1.0774,   0.0133
9880000000.0000,  23.6203,   1.7655,   1.0768,   0.0125
9882625000.0000,  23.6318,   1.7964,   1.0763,   0.0124
9885250000.0000,  23.6521,   1.7911,   1.0778,   0.0143
9887875000.0000,  23.6474,   1.7823,   1.0775,   0.0120
9890500000.0000,  23.6191,   1.7441,   1.0771,   0.0121
9893125000.0000,  23.6247,   1.8039,   1.0786,   0.0148
9895750000.0000,  23.6146,   1.8094,   1.0779,   0.0131
9898375000.0000,  23.6070,   1.7566,   1.0778,   0.0131
9901000000.0000,  23.6454,   1.7735,   1.0780,   0.0133
9903625000.0000,  23.6037,   1.7533,   1.0776,   0.0129
9906250000.0000,  23.6259,   1.7445,   1.0773,   0.0123
9908875000.0000,  23.6031,   1.7934,   1.0790,   0.0152
9911500000.0000,  23.6254,   1.7866,   1.0792,   0.0132
9914125000.0000,  23.6133,   1.7616,   1.0764,   0.0132
9916750000.0000,  23.6008,   1.7224,   1.0771,   0.0119
9919375000.0000,  23.6249,   1.7179,   1.0781,   0.0102
9922000000.0000,  23.5823,   1.7698,   1.0789,   0.0139
9924625000.0000,  23.5681,   1.7481,   1.0773,   0.0120
9927250000.0000,  23.6043,   1.7986,   1.0776,   0.0151
9929875000.0000,  23.5648,   1.7489,   1.0785,   0.0142
9932500000.0000,  23.5816,   1.7625,   1.0795,   0.0138
9935125000.0000,  23.5778,   1.7927,   1.0786,   0.0144
9937750000.0000,  23.6182,   1.7433,   1.0790,   0.0111
9940375000.0000,  23.5638,   1.6982,   1.0785,   0.0119
9943000000.0000,  23.5845,   1.7765,   1.0794,   0.0138
9945625000.0000,  23.5763,   1.7369,   1.0792,   0.0145
9948250000.0000,  23.5820,   1.7902,   1.0800,   0.0148
9950875000.0000,  23.5958,   1.7366,   1.0792,   0.0130
9953500000.0000,  23.5322,   1.7040,   1.0780,   0.0118
9956125000.0000,  23.5782,   1.7424,   1.0790,   0.0139
9958750000.0000,  23.5505,   1.7468,   1.0798,   0.0144
9961375000.0000,  23.6101,   1.7416,   1.0804,   0.0141
9964000000.0000,  23.5678,   1.7536,   1.0796,   0.0135
9966625000.0000,  23.5630,   1.7326,   1.0803,   0.0143
9969250000.0000,  23.5423,   1.7090,   1.0776,   0.0138
9971875000.0000,  23.5805,   1.7685,   1.0805,   0.0140
9974500000.0000,  23.5895,   1.7119,   1.0801,   0.0125
9977125000.0000,  23.5892,   1.7362,   1.0790,   0.0129
9979750000.0000,  23.5895,   1.7275,   1.0795,   0.0138
9982375000.0000,  23.6040,   1.7359,   1.0797,   0.0136
9985000000.0000,  23.5887,   1.7189,   1.0799,   0.0140
9987625000.0000,  23.6031,   1.7258,   1.0795,   0.0118
9990250000.0000,  23.6119,   1.7157,   1.0809,   0.0128
9992875000.0000,  23.5680,   1.7411,   1.0793,   0.0136
9995500000.0000,  23.5682,   1.7382,   1.0800,   0.0152
9998125000.0000,  23.5704,   1.7127,   1.0789,   0.0141
10000750000.0000,  23.6168,   1.7611,   1.0804,   0.0154
10003375000.0000,  23.5863,   1.7055,   1.0792,   0.0135
10006000000.0000,  23.6148,   1.7355,   1.0813,   0.0137
10008625000.0000,  23.5844,   1.7578,   1.0811,   0.0141
10011250000.0000,  23.6058,   1.7605,   1.0792,   0.0135
10013875000.0000,  23.5862,   1.7340,   1.0794,   0.0139
10016500000.0000,  23.5890,   1.7846,   1.0798,   0.0149
10019125000.0000,  23.6070,   1.7601,   1.0816,   0.0148
10021750000.0000,  23.6197,   1.7307,   1.0815,   0.0132
10024375000.0000,  23.6294,   1.7206,   1.0810,   0.0113
10027000000.0000,  23.5577,   1.7360,   1.0813,   0.0141
10029625000.0000,  23.5878,   1.7306,   1.0809,   0.0134
10032250000.0000,  23.6021,   1.6944,   1.0806,   0.0133
10034875000.0000,  23.5852,   1.7529,   1.0825,   0.0145
10037500000.0000,  23.6202,   1.7295,   1.0811,   0.0116
10040125000.0000,  23.5913,   1.7357,   1.0808,   0.0136
10042750000.0000,  23.5923,   1.7728,   1.0805,   0.0142
10045375000.0000,  23.5621,   1.7164,   1.0827,   0.0111
10048000000.0000,  23.5992,   1.7573,   1.0827,   0.0137
10050625000.0000,  23.5746,   1.7348,   1.0825,   0.0129
10053250000.0000,  23.5904,   1.7666,   1.0813,   0.0148
10055875000.0000,  23.6044,   1.7135,   1.0825,   0.0128
10058500000.0000,  23.5918,   1.7543,   1.0815,   0.0147
10061125000.0000,  23.5767,   1.7311,   1.0813,   0.0131
10063750000.0000,  23.5776,   1.7556,   1.0826,   0.0149
10066375000.0000,  23.5482,   1.7330,   1.0827,   0.0142
10069000000.0000,  23.5845,   1.7211,   1.0835,   0.0146
10071625000.0000,  23.5789,   1.7705,   1.0844,   0.0156
10074250000.0000,  23.5799,   1.7514,   1.0828,   0.0144
10076875000.0000,  23.5656,   1.7048,   1.0814,   0.0156
10079500000.0000,  23.5763,   1.7581,   1.0830,   0.0153
10082125000.0000,  23.5643,   1.6861,   1.0823,   0.0147
10084750000.0000,  23.5417,   1.7427,   1.0828,   0.0176
10087375000.0000,  23.5369,   1.7037,   1.0831,   0.0153
10090000000.0000,  23.5542,   1.7165,   1.0839,   0.0172
10092625000.0000,  23.6010,   1.7052,   1.0830,   0.0153
10095250000.0000,  23.5746,   1.7234,   1.0844,   0.0165
10097875000.0000,  23.5400,   1.7299,   1.0840,   0.0180
10100500000.0000,  23.5638,   1.7112,   1.0844,   0.0168
10103125000.0000,  23.5383,   1.7272,   1.0842,   0.0169
10105750000.0000,  23.5192,   1.7192,   1.0845,   0.0174
10108375000.0000,  23.5654,   1.7142,   1.0834,   0.0147
10111000000.0000,  23.5575,   1.6855,   1.0836,   0.0153
10113625000.0000,  23.5550,   1.7001,   1.0834,   0.0152
10116250000.0000,  23.5719,   1.7172,   1.0839,   0.0157
10118875000.0000,  23.5462,   1.7151,   1.0842,   0.0164
10121500000.0000,  23.5389,   1.7627,   1.0834,   0.0168
10124125000.0000,  23.5692,   1.7140,   1.0845,   0.0156
10126750000.0000,  23.5458,   1.6812,   1.0822,   0.0150
10129375000.0000,  23.5590,   1.7260,   1.0826,   0.0177
10132000000.0000,  23.5554,   1.7661,   1.0841,   0.0164
10134625000.0000,  23.5649,   1.6930,   1.0837,   0.0145
10137250000.0000,  23.5586,   1.7295,   1.0843,   0.0174
10139875000.0000,  23.5804,   1.7402,   1.0849,   0.0168
10142500000.0000,  23.5972,   1.7338,   1.0850,   0.0164
10145125000.0000,  23.5863,   1.7602,   1.0847,   0.0176
10147750000.0000,  23.5094,   1.7166,   1.0852,   0.0163
10150375000.0000,  23.6093,   1.7380,   1.0859,   0.0150
10153000000.0000,  23.5522,   1.7099,   1.0839,   0.0155
10155625000.0000,  23.5545,   1.7011,   1.0845,   0.0154
10158250000.0000,  23.5538,   1.7507,   1.0867,   0.0163
10160875000.0000,  23.5955,   1.7234,   1.0869,   0.0151
10163500000.0000,  23.5596,   1.7386,   1.0853,   0.0171
10166125000.0000,  23.5520,   1.7021,   1.0829,   0.0151
10168750000.0000,  23.5952,   1.7056,   1.0853,   0.0137
10171375000.0000,  23.5829,   1.7455,   1.0854,   0.0165
10174000000.0000,  23.5564,   1.6978,   1.0836,   0.0152
10176625000.0000,  23.5961,   1.7136,   1.0862,   0.0149
10179250000.0000,  23.5852,   1.7307,   1.0872,   0.0162
10181875000.0000,  23.5452,   1.7322,   1.0847,   0.0166
10184500000.0000,  23.6074,   1.7107,   1.0865,   0.0153
10187125000.0000,  23.5797,   1.7256,   1.0866,   0.0162
10189750000.0000,  23.5454,   1.7273,   1.0847,   0.0154
10192375000.0000,  23.5818,   1.7104,   1.0873,   0.0161
10195000000.0000,  23.5822,   1.7051,   1.0854,   0.0154
10197625000.0000,  23.5551,   1.7214,   1.0860,   0.0164
10200250000.0000,  23.5666,   1.7221,   1.0853,   0.0169
10202875000.0000,  23.5815,   1.7165,   1.0860,   0.0154
10205500000.0000,  23.5928,   1.6918,   1.0866,   0.0154
10208125000.0000,  23.5743,   1.7022,   1.0867,   0.0163
10210750000.0000,  23.5440,   1.7196,   1.0864,   0.0162
10213375000.0000,  23.5580,   1.7478,   1.0857,   0.0170
10216000000.0000,  23.5918,   1.7069,   1.0859,   0.0160
10218625000.0000,  23.5859,   1.6898,   1.0847,   0.0153
10221250000.0000,  23.5639,   1.7197,   1.0853,   0.0166
10223875000.0000,  23.5803,   1.7041,   1.0850,   0.0166
10226500000.0000,  23.5391,   1.7128,   1.0849,   0.0162
10229125000.0000,  23.5765,   1.6923,   1.0858,   0.0157
10231750000.0000,  23.5881,   1.7029,   1.0847,   0.0153
10234375000.0000,  23.5673,   1.7231,   1.0855,   0.0178
10237000000.0000,  23.5995,   1.7054,   1.0841,   0.0159
10239625000.0000,  23.6254,   1.6847,   1.0868,   0.0143
10242250000.0000,  23.5918,   1.7222,   1.0855,   0.0154
10244875000.0000,  23.6153,   1.6714,   1.0848,   0.0155
10247500000.0000,  23.5783,   1.6496,   1.0844,   0.0157
10250125000.0000,  23.6060,   1.7273,   1.0863,   0.0154
10252750000.0000,  23.5815,   1.7161,   1.0863,   0.0165
10255375000.0000,  23.5661,   1.7058,   1.0849,   0.0165
10258000000.0000,  23.5996,   1.7110,   1.0868,   0.0166
10260625000.0000,  23.5778,   1.6917,   1.0849,   0.0170
10263250000.0000,  23.5948,   1.7052,   1.0848,   0.0173
10265875000.0000,  23.5828,   1.6528,   1.0856,   0.0148
10268500000.0000,  23.6145,   1.7021,   1.0852,   0.0152
10271125000.0000,  23.5748,   1.6896,   1.0850,   0.0167
10273750000.0000,  23.5402,   1.7477,   1.0872,   0.0172
10276375000.0000,  23.5227,   1.6868,   1.0846,   0.0162
10279000000.0000,  23.5567,   1.6892,   1.0854,   0.0162
10281625000.0000,  23.5763,   1.7023,   1.0872,   0.0165
10284250000.0000,  23.5353,   1.7349,   1.0849,   0.0184
10286875000.0000,  23.5709,   1.7079,   1.0871,   0.0163
10289500000.0000,  23.5635,   1.6921,   1.0867,   0.0166
10292125000.0000,  23.5298,   1.6987,   1.0862,   0.0164
10294750000.0000,  23.5486,   1.7109,   1.0857,   0.0177
10297375000.0000,  23.5265,   1.7469,   1.0887,   0.0173
10300000000.0000,  23.5768,   1.6962,   1.0867,   0.0159
10302625000.0000,  23.5366,   1.7453,   1.0873,   0.0178
10305250000.0000,  23.5262,   1.7245,   1.0874,   0.0176
10307875000.0000,  23.5362,   1.7338,   1.0877,   0.0178
10310500000.0000,  23.5555,   1.7523,   1.0879,   0.0162
10313125000.0000,  23.5291,   1.7265,   1.0876,   0.0176
10315750000.0000,  23.5461,   1.7587,   1.0880,   0.0180
10318375000.0000,  23.5344,   1.7444,   1.0883,   0.0166
10321000000.0000,  23.5398,   1.6908,   1.0890,   0.0163
10323625000.0000,  23.5298,   1.7349,   1.0887,   0.0164
10326250000.0000,  23.5720,   1.7675,   1.0889,   0.0182
10328875000.0000,  23.5367,   1.7210,   1.0880,   0.0161
10331500000.0000,  23.5720,   1.7002,   1.0896,   0.0159
10334125000.0000,  23.5225,   1.7347,   1.0888,   0.0176
10336750000.0000,  23.5495,   1.7348,   1.0904,   0.0179
10339375000.0000,  23.5603,   1.7215,   1.0892,   0.0168
10342000000.0000,  23.5375,   1.7440,   1.0911,   0.0177
10344625000.0000,  23.5553,   1.6798,   1.0887,   0.0153
10347250000.0000,  23.5795,   1.7524,   1.0905,   0.0185
10349875000.0000,  23.5819,   1.7001,   1.0898,   0.0159
10352500000.0000,  23.5553,   1.6710,   1.0901,   0.0155
10355125000.0000,  23.5721,   1.6825,   1.0900,   0.0157
10357750000.0000,  23.5915,   1.7579,   1.0903,   0.0183
10360375000.0000,  23.5371,   1.7009,   1.0904,   0.0162
10363000000.0000,  23.5688,   1.6795,   1.0912,   0.0169
10365625000.0000,  23.5768,   1.7092,   1.0899,   0.0171
10368250000.0000,  23.5849,   1.6650,   1.0885,   0.0167
10370875000.0000,  23.6009,   1.6725,   1.0890,   0.0166
10373500000.0000,  23.5829,   1.7279,   1.0904,   0.0179
10376125000.0000,  23.5876,   1.7565,   1.0906,   0.0168
10378750000.0000,  23.5923,   1.7417,   1.0915,   0.0184
10381375000.0000,  23.5765,   1.7229,   1.0895,   0.0182
10384000000.0000,  23.5703,   1.7258,   1.0900,   0.0187
10386625000.0000,  23.5838,   1.7114,   1.0892,   0.0178
10389250000.0000,  23.5782,   1.7073,   1.0886,   0.0174
10391875000.0000,  23.5809,   1.6635,   1.0875,   0.0167
10394500000.0000,  23.5872,   1.6616,   1.0871,   0.0166
10397125000.0000,  23.6154,   1.6959,   1.0893,   0.0162
10399750000.0000,  23.5571,   1.6922,   1.0876,   0.0187
10402375000.0000,  23.5731,   1.7163,   1.0886,   0.0183
10405000000.0000,  23.5873,   1.7251,   1.0888,   0.0179
10407625000.0000,  23.5607,   1.7194,   1.0874,   0.0176
10410250000.0000,  23.5446,   1.6950,   1.0870,   0.0165
10412875000.0000,  23.5735,   1.7067,   1.0891,   0.0172
10415500000.0000,  23.5536,   1.7157,   1.0886,   0.0172
10418125000.0000,  23.5415,   1.7386,   1.0868,   0.0173
10420750000.0000,  23.5604,   1.7519,   1.0884,   0.0177
10423375000.0000,  23.5221,   1.7398,   1.0892,   0.0192
10426000000.0000,  23.5016,   1.7031,   1.0882,   0.0180
10428625000.0000,  23.5188,   1.7094,   1.0886,   0.0183
10431250000.0000,  23.5117,   1.6953,   1.0883,   0.0165
10433875000.0000,  23.5155,   1.6896,   1.0883,   0.0180
10436500000.0000,  23.4982,   1.7413,   1.0886,   0.0190
10439125000.0000,  23.4948,   1.7295,   1.0895,   0.0187
10441750000.0000,  23.4752,   1.7092,   1.0899,   0.0183
10444375000.0000,  23.4715,   1.7323,   1.0878,   0.0188
10447000000.0000,  23.5208,   1.7386,   1.0910,   0.0194
10449625000.0000,  23.4596,   1.7741,   1.0904,   0.0195
10452250000.0000,  23.4635,   1.7288,   1.0899,   0.0184
10454875000.0000,  23.4734,   1.6976,   1.0901,   0.0184
10457500000.0000,  23.4630,   1.7316,   1.0917,   0.0188
10460125000.0000,  23.4454,   1.7257,   1.0900,   0.0187
10462750000.0000,  23.4901,   1.7194,   1.0908,   0.0182
10465375000.0000,  23.4749,   1.7339,   1.0920,   0.0195
10468000000.0000,  23.4657,   1.7422,   1.0929,   0.0201
10470625000.0000,  23.4647,   1.7154,   1.0920,   0.0202
10473250000.0000,  23.4961,   1.7218,   1.0927,   0.0200
10475875000.0000,  23.4662,   1.7015,   1.0945,   0.0185
10478500000.0000,  23.4638,   1.7688,   1.0957,   0.0194
10481125000.0000,  23.4646,   1.7043,   1.0937,   0.0183
10483750000.0000,  23.4610,   1.7568,   1.0936,   0.0211
10486375000.0000,  23.4904,   1.7171,   1.0942,   0.0187
10489000000.0000,  23.4609,   1.6961,   1.0935,   0.0206
10491625000.0000,  23.4720,   1.7727,   1.0945,   0.0212
10494250000.0000,  23.5067,   1.7320,   1.0948,   0.0206
10496875000.0000,  23.4976,   1.6958,   1.0942,   0.0206
10499500000.0000,  23.5464,   1.7194,   1.0947,   0.0208
10502125000.0000,  23.5335,   1.7250,   1.0962,   0.0208
10504750000.0000,  23.5758,   1.7302,   1.0966,   0.0189
10507375000.0000,  23.5893,   1.6661,   1.0938,   0.0196
10510000000.0000,  23.5390,   1.7688,   1.0953,   0.0188
10512625000.0000,  23.5645,   1.6930,   1.0950,   0.0165
10515250000.0000,  23.5511,   1.6825,   1.0956,   0.0191
10517875000.0000,  23.5961,   1.6982,   1.0950,   0.0180
10520500000.0000,  23.5670,   1.7778,   1.0973,   0.0200
10523125000.0000,  23.5363,   1.7460,   1.0953,   0.0186
10525750000.0000,  23.6508,   1.7907,   1.0974,   0.0186
10528375000.0000,  23.6270,   1.7009,   1.0945,   0.0179
10531000000.0000,  23.5577,   1.7720,   1.0940,   0.0190
10533625000.0000,  23.6352,   1.7484,   1.0964,   0.0180
10536250000.0000,  23.6155,   1.8058,   1.0973,   0.0184
10538875000.0000,  23.6149,   1.7046,   1.0933,   0.0175
10541500000.0000,  23.5274,   1.7718,   1.0914,   0.0179
10544125000.0000,  23.6086,   1.8167,   1.0950,   0.0205
10546750000.0000,  23.5832,   1.7386,   1.0950,   0.0188
10549375000.0000,  23.4820,   1.7462,   1.0947,   0.0202
10552000000.0000,  23.5093,   1.7824,   1.0941,   0.0201
10554625000.0000,  23.6112,   1.6969,   1.0952,   0.0166
10557250000.0000,  23.5392,   1.7161,   1.0940,   0.0178
10559875000.0000,  23.5970,   1.7556,   1.0970,   0.0187
10562500000.0000,  23.5912,   1.7427,   1.0975,   0.0192
10565125000.0000,  23.5566,   1.7423,   1.0943,   0.0180
10567750000.0000,  23.5280,   1.7442,   1.0946,   0.0188
10570375000.0000,  23.4747,   1.7919,   1.0964,   0.0216
10573000000.0000,  23.5919,   1.7926,   1.0973,   0.0197
10575625000.0000,  23.5697,   1.8092,   1.0962,   0.0177
10578250000.0000,  23.5395,   1.7186,   1.0960,   0.0167
10580875000.0000,  23.5249,   1.8096,   1.0979,   0.0187
10583500000.0000,  23.5511,   1.7428,   1.0974,   0.0175
10586125000.0000,  23.5030,   1.7226,   1.0964,   0.0199
10588750000.0000,  23.5269,   1.7723,   1.0984,   0.0191
10591375000.0000,  23.5331,   1.7432,   1.0976,   0.0179
10594000000.0000,  23.5372,   1.7577,   1.0961,   0.0189
10596625000.0000,  23.5524,   1.6904,   1.0964,   0.0176
10599250000.0000,  23.4338,   1.7850,   1.0973,   0.0204
10601875000.0000,  23.5151,   1.7257,   1.0979,   0.0198
10604500000.0000,  23.4130,   1.7889,   1.0971,   0.0208
10607125000.0000,  23.4936,   1.7877,   1.0994,   0.0186
10609750000.0000,  23.5048,   1.7521,   1.0994,   0.0218
10612375000.0000,  23.5321,   1.7849,   1.1009,   0.0193
10615000000.0000,  23.4953,   1.7183,   1.0985,   0.0205
10617625000.0000,  23.5639,   1.8046,   1.0987,   0.0206
10620250000.0000,  23.5368,   1.7887,   1.0999,   0.0204
10622875000.0000,  23.4582,   1.7643,   1.1001,   0.0201
10625500000.0000,  23.5023,   1.7343,   1.0983,   0.0204
10628125000.0000,  23.4632,   1.7985,   1.0988,   0.0219
10630750000.0000,  23.4541,   1.8154,   1.1001,   0.0216
10633375000.0000,  23.5938,   1.8284,   1.1018,   0.0208
10636000000.0000,  23.5607,   1.7624,   1.1002,   0.0197
10638625000.0000,  23.5005,   1.7928,   1.0982,   0.0199
10641250000.0000,  23.5425,   1.7578,   1.0995,   0.0201
10643875000.0000,  23.4968,   1.8012,   1.1007,   0.0200
10646500000.0000,  23.5041,   1.6873,   1.1000,   0.0194
10649125000.0000,  23.5121,   1.8020,   1.1011,   0.0215
10651750000.0000,  23.5635,   1.7639,   1.1014,   0.0193
10654375000.0000,  23.5375,   1.7917,   1.0991,   0.0224
10657000000.0000,  23.6094,   1.7741,   1.1016,   0.0204
10659625000.0000,  23.5018,   1.7891,   1.0987,   0.0212
10662250000.0000,  23.5029,   1.8321,   1.0988,   0.0210
10664875000.0000,  23.4567,   1.8572,   1.0998,   0.0216
10667500000.0000,  23.4442,   1.8164,   1.0993,   0.0214
10670125000.0000,  23.5024,   1.8927,   1.1009,   0.0219
10672750000.0000,  23.5369,   1.7928,   1.0997,   0.0205
10675375000.0000,  23.5209,   1.8108,   1.0993,   0.0206
10678000000.0000,  23.4698,   1.7404,   1.0987,   0.0191
10680625000.0000,  23.5174,   1.8213,   1.1011,   0.0217
10683250000.0000,  23.5163,   1.7856,   1.0986,   0.0187
10685875000.0000,  23.5343,   1.8343,   1.1004,   0.0227
10688500000.0000,  23.4828,   1.7444,   1.0979,   0.0205
10691125000.0000,  23.5377,   1.7857,   1.1000,   0.0215
10693750000.0000,  23.5102,   1.8099,   1.0988,   0.0233
10696375000.0000,  23.5470,   1.8551,   1.0999,   0.0203
10699000000.0000,  23.5632,   1.7818,   1.0993,   0.0187
10701625000.0000,  23.5169,   1.8419,   1.0997,   0.0220
10704250000.0000,  23.4841,   1.7690,   1.0977,   0.0196
10706875000.0000,  23.4697,   1.8147,   1.0991,   0.0188
10709500000.0000,  23.3978,   1.7645,   1.0968,   0.0222
10712125000.0000,  23.4825,   1.7761,   1.0980,   0.0205
10714750000.0000,  23.4404,   1.7590,   1.0986,   0.0194
10717375000.0000,  23.4311,   1.8438,   1.0998,   0.0222
10720000000.0000,  23.4357,   1.7480,   1.0983,   0.0195
10722625000.0000,  23.5263,   1.7581,   1.0990,   0.0192
10725250000.0000,  23.4177,   1.8026,   1.0994,   0.0202
10727875000.0000,  23.4246,   1.7640,   1.1001,   0.0200
10730500000.0000,  23.4256,   1.7338,   1.0983,   0.0194
10733125000.0000,  23.4542,   1.8356,   1.0981,   0.0227
10735750000.0000,  23.4934,   1.7869,   1.1001,   0.0193
10738375000.0000,  23.3856,   1.8164,   1.1016,   0.0224
10741000000.0000,  23.3829,   1.8028,   1.1012,   0.0232
10743625000.0000,  23.3807,   1.7783,   1.0986,   0.0213
10746250000.0000,  23.3606,   1.8422,   1.0993,   0.0236
10748875000.0000,  23.4446,   1.8092,   1.1009,   0.0209
10751500000.0000,  23.4992,   1.8004,   1.1030,   0.0197
10754125000.0000,  23.4534,   1.7450,   1.1025,   0.0201
10756750000.0000,  23.3930,   1.7752,   1.1012,   0.0237
10759375000.0000,  23.4046,   1.7663,   1.1013,   0.0208
10762000000.0000,  23.4925,   1.7290,   1.1017,   0.0210
10764625000.0000,  23.4069,   1.8668,   1.1031,   0.0234
10767250000.0000,  23.4322,   1.7489,   1.1004,   0.0219
10769875000.0000,  23.3972,   1.7782,   1.1024,   0.0222
10772500000.0000,  23.4033,   1.8361,   1.1024,   0.0243
10775125000.0000,  23.3962,   1.7440,   1.1025,   0.0216
10777750000.0000,  23.4006,   1.7466,   1.1038,   0.0224
10780375000.0000,  23.4177,   1.7712,   1.1016,   0.0229
10783000000.0000,  23.4783,   1.8194,   1.1035,   0.0222
10785625000.0000,  23.3403,   1.8319,   1.1037,   0.0229
10788250000.0000,  23.3412,   1.7953,   1.1004,   0.0238
10790875000.0000,  23.3895,   1.8023,   1.1024,   0.0244
10793500000.0000,  23.3623,   1.7579,   1.1016,   0.0218
10796125000.0000,  23.4159,   1.8062,   1.1010,   0.0232
10798750000.0000,  23.3993,   1.8220,   1.1032,   0.0234
10801375000.0000,  23.3897,   1.7476,   1.1021,   0.0235
10804000000.0000,  23.4785,   1.7881,   1.1027,   0.0223
10806625000.0000,  23.3760,   1.8554,   1.1036,   0.0228
10809250000.0000,  23.4492,   1.8477,   1.1029,   0.0243
10811875000.0000,  23.4219,   1.7524,   1.1034,   0.0223
10814500000.0000,  23.4285,   1.8427,   1.1041,   0.0218
10817125000.0000,  23.4073,   1.8133,   1.1052,   0.0227
10819750000.0000,  23.3783,   1.8233,   1.1047,   0.0208
10822375000.0000,  23.4061,   1.8209,   1.1013,   0.0228
10825000000.0000,  23.4506,   1.8393,   1.1042,   0.0206
10827625000.0000,  23.4161,   1.8171,   1.1024,   0.0220
10830250000.0000,  23.4208,   1.8434,   1.1038,   0.0228
10832875000.0000,  23.3592,   1.8183,   1.1044,   0.0213
10835500000.0000,  23.3986,   1.8077,   1.1034,   0.0230
10838125000.0000,  23.4101,   1.8354,   1.1040,   0.0210
10840750000.0000,  23.3665,   1.8204,   1.1026,   0.0220
10843375000.0000,  23.4927,   1.8265,   1.1039,   0.0202
10846000000.0000,  23.4025,   1.7792,   1.1042,   0.0210
10848625000.0000,  23.3632,   1.8122,   1.1071,   0.0199
10851250000.0000,  23.4269,   1.7893,   1.1028,   0.0210
10853875000.0000,  23.3917,   1.8378,   1.1046,   0.0235
10856500000.0000,  23.3239,   1.8152,   1.1049,   0.0211
10859125000.0000,  23.3528,   1.7931,   1.1044,   0.0217
10861750000.0000,  23.4195,   1.7657,   1.1032,   0.0220
10864375000.0000,  23.3818,   1.8066,   1.1061,   0.0226
10867000000.0000,  23.3745,   1.7556,   1.1056,   0.0190
10869625000.0000,  23.4000,   1.7407,   1.1035,   0.0220
10872250000.0000,  23.3399,   1.7368,   1.1051,   0.0235
10874875000.0000,  23.2948,   1.7796,   1.1039,   0.0235
10877500000.0000,  23.3135,   1.7412,   1.1035,   0.0228
10880125000.0000,  23.3675,   1.7433,   1.1057,   0.0224
10882750000.0000,  23.3693,   1.7683,   1.1052,   0.0215
10885375000.0000,  23.3547,   1.7488,   1.1079,   0.0224
10888000000.0000,  23.3484,   1.7741,   1.1064,   0.0234
10890625000.0000,  23.3970,   1.7795,   1.1046,   0.0207
10893250000.0000,  23.3430,   1.7656,   1.1040,   0.0235
10895875000.0000,  23.3810,   1.7510,   1.1047,   0.0228
10898500000.0000,  23.3246,   1.8004,   1.1057,   0.0252
10901125000.0000,  23.3204,   1.7942,   1.1043,   0.0239
10903750000.0000,  23.3818,   1.7434,   1.1054,   0.0222
10906375000.0000,  23.3861,   1.7302,   1.1056,   0.0238
10909000000.0000,  23.3710,   1.7098,   1.1045,   0.0223
10911625000.0000,  23.3766,   1.7523,   1.1044,   0.0207
10914250000.0000,  23.3827,   1.7994,   1.1050,   0.0225
10916875000.0000,  23.3562,   1.7748,   1.1057,   0.0250
10919500000.0000,  23.3953,   1.7785,   1.1071,   0.0257
10922125000.0000,  23.3961,   1.7677,   1.1067,   0.0222
10924750000.0000,  23.3589,   1.7986,   1.1044,   0.0245
10927375000.0000,  23.3992,   1.7585,   1.1058,   0.0220
10930000000.0000,  23.3802,   1.7783,   1.1067,   0.0246
10932625000.0000,  23.3517,   1.7432,   1.1065,   0.0231
10935250000.0000,  23.3558,   1.8039,   1.1068,   0.0221
10937875000.0000,  23.2998,   1.7961,   1.1061,   0.0243
10940500000.0000,  23.4238,   1.7741,   1.1061,   0.0218
10943125000.0000,  23.3833,   1.8515,   1.1075,   0.0230
10945750000.0000,  23.3561,   1.7782,   1.1063,   0.0220
10948375000.0000,  23.3713,   1.7622,   1.1047,   0.0226
10951000000.0000,  23.4156,   1.8172,   1.1086,   0.0223
10953625000.0000,  23.3409,   1.7380,   1.1056,   0.0217
10956250000.0000,  23.2925,   1.7528,   1.1054,   0.0238
10958875000.0000,  23.3091,   1.7756,   1.1062,   0.0229
10961500000.0000,  23.3444,   1.8318,   1.1082,   0.0221
10964125000.0000,  23.3597,   1.8415,   1.1070,   0.0222
10966750000.0000,  23.3437,   1.7967,   1.1077,   0.0230
10969375000.0000,  23.3112,   1.7879,   1.1086,   0.0222
10972000000.0000,  23.3396,   1.8244,   1.1081,   0.0244
10974625000.0000,  23.3023,   1.7340,   1.1086,   0.0230
10977250000.0000,  23.3193,   1.8135,   1.1072,   0.0222
10979875000.0000,  23.2979,   1.7125,   1.1071,   0.0226
10982500000.0000,  23.3904,   1.7602,   1.1087,   0.0218
10985125000.0000,  23.3102,   1.8682,   1.1097,   0.0253
10987750000.0000,  23.3547,   1.7464,   1.1109,   0.0220
10990375000.0000,  23.2800,   1.7736,   1.1068,   0.0229
10993000000.0000,  23.3230,   1.7708,   1.1086,   0.0221
10995625000.0000,  23.2949,   1.8028,   1.1097,   0.0249
10998250000.0000,  23.3061,   1.7541,   1.1112,   0.0250
11000875000.0000,  23.3264,   1.7545,   1.1098,   0.0238
11003500000.0000,  23.3226,   1.7757,   1.1112,   0.0219
11006125000.0000,  23.2853,   1.8168,   1.1089,   0.0233
11008750000.0000,  23.3767,   1.7286,   1.1100,   0.0222
11011375000.0000,  23.3356,   1.7838,   1.1090,   0.0230
11014000000.0000,  23.3126,   1.7000,   1.1080,   0.0234
11016625000.0000,  23.3329,   1.7386,   1.1095,   0.0213
11019250000.0000,  23.3164,   1.7626,   1.1100,   0.0234
11021875000.0000,  23.2886,   1.8051,   1.1096,   0.0226
11024500000.0000,  23.3379,   1.7465,   1.1095,   0.0216
11027125000.0000,  23.3652,   1.7619,   1.1097,   0.0223
11029750000.0000,  23.3354,   1.7179,   1.1100,   0.0229
11032375000.0000,  23.2631,   1.7540,   1.1096,   0.0236
11035000000.0000,  23.3531,   1.7215,   1.1105,   0.0211
11037625000.0000,  23.3525,   1.7829,   1.1107,   0.0223
11040250000.0000,  23.4044,   1.7468,   1.1104,   0.0217
11042875000.0000,  23.3523,   1.8425,   1.1099,   0.0236
11045500000.0000,  23.3477,   1.7883,   1.1105,   0.0241
11048125000.0000,  23.3434,   1.7528,   1.1092,   0.0232
11050750000.0000,  23.3219,   1.7817,   1.1114,   0.0255
11053375000.0000,  23.3887,   1.7493,   1.1104,   0.0241
11056000000.0000,  23.3304,   1.6747,   1.1098,   0.0222
11058625000.0000,  23.3463,   1.7217,   1.1086,   0.0228
11061250000.0000,  23.3112,   1.7503,   1.1100,   0.0237
11063875000.0000,  23.3467,   1.7445,   1.1093,   0.0222
11066500000.0000,  23.3517,   1.7581,   1.1120,   0.0227
11069125000.0000,  23.3662,   1.7141,   1.1083,   0.0221
11071750000.0000,  23.3395,   1.7487,   1.1084,   0.0254
11074375000.0000,  23.3243,   1.7405,   1.1071,   0.0242
11077000000.0000,  23.3494,   1.7812,   1.1099,   0.0235
11079625000.0000,  23.3360,   1.7452,   1.1114,   0.0244
11082250000.0000,  23.3191,   1.7401,   1.1089,   0.0224
11084875000.0000,  23.3010,   1.7198,   1.1097,   0.0227
11087500000.0000,  23.3489,   1.6865,   1.1090,   0.0227
11090125000.0000,  23.3026,   1.7958,   1.1103,   0.0246
11092750000.0000,  23.3066,   1.7393,   1.1095,   0.0251
11095375000.0000,  23.2921,   1.7523,   1.1092,   0.0257
11098000000.0000,  23.2395,   1.7196,   1.1092,   0.0243
11100625000.0000,  23.3010,   1.6414,   1.1088,   0.0228
11103250000.0000,  23.3429,   1.7132,   1.1093,   0.0228
11105875000.0000,  23.2980,   1.8055,   1.1108,   0.0261
11108500000.0000,  23.2759,   1.6917,   1.1102,   0.0247
11111125000.0000,  23.2905,   1.7178,   1.1105,   0.0240
11113750000.0000,  23.2744,   1.7615,   1.1116,   0.0264
11116375000.0000,  23.2582,   1.7057,   1.1101,   0.0227
11119000000.0000,  23.2482,   1.7418,   1.1095,   0.0248
11121625000.0000,  23.3301,   1.7460,   1.1116,   0.0254
11124250000.0000,  23.2936,   1.7703,   1.1133,   0.0241
11126875000.0000,  23.2355,   1.7411,   1.1113,   0.0253
11129500000.0000,  23.3024,   1.7160,   1.1117,   0.0240
11132125000.0000,  23.2732,   1.7182,   1.1105,   0.0243
11134750000.0000,  23.2793,   1.8020,   1.1129,   0.0251
11137375000.0000,  23.2409,   1.8063,   1.1133,   0.0265
11140000000.0000,  23.2922,   1.7669,   1.1125,   0.0245
11142625000.0000,  23.2473,   1.7380,   1.1140,   0.0244
11145250000.0000,  23.2643,   1.7846,   1.1145,   0.0252
11147875000.0000,  23.2340,   1.7861,   1.1133,   0.0248
11150500000.0000,  23.2718,   1.8285,   1.1134,   0.0254
11153125000.0000,  23.2701,   1.7674,   1.1138,   0.0240
11155750000.0000,  23.2302,   1.7634,   1.1128,   0.0252
11158375000.0000,  23.2734,   1.7750,   1.1152,   0.0233
11161000000.0000,  23.2565,   1.7362,   1.1140,   0.0237
11163625000.0000,  23.2710,   1.7289,   1.1144,   0.0224
11166250000.0000,  23.2730,   1.8373,   1.1164,   0.0255
11168875000.0000,  23.2731,   1.8114,   1.1149,   0.0246
11171500000.0000,  23.2954,   1.7787,   1.1161,   0.0237
11174125000.0000,  23.2033,   1.7429,   1.1142,   0.0252
11176750000.0000,  23.3216,   1.7912,   1.1166,   0.0244
11179375000.0000,  23.2936,   1.7077,   1.1164,   0.0235
11182000000.0000,  23.2295,   1.7480,   1.1175,   0.0247
11184625000.0000,  23.2062,   1.7445,   1.1175,   0.0248
11187250000.0000,  23.3244,   1.7596,   1.1170,   0.0229
11189875000.0000,  23.2936,   1.7773,   1.1164,   0.0237
11192500000.0000,  23.3033,   1.7462,   1.1162,   0.0245
11195125000.0000,  23.3207,   1.7704,   1.1177,   0.0245
11197750000.0000,  23.2813,   1.7565,   1.1176,   0.0245
11200375000.0000,  23.2793,   1.7840,   1.1171,   0.0245
11203000000.0000,  23.2690,   1.7223,   1.1151,   0.0256
11205625000.0000,  23.3191,   1.7359,   1.1157,   0.0250
11208250000.0000,  23.3870,   1.6365,   1.1146,   0.0233
11210875000.0000,  23.3519,   1.8108,   1.1153,   0.0255
11213500000.0000,  23.2611,   1.7111,   1.1159,   0.0245
11216125000.0000,  23.2515,   1.7514,   1.1154,   0.0244
11218750000.0000,  23.3348,   1.8189,   1.1166,   0.0251
11221375000.0000,  23.3127,   1.7851,   1.1162,   0.0241
11224000000.0000,  23.3306,   1.8109,   1.1173,   0.0250
11226625000.0000,  23.2893,   1.7621,   1.1154,   0.0256
11229250000.0000,  23.3115,   1.7885,   1.1177,   0.0260
11231875000.0000,  23.2996,   1.7981,   1.1165,   0.0259
11234500000.0000,  23.3149,   1.8096,   1.1162,   0.0259
11237125000.0000,  23.2670,   1.7087,   1.1157,   0.0245
11239750000.0000,  23.3745,   1.7335,   1.1159,   0.0258
11242375000.0000,  23.2516,   1.7744,   1.1151,   0.0264
11245000000.0000,  23.2985,   1.7824,   1.1159,   0.0239
11247625000.0000,  23.3272,   1.7421,   1.1136,   0.0257
11250250000.0000,  23.3268,   1.7558,   1.1158,   0.0244
11252875000.0000,  23.3419,   1.7337,   1.1146,   0.0247
11255500000.0000,  23.3356,   1.7620,   1.1164,   0.0260
11258125000.0000,  23.2628,   1.7461,   1.1166,   0.0243
11260750000.0000,  23.3347,   1.7750,   1.1153,   0.0233
11263375000.0000,  23.2707,   1.7228,   1.1153,   0.0247
11266000000.0000,  23.2775,   1.8118,   1.1168,   0.0256
11268625000.0000,  23.2555,   1.7320,   1.1133,   0.0240
11271250000.0000,  23.2310,   1.7680,   1.1176,   0.0247
11273875000.0000,  23.2732,   1.7918,   1.1177,   0.0253
11276500000.0000,  23.2392,   1.7596,   1.1173,   0.0261
11279125000.0000,  23.2381,   1.8235,   1.1171,   0.0281
11281750000.0000,  23.1843,   1.8053,   1.1157,   0.0278
11284375000.0000,  23.2416,   1.8268,   1.1173,   0.0270
11287000000.0000,  23.1921,   1.8156,   1.1178,   0.0266
11289625000.0000,  23.1853,   1.7577,   1.1167,   0.0259
11292250000.0000,  23.1895,   1.8090,   1.1180,   0.0271
11294875000.0000,  23.1883,   1.8537,   1.1205,   0.0262
11297500000.0000,  23.2079,   1.6909,   1.1162,   0.0259
11300125000.0000,  23.2065,   1.7340,   1.1182,   0.0260
11302750000.0000,  23.2199,   1.8064,   1.1184,   0.0258
11305375000.0000,  23.1549,   1.7308,   1.1185,   0.0254
11308000000.0000,  23.1636,   1.7743,   1.1177,   0.0272
11310625000.0000,  23.1454,   1.7692,   1.1202,   0.0266
11313250000.0000,  23.2322,   1.7661,   1.1187,   0.0263
11315875000.0000,  23.2364,   1.7922,   1.1195,   0.0263
11318500000.0000,  23.2251,   1.7410,   1.1201,   0.0252
11321125000.0000,  23.2675,   1.7817,   1.1192,   0.0266
11323750000.0000,  23.2077,   1.7565,   1.1203,   0.0260
11326375000.0000,  23.2547,   1.7485,   1.1189,   0.0267
11329000000.0000,  23.1783,   1.7545,   1.1192,   0.0276
11331625000.0000,  23.2071,   1.7884,   1.1208,   0.0261
11334250000.0000,  23.2276,   1.7376,   1.1192,   0.0264
11336875000.0000,  23.2160,   1.7752,   1.1194,   0.0263
11339500000.0000,  23.2764,   1.7825,   1.1200,   0.0267
11342125000.0000,  23.2195,   1.8143,   1.1214,   0.0265
11344750000.0000,  23.2709,   1.7968,   1.1192,   0.0261
11347375000.0000,  23.2450,   1.8448,   1.1204,   0.0270
11350000000.0000,  23.2245,   1.7481,   1.1207,   0.0276
11352625000.0000,  23.2773,   1.8031,   1.1193,   0.0263
11355250000.0000,  23.2700,   1.7929,   1.1200,   0.0261
11357875000.0000,  23.2465,   1.7774,   1.1197,   0.0259
11360500000.0000,  23.2542,   1.8434,   1.1217,   0.0272
11363125000.0000,  23.2467,   1.7871,   1.1192,   0.0252
11365750000.0000,  23.2017,   1.7481,   1.1200,   0.0255
11368375000.0000,  23.2408,   1.7878,   1.1215,   0.0249
11371000000.0000,  23.2617,   1.8001,   1.1206,   0.0257
11373625000.0000,  23.2183,   1.8393,   1.1206,   0.0267
11376250000.0000,  23.2455,   1.7825,   1.1207,   0.0266
11378875000.0000,  23.3110,   1.7657,   1.1209,   0.0251
11381500000.0000,  23.2831,   1.7939,   1.1211,   0.0257
11384125000.0000,  23.3233,   1.7769,   1.1205,   0.0249
11386750000.0000,  23.2823,   1.8240,   1.1215,   0.0248
11389375000.0000,  23.2662,   1.7252,   1.1200,   0.0263
11392000000.0000,  23.2312,   1.6882,   1.1188,   0.0283
11394625000.0000,  23.2304,   1.7672,   1.1217,   0.0264
11397250000.0000,  23.2166,   1.7403,   1.1216,   0.0254
11399875000.0000,  23.2059,   1.7960,   1.1217,   0.0260
11402500000.0000,  23.2325,   1.7603,   1.1209,   0.0271
11405125000.0000,  23.1982,   1.8035,   1.1207,   0.0285
11407750000.0000,  23.2159,   1.7391,   1.1218,   0.0274
11410375000.0000,  23.2113,   1.8614,   1.1221,   0.0277
11413000000.0000,  23.2688,   1.7548,   1.1222,   0.0262
11415625000.0000,  23.2465,   1.7988,   1.1228,   0.0277
11418250000.0000,  23.2692,   1.8177,   1.1213,   0.0262
11420875000.0000,  23.2278,   1.8246,   1.1220,   0.0288
11423500000.0000,  23.2467,   1.8732,   1.1252,   0.0271
11426125000.0000,  23.2100,   1.8265,   1.1228,   0.0277
11428750000.0000,  23.1993,   1.8502,   1.1231,   0.0267
11431375000.0000,  23.1937,   1.8856,   1.1241,   0.0277
11434000000.0000,  23.2381,   1.8322,   1.1242,   0.0276
11436625000.0000,  23.2496,   1.8593,   1.1230,   0.0268
11439250000.0000,  23.1892,   1.8628,   1.1245,   0.0268
11441875000.0000,  23.1810,   1.8803,   1.1250,   0.0286
11444500000.0000,  23.1413,   1.8943,   1.1233,   0.0287
11447125000.0000,  23.1171,   1.8475,   1.1241,   0.0275
11449750000.0000,  23.1667,   1.8197,   1.1229,   0.0280
11452375000.0000,  23.1202,   1.8256,   1.1242,   0.0279
11455000000.0000,  23.1785,   1.8606,   1.1220,   0.0255
11457625000.0000,  23.1888,   1.8911,   1.1244,   0.0281
11460250000.0000,  23.2036,   1.8494,   1.1229,   0.0280
11462875000.0000,  23.1818,   1.8704,   1.1243,   0.0286
11465500000.0000,  23.1609,   1.7915,   1.1227,   0.0268
11468125000.0000,  23.1961,   1.8397,   1.1243,   0.0282
11470750000.0000,  23.1468,   1.8940,   1.1250,   0.0273
11473375000.0000,  23.1383,   1.9016,   1.1255,   0.0288
11476000000.0000,  23.1957,   1.8616,   1.1241,   0.0287
11478625000.0000,  23.0926,   1.8614,   1.1257,   0.0281
11481250000.0000,  23.1760,   1.8523,   1.1249,   0.0279
11483875000.0000,  23.2144,   1.8287,   1.1255,   0.0267
11486500000.0000,  23.1359,   1.9247,   1.1259,   0.0274
11489125000.0000,  23.1732,   1.8888,   1.1251,   0.0277
11491750000.0000,  23.1569,   1.8781,   1.1273,   0.0283
11494375000.0000,  23.2090,   1.8257,   1.1244,   0.0268
11497000000.0000,  23.1707,   1.8828,   1.1258,   0.0274
11499625000.0000,  23.1816,   1.9160,   1.1257,   0.0283
11502250000.0000,  23.1576,   1.8286,   1.1258,   0.0290
11504875000.0000,  23.1680,   1.8800,   1.1254,   0.0292
11507500000.0000,  23.1814,   1.7809,   1.1247,   0.0286
11510125000.0000,  23.2132,   1.8038,   1.1251,   0.0276
11512750000.0000,  23.1698,   1.8870,   1.1259,   0.0281
11515375000.0000,  23.1533,   1.8538,   1.1255,   0.0286
11518000000.0000,  23.1155,   1.8544,   1.1239,   0.0296
11520625000.0000,  23.1430,   1.9285,   1.1264,   0.0298
11523250000.0000,  23.1673,   1.8978,   1.1276,   0.0281
11525875000.0000,  23.1709,   1.8910,   1.1268,   0.0285
11528500000.0000,  23.2243,   1.8882,   1.1255,   0.0274
11531125000.0000,  23.1865,   1.8737,   1.1255,   0.0273
11533750000.0000,  23.1661,   1.8790,   1.1258,   0.0285
11536375000.0000,  23.0860,   1.8297,   1.1252,   0.0294
11539000000.0000,  23.1346,   1.8426,   1.1267,   0.0281
11541625000.0000,  23.0924,   1.8911,   1.1267,   0.0293
11544250000.0000,  23.0984,   1.8670,   1.1261,   0.0282
11546875000.0000,  23.1204,   1.8887,   1.1270,   0.0291
11549500000.0000,  23.1639,   1.8161,   1.1252,   0.0275
11552125000.0000,  23.1429,   1.8630,   1.1270,   0.0283
11554750000.0000,  23.2344,   1.8987,   1.1286,   0.0274
11557375000.0000,  23.1097,   1.8984,   1.1281,   0.0279
11560000000.0000,  23.1521,   1.8826,   1.1273,   0.0282
11562625000.0000,  23.1390,   1.8638,   1.1274,   0.0289
11565250000.0000,  23.1218,   1.8844,   1.1266,   0.0282
11567875000.0000,  23.0983,   1.9406,   1.1274,   0.0277
11570500000.0000,  23.0851,   1.8631,   1.1269,   0.0290
11573125000.0000,  23.1387,   1.8499,   1.1277,   0.0279
11575750000.0000,  23.1391,   1.9031,   1.1277,   0.0280
11578375000.0000,  23.0881,   1.9636,   1.1291,   0.0292
11581000000.0000,  23.0728,   1.9063,   1.1302,   0.0300
11583625000.0000,  23.0427,   1.8769,   1.1303,   0.0292
11586250000.0000,  23.0321,   1.9104,   1.1296,   0.0294
11588875000.0000,  23.0142,   1.8061,   1.1292,   0.0297
11591500000.0000,  23.1059,   1.8153,   1.1276,   0.0279
11594125000.0000,  23.0740,   1.8495,   1.1300,   0.0296
11596750000.0000,  23.0553,   1.8789,   1.1300,   0.0303
11599375000.0000,  23.1171,   1.8696,   1.1287,   0.0289
11602000000.0000,  23.0245,   1.8568,   1.1307,   0.0296
11604625000.0000,  23.0936,   1.8153,   1.1277,   0.0290
11607250000.0000,  23.0371,   1.8395,   1.1296,   0.0305
11609875000.0000,  23.0568,   1.7674,   1.1293,   0.0291
11612500000.0000,  23.0292,   1.8908,   1.1297,   0.0311
11615125000.0000,  23.0410,   1.8586,   1.1293,   0.0305
11617750000.0000,  23.0718,   1.9018,   1.1316,   0.0300
11620375000.0000,  23.0047,   1.9014,   1.1312,   0.0293
11623000000.0000,  23.0799,   1.8889,   1.1299,   0.0298
11625625000.0000,  23.0654,   1.7990,   1.1291,   0.0281
11628250000.0000,  23.0636,   1.8616,   1.1299,   0.0298
11630875000.0000,  23.1090,   1.9487,   1.1305,   0.0284
11633500000.0000,  23.0720,   1.9593,   1.1310,   0.0312
11636125000.0000,  23.0851,   1.9315,   1.1291,   0.0290
11638750000.0000,  23.0733,   1.8226,   1.1295,   0.0286
11641375000.0000,  23.1006,   1.9487,   1.1302,   0.0308
11644000000.0000,  23.0976,   1.8562,   1.1314,   0.0283
11646625000.0000,  23.1079,   1.8758,   1.1298,   0.0276
11649250000.0000,  23.0511,   1.8658,   1.1292,   0.0296
11651875000.0000,  23.0713,   1.8852,   1.1281,   0.0289
11654500000.0000,  23.1037,   1.9313,   1.1301,   0.0279
11657125000.0000,  23.0922,   1.9164,   1.1321,   0.0280
11659750000.0000,  23.0595,   1.9519,   1.1311,   0.0298
11662375000.0000,  23.0955,   1.9380,   1.1313,   0.0284
11665000000.0000,  23.0967,   1.9430,   1.1314,   0.0282
11667625000.0000,  23.0632,   1.9352,   1.1292,   0.0272
11670250000.0000,  23.1003,   1.9123,   1.1311,   0.0285
11672875000.0000,  23.1764,   1.8928,   1.1303,   0.0282
11675500000.0000,  23.0491,   1.8995,   1.1315,   0.0298
11678125000.0000,  23.0433,   1.8618,   1.1313,   0.0284
11680750000.0000,  23.0403,   1.9348,   1.1322,   0.0307
11683375000.0000,  23.0840,   1.8912,   1.1313,   0.0278
11686000000.0000,  23.0604,   1.9278,   1.1315,   0.0278
11688625000.0000,  23.0177,   1.9695,   1.1319,   0.0299
11691250000.0000,  23.0408,   1.9182,   1.1332,   0.0281
11693875000.0000,  22.9831,   1.8961,   1.1322,   0.0285
11696500000.0000,  23.0441,   1.8977,   1.1335,   0.0286
11699125000.0000,  22.9647,   1.9952,   1.1334,   0.0305
11701750000.0000,  23.0516,   1.9246,   1.1321,   0.0279
11704375000.0000,  22.9570,   1.8980,   1.1320,   0.0301
11707000000.0000,  22.9785,   1.8545,   1.1314,   0.0295
11709625000.0000,  23.0547,   1.9000,   1.1336,   0.0295
11712250000.0000,  22.9591,   1.8815,   1.1325,   0.0288
11714875000.0000,  23.0365,   1.8496,   1.1333,   0.0294
11717500000.0000,  22.9984,   1.8499,   1.1335,   0.0307
11720125000.0000,  22.9286,   1.8472,   1.1330,   0.0324
11722750000.0000,  23.0145,   1.9086,   1.1333,   0.0311
11725375000.0000,  22.9712,   1.8523,   1.1329,   0.0326
11728000000.0000,  22.9620,   1.8524,   1.1336,   0.0323
11730625000.0000,  22.9372,   1.8961,   1.1347,   0.0317
11733250000.0000,  22.9769,   1.8804,   1.1337,   0.0325
11735875000.0000,  22.8958,   1.8953,   1.1333,   0.0337
11738500000.0000,  22.9788,   1.8604,   1.1334,   0.0326
11741125000.0000,  22.9113,   1.9084,   1.1335,   0.0335
11743750000.0000,  22.9807,   1.8105,   1.1315,   0.0313
11746375000.0000,  22.9645,   1.8988,   1.1332,   0.0307
11749000000.0000,  22.8857,   1.9115,   1.1337,   0.0332
11751625000.0000,  22.9875,   1.9401,   1.1329,   0.0309
11754250000.0000,  22.9300,   1.9230,   1.1346,   0.0310
11756875000.0000,  22.9112,   1.8630,   1.1338,   0.0319
11759500000.0000,  22.9540,   1.8148,   1.1324,   0.0317
11762125000.0000,  22.8853,   1.9927,   1.1348,   0.0334
11764750000.0000,  22.8863,   1.9154,   1.1336,   0.0326
11767375000.0000,  22.8895,   1.9617,   1.1349,   0.0325
11770000000.0000,  22.8874,   1.9316,   1.1345,   0.0322
11772625000.0000,  22.9383,   1.9421,   1.1357,   0.0300
11775250000.0000,  22.8970,   1.9513,   1.1349,   0.0306
11777875000.0000,  22.8766,   1.9301,   1.1343,   0.0326
11780500000.0000,  22.9492,   1.9734,   1.1339,   0.0311
11783125000.0000,  22.9392,   1.9456,   1.1357,   0.0307
11785750000.0000,  22.9188,   1.9658,   1.1347,   0.0314
11788375000.0000,  22.8786,   1.9600,   1.1357,   0.0299
11791000000.0000,  22.9004,   1.9428,   1.1356,   0.0315
11793625000.0000,  22.8552,   1.9526,   1.1355,   0.0317
11796250000.0000,  22.9186,   1.9272,   1.1348,   0.0309
11798875000.0000,  22.8961,   1.9348,   1.1352,   0.0319
11801500000.0000,  22.9187,   1.9353,   1.1352,   0.0302
11804125000.0000,  22.8736,   1.9473,   1.1351,   0.0316
11806750000.0000,  22.8380,   1.9922,   1.1362,   0.0316
11809375000.0000,  22.8881,   1.9647,   1.1363,   0.0309
11812000000.0000,  22.8830,   1.9183,   1.1368,   0.0330
11814625000.0000,  22.9053,   1.9437,   1.1387,   0.0311
11817250000.0000,  22.8883,   1.8676,   1.1370,   0.0312
11819875000.0000,  22.8366,   1.8506,   1.1367,   0.0316
11822500000.0000,  22.8706,   1.9055,   1.1368,   0.0321
11825125000.0000,  22.8741,   1.9106,   1.1378,   0.0318
11827750000.0000,  22.8308,   1.9266,   1.1376,   0.0330
11830375000.0000,  22.8987,   1.9125,   1.1376,   0.0329
11833000000.0000,  22.8785,   1.8764,   1.1372,   0.0319
11835625000.0000,  22.8206,   1.8767,   1.1385,   0.0317
11838250000.0000,  22.8790,   1.8823,   1.1377,   0.0329
11840875000.0000,  22.8268,   1.8845,   1.1385,   0.0322
11843500000.0000,  22.8548,   1.8994,   1.1378,   0.0326
11846125000.0000,  22.8923,   1.8435,   1.1380,   0.0315
11848750000.0000,  22.8312,   1.9513,   1.1374,   0.0305
11851375000.0000,  22.8013,   1.8634,   1.1385,   0.0326
11854000000.0000,  22.8538,   1.8806,   1.1380,   0.0317
11856625000.0000,  22.8597,   1.8856,   1.1389,   0.0323
11859250000.0000,  22.8555,   1.9053,   1.1372,   0.0336
11861875000.0000,  22.8153,   1.8864,   1.1382,   0.0330
11864500000.0000,  22.7840,   1.9402,   1.1378,   0.0318
11867125000.0000,  22.8041,   1.9249,   1.1381,   0.0315
11869750000.0000,  22.7912,   1.9206,   1.1377,   0.0333
11872375000.0000,  22.8210,   1.8411,   1.1384,   0.0329
11875000000.0000,  22.8038,   1.9311,   1.1383,   0.0324
11877625000.0000,  22.8521,   1.8864,   1.1373,   0.0316
11880250000.0000,  22.7979,   1.9378,   1.1380,   0.0322
11882875000.0000,  22.8358,   1.9405,   1.1380,   0.0312
11885500000.0000,  22.8172,   1.8227,   1.1371,   0.0331
11888125000.0000,  22.8075,   1.9329,   1.1373,   0.0320
11890750000.0000,  22.7969,   1.9036,   1.1381,   0.0313
11893375000.0000,  22.7703,   1.8852,   1.1362,   0.0327
11896000000.0000,  22.7750,   1.9487,   1.1380,   0.0325
11898625000.0000,  22.7510,   1.9002,   1.1379,   0.0339
11901250000.0000,  22.7873,   1.8578,   1.1371,   0.0319
11903875000.0000,  22.8007,   1.8490,   1.1382,   0.0312
11906500000.0000,  22.7544,   1.8415,   1.1368,   0.0325
11909125000.0000,  22.7659,   1.9287,   1.1400,   0.0325
11911750000.0000,  22.7967,   1.8474,   1.1376,   0.0311
11914375000.0000,  22.6884,   1.8678,   1.1386,   0.0336
11917000000.0000,  22.7176,   1.8831,   1.1397,   0.0334
11919625000.0000,  22.7276,   1.8601,   1.1384,   0.0324
11922250000.0000,  22.7150,   1.8828,   1.1399,   0.0305
11924875000.0000,  22.8264,   1.9223,   1.1384,   0.0325
11927500000.0000,  22.7217,   1.8192,   1.1395,   0.0337
11930125000.0000,  22.7247,   1.9343,   1.1396,   0.0322
11932750000.0000,  22.7490,   1.8364,   1.1396,   0.0324
11935375000.0000,  22.7340,   1.8496,   1.1422,   0.0336
11938000000.0000,  22.7552,   1.8825,   1.1391,   0.0330
11940625000.0000,  22.6261,   1.9313,   1.1409,   0.0338
11943250000.0000,  22.6866,   1.8985,   1.1401,   0.0351
11945875000.0000,  22.6515,   1.7962,   1.1399,   0.0340
11948500000.0000,  22.6581,   1.8791,   1.1418,   0.0337
11951125000.0000,  22.6643,   1.8834,   1.1414,   0.0338
11953750000.0000,  22.6545,   1.7986,   1.1404,   0.0324
11956375000.0000,  22.6440,   1.9023,   1.1411,   0.0341
11959000000.0000,  22.6247,   1.9222,   1.1404,   0.0332
11961625000.0000,  22.6239,   1.8439,   1.1414,   0.0324
11964250000.0000,  22.6692,   1.9932,   1.1433,   0.0324
11966875000.0000,  22.6528,   1.8972,   1.1426,   0.0330
11969500000.0000,  22.6637,   1.8357,   1.1425,   0.0345
11972125000.0000,  22.5803,   1.8767,   1.1421,   0.0351
11974750000.0000,  22.6374,   1.8878,   1.1429,   0.0354
11977375000.0000,  22.6622,   1.9245,   1.1427,   0.0330
11980000000.0000,  22.6240,   1.8824,   1.1437,   0.0343
11982625000.0000,  22.6624,   1.8642,   1.1429,   0.0336
11985250000.0000,  22.6427,   1.8912,   1.1434,   0.0332
11987875000.0000,  22.5907,   1.8946,   1.1449,   0.0346
11990500000.0000,  22.6312,   1.8766,   1.1444,   0.0327
11993125000.0000,  22.6055,   1.8867,   1.1455,   0.0321
11995750000.0000,  22.6429,   1.8225,   1.1447,   0.0337
11998375000.0000,  22.6279,   1.8829,   1.1445,   0.0332
12001000000.0000,  22.5880,   1.8878,   1.1456,   0.0331
12003625000.0000,  22.5543,   1.8563,   1.1450,   0.0332
12006250000.0000,  22.6367,   1.8788,   1.1452,   0.0326
12008875000.0000,  22.6359,   1.7607,   1.1439,   0.0337
12011500000.0000,  22.6588,   1.8643,   1.1453,   0.0327
12014125000.0000,  22.6523,   1.9381,   1.1457,   0.0350
12016750000.0000,  22.6161,   1.8325,   1.1460,   0.0335
12019375000.0000,  22.6468,   1.8707,   1.1447,   0.0332
12022000000.0000,  22.6228,   1.8242,   1.1461,   0.0345
12024625000.0000,  22.6070,   1.8558,   1.1460,   0.0350
12027250000.0000,  22.6543,   1.8206,   1.1455,   0.0349
12029875000.0000,  22.7267,   1.8108,   1.1452,   0.0331
12032500000.0000,  22.6331,   1.8623,   1.1461,   0.0336
12035125000.0000,  22.7022,   1.8022,   1.1453,   0.0332
12037750000.0000,  22.6843,   1.8620,   1.1454,   0.0340
12040375000.0000,  22.5719,   1.8790,   1.1464,   0.0357
12043000000.0000,  22.6716,   1.7888,   1.1458,   0.0343
12045625000.0000,  22.6282,   1.8384,   1.1454,   0.0349
12048250000.0000,  22.6713,   1.8033,   1.1442,   0.0332
12050875000.0000,  22.6820,   1.7965,   1.1454,   0.0342
12053500000.0000,  22.6875,   1.8299,   1.1440,   0.0338
12056125000.0000,  22.5822,   1.8355,   1.1452,   0.0341
12058750000.0000,  22.6272,   1.8593,   1.1451,   0.0334
12061375000.0000,  22.6494,   1.9082,   1.1458,   0.0330
12064000000.0000,  22.6534,   1.8623,   1.1454,   0.0333
12066625000.0000,  22.6600,   1.8295,   1.1437,   0.0321
12069250000.0000,  22.6178,   1.8703,   1.1462,   0.0328
12071875000.0000,  22.6045,   1.8326,   1.1452,   0.0332
12074500000.0000,  22.6023,   1.7937,   1.1459,   0.0327
12077125000.0000,  22.7026,   1.8490,   1.1443,   0.0317
12079750000.0000,  22.6453,   1.8685,   1.1455,   0.0321
12082375000.0000,  22.6094,   1.8851,   1.1463,   0.0331
12085000000.0000,  22.5598,   1.8744,   1.1462,   0.0341
12087625000.0000,  22.6227,   1.8264,   1.1460,   0.0335
12090250000.0000,  22.6355,   1.8204,   1.1460,   0.0331
12092875000.0000,  22.5887,   1.8782,   1.1469,   0.0326
12095500000.0000,  22.5863,   1.8029,   1.1467,   0.0332
12098125000.0000,  22.5546,   1.8083,   1.1449,   0.0337
12100750000.0000,  22.5232,   1.8000,   1.1473,   0.0340
12103375000.0000,  22.5073,   1.7952,   1.1483,   0.0343
12106000000.0000,  22.5287,   1.8955,   1.1476,   0.0330
12108625000.0000,  22.5459,   1.8045,   1.1468,   0.0334
12111250000.0000,  22.5011,   1.7657,   1.1470,   0.0334
12113875000.0000,  22.5930,   1.7381,   1.1476,   0.0326
12116500000.0000,  22.5226,   1.7756,   1.1485,   0.0347
12119125000.0000,  22.5046,   1.7209,   1.1479,   0.0356
12121750000.0000,  22.4730,   1.7466,   1.1484,   0.0344
12124375000.0000,  22.5169,   1.8324,   1.1481,   0.0345
12127000000.0000,  22.5788,   1.8421,   1.1499,   0.0339
12129625000.0000,  22.5563,   1.7783,   1.1492,   0.0347
12132250000.0000,  22.4900,   1.7303,   1.1487,   0.0355
12134875000.0000,  22.5276,   1.6995,   1.1486,   0.0366
12137500000.0000,  22.5338,   1.7310,   1.1493,   0.0356
12140125000.0000,  22.6184,   1.7487,   1.1506,   0.0344
12142750000.0000,  22.5196,   1.8009,   1.1501,   0.0360
12145375000.0000,  22.5732,   1.7110,   1.1494,   0.0346
12148000000.0000,  22.5361,   1.7579,   1.1505,   0.0364
12150625000.0000,  22.4955,   1.7518,   1.1500,   0.0366
12153250000.0000,  22.6082,   1.7764,   1.1492,   0.0335
12155875000.0000,  22.5068,   1.8142,   1.1503,   0.0347
12158500000.0000,  22.5781,   1.8294,   1.1509,   0.0344
12161125000.0000,  22.5901,   1.7576,   1.1491,   0.0349
12163750000.0000,  22.5824,   1.7945,   1.1504,   0.0349
12166375000.0000,  22.6103,   1.7799,   1.1506,   0.0342
12169000000.0000,  22.6046,   1.8405,   1.1507,   0.0337
12171625000.0000,  22.6103,   1.7747,   1.1501,   0.0335
12174250000.0000,  22.5674,   1.7744,   1.1500,   0.0340
12176875000.0000,  22.5672,   1.7960,   1.1515,   0.0337
12179500000.0000,  22.5521,   1.8613,   1.1505,   0.0345
12182125000.0000,  22.5466,   1.8154,   1.1490,   0.0346
12184750000.0000,  22.5527,   1.7706,   1.1505,   0.0328
12187375000.0000,  22.6017,   1.7351,   1.1491,   0.0330
12190000000.0000,  22.5591,   1.7369,   1.1498,   0.0323
12192625000.0000,  22.5305,   1.8404,   1.1503,   0.0324
12195250000.0000,  22.5012,   1.7854,   1.1507,   0.0324
12197875000.0000,  22.4629,   1.7543,   1.1519,   0.0336
12200500000.0000,  22.5180,   1.7962,   1.1522,   0.0335
12203125000.0000,  22.4778,   1.7365,   1.1504,   0.0348
12205750000.0000,  22.4644,   1.7754,   1.1524,   0.0345
12208375000.0000,  22.4524,   1.7339,   1.1514,   0.0347
12211000000.0000,  22.4543,   1.7969,   1.1512,   0.0348
12213625000.0000,  22.4500,   1.7900,   1.1512,   0.0341
12216250000.0000,  22.4666,   1.7356,   1.1498,   0.0342
12218875000.0000,  22.5023,   1.8087,   1.1529,   0.0350
12221500000.0000,  22.4683,   1.7530,   1.1526,   0.0335
12224125000.0000,  22.4443,   1.7611,   1.1536,   0.0339
12226750000.0000,  22.4445,   1.7479,   1.1527,   0.0331
12229375000.0000,  22.4760,   1.7686,   1.1527,   0.0330
12232000000.0000,  22.4391,   1.6716,   1.1531,   0.0353
12234625000.0000,  22.4381,   1.7084,   1.1533,   0.0354
12237250000.0000,  22.4098,   1.7756,   1.1545,   0.0346
12239875000.0000,  22.5030,   1.7537,   1.1536,   0.0364
12242500000.0000,  22.4665,   1.6962,   1.1523,   0.0349
12245125000.0000,  22.4868,   1.6593,   1.1519,   0.0349
12247750000.0000,  22.5353,   1.7291,   1.1540,   0.0348
12250375000.0000,  22.4756,   1.7346,   1.1538,   0.0348
12253000000.0000,  22.4688,   1.6954,   1.1548,   0.0347
12255625000.0000,  22.4408,   1.7377,   1.1556,   0.0349
12258250000.0000,  22.4214,   1.7608,   1.1571,   0.0365
12260875000.0000,  22.4194,   1.7273,   1.1545,   0.0364
12263500000.0000,  22.4804,   1.6168,   1.1544,   0.0362
12266125000.0000,  22.5235,   1.6660,   1.1545,   0.0350
12268750000.0000,  22.5016,   1.8066,   1.1558,   0.0335
12271375000.0000,  22.4812,   1.6828,   1.1562,   0.0355
12274000000.0000,  22.4459,   1.7557,   1.1561,   0.0360
12276625000.0000,  22.4632,   1.8435,   1.1574,   0.0343
12279250000.0000,  22.4727,   1.6771,   1.1554,   0.0363
12281875000.0000,  22.5233,   1.8398,   1.1565,   0.0344
12284500000.0000,  22.5055,   1.8032,   1.1568,   0.0346
12287125000.0000,  22.4958,   1.7951,   1.1579,   0.0353
12289750000.0000,  22.5240,   1.7649,   1.1572,   0.0345
12292375000.0000,  22.5016,   1.7376,   1.1570,   0.0356
12295000000.0000,  22.4971,   1.7787,   1.1576,   0.0352
12297625000.0000,  22.5491,   1.7714,   1.1577,   0.0330
12300250000.0000,  22.5241,   1.7472,   1.1581,   0.0335
12302875000.0000,  22.4760,   1.8036,   1.1585,   0.0340
12305500000.0000,  22.4856,   1.7171,   1.1574,   0.0345
12308125000.0000,  22.5333,   1.7989,   1.1568,   0.0334
12310750000.0000,  22.5161,   1.7498,   1.1578,   0.0361
12313375000.0000,  22.5371,   1.7467,   1.1584,   0.0338
12316000000.0000,  22.4992,   1.7910,   1.1592,   0.0335
12318625000.0000,  22.5051,   1.7534,   1.1583,   0.0340
12321250000.0000,  22.4959,   1.7099,   1.1581,   0.0349
12323875000.0000,  22.4543,   1.6907,   1.1579,   0.0351
12326500000.0000,  22.4730,   1.6894,   1.1589,   0.0348
12329125000.0000,  22.4455,   1.6441,   1.1575,   0.0355
12331750000.0000,  22.4721,   1.7602,   1.1596,   0.0352
12334375000.0000,  22.3957,   1.7106,   1.1601,   0.0361
12337000000.0000,  22.4536,   1.7648,   1.1586,   0.0349
12339625000.0000,  22.4176,   1.7438,   1.1589,   0.0363
12342250000.0000,  22.4896,   1.6920,   1.1578,   0.0355
12344875000.0000,  22.3557,   1.7347,   1.1606,   0.0373
12347500000.0000,  22.4415,   1.6928,   1.1579,   0.0356
12350125000.0000,  22.4504,   1.6335,   1.1570,   0.0364
12352750000.0000,  22.3892,   1.7269,   1.1597,   0.0372
12355375000.0000,  22.4061,   1.6726,   1.1587,   0.0368
12358000000.0000,  22.3909,   1.6485,   1.1594,   0.0366
12360625000.0000,  22.4769,   1.6206,   1.1583,   0.0370
12363250000.0000,  22.4099,   1.6990,   1.1592,   0.0369
12365875000.0000,  22.4254,   1.7659,   1.1585,   0.0363
12368500000.0000,  22.4150,   1.7451,   1.1584,   0.0373
12371125000.0000,  22.4124,   1.7023,   1.1608,   0.0368
12373750000.0000,  22.4091,   1.7247,   1.1586,   0.0359
12376375000.0000,  22.4339,   1.7430,   1.1592,   0.0362
12379000000.0000,  22.4303,   1.7304,   1.1601,   0.0363
12381625000.0000,  22.3980,   1.7276,   1.1605,   0.0356
12384250000.0000,  22.4662,   1.6757,   1.1599,   0.0348
12386875000.0000,  22.4977,   1.7997,   1.1605,   0.0346
12389500000.0000,  22.3868,   1.7336,   1.1613,   0.0368
12392125000.0000,  22.4422,   1.7222,   1.1602,   0.0362
12394750000.0000,  22.3663,   1.6509,   1.1613,   0.0379
12397375000.0000,  22.4431,   1.7111,   1.1606,   0.0356
12400000000.0000,  22.3942,   1.7641,   1.1624,   0.0359
