85071 Material Measurement Software E07.01.08
Agilent Technologies,N5230C,MY49001460,A.09.20.08
Title:,Title
Sub Title:,SubTitle
Date:,"Wednesday, April 27, 2016 14:06:26"

frequency,e',e'',u',u''
8200000000.0000,  14.0608,   0.5641,   0.9684,  -0.0040
8202625000.0000,  14.0686,   0.5515,   0.9696,  -0.0118
8205250000.0000,  14.0838,   0.5609,   0.9686,   0.0004
8207875000.0000,  14.0851,   0.5476,   0.9732,  -0.0038
8210500000.0000,  14.0678,   0.5574,   0.9696,  -0.0049
8213125000.0000,  14.0745,   0.5521,   0.9752,  -0.0073
8215750000.0000,  14.0794,   0.5342,   0.9703,  -0.0089
8218375000.0000,  14.0725,   0.5464,   0.9733,  -0.0058
8221000000.0000,  14.0745,   0.5378,   0.9725,  -0.0102
8223625000.0000,  14.0619,   0.5552,   0.9716,  -0.0045
8226250000.0000,  14.0597,   0.5380,   0.9731,  -0.0097
8228875000.0000,  14.0834,   0.5428,   0.9727,  -0.0073
8231500000.0000,  14.0739,   0.5632,   0.9695,   0.0009
8234125000.0000,  14.0687,   0.5641,   0.9734,  -0.0015
8236750000.0000,  14.0627,   0.5489,   0.9744,  -0.0074
8239375000.0000,  14.0837,   0.5550,   0.9762,  -0.0062
8242000000.0000,  14.0819,   0.5575,   0.9701,  -0.0006
8244625000.0000,  14.0827,   0.5337,   0.9724,  -0.0095
8247250000.0000,  14.0825,   0.5492,   0.9743,  -0.0042
8249875000.0000,  14.0871,   0.5518,   0.9729,  -0.0027
8252500000.0000,  14.0826,   0.5520,   0.9727,  -0.0055
8255125000.0000,  14.0837,   0.5421,   0.9715,  -0.0067
8257750000.0000,  14.0845,   0.5567,   0.9706,  -0.0010
8260375000.0000,  14.0794,   0.5459,   0.9735,  -0.0077
8263000000.0000,  14.0902,   0.5523,   0.9724,  -0.0098
8265625000.0000,  14.0895,   0.5435,   0.9698,  -0.0059
8268250000.0000,  14.0894,   0.5646,   0.9745,  -0.0018
8270875000.0000,  14.0939,   0.5382,   0.9713,  -0.0093
8273500000.0000,  14.1030,   0.5423,   0.9693,  -0.0070
8276125000.0000,  14.0947,   0.5539,   0.9723,  -0.0054
8278750000.0000,  14.0978,   0.5599,   0.9716,  -0.0067
8281375000.0000,  14.0860,   0.5395,   0.9710,  -0.0085
8284000000.0000,  14.0910,   0.5629,   0.9715,   0.0003
8286625000.0000,  14.0952,   0.5468,   0.9680,  -0.0065
8289250000.0000,  14.0927,   0.5594,   0.9708,  -0.0038
8291875000.0000,  14.0969,   0.5464,   0.9680,  -0.0069
8294500000.0000,  14.0876,   0.5505,   0.9727,  -0.0026
8297125000.0000,  14.1083,   0.5457,   0.9701,  -0.0072
8299750000.0000,  14.1026,   0.5453,   0.9675,  -0.0113
8302375000.0000,  14.1048,   0.5544,   0.9713,  -0.0046
8305000000.0000,  14.0967,   0.5494,   0.9718,  -0.0067
8307625000.0000,  14.1097,   0.5580,   0.9726,  -0.0082
8310250000.0000,  14.1035,   0.5612,   0.9714,  -0.0074
8312875000.0000,  14.1041,   0.5483,   0.9685,  -0.0099
8315500000.0000,  14.1019,   0.5464,   0.9721,  -0.0114
8318125000.0000,  14.0909,   0.5538,   0.9677,  -0.0100
8320750000.0000,  14.0998,   0.5519,   0.9704,  -0.0058
8323375000.0000,  14.0897,   0.5560,   0.9731,  -0.0055
8326000000.0000,  14.0936,   0.5497,   0.9740,  -0.0094
8328625000.0000,  14.0971,   0.5579,   0.9679,  -0.0062
8331250000.0000,  14.0960,   0.5630,   0.9656,  -0.0066
8333875000.0000,  14.0832,   0.5600,   0.9728,  -0.0071
8336500000.0000,  14.0873,   0.5667,   0.9748,  -0.0036
8339125000.0000,  14.0969,   0.5729,   0.9733,  -0.0006
8341750000.0000,  14.0889,   0.5760,   0.9730,  -0.0006
8344375000.0000,  14.0892,   0.5660,   0.9712,  -0.0038
8347000000.0000,  14.0868,   0.5584,   0.9758,  -0.0011
8349625000.0000,  14.1056,   0.5521,   0.9731,  -0.0095
8352250000.0000,  14.1036,   0.5760,   0.9743,  -0.0010
8354875000.0000,  14.0977,   0.5642,   0.9757,  -0.0063
8357500000.0000,  14.0901,   0.5850,   0.9760,   0.0056
8360125000.0000,  14.0977,   0.5653,   0.9740,  -0.0055
8362750000.0000,  14.0936,   0.5596,   0.9788,  -0.0059
8365375000.0000,  14.0919,   0.5651,   0.9773,  -0.0009
8368000000.0000,  14.0994,   0.5646,   0.9800,   0.0003
8370625000.0000,  14.0937,   0.5578,   0.9775,  -0.0035
8373250000.0000,  14.0905,   0.5718,   0.9762,  -0.0040
8375875000.0000,  14.0843,   0.5455,   0.9783,  -0.0104
8378500000.0000,  14.1134,   0.5651,   0.9748,  -0.0049
8381125000.0000,  14.0973,   0.5718,   0.9812,  -0.0014
8383750000.0000,  14.1077,   0.5652,   0.9771,  -0.0074
8386375000.0000,  14.1073,   0.5548,   0.9806,  -0.0075
8389000000.0000,  14.0999,   0.5564,   0.9783,  -0.0024
8391625000.0000,  14.1016,   0.5683,   0.9782,   0.0004
8394250000.0000,  14.0943,   0.5603,   0.9748,  -0.0011
8396875000.0000,  14.0964,   0.5670,   0.9790,  -0.0011
8399500000.0000,  14.1313,   0.5662,   0.9766,  -0.0059
8402125000.0000,  14.1031,   0.5518,   0.9733,  -0.0051
8404750000.0000,  14.1125,   0.5632,   0.9749,  -0.0013
8407375000.0000,  14.1093,   0.5643,   0.9733,  -0.0063
8410000000.0000,  14.1154,   0.5498,   0.9717,  -0.0076
8412625000.0000,  14.1042,   0.5510,   0.9731,  -0.0065
8415250000.0000,  14.1055,   0.5680,   0.9736,  -0.0004
8417875000.0000,  14.1023,   0.5613,   0.9762,  -0.0099
8420500000.0000,  14.1169,   0.5428,   0.9704,  -0.0063
8423125000.0000,  14.1093,   0.5644,   0.9749,  -0.0066
8425750000.0000,  14.1061,   0.5533,   0.9725,  -0.0088
8428375000.0000,  14.1241,   0.5622,   0.9695,  -0.0107
8431000000.0000,  14.1071,   0.5638,   0.9705,  -0.0060
8433625000.0000,  14.1098,   0.5680,   0.9755,  -0.0037
8436250000.0000,  14.1069,   0.5578,   0.9678,  -0.0061
8438875000.0000,  14.1188,   0.5669,   0.9762,  -0.0045
8441500000.0000,  14.1072,   0.5597,   0.9739,  -0.0068
8444125000.0000,  14.1032,   0.5644,   0.9721,  -0.0061
8446750000.0000,  14.0839,   0.5664,   0.9712,  -0.0051
8449375000.0000,  14.1063,   0.5733,   0.9717,  -0.0047
8452000000.0000,  14.1024,   0.5592,   0.9728,  -0.0071
8454625000.0000,  14.1031,   0.5531,   0.9711,  -0.0128
8457250000.0000,  14.0851,   0.5771,   0.9738,  -0.0039
8459875000.0000,  14.0838,   0.5551,   0.9717,  -0.0108
8462500000.0000,  14.0998,   0.5652,   0.9730,  -0.0107
8465125000.0000,  14.0949,   0.5741,   0.9723,  -0.0075
8467750000.0000,  14.0821,   0.5628,   0.9700,  -0.0087
8470375000.0000,  14.0859,   0.5700,   0.9757,  -0.0050
8473000000.0000,  14.0874,   0.5693,   0.9740,  -0.0059
8475625000.0000,  14.0736,   0.5795,   0.9734,  -0.0042
8478250000.0000,  14.0787,   0.5588,   0.9750,  -0.0063
8480875000.0000,  14.0818,   0.5584,   0.9759,  -0.0063
8483500000.0000,  14.0697,   0.5805,   0.9742,  -0.0007
8486125000.0000,  14.0721,   0.5781,   0.9732,   0.0018
8488750000.0000,  14.0754,   0.5708,   0.9764,  -0.0071
8491375000.0000,  14.0986,   0.5829,   0.9750,   0.0003
8494000000.0000,  14.0703,   0.5628,   0.9759,  -0.0064
8496625000.0000,  14.0633,   0.5944,   0.9763,   0.0053
8499250000.0000,  14.0731,   0.5647,   0.9783,  -0.0044
8501875000.0000,  14.0679,   0.5842,   0.9802,  -0.0010
8504500000.0000,  14.0781,   0.5887,   0.9759,   0.0008
8507125000.0000,  14.0534,   0.5861,   0.9769,   0.0018
8509750000.0000,  14.0590,   0.5910,   0.9757,   0.0046
8512375000.0000,  14.0757,   0.5598,   0.9787,  -0.0049
8515000000.0000,  14.0637,   0.5743,   0.9776,  -0.0002
8517625000.0000,  14.0858,   0.5739,   0.9790,  -0.0009
8520250000.0000,  14.0606,   0.5870,   0.9761,   0.0011
8522875000.0000,  14.0565,   0.5627,   0.9805,  -0.0023
8525500000.0000,  14.0803,   0.5827,   0.9782,   0.0037
8528125000.0000,  14.0774,   0.5762,   0.9762,  -0.0010
8530750000.0000,  14.0666,   0.5751,   0.9812,  -0.0029
8533375000.0000,  14.0789,   0.5711,   0.9789,  -0.0038
8536000000.0000,  14.0722,   0.5519,   0.9792,  -0.0055
8538625000.0000,  14.0734,   0.5698,   0.9786,  -0.0035
8541250000.0000,  14.0771,   0.5639,   0.9788,  -0.0030
8543875000.0000,  14.0611,   0.5802,   0.9765,  -0.0021
8546500000.0000,  14.0623,   0.5842,   0.9802,   0.0038
8549125000.0000,  14.0721,   0.5651,   0.9806,  -0.0031
8551750000.0000,  14.0731,   0.5599,   0.9789,  -0.0022
8554375000.0000,  14.0719,   0.5801,   0.9768,   0.0021
8557000000.0000,  14.0579,   0.5630,   0.9798,  -0.0052
8559625000.0000,  14.0879,   0.5687,   0.9794,  -0.0028
8562250000.0000,  14.0761,   0.5800,   0.9778,  -0.0035
8564875000.0000,  14.0668,   0.5732,   0.9780,  -0.0049
8567500000.0000,  14.0730,   0.5689,   0.9790,  -0.0049
8570125000.0000,  14.0746,   0.5516,   0.9779,  -0.0109
8572750000.0000,  14.0669,   0.5691,   0.9795,  -0.0035
8575375000.0000,  14.0697,   0.5610,   0.9808,  -0.0004
8578000000.0000,  14.0768,   0.5598,   0.9788,  -0.0050
8580625000.0000,  14.0558,   0.5538,   0.9801,  -0.0093
8583250000.0000,  14.0727,   0.5748,   0.9804,  -0.0042
8585875000.0000,  14.0650,   0.5486,   0.9807,  -0.0055
8588500000.0000,  14.0655,   0.5586,   0.9795,  -0.0058
8591125000.0000,  14.0538,   0.5682,   0.9806,   0.0008
8593750000.0000,  14.0736,   0.5681,   0.9822,  -0.0015
8596375000.0000,  14.0644,   0.5535,   0.9782,  -0.0055
8599000000.0000,  14.0600,   0.5691,   0.9811,   0.0026
8601625000.0000,  14.0613,   0.5424,   0.9799,  -0.0057
8604250000.0000,  14.0561,   0.5599,   0.9811,   0.0019
8606875000.0000,  14.0572,   0.5560,   0.9812,  -0.0004
8609500000.0000,  14.0495,   0.5459,   0.9799,  -0.0040
8612125000.0000,  14.0570,   0.5571,   0.9804,   0.0017
8614750000.0000,  14.0559,   0.5680,   0.9812,  -0.0000
8617375000.0000,  14.0616,   0.5461,   0.9787,  -0.0047
8620000000.0000,  14.0661,   0.5489,   0.9834,  -0.0013
8622625000.0000,  14.0582,   0.5543,   0.9827,   0.0013
8625250000.0000,  14.0602,   0.5445,   0.9783,  -0.0031
8627875000.0000,  14.0597,   0.5472,   0.9803,  -0.0008
8630500000.0000,  14.0599,   0.5674,   0.9808,   0.0064
8633125000.0000,  14.0692,   0.5499,   0.9776,   0.0004
8635750000.0000,  14.0557,   0.5527,   0.9796,  -0.0004
8638375000.0000,  14.0754,   0.5355,   0.9818,  -0.0043
8641000000.0000,  14.0600,   0.5595,   0.9805,   0.0056
8643625000.0000,  14.0508,   0.5441,   0.9756,  -0.0010
8646250000.0000,  14.0587,   0.5395,   0.9762,  -0.0037
8648875000.0000,  14.0496,   0.5634,   0.9797,   0.0070
8651500000.0000,  14.0486,   0.5395,   0.9795,  -0.0019
8654125000.0000,  14.0667,   0.5409,   0.9800,  -0.0032
8656750000.0000,  14.0577,   0.5488,   0.9792,   0.0019
8659375000.0000,  14.0711,   0.5495,   0.9766,  -0.0021
8662000000.0000,  14.0533,   0.5391,   0.9784,  -0.0032
8664625000.0000,  14.0641,   0.5512,   0.9798,   0.0007
8667250000.0000,  14.0752,   0.5558,   0.9788,  -0.0016
8669875000.0000,  14.0621,   0.5433,   0.9792,  -0.0002
8672500000.0000,  14.0572,   0.5668,   0.9782,   0.0043
8675125000.0000,  14.0510,   0.5385,   0.9817,  -0.0039
8677750000.0000,  14.0633,   0.5476,   0.9794,   0.0015
8680375000.0000,  14.0607,   0.5383,   0.9792,  -0.0038
8683000000.0000,  14.0543,   0.5404,   0.9758,  -0.0004
8685625000.0000,  14.0510,   0.5331,   0.9778,  -0.0014
8688250000.0000,  14.0676,   0.5375,   0.9810,  -0.0060
8690875000.0000,  14.0520,   0.5443,   0.9799,   0.0017
8693500000.0000,  14.0593,   0.5466,   0.9777,  -0.0001
8696125000.0000,  14.0522,   0.5274,   0.9790,  -0.0054
8698750000.0000,  14.0656,   0.5379,   0.9767,  -0.0016
8701375000.0000,  14.0495,   0.5297,   0.9813,  -0.0027
8704000000.0000,  14.0729,   0.5287,   0.9779,  -0.0062
8706625000.0000,  14.0517,   0.5248,   0.9786,  -0.0001
8709250000.0000,  14.0539,   0.5248,   0.9775,   0.0002
8711875000.0000,  14.0623,   0.5139,   0.9788,  -0.0083
8714500000.0000,  14.0511,   0.5225,   0.9793,  -0.0027
8717125000.0000,  14.0599,   0.5327,   0.9778,   0.0021
8719750000.0000,  14.0632,   0.5284,   0.9768,   0.0003
8722375000.0000,  14.0536,   0.5158,   0.9799,  -0.0039
8725000000.0000,  14.0537,   0.5346,   0.9815,   0.0010
8727625000.0000,  14.0368,   0.5237,   0.9806,   0.0032
8730250000.0000,  14.0598,   0.5027,   0.9791,  -0.0063
8732875000.0000,  14.0635,   0.5292,   0.9813,   0.0010
8735500000.0000,  14.0444,   0.5249,   0.9794,   0.0041
8738125000.0000,  14.0656,   0.5301,   0.9823,   0.0007
8740750000.0000,  14.0476,   0.5096,   0.9813,  -0.0007
8743375000.0000,  14.0650,   0.5292,   0.9810,   0.0033
8746000000.0000,  14.0505,   0.5205,   0.9821,   0.0009
8748625000.0000,  14.0610,   0.5161,   0.9845,   0.0023
8751250000.0000,  14.0536,   0.5253,   0.9794,   0.0023
8753875000.0000,  14.0693,   0.5323,   0.9772,   0.0048
8756500000.0000,  14.0567,   0.5216,   0.9809,   0.0047
8759125000.0000,  14.0616,   0.5187,   0.9803,  -0.0019
8761750000.0000,  14.0583,   0.5244,   0.9798,   0.0018
8764375000.0000,  14.0542,   0.5165,   0.9796,   0.0025
8767000000.0000,  14.0745,   0.5195,   0.9816,   0.0005
8769625000.0000,  14.0656,   0.5196,   0.9789,  -0.0007
8772250000.0000,  14.0602,   0.5031,   0.9786,  -0.0014
8774875000.0000,  14.0619,   0.5228,   0.9789,   0.0024
8777500000.0000,  14.0581,   0.5392,   0.9811,   0.0067
8780125000.0000,  14.0654,   0.5178,   0.9799,   0.0001
8782750000.0000,  14.0500,   0.5369,   0.9813,   0.0071
8785375000.0000,  14.0720,   0.5417,   0.9785,   0.0053
8788000000.0000,  14.0713,   0.5137,   0.9798,   0.0006
8790625000.0000,  14.0603,   0.5404,   0.9797,   0.0063
8793250000.0000,  14.0634,   0.5175,   0.9820,   0.0016
8795875000.0000,  14.0747,   0.5147,   0.9789,   0.0014
8798500000.0000,  14.0676,   0.5168,   0.9773,  -0.0018
8801125000.0000,  14.0641,   0.5199,   0.9782,   0.0026
8803750000.0000,  14.0588,   0.5368,   0.9767,   0.0059
8806375000.0000,  14.0704,   0.5063,   0.9787,  -0.0052
8809000000.0000,  14.0637,   0.5301,   0.9776,   0.0005
8811625000.0000,  14.0677,   0.5225,   0.9786,  -0.0029
8814250000.0000,  14.0664,   0.5178,   0.9761,  -0.0071
8816875000.0000,  14.0752,   0.5169,   0.9785,  -0.0006
8819500000.0000,  14.0693,   0.5240,   0.9770,   0.0023
8822125000.0000,  14.0628,   0.5151,   0.9767,   0.0001
8824750000.0000,  14.0688,   0.5334,   0.9764,   0.0018
8827375000.0000,  14.0777,   0.5214,   0.9800,   0.0010
8830000000.0000,  14.0751,   0.5056,   0.9797,  -0.0022
8832625000.0000,  14.0561,   0.5226,   0.9781,   0.0011
8835250000.0000,  14.0636,   0.5210,   0.9755,   0.0006
8837875000.0000,  14.0684,   0.5113,   0.9784,  -0.0033
8840500000.0000,  14.0548,   0.5182,   0.9823,   0.0018
8843125000.0000,  14.0552,   0.5219,   0.9808,  -0.0018
8845750000.0000,  14.0835,   0.5077,   0.9777,  -0.0030
8848375000.0000,  14.0537,   0.5220,   0.9818,   0.0039
8851000000.0000,  14.0637,   0.5130,   0.9824,  -0.0011
8853625000.0000,  14.0565,   0.5152,   0.9800,  -0.0009
8856250000.0000,  14.0550,   0.5292,   0.9826,   0.0069
8858875000.0000,  14.0640,   0.4996,   0.9813,  -0.0030
8861500000.0000,  14.0542,   0.5264,   0.9815,   0.0065
8864125000.0000,  14.0454,   0.5284,   0.9830,   0.0049
8866750000.0000,  14.0516,   0.5012,   0.9837,  -0.0026
8869375000.0000,  14.0677,   0.5044,   0.9804,   0.0011
8872000000.0000,  14.0626,   0.5281,   0.9862,   0.0067
8874625000.0000,  14.0686,   0.5095,   0.9823,   0.0012
8877250000.0000,  14.0739,   0.5245,   0.9844,   0.0054
8879875000.0000,  14.0597,   0.5111,   0.9821,   0.0017
8882500000.0000,  14.0517,   0.4920,   0.9854,   0.0021
8885125000.0000,  14.0598,   0.4849,   0.9852,  -0.0017
8887750000.0000,  14.0654,   0.5124,   0.9836,   0.0079
8890375000.0000,  14.0683,   0.4949,   0.9851,   0.0000
8893000000.0000,  14.0786,   0.5035,   0.9842,   0.0020
8895625000.0000,  14.0694,   0.5131,   0.9842,   0.0074
8898250000.0000,  14.0785,   0.5231,   0.9849,   0.0065
8900875000.0000,  14.0670,   0.5167,   0.9870,   0.0069
8903500000.0000,  14.0764,   0.5018,   0.9843,   0.0058
8906125000.0000,  14.0892,   0.5157,   0.9809,   0.0015
8908750000.0000,  14.0834,   0.5115,   0.9842,   0.0035
8911375000.0000,  14.0630,   0.5029,   0.9862,   0.0015
8914000000.0000,  14.0839,   0.5280,   0.9885,   0.0060
8916625000.0000,  14.1002,   0.5120,   0.9827,   0.0031
8919250000.0000,  14.0720,   0.5149,   0.9860,   0.0039
8921875000.0000,  14.0989,   0.5309,   0.9814,   0.0029
8924500000.0000,  14.0834,   0.5228,   0.9830,   0.0049
8927125000.0000,  14.0761,   0.5218,   0.9812,   0.0049
8929750000.0000,  14.0854,   0.5055,   0.9840,  -0.0037
8932375000.0000,  14.0974,   0.5109,   0.9833,  -0.0006
8935000000.0000,  14.0813,   0.5261,   0.9816,   0.0053
8937625000.0000,  14.0938,   0.5211,   0.9800,   0.0018
8940250000.0000,  14.1028,   0.5255,   0.9821,   0.0020
8942875000.0000,  14.0855,   0.5285,   0.9822,   0.0022
8945500000.0000,  14.0778,   0.5293,   0.9824,   0.0037
8948125000.0000,  14.0850,   0.5200,   0.9830,   0.0027
8950750000.0000,  14.0949,   0.5172,   0.9817,   0.0010
8953375000.0000,  14.0972,   0.5182,   0.9811,   0.0002
8956000000.0000,  14.0986,   0.5106,   0.9821,   0.0012
8958625000.0000,  14.0951,   0.5484,   0.9847,   0.0058
8961250000.0000,  14.0715,   0.5241,   0.9807,   0.0021
8963875000.0000,  14.0863,   0.5066,   0.9780,  -0.0014
8966500000.0000,  14.0740,   0.5358,   0.9820,   0.0040
8969125000.0000,  14.0906,   0.5202,   0.9811,  -0.0001
8971750000.0000,  14.0768,   0.5100,   0.9832,  -0.0010
8974375000.0000,  14.0669,   0.5116,   0.9801,   0.0007
8977000000.0000,  14.0751,   0.5033,   0.9809,   0.0007
8979625000.0000,  14.0656,   0.5009,   0.9799,   0.0003
8982250000.0000,  14.0870,   0.5037,   0.9795,  -0.0008
8984875000.0000,  14.0797,   0.5329,   0.9809,   0.0095
8987500000.0000,  14.0819,   0.5149,   0.9808,   0.0040
8990125000.0000,  14.0664,   0.5217,   0.9819,   0.0084
8992750000.0000,  14.0628,   0.5214,   0.9819,   0.0082
8995375000.0000,  14.0689,   0.5122,   0.9773,   0.0030
8998000000.0000,  14.0653,   0.5209,   0.9816,   0.0063
9000625000.0000,  14.0550,   0.5168,   0.9824,   0.0093
9003250000.0000,  14.0680,   0.4942,   0.9832,   0.0005
9005875000.0000,  14.0713,   0.5138,   0.9810,   0.0067
9008500000.0000,  14.0659,   0.5043,   0.9842,   0.0049
9011125000.0000,  14.0684,   0.4892,   0.9796,   0.0032
9013750000.0000,  14.0722,   0.5269,   0.9814,   0.0100
9016375000.0000,  14.0637,   0.5153,   0.9809,   0.0064
9019000000.0000,  14.0637,   0.5101,   0.9809,   0.0071
9021625000.0000,  14.0728,   0.5033,   0.9813,   0.0083
9024250000.0000,  14.0923,   0.4987,   0.9804,   0.0057
9026875000.0000,  14.0546,   0.4983,   0.9821,   0.0035
9029500000.0000,  14.0975,   0.5180,   0.9821,   0.0072
9032125000.0000,  14.0680,   0.5198,   0.9832,   0.0098
9034750000.0000,  14.0691,   0.5094,   0.9821,   0.0069
9037375000.0000,  14.0875,   0.5100,   0.9788,   0.0022
9040000000.0000,  14.0796,   0.5229,   0.9801,   0.0075
9042625000.0000,  14.0731,   0.5054,   0.9803,   0.0045
9045250000.0000,  14.0754,   0.5358,   0.9861,   0.0097
9047875000.0000,  14.0810,   0.5110,   0.9827,   0.0032
9050500000.0000,  14.0640,   0.5086,   0.9855,   0.0014
9053125000.0000,  14.0859,   0.5120,   0.9802,   0.0060
9055750000.0000,  14.0695,   0.5203,   0.9832,   0.0029
9058375000.0000,  14.0843,   0.5331,   0.9822,   0.0082
9061000000.0000,  14.0834,   0.5146,   0.9796,   0.0012
9063625000.0000,  14.0910,   0.5052,   0.9824,   0.0036
9066250000.0000,  14.0793,   0.5219,   0.9828,   0.0062
9068875000.0000,  14.0828,   0.5204,   0.9809,   0.0021
9071500000.0000,  14.0891,   0.5343,   0.9818,   0.0077
9074125000.0000,  14.0906,   0.4998,   0.9821,  -0.0031
9076750000.0000,  14.0815,   0.5242,   0.9791,   0.0032
9079375000.0000,  14.0899,   0.5128,   0.9822,   0.0018
9082000000.0000,  14.0886,   0.5195,   0.9798,   0.0032
9084625000.0000,  14.0835,   0.5261,   0.9813,   0.0053
9087250000.0000,  14.1026,   0.5030,   0.9799,   0.0013
9089875000.0000,  14.0954,   0.5306,   0.9797,   0.0050
9092500000.0000,  14.1012,   0.5108,   0.9819,   0.0004
9095125000.0000,  14.0892,   0.5116,   0.9834,   0.0003
9097750000.0000,  14.0786,   0.5235,   0.9842,   0.0056
9100375000.0000,  14.0867,   0.5278,   0.9812,   0.0015
9103000000.0000,  14.0905,   0.5275,   0.9834,   0.0053
9105625000.0000,  14.0858,   0.5131,   0.9820,  -0.0005
9108250000.0000,  14.0904,   0.5255,   0.9809,   0.0027
9110875000.0000,  14.0888,   0.5134,   0.9810,   0.0001
9113500000.0000,  14.0821,   0.5195,   0.9844,   0.0042
9116125000.0000,  14.0924,   0.5078,   0.9798,  -0.0025
9118750000.0000,  14.0891,   0.5127,   0.9842,   0.0014
9121375000.0000,  14.0956,   0.5245,   0.9797,   0.0016
9124000000.0000,  14.0985,   0.5241,   0.9786,   0.0042
9126625000.0000,  14.0833,   0.5134,   0.9804,   0.0020
9129250000.0000,  14.0820,   0.5110,   0.9774,   0.0019
9131875000.0000,  14.0862,   0.5191,   0.9789,   0.0012
9134500000.0000,  14.0681,   0.5309,   0.9834,   0.0042
9137125000.0000,  14.0786,   0.5332,   0.9814,   0.0065
9139750000.0000,  14.0737,   0.5164,   0.9817,   0.0051
9142375000.0000,  14.0985,   0.5139,   0.9819,   0.0018
9145000000.0000,  14.0716,   0.5105,   0.9809,   0.0063
9147625000.0000,  14.0831,   0.5274,   0.9821,   0.0079
9150250000.0000,  14.0890,   0.5241,   0.9810,   0.0051
9152875000.0000,  14.0737,   0.5163,   0.9820,   0.0065
9155500000.0000,  14.0828,   0.5231,   0.9800,   0.0053
9158125000.0000,  14.0589,   0.5183,   0.9803,   0.0061
9160750000.0000,  14.0798,   0.5142,   0.9849,   0.0031
9163375000.0000,  14.0898,   0.5102,   0.9786,   0.0040
9166000000.0000,  14.0848,   0.5119,   0.9805,   0.0036
9168625000.0000,  14.0919,   0.5058,   0.9803,   0.0015
9171250000.0000,  14.0696,   0.5190,   0.9796,   0.0063
9173875000.0000,  14.0774,   0.4987,   0.9810,  -0.0005
9176500000.0000,  14.0914,   0.5056,   0.9790,   0.0011
9179125000.0000,  14.0711,   0.5129,   0.9832,   0.0015
9181750000.0000,  14.0994,   0.5030,   0.9814,   0.0009
9184375000.0000,  14.1050,   0.5047,   0.9818,   0.0014
9187000000.0000,  14.0805,   0.5022,   0.9815,   0.0016
9189625000.0000,  14.0898,   0.5153,   0.9814,   0.0047
9192250000.0000,  14.1069,   0.5227,   0.9812,   0.0064
9194875000.0000,  14.0920,   0.5325,   0.9823,   0.0047
9197500000.0000,  14.0925,   0.5153,   0.9830,   0.0049
9200125000.0000,  14.0973,   0.5099,   0.9855,   0.0006
9202750000.0000,  14.0952,   0.5083,   0.9812,   0.0015
9205375000.0000,  14.1054,   0.5074,   0.9793,   0.0017
9208000000.0000,  14.0957,   0.5181,   0.9830,   0.0045
9210625000.0000,  14.1099,   0.5099,   0.9825,   0.0034
9213250000.0000,  14.0849,   0.5231,   0.9828,   0.0034
9215875000.0000,  14.0825,   0.5189,   0.9824,   0.0034
9218500000.0000,  14.0994,   0.5140,   0.9826,   0.0027
9221125000.0000,  14.0918,   0.5274,   0.9847,   0.0051
9223750000.0000,  14.1032,   0.5184,   0.9838,   0.0045
9226375000.0000,  14.0964,   0.5236,   0.9812,   0.0034
9229000000.0000,  14.0918,   0.5098,   0.9810,   0.0012
9231625000.0000,  14.1007,   0.5278,   0.9840,   0.0052
9234250000.0000,  14.0883,   0.5282,   0.9845,   0.0055
9236875000.0000,  14.0877,   0.5183,   0.9826,   0.0014
9239500000.0000,  14.0812,   0.5249,   0.9837,   0.0045
9242125000.0000,  14.0861,   0.5471,   0.9818,   0.0106
9244750000.0000,  14.1101,   0.5192,   0.9833,   0.0027
9247375000.0000,  14.0742,   0.5141,   0.9816,   0.0041
9250000000.0000,  14.0856,   0.5194,   0.9831,   0.0021
9252625000.0000,  14.0861,   0.5098,   0.9827,   0.0018
9255250000.0000,  14.0907,   0.5276,   0.9827,   0.0053
9257875000.0000,  14.0810,   0.5347,   0.9834,   0.0057
9260500000.0000,  14.0762,   0.5251,   0.9799,   0.0043
9263125000.0000,  14.1043,   0.5056,   0.9827,   0.0028
9265750000.0000,  14.0780,   0.5241,   0.9817,   0.0069
9268375000.0000,  14.0771,   0.5089,   0.9830,   0.0053
9271000000.0000,  14.0878,   0.5094,   0.9790,   0.0033
9273625000.0000,  14.0771,   0.5109,   0.9819,   0.0039
9276250000.0000,  14.0674,   0.5030,   0.9832,   0.0026
9278875000.0000,  14.0873,   0.5069,   0.9834,  -0.0007
9281500000.0000,  14.0865,   0.5139,   0.9829,   0.0048
9284125000.0000,  14.0823,   0.5089,   0.9811,   0.0028
9286750000.0000,  14.0933,   0.5264,   0.9846,   0.0086
9289375000.0000,  14.0844,   0.5095,   0.9827,   0.0024
9292000000.0000,  14.1002,   0.5241,   0.9837,   0.0056
9294625000.0000,  14.0877,   0.5220,   0.9853,   0.0065
9297250000.0000,  14.0762,   0.5311,   0.9838,   0.0096
9299875000.0000,  14.0966,   0.5120,   0.9856,   0.0044
9302500000.0000,  14.0826,   0.5242,   0.9815,   0.0060
9305125000.0000,  14.0833,   0.5185,   0.9835,   0.0055
9307750000.0000,  14.1072,   0.5154,   0.9825,   0.0020
9310375000.0000,  14.1047,   0.5231,   0.9820,   0.0035
9313000000.0000,  14.0860,   0.5334,   0.9838,   0.0064
9315625000.0000,  14.0917,   0.5206,   0.9807,   0.0060
9318250000.0000,  14.0985,   0.5209,   0.9808,   0.0032
9320875000.0000,  14.0917,   0.5172,   0.9797,   0.0030
9323500000.0000,  14.0864,   0.5304,   0.9814,   0.0068
9326125000.0000,  14.0865,   0.5242,   0.9828,   0.0036
9328750000.0000,  14.0864,   0.5349,   0.9810,   0.0068
9331375000.0000,  14.0887,   0.5250,   0.9811,   0.0037
9334000000.0000,  14.0930,   0.5286,   0.9812,   0.0053
9336625000.0000,  14.1060,   0.5221,   0.9797,   0.0015
9339250000.0000,  14.0954,   0.5292,   0.9816,   0.0044
9341875000.0000,  14.0877,   0.5370,   0.9799,   0.0061
9344500000.0000,  14.1077,   0.5243,   0.9802,   0.0019
9347125000.0000,  14.1069,   0.5404,   0.9817,   0.0056
9349750000.0000,  14.0910,   0.5311,   0.9812,   0.0033
9352375000.0000,  14.1046,   0.5310,   0.9801,   0.0036
9355000000.0000,  14.0988,   0.5184,   0.9807,   0.0028
9357625000.0000,  14.0865,   0.5196,   0.9803,   0.0020
9360250000.0000,  14.1007,   0.5326,   0.9819,   0.0048
9362875000.0000,  14.1057,   0.5371,   0.9775,   0.0035
9365500000.0000,  14.1197,   0.5233,   0.9789,   0.0011
9368125000.0000,  14.0992,   0.5117,   0.9810,  -0.0009
9370750000.0000,  14.0880,   0.5200,   0.9800,   0.0022
9373375000.0000,  14.1046,   0.5235,   0.9772,   0.0038
9376000000.0000,  14.1037,   0.5328,   0.9805,   0.0035
9378625000.0000,  14.0933,   0.5275,   0.9801,   0.0041
9381250000.0000,  14.0899,   0.5111,   0.9792,   0.0004
9383875000.0000,  14.1062,   0.5156,   0.9796,   0.0018
9386500000.0000,  14.1020,   0.5197,   0.9803,   0.0048
9389125000.0000,  14.1038,   0.5186,   0.9803,   0.0030
9391750000.0000,  14.0967,   0.5190,   0.9839,   0.0034
9394375000.0000,  14.0803,   0.5127,   0.9792,   0.0036
9397000000.0000,  14.0927,   0.5200,   0.9818,   0.0047
9399625000.0000,  14.0844,   0.5115,   0.9809,   0.0054
9402250000.0000,  14.1112,   0.5125,   0.9807,   0.0031
9404875000.0000,  14.1018,   0.5128,   0.9826,   0.0027
9407500000.0000,  14.0630,   0.5173,   0.9812,   0.0080
9410125000.0000,  14.0934,   0.5336,   0.9820,   0.0068
9412750000.0000,  14.0840,   0.5177,   0.9822,   0.0049
9415375000.0000,  14.0992,   0.5100,   0.9822,   0.0062
9418000000.0000,  14.0929,   0.5326,   0.9810,   0.0088
9420625000.0000,  14.0843,   0.5183,   0.9816,   0.0058
9423250000.0000,  14.0971,   0.5174,   0.9831,   0.0058
9425875000.0000,  14.0909,   0.5407,   0.9823,   0.0072
9428500000.0000,  14.0994,   0.5096,   0.9821,   0.0012
9431125000.0000,  14.0756,   0.5243,   0.9805,   0.0047
9433750000.0000,  14.0973,   0.5283,   0.9803,   0.0062
9436375000.0000,  14.0861,   0.5321,   0.9815,   0.0052
9439000000.0000,  14.0992,   0.5416,   0.9790,   0.0078
9441625000.0000,  14.0849,   0.5199,   0.9836,   0.0040
9444250000.0000,  14.1040,   0.5251,   0.9802,   0.0055
9446875000.0000,  14.1104,   0.5313,   0.9826,   0.0031
9449500000.0000,  14.0959,   0.5287,   0.9822,   0.0044
9452125000.0000,  14.0869,   0.5450,   0.9808,   0.0066
9454750000.0000,  14.0988,   0.5470,   0.9815,   0.0066
9457375000.0000,  14.1025,   0.5300,   0.9831,   0.0026
9460000000.0000,  14.1053,   0.5312,   0.9825,   0.0035
9462625000.0000,  14.0827,   0.5236,   0.9823,   0.0008
9465250000.0000,  14.0933,   0.5326,   0.9825,   0.0047
9467875000.0000,  14.0904,   0.5364,   0.9794,   0.0058
9470500000.0000,  14.1094,   0.5347,   0.9815,   0.0046
9473125000.0000,  14.1050,   0.5251,   0.9807,   0.0043
9475750000.0000,  14.1030,   0.5422,   0.9801,   0.0056
9478375000.0000,  14.1003,   0.5321,   0.9816,   0.0019
9481000000.0000,  14.0985,   0.5264,   0.9807,   0.0009
9483625000.0000,  14.1045,   0.5303,   0.9804,   0.0032
9486250000.0000,  14.1023,   0.5313,   0.9823,   0.0035
9488875000.0000,  14.0893,   0.5200,   0.9787,  -0.0000
9491500000.0000,  14.1088,   0.5239,   0.9819,  -0.0012
9494125000.0000,  14.1012,   0.5285,   0.9813,   0.0010
9496750000.0000,  14.0948,   0.5280,   0.9819,  -0.0005
9499375000.0000,  14.1091,   0.5366,   0.9812,   0.0011
9502000000.0000,  14.0951,   0.5360,   0.9804,   0.0015
9504625000.0000,  14.1103,   0.5225,   0.9831,   0.0027
9507250000.0000,  14.0925,   0.5207,   0.9803,   0.0002
9509875000.0000,  14.1004,   0.5106,   0.9828,  -0.0008
9512500000.0000,  14.0963,   0.5152,   0.9799,   0.0010
9515125000.0000,  14.1055,   0.5201,   0.9797,   0.0007
9517750000.0000,  14.0986,   0.5282,   0.9831,   0.0018
9520375000.0000,  14.1035,   0.5304,   0.9819,   0.0022
9523000000.0000,  14.1061,   0.5381,   0.9827,   0.0038
9525625000.0000,  14.0903,   0.5162,   0.9793,   0.0034
9528250000.0000,  14.1101,   0.5177,   0.9797,   0.0016
9530875000.0000,  14.0912,   0.5122,   0.9800,   0.0022
9533500000.0000,  14.1017,   0.5135,   0.9792,   0.0014
9536125000.0000,  14.1084,   0.5246,   0.9802,   0.0053
9538750000.0000,  14.1092,   0.5117,   0.9802,  -0.0004
9541375000.0000,  14.0913,   0.5219,   0.9807,   0.0040
9544000000.0000,  14.1016,   0.4994,   0.9801,  -0.0026
9546625000.0000,  14.1100,   0.5031,   0.9806,  -0.0038
9549250000.0000,  14.1092,   0.5172,   0.9794,   0.0019
9551875000.0000,  14.1116,   0.5171,   0.9825,   0.0021
9554500000.0000,  14.0970,   0.5146,   0.9809,   0.0021
9557125000.0000,  14.0766,   0.5380,   0.9832,   0.0079
9559750000.0000,  14.0919,   0.5277,   0.9820,   0.0071
9562375000.0000,  14.0957,   0.5136,   0.9781,   0.0026
9565000000.0000,  14.0955,   0.5140,   0.9816,   0.0022
9567625000.0000,  14.0876,   0.5415,   0.9804,   0.0079
9570250000.0000,  14.0796,   0.5289,   0.9817,   0.0051
9572875000.0000,  14.0842,   0.5196,   0.9818,   0.0039
9575500000.0000,  14.0883,   0.5333,   0.9811,   0.0056
9578125000.0000,  14.0988,   0.5355,   0.9798,   0.0053
9580750000.0000,  14.0859,   0.5434,   0.9826,   0.0101
9583375000.0000,  14.0901,   0.5375,   0.9842,   0.0072
9586000000.0000,  14.1006,   0.5402,   0.9813,   0.0079
9588625000.0000,  14.0895,   0.5221,   0.9830,   0.0057
9591250000.0000,  14.0806,   0.5475,   0.9829,   0.0088
9593875000.0000,  14.0858,   0.5432,   0.9819,   0.0099
9596500000.0000,  14.0770,   0.5502,   0.9826,   0.0092
9599125000.0000,  14.0959,   0.5390,   0.9817,   0.0048
9601750000.0000,  14.0954,   0.5407,   0.9825,   0.0076
9604375000.0000,  14.0921,   0.5557,   0.9843,   0.0081
9607000000.0000,  14.0857,   0.5610,   0.9831,   0.0081
9609625000.0000,  14.0943,   0.5408,   0.9823,   0.0062
9612250000.0000,  14.0977,   0.5511,   0.9829,   0.0042
9614875000.0000,  14.1001,   0.5510,   0.9829,   0.0062
9617500000.0000,  14.0901,   0.5564,   0.9836,   0.0072
9620125000.0000,  14.0974,   0.5724,   0.9816,   0.0113
9622750000.0000,  14.1018,   0.5512,   0.9809,   0.0053
9625375000.0000,  14.1113,   0.5496,   0.9819,   0.0045
9628000000.0000,  14.1061,   0.5485,   0.9830,   0.0027
9630625000.0000,  14.0912,   0.5649,   0.9835,   0.0064
9633250000.0000,  14.1045,   0.5580,   0.9871,   0.0049
9635875000.0000,  14.1018,   0.5534,   0.9846,   0.0041
9638500000.0000,  14.1071,   0.5626,   0.9833,   0.0047
9641125000.0000,  14.0999,   0.5675,   0.9855,   0.0064
9643750000.0000,  14.1069,   0.5615,   0.9824,   0.0038
9646375000.0000,  14.0972,   0.5666,   0.9840,   0.0061
9649000000.0000,  14.0980,   0.5712,   0.9857,   0.0039
9651625000.0000,  14.0872,   0.5698,   0.9846,   0.0086
9654250000.0000,  14.0997,   0.5542,   0.9861,   0.0022
9656875000.0000,  14.0859,   0.5571,   0.9855,   0.0030
9659500000.0000,  14.1059,   0.5738,   0.9856,   0.0063
9662125000.0000,  14.0916,   0.5654,   0.9864,   0.0076
9664750000.0000,  14.0907,   0.5682,   0.9851,   0.0059
9667375000.0000,  14.0975,   0.5628,   0.9835,   0.0055
9670000000.0000,  14.1070,   0.5514,   0.9849,   0.0023
9672625000.0000,  14.0934,   0.5441,   0.9852,   0.0009
9675250000.0000,  14.1036,   0.5607,   0.9855,   0.0056
9677875000.0000,  14.0951,   0.5589,   0.9858,   0.0071
9680500000.0000,  14.0892,   0.5784,   0.9856,   0.0106
9683125000.0000,  14.1041,   0.5633,   0.9852,   0.0042
9685750000.0000,  14.1081,   0.5608,   0.9879,   0.0067
9688375000.0000,  14.1101,   0.5622,   0.9867,   0.0065
9691000000.0000,  14.1254,   0.5855,   0.9853,   0.0095
9693625000.0000,  14.1058,   0.5764,   0.9847,   0.0069
9696250000.0000,  14.1142,   0.5508,   0.9838,   0.0058
9698875000.0000,  14.0969,   0.5629,   0.9867,   0.0063
9701500000.0000,  14.1151,   0.5572,   0.9862,   0.0070
9704125000.0000,  14.1140,   0.5716,   0.9865,   0.0060
9706750000.0000,  14.1204,   0.5721,   0.9867,   0.0056
9709375000.0000,  14.1075,   0.5733,   0.9854,   0.0091
9712000000.0000,  14.0976,   0.5590,   0.9842,   0.0054
9714625000.0000,  14.1076,   0.5671,   0.9855,   0.0089
9717250000.0000,  14.1069,   0.5615,   0.9829,   0.0044
9719875000.0000,  14.1186,   0.5559,   0.9839,   0.0048
9722500000.0000,  14.1038,   0.5680,   0.9838,   0.0050
9725125000.0000,  14.1137,   0.5554,   0.9845,   0.0024
9727750000.0000,  14.1148,   0.5633,   0.9866,   0.0026
9730375000.0000,  14.1094,   0.5672,   0.9846,   0.0056
9733000000.0000,  14.1113,   0.5698,   0.9822,   0.0054
9735625000.0000,  14.1129,   0.5722,   0.9834,   0.0076
9738250000.0000,  14.0959,   0.5845,   0.9846,   0.0058
9740875000.0000,  14.0960,   0.5663,   0.9839,   0.0037
9743500000.0000,  14.1034,   0.5921,   0.9869,   0.0105
9746125000.0000,  14.1081,   0.5712,   0.9811,   0.0046
9748750000.0000,  14.1133,   0.5750,   0.9836,   0.0061
9751375000.0000,  14.1070,   0.5639,   0.9831,   0.0041
9754000000.0000,  14.1131,   0.5831,   0.9843,   0.0074
9756625000.0000,  14.0920,   0.5879,   0.9855,   0.0073
9759250000.0000,  14.0899,   0.6045,   0.9828,   0.0102
9761875000.0000,  14.1027,   0.5898,   0.9869,   0.0067
9764500000.0000,  14.0982,   0.6046,   0.9858,   0.0091
9767125000.0000,  14.1026,   0.5945,   0.9838,   0.0080
9769750000.0000,  14.1127,   0.5808,   0.9843,   0.0058
9772375000.0000,  14.0915,   0.5936,   0.9851,   0.0065
9775000000.0000,  14.0972,   0.5998,   0.9833,   0.0049
9777625000.0000,  14.1077,   0.5795,   0.9844,   0.0043
9780250000.0000,  14.0953,   0.5824,   0.9831,   0.0039
9782875000.0000,  14.1044,   0.5893,   0.9835,   0.0069
9785500000.0000,  14.1088,   0.5785,   0.9854,   0.0033
9788125000.0000,  14.0878,   0.5807,   0.9838,   0.0049
9790750000.0000,  14.1103,   0.5821,   0.9831,   0.0045
9793375000.0000,  14.0918,   0.5814,   0.9837,   0.0036
9796000000.0000,  14.1020,   0.5849,   0.9836,   0.0033
9798625000.0000,  14.1064,   0.5979,   0.9832,   0.0052
9801250000.0000,  14.1155,   0.5808,   0.9875,   0.0039
9803875000.0000,  14.0967,   0.5880,   0.9833,   0.0058
9806500000.0000,  14.1099,   0.5984,   0.9837,   0.0079
9809125000.0000,  14.0996,   0.5938,   0.9852,   0.0034
9811750000.0000,  14.1029,   0.5892,   0.9828,   0.0033
9814375000.0000,  14.0794,   0.5792,   0.9821,   0.0054
9817000000.0000,  14.0960,   0.5862,   0.9841,   0.0042
9819625000.0000,  14.0999,   0.5988,   0.9849,   0.0060
9822250000.0000,  14.0995,   0.5816,   0.9844,   0.0051
9824875000.0000,  14.0891,   0.5852,   0.9825,   0.0053
9827500000.0000,  14.0920,   0.5828,   0.9863,   0.0052
9830125000.0000,  14.0868,   0.5886,   0.9844,   0.0083
9832750000.0000,  14.0985,   0.5897,   0.9846,   0.0052
9835375000.0000,  14.0922,   0.5946,   0.9844,   0.0066
9838000000.0000,  14.0926,   0.5822,   0.9820,   0.0036
9840625000.0000,  14.0863,   0.5849,   0.9831,   0.0044
9843250000.0000,  14.0907,   0.5855,   0.9831,   0.0062
9845875000.0000,  14.0937,   0.5932,   0.9838,   0.0084
9848500000.0000,  14.1028,   0.5878,   0.9834,   0.0041
9851125000.0000,  14.0939,   0.6048,   0.9850,   0.0080
9853750000.0000,  14.0743,   0.5942,   0.9829,   0.0089
9856375000.0000,  14.0864,   0.5951,   0.9846,   0.0058
9859000000.0000,  14.0834,   0.5878,   0.9818,   0.0070
9861625000.0000,  14.0934,   0.6020,   0.9822,   0.0068
9864250000.0000,  14.0868,   0.5979,   0.9861,   0.0068
9866875000.0000,  14.0846,   0.5945,   0.9848,   0.0063
9869500000.0000,  14.0805,   0.6071,   0.9838,   0.0072
9872125000.0000,  14.0825,   0.6047,   0.9838,   0.0066
9874750000.0000,  14.0769,   0.6135,   0.9818,   0.0081
9877375000.0000,  14.0686,   0.6037,   0.9811,   0.0076
9880000000.0000,  14.0752,   0.6005,   0.9837,   0.0058
9882625000.0000,  14.0750,   0.6084,   0.9810,   0.0039
9885250000.0000,  14.0827,   0.6029,   0.9842,   0.0050
9887875000.0000,  14.0864,   0.6133,   0.9853,   0.0063
9890500000.0000,  14.0650,   0.5979,   0.9821,   0.0055
9893125000.0000,  14.0680,   0.6031,   0.9827,   0.0062
9895750000.0000,  14.0634,   0.6272,   0.9843,   0.0066
9898375000.0000,  14.0549,   0.6126,   0.9838,   0.0065
9901000000.0000,  14.0792,   0.6033,   0.9832,   0.0062
9903625000.0000,  14.0606,   0.6100,   0.9844,   0.0062
9906250000.0000,  14.0702,   0.6099,   0.9844,   0.0068
9908875000.0000,  14.0591,   0.6072,   0.9847,   0.0062
9911500000.0000,  14.0667,   0.6104,   0.9843,   0.0032
9914125000.0000,  14.0702,   0.5986,   0.9830,   0.0040
9916750000.0000,  14.0534,   0.5944,   0.9832,   0.0043
9919375000.0000,  14.0573,   0.6070,   0.9829,   0.0036
9922000000.0000,  14.0418,   0.6145,   0.9834,   0.0067
9924625000.0000,  14.0534,   0.6059,   0.9827,   0.0057
9927250000.0000,  14.0529,   0.6028,   0.9835,   0.0031
9929875000.0000,  14.0386,   0.6043,   0.9836,   0.0057
9932500000.0000,  14.0532,   0.6130,   0.9873,   0.0067
9935125000.0000,  14.0419,   0.6088,   0.9846,   0.0052
9937750000.0000,  14.0529,   0.6128,   0.9840,   0.0044
9940375000.0000,  14.0328,   0.5968,   0.9835,   0.0053
9943000000.0000,  14.0408,   0.6114,   0.9847,   0.0059
9945625000.0000,  14.0418,   0.5964,   0.9839,   0.0056
9948250000.0000,  14.0474,   0.6134,   0.9849,   0.0061
9950875000.0000,  14.0455,   0.6053,   0.9844,   0.0033
9953500000.0000,  14.0246,   0.6080,   0.9829,   0.0054
9956125000.0000,  14.0384,   0.6015,   0.9846,   0.0062
9958750000.0000,  14.0283,   0.6028,   0.9848,   0.0050
9961375000.0000,  14.0347,   0.6025,   0.9851,   0.0054
9964000000.0000,  14.0264,   0.6005,   0.9847,   0.0046
9966625000.0000,  14.0321,   0.5965,   0.9861,   0.0045
9969250000.0000,  14.0272,   0.5877,   0.9844,   0.0067
9971875000.0000,  14.0325,   0.6081,   0.9846,   0.0036
9974500000.0000,  14.0282,   0.5953,   0.9844,   0.0049
9977125000.0000,  14.0338,   0.5956,   0.9843,   0.0032
9979750000.0000,  14.0300,   0.5992,   0.9838,   0.0069
9982375000.0000,  14.0293,   0.5980,   0.9842,   0.0058
9985000000.0000,  14.0199,   0.5910,   0.9836,   0.0057
9987625000.0000,  14.0399,   0.6072,   0.9852,   0.0063
9990250000.0000,  14.0345,   0.5986,   0.9858,   0.0054
9992875000.0000,  14.0253,   0.6018,   0.9845,   0.0042
9995500000.0000,  14.0191,   0.5927,   0.9845,   0.0072
9998125000.0000,  14.0185,   0.6002,   0.9836,   0.0060
10000750000.0000,  14.0298,   0.6018,   0.9852,   0.0100
10003375000.0000,  14.0295,   0.5911,   0.9833,   0.0047
10006000000.0000,  14.0217,   0.6035,   0.9828,   0.0060
10008625000.0000,  14.0224,   0.6067,   0.9838,   0.0065
10011250000.0000,  14.0230,   0.6018,   0.9820,   0.0061
10013875000.0000,  14.0246,   0.5980,   0.9848,   0.0044
10016500000.0000,  14.0186,   0.5998,   0.9816,   0.0040
10019125000.0000,  14.0234,   0.6051,   0.9837,   0.0051
10021750000.0000,  14.0176,   0.5968,   0.9834,   0.0051
10024375000.0000,  14.0147,   0.6002,   0.9828,   0.0045
10027000000.0000,  14.0181,   0.5855,   0.9854,   0.0024
10029625000.0000,  14.0158,   0.6019,   0.9853,   0.0058
10032250000.0000,  14.0137,   0.5852,   0.9823,   0.0043
10034875000.0000,  14.0193,   0.5917,   0.9860,   0.0023
10037500000.0000,  14.0232,   0.5973,   0.9829,   0.0034
10040125000.0000,  14.0124,   0.5966,   0.9834,   0.0053
10042750000.0000,  14.0125,   0.5922,   0.9818,   0.0023
10045375000.0000,  14.0010,   0.5925,   0.9855,   0.0023
10048000000.0000,  14.0172,   0.6033,   0.9865,   0.0063
10050625000.0000,  13.9951,   0.5910,   0.9846,   0.0047
10053250000.0000,  14.0150,   0.5881,   0.9826,   0.0030
10055875000.0000,  14.0091,   0.5803,   0.9846,   0.0032
10058500000.0000,  14.0180,   0.5933,   0.9842,   0.0058
10061125000.0000,  14.0105,   0.5866,   0.9830,   0.0034
10063750000.0000,  14.0173,   0.5830,   0.9863,   0.0036
10066375000.0000,  14.0004,   0.5815,   0.9846,   0.0035
10069000000.0000,  14.0040,   0.5815,   0.9856,   0.0051
10071625000.0000,  13.9958,   0.5795,   0.9856,   0.0054
10074250000.0000,  14.0104,   0.5820,   0.9846,   0.0043
10076875000.0000,  14.0033,   0.5680,   0.9839,   0.0050
10079500000.0000,  14.0083,   0.5817,   0.9861,   0.0054
10082125000.0000,  13.9961,   0.5535,   0.9833,   0.0040
10084750000.0000,  13.9988,   0.5647,   0.9852,   0.0056
10087375000.0000,  13.9904,   0.5549,   0.9837,   0.0041
10090000000.0000,  13.9866,   0.5720,   0.9839,   0.0076
10092625000.0000,  14.0045,   0.5569,   0.9839,   0.0030
10095250000.0000,  13.9988,   0.5568,   0.9869,   0.0053
10097875000.0000,  13.9893,   0.5625,   0.9847,   0.0084
10100500000.0000,  13.9950,   0.5486,   0.9845,   0.0046
10103125000.0000,  13.9779,   0.5618,   0.9843,   0.0079
10105750000.0000,  13.9867,   0.5570,   0.9850,   0.0084
10108375000.0000,  13.9863,   0.5650,   0.9843,   0.0064
10111000000.0000,  13.9918,   0.5493,   0.9852,   0.0063
10113625000.0000,  13.9972,   0.5627,   0.9856,   0.0068
10116250000.0000,  13.9913,   0.5621,   0.9820,   0.0070
10118875000.0000,  13.9865,   0.5593,   0.9845,   0.0083
10121500000.0000,  13.9920,   0.5680,   0.9851,   0.0087
10124125000.0000,  13.9955,   0.5616,   0.9851,   0.0074
10126750000.0000,  13.9972,   0.5537,   0.9835,   0.0052
10129375000.0000,  13.9966,   0.5595,   0.9820,   0.0087
10132000000.0000,  13.9873,   0.5691,   0.9824,   0.0073
10134625000.0000,  14.0012,   0.5544,   0.9836,   0.0044
10137250000.0000,  13.9976,   0.5568,   0.9837,   0.0072
10139875000.0000,  14.0046,   0.5585,   0.9847,   0.0067
10142500000.0000,  13.9965,   0.5601,   0.9842,   0.0059
10145125000.0000,  14.0128,   0.5452,   0.9853,   0.0038
10147750000.0000,  13.9838,   0.5561,   0.9861,   0.0065
10150375000.0000,  13.9966,   0.5708,   0.9852,   0.0069
10153000000.0000,  13.9878,   0.5596,   0.9834,   0.0078
10155625000.0000,  13.9865,   0.5506,   0.9850,   0.0061
10158250000.0000,  13.9938,   0.5622,   0.9871,   0.0058
10160875000.0000,  14.0037,   0.5553,   0.9878,   0.0068
10163500000.0000,  13.9916,   0.5483,   0.9852,   0.0058
10166125000.0000,  13.9944,   0.5683,   0.9829,   0.0054
10168750000.0000,  14.0015,   0.5642,   0.9860,   0.0057
10171375000.0000,  13.9992,   0.5573,   0.9855,   0.0064
10174000000.0000,  13.9971,   0.5484,   0.9841,   0.0043
10176625000.0000,  14.0043,   0.5603,   0.9847,   0.0064
10179250000.0000,  13.9990,   0.5504,   0.9857,   0.0050
10181875000.0000,  13.9881,   0.5609,   0.9826,   0.0083
10184500000.0000,  14.0087,   0.5382,   0.9853,   0.0035
10187125000.0000,  13.9974,   0.5550,   0.9856,   0.0057
10189750000.0000,  13.9941,   0.5505,   0.9837,   0.0052
10192375000.0000,  14.0046,   0.5355,   0.9857,   0.0035
10195000000.0000,  13.9973,   0.5443,   0.9836,   0.0045
10197625000.0000,  13.9870,   0.5525,   0.9852,   0.0078
10200250000.0000,  14.0025,   0.5411,   0.9840,   0.0061
10202875000.0000,  14.0065,   0.5369,   0.9830,   0.0034
10205500000.0000,  13.9994,   0.5441,   0.9838,   0.0066
10208125000.0000,  13.9928,   0.5426,   0.9838,   0.0062
10210750000.0000,  13.9920,   0.5476,   0.9835,   0.0057
10213375000.0000,  13.9945,   0.5565,   0.9834,   0.0075
10216000000.0000,  14.0004,   0.5387,   0.9839,   0.0054
10218625000.0000,  14.0015,   0.5341,   0.9824,   0.0039
10221250000.0000,  14.0000,   0.5358,   0.9836,   0.0055
10223875000.0000,  14.0057,   0.5221,   0.9824,   0.0044
10226500000.0000,  13.9949,   0.5460,   0.9821,   0.0065
10229125000.0000,  13.9983,   0.5270,   0.9832,   0.0045
10231750000.0000,  14.0056,   0.5386,   0.9821,   0.0049
10234375000.0000,  14.0011,   0.5372,   0.9825,   0.0065
10237000000.0000,  14.0205,   0.5227,   0.9821,   0.0048
10239625000.0000,  14.0064,   0.5271,   0.9836,   0.0038
10242250000.0000,  14.0160,   0.5477,   0.9837,   0.0062
10244875000.0000,  14.0118,   0.5218,   0.9821,   0.0068
10247500000.0000,  14.0077,   0.5260,   0.9825,   0.0053
10250125000.0000,  14.0188,   0.5446,   0.9844,   0.0056
10252750000.0000,  14.0004,   0.5285,   0.9826,   0.0073
10255375000.0000,  14.0202,   0.5399,   0.9838,   0.0077
10258000000.0000,  14.0035,   0.5321,   0.9828,   0.0066
10260625000.0000,  14.0186,   0.5327,   0.9833,   0.0063
10263250000.0000,  14.0174,   0.5363,   0.9818,   0.0074
10265875000.0000,  14.0108,   0.5337,   0.9815,   0.0060
10268500000.0000,  14.0258,   0.5268,   0.9827,   0.0030
10271125000.0000,  13.9988,   0.5360,   0.9824,   0.0075
10273750000.0000,  13.9984,   0.5397,   0.9844,   0.0065
10276375000.0000,  13.9984,   0.5409,   0.9823,   0.0083
10279000000.0000,  14.0070,   0.5326,   0.9827,   0.0081
10281625000.0000,  14.0065,   0.5392,   0.9832,   0.0049
10284250000.0000,  14.0132,   0.5359,   0.9813,   0.0079
10286875000.0000,  14.0106,   0.5286,   0.9824,   0.0046
10289500000.0000,  13.9987,   0.5381,   0.9824,   0.0076
10292125000.0000,  13.9961,   0.5347,   0.9833,   0.0080
10294750000.0000,  14.0099,   0.5486,   0.9833,   0.0083
10297375000.0000,  13.9951,   0.5521,   0.9837,   0.0086
10300000000.0000,  14.0071,   0.5362,   0.9832,   0.0056
10302625000.0000,  13.9999,   0.5433,   0.9827,   0.0080
10305250000.0000,  13.9953,   0.5287,   0.9816,   0.0055
10307875000.0000,  13.9993,   0.5288,   0.9826,   0.0044
10310500000.0000,  14.0008,   0.5500,   0.9830,   0.0056
10313125000.0000,  13.9956,   0.5497,   0.9818,   0.0053
10315750000.0000,  14.0045,   0.5408,   0.9819,   0.0061
10318375000.0000,  14.0021,   0.5430,   0.9818,   0.0044
10321000000.0000,  14.0018,   0.5259,   0.9840,   0.0048
10323625000.0000,  13.9978,   0.5421,   0.9833,   0.0050
10326250000.0000,  14.0067,   0.5443,   0.9828,   0.0062
10328875000.0000,  14.0195,   0.5282,   0.9834,   0.0043
10331500000.0000,  14.0041,   0.5325,   0.9843,   0.0056
10334125000.0000,  14.0063,   0.5248,   0.9821,   0.0036
10336750000.0000,  13.9976,   0.5283,   0.9830,   0.0059
10339375000.0000,  14.0137,   0.5262,   0.9824,   0.0046
10342000000.0000,  14.0072,   0.5311,   0.9855,   0.0039
10344625000.0000,  14.0084,   0.5155,   0.9818,   0.0033
10347250000.0000,  14.0091,   0.5344,   0.9837,   0.0057
10349875000.0000,  14.0090,   0.5253,   0.9831,   0.0039
10352500000.0000,  14.0050,   0.5186,   0.9833,   0.0046
10355125000.0000,  14.0056,   0.5147,   0.9833,   0.0022
10357750000.0000,  14.0195,   0.5244,   0.9828,   0.0063
10360375000.0000,  14.0007,   0.5161,   0.9834,   0.0028
10363000000.0000,  14.0056,   0.5057,   0.9835,   0.0041
10365625000.0000,  14.0086,   0.5215,   0.9829,   0.0047
10368250000.0000,  14.0203,   0.4935,   0.9821,   0.0016
10370875000.0000,  14.0171,   0.5139,   0.9809,   0.0061
10373500000.0000,  14.0241,   0.5312,   0.9846,   0.0070
10376125000.0000,  14.0124,   0.5361,   0.9843,   0.0080
10378750000.0000,  14.0009,   0.5176,   0.9840,   0.0083
10381375000.0000,  14.0137,   0.5109,   0.9829,   0.0061
10384000000.0000,  14.0081,   0.5205,   0.9821,   0.0088
10386625000.0000,  14.0099,   0.5100,   0.9818,   0.0064
10389250000.0000,  14.0140,   0.5115,   0.9802,   0.0046
10391875000.0000,  14.0114,   0.5129,   0.9780,   0.0064
10394500000.0000,  14.0144,   0.5042,   0.9794,   0.0057
10397125000.0000,  14.0166,   0.5297,   0.9797,   0.0085
10399750000.0000,  14.0096,   0.5044,   0.9801,   0.0062
10402375000.0000,  14.0096,   0.5183,   0.9797,   0.0076
10405000000.0000,  14.0078,   0.5148,   0.9802,   0.0051
10407625000.0000,  14.0124,   0.5242,   0.9780,   0.0063
10410250000.0000,  14.0129,   0.5246,   0.9773,   0.0054
10412875000.0000,  14.0123,   0.5239,   0.9801,   0.0049
10415500000.0000,  14.0027,   0.5196,   0.9801,   0.0073
10418125000.0000,  14.0095,   0.5185,   0.9780,   0.0053
10420750000.0000,  14.0003,   0.5257,   0.9775,   0.0050
10423375000.0000,  14.0071,   0.5245,   0.9796,   0.0063
10426000000.0000,  13.9918,   0.5242,   0.9791,   0.0060
10428625000.0000,  13.9945,   0.5330,   0.9806,   0.0078
10431250000.0000,  13.9984,   0.5289,   0.9809,   0.0058
10433875000.0000,  13.9857,   0.5037,   0.9781,   0.0038
10436500000.0000,  13.9960,   0.5429,   0.9815,   0.0072
10439125000.0000,  13.9859,   0.5246,   0.9804,   0.0073
10441750000.0000,  13.9965,   0.5196,   0.9807,   0.0051
10444375000.0000,  13.9857,   0.5336,   0.9792,   0.0082
10447000000.0000,  13.9913,   0.5096,   0.9817,   0.0043
10449625000.0000,  13.9932,   0.5278,   0.9824,   0.0050
10452250000.0000,  13.9812,   0.5185,   0.9810,   0.0039
10454875000.0000,  13.9868,   0.5266,   0.9817,   0.0061
10457500000.0000,  13.9815,   0.5125,   0.9828,   0.0035
10460125000.0000,  13.9887,   0.5216,   0.9807,   0.0057
10462750000.0000,  13.9944,   0.5154,   0.9811,   0.0034
10465375000.0000,  13.9890,   0.5292,   0.9827,   0.0067
10468000000.0000,  13.9881,   0.5204,   0.9849,   0.0054
10470625000.0000,  13.9880,   0.5175,   0.9835,   0.0059
10473250000.0000,  13.9869,   0.5206,   0.9824,   0.0070
10475875000.0000,  13.9784,   0.5089,   0.9850,   0.0038
10478500000.0000,  13.9921,   0.5194,   0.9855,   0.0047
10481125000.0000,  13.9868,   0.5028,   0.9846,   0.0037
10483750000.0000,  13.9828,   0.5173,   0.9850,   0.0065
10486375000.0000,  13.9990,   0.5072,   0.9844,   0.0044
10489000000.0000,  13.9824,   0.5047,   0.9841,   0.0079
10491625000.0000,  13.9928,   0.5241,   0.9851,   0.0082
10494250000.0000,  13.9971,   0.4993,   0.9856,   0.0050
10496875000.0000,  13.9968,   0.4987,   0.9851,   0.0056
10499500000.0000,  14.0206,   0.5063,   0.9863,   0.0077
10502125000.0000,  14.0089,   0.4884,   0.9868,   0.0046
10504750000.0000,  14.0095,   0.5081,   0.9872,   0.0086
10507375000.0000,  14.0144,   0.4928,   0.9852,   0.0094
10510000000.0000,  14.0113,   0.5190,   0.9870,   0.0068
10512625000.0000,  14.0317,   0.5164,   0.9900,   0.0032
10515250000.0000,  14.0055,   0.5091,   0.9870,   0.0085
10517875000.0000,  14.0389,   0.5054,   0.9862,   0.0072
10520500000.0000,  14.0245,   0.5136,   0.9884,   0.0062
10523125000.0000,  14.0215,   0.5020,   0.9863,   0.0064
10525750000.0000,  14.0480,   0.5263,   0.9876,   0.0062
10528375000.0000,  14.0364,   0.5067,   0.9865,   0.0062
10531000000.0000,  14.0355,   0.5062,   0.9864,   0.0029
10533625000.0000,  14.0472,   0.4965,   0.9879,   0.0025
10536250000.0000,  14.0388,   0.5262,   0.9887,   0.0063
10538875000.0000,  14.0362,   0.5023,   0.9855,   0.0078
10541500000.0000,  14.0318,   0.5138,   0.9843,   0.0038
10544125000.0000,  14.0331,   0.5137,   0.9866,   0.0083
10546750000.0000,  14.0401,   0.5197,   0.9886,   0.0072
10549375000.0000,  14.0169,   0.5133,   0.9866,   0.0065
10552000000.0000,  14.0233,   0.5351,   0.9860,   0.0089
10554625000.0000,  14.0320,   0.5098,   0.9855,   0.0035
10557250000.0000,  14.0136,   0.5055,   0.9851,   0.0048
10559875000.0000,  14.0419,   0.5200,   0.9880,   0.0048
10562500000.0000,  14.0414,   0.5336,   0.9880,   0.0064
10565125000.0000,  14.0230,   0.5167,   0.9851,   0.0042
10567750000.0000,  14.0366,   0.5225,   0.9867,   0.0039
10570375000.0000,  14.0232,   0.5312,   0.9878,   0.0073
10573000000.0000,  14.0388,   0.5382,   0.9892,   0.0071
10575625000.0000,  14.0472,   0.5178,   0.9901,   0.0021
10578250000.0000,  14.0194,   0.5186,   0.9884,   0.0044
10580875000.0000,  14.0188,   0.5412,   0.9880,   0.0048
10583500000.0000,  14.0332,   0.4981,   0.9908,   0.0018
10586125000.0000,  14.0215,   0.5011,   0.9886,   0.0068
10588750000.0000,  14.0212,   0.5207,   0.9890,   0.0068
10591375000.0000,  14.0248,   0.5126,   0.9874,   0.0015
10594000000.0000,  14.0139,   0.4991,   0.9858,   0.0020
10596625000.0000,  14.0282,   0.5102,   0.9868,   0.0018
10599250000.0000,  14.0029,   0.5322,   0.9877,   0.0079
10601875000.0000,  14.0235,   0.5168,   0.9887,   0.0052
10604500000.0000,  14.0077,   0.5182,   0.9887,   0.0060
10607125000.0000,  14.0468,   0.5088,   0.9938,   0.0032
10609750000.0000,  14.0212,   0.4973,   0.9914,   0.0035
10612375000.0000,  14.0353,   0.5089,   0.9905,   0.0065
10615000000.0000,  14.0281,   0.5332,   0.9885,   0.0111
10617625000.0000,  14.0263,   0.5068,   0.9885,   0.0058
10620250000.0000,  14.0327,   0.5208,   0.9902,   0.0039
10622875000.0000,  14.0152,   0.5242,   0.9883,   0.0074
10625500000.0000,  14.0314,   0.5237,   0.9866,   0.0048
10628125000.0000,  14.0138,   0.5263,   0.9893,   0.0087
10630750000.0000,  14.0156,   0.5378,   0.9888,   0.0078
10633375000.0000,  14.0429,   0.5328,   0.9899,   0.0071
10636000000.0000,  14.0260,   0.5191,   0.9886,   0.0065
10638625000.0000,  14.0382,   0.5221,   0.9873,   0.0045
10641250000.0000,  14.0475,   0.5004,   0.9897,   0.0074
10643875000.0000,  14.0456,   0.5220,   0.9919,   0.0061
10646500000.0000,  14.0503,   0.4998,   0.9903,   0.0032
10649125000.0000,  14.0212,   0.5105,   0.9883,   0.0086
10651750000.0000,  14.0461,   0.5089,   0.9913,   0.0052
10654375000.0000,  14.0433,   0.5104,   0.9864,   0.0080
10657000000.0000,  14.0539,   0.5049,   0.9905,   0.0049
10659625000.0000,  14.0519,   0.5028,   0.9883,   0.0025
10662250000.0000,  14.0490,   0.5155,   0.9853,   0.0046
10664875000.0000,  14.0196,   0.5281,   0.9893,   0.0044
10667500000.0000,  14.0063,   0.5218,   0.9859,   0.0090
10670125000.0000,  14.0454,   0.5362,   0.9896,   0.0117
10672750000.0000,  14.0590,   0.5107,   0.9905,   0.0049
10675375000.0000,  14.0361,   0.5159,   0.9863,   0.0058
10678000000.0000,  14.0341,   0.5043,   0.9881,   0.0056
10680625000.0000,  14.0363,   0.5168,   0.9872,   0.0079
10683250000.0000,  14.0463,   0.5181,   0.9883,   0.0034
10685875000.0000,  14.0509,   0.5285,   0.9863,   0.0102
10688500000.0000,  14.0495,   0.5130,   0.9867,   0.0063
10691125000.0000,  14.0456,   0.5056,   0.9886,   0.0068
10693750000.0000,  14.0722,   0.5025,   0.9876,   0.0068
10696375000.0000,  14.0576,   0.5375,   0.9880,   0.0076
10699000000.0000,  14.0590,   0.5106,   0.9850,   0.0063
10701625000.0000,  14.0655,   0.5226,   0.9875,   0.0070
10704250000.0000,  14.0271,   0.5413,   0.9816,   0.0078
10706875000.0000,  14.0485,   0.5267,   0.9896,   0.0039
10709500000.0000,  14.0246,   0.5215,   0.9837,   0.0084
10712125000.0000,  14.0610,   0.5424,   0.9858,   0.0087
10714750000.0000,  14.0246,   0.5122,   0.9851,   0.0061
10717375000.0000,  14.0203,   0.5386,   0.9875,   0.0086
10720000000.0000,  14.0248,   0.5283,   0.9835,   0.0070
10722625000.0000,  14.0633,   0.5151,   0.9862,   0.0035
10725250000.0000,  14.0337,   0.5210,   0.9846,   0.0066
10727875000.0000,  14.0364,   0.5205,   0.9859,   0.0068
10730500000.0000,  14.0373,   0.5064,   0.9864,   0.0038
10733125000.0000,  14.0213,   0.5335,   0.9835,   0.0076
10735750000.0000,  14.0376,   0.5344,   0.9880,   0.0059
10738375000.0000,  14.0091,   0.5143,   0.9866,   0.0057
10741000000.0000,  14.0127,   0.5209,   0.9837,   0.0070
10743625000.0000,  14.0144,   0.5287,   0.9823,   0.0080
10746250000.0000,  14.0345,   0.5288,   0.9853,   0.0077
10748875000.0000,  14.0381,   0.5092,   0.9866,   0.0021
10751500000.0000,  14.0566,   0.5166,   0.9879,   0.0059
10754125000.0000,  14.0379,   0.5247,   0.9876,   0.0073
10756750000.0000,  14.0250,   0.5116,   0.9856,   0.0076
10759375000.0000,  14.0277,   0.5253,   0.9869,   0.0063
10762000000.0000,  14.0401,   0.5165,   0.9874,   0.0067
10764625000.0000,  14.0280,   0.5385,   0.9857,   0.0102
10767250000.0000,  14.0484,   0.5104,   0.9856,   0.0046
10769875000.0000,  14.0188,   0.5077,   0.9864,   0.0053
10772500000.0000,  14.0419,   0.5278,   0.9874,   0.0079
10775125000.0000,  14.0260,   0.5030,   0.9847,   0.0068
10777750000.0000,  14.0170,   0.5263,   0.9885,   0.0076
10780375000.0000,  14.0406,   0.5072,   0.9882,   0.0084
10783000000.0000,  14.0518,   0.5109,   0.9882,   0.0054
10785625000.0000,  14.0241,   0.5303,   0.9880,   0.0072
10788250000.0000,  14.0198,   0.5112,   0.9843,   0.0064
10790875000.0000,  14.0276,   0.5281,   0.9880,   0.0092
10793500000.0000,  14.0211,   0.5109,   0.9835,   0.0076
10796125000.0000,  14.0545,   0.5395,   0.9872,   0.0088
10798750000.0000,  14.0470,   0.5221,   0.9888,   0.0069
10801375000.0000,  14.0271,   0.5138,   0.9842,   0.0101
10804000000.0000,  14.0384,   0.5058,   0.9836,   0.0046
10806625000.0000,  14.0428,   0.5318,   0.9869,   0.0075
10809250000.0000,  14.0492,   0.5250,   0.9870,   0.0097
10811875000.0000,  14.0291,   0.5228,   0.9851,   0.0101
10814500000.0000,  14.0408,   0.5274,   0.9854,   0.0061
10817125000.0000,  14.0070,   0.5280,   0.9853,   0.0099
10819750000.0000,  14.0511,   0.5308,   0.9890,   0.0043
10822375000.0000,  14.0370,   0.5250,   0.9834,   0.0069
10825000000.0000,  14.0489,   0.5383,   0.9857,   0.0055
10827625000.0000,  14.0461,   0.5215,   0.9833,   0.0054
10830250000.0000,  14.0354,   0.5368,   0.9863,   0.0087
10832875000.0000,  14.0331,   0.5383,   0.9859,   0.0048
10835500000.0000,  14.0479,   0.5238,   0.9850,   0.0059
10838125000.0000,  14.0400,   0.5254,   0.9860,   0.0039
10840750000.0000,  14.0598,   0.5254,   0.9878,   0.0078
10843375000.0000,  14.0484,   0.5151,   0.9864,   0.0016
10846000000.0000,  14.0474,   0.5356,   0.9871,   0.0063
10848625000.0000,  14.0247,   0.5139,   0.9896,   0.0045
10851250000.0000,  14.0601,   0.5380,   0.9851,   0.0075
10853875000.0000,  14.0491,   0.5434,   0.9867,   0.0079
10856500000.0000,  14.0250,   0.5481,   0.9879,   0.0073
10859125000.0000,  14.0375,   0.5252,   0.9891,   0.0071
10861750000.0000,  14.0560,   0.5174,   0.9871,   0.0056
10864375000.0000,  14.0302,   0.5349,   0.9882,   0.0056
10867000000.0000,  14.0315,   0.5416,   0.9864,   0.0079
10869625000.0000,  14.0401,   0.5315,   0.9867,   0.0058
10872250000.0000,  14.0320,   0.5146,   0.9890,   0.0086
10874875000.0000,  14.0248,   0.5298,   0.9865,   0.0092
10877500000.0000,  14.0479,   0.5335,   0.9881,   0.0079
10880125000.0000,  14.0590,   0.5217,   0.9882,   0.0054
10882750000.0000,  14.0314,   0.5205,   0.9867,   0.0068
10885375000.0000,  14.0345,   0.5180,   0.9892,   0.0066
10888000000.0000,  14.0389,   0.5337,   0.9879,   0.0079
10890625000.0000,  14.0528,   0.5348,   0.9889,   0.0060
10893250000.0000,  14.0324,   0.5272,   0.9838,   0.0073
10895875000.0000,  14.0664,   0.5394,   0.9876,   0.0102
10898500000.0000,  14.0352,   0.5313,   0.9910,   0.0098
10901125000.0000,  14.0424,   0.5127,   0.9871,   0.0054
10903750000.0000,  14.0376,   0.5193,   0.9863,   0.0065
10906375000.0000,  14.0363,   0.5322,   0.9871,   0.0103
10909000000.0000,  14.0542,   0.5102,   0.9889,   0.0053
10911625000.0000,  14.0561,   0.5439,   0.9881,   0.0080
10914250000.0000,  14.0569,   0.5302,   0.9876,   0.0075
10916875000.0000,  14.0356,   0.5094,   0.9872,   0.0076
10919500000.0000,  14.0438,   0.5173,   0.9883,   0.0099
10922125000.0000,  14.0439,   0.5203,   0.9863,   0.0060
10924750000.0000,  14.0539,   0.5280,   0.9836,   0.0072
10927375000.0000,  14.0693,   0.5205,   0.9884,   0.0079
10930000000.0000,  14.0583,   0.5289,   0.9906,   0.0091
10932625000.0000,  14.0459,   0.5161,   0.9865,   0.0058
10935250000.0000,  14.0439,   0.5602,   0.9869,   0.0088
10937875000.0000,  14.0370,   0.5184,   0.9871,   0.0074
10940500000.0000,  14.0481,   0.5194,   0.9855,   0.0045
10943125000.0000,  14.0414,   0.5595,   0.9846,   0.0079
10945750000.0000,  14.0483,   0.5188,   0.9863,   0.0074
10948375000.0000,  14.0501,   0.5242,   0.9832,   0.0075
10951000000.0000,  14.0762,   0.5223,   0.9867,   0.0049
10953625000.0000,  14.0705,   0.5222,   0.9894,   0.0060
10956250000.0000,  14.0306,   0.5296,   0.9852,   0.0091
10958875000.0000,  14.0528,   0.5383,   0.9881,   0.0063
10961500000.0000,  14.0679,   0.5418,   0.9908,   0.0043
10964125000.0000,  14.0538,   0.5452,   0.9871,   0.0062
10966750000.0000,  14.0682,   0.5510,   0.9897,   0.0078
10969375000.0000,  14.0413,   0.5607,   0.9894,   0.0072
10972000000.0000,  14.0504,   0.5240,   0.9885,   0.0063
10974625000.0000,  14.0538,   0.5410,   0.9908,   0.0071
10977250000.0000,  14.0513,   0.5582,   0.9889,   0.0082
10979875000.0000,  14.0508,   0.5123,   0.9891,   0.0037
10982500000.0000,  14.0645,   0.5532,   0.9894,   0.0074
10985125000.0000,  14.0377,   0.5467,   0.9879,   0.0072
10987750000.0000,  14.0627,   0.5390,   0.9928,   0.0061
10990375000.0000,  14.0306,   0.5444,   0.9865,   0.0059
10993000000.0000,  14.0447,   0.5502,   0.9859,   0.0065
10995625000.0000,  14.0282,   0.5560,   0.9903,   0.0095
10998250000.0000,  14.0369,   0.5175,   0.9900,   0.0077
11000875000.0000,  14.0429,   0.5367,   0.9874,   0.0057
11003500000.0000,  14.0511,   0.5249,   0.9909,   0.0034
11006125000.0000,  14.0569,   0.5493,   0.9896,   0.0048
11008750000.0000,  14.0602,   0.5141,   0.9882,   0.0050
11011375000.0000,  14.0553,   0.5173,   0.9877,   0.0046
11014000000.0000,  14.0710,   0.5386,   0.9896,   0.0071
11016625000.0000,  14.0579,   0.5320,   0.9885,   0.0027
11019250000.0000,  14.0640,   0.5280,   0.9904,   0.0057
11021875000.0000,  14.0524,   0.5596,   0.9906,   0.0042
11024500000.0000,  14.0580,   0.5394,   0.9872,   0.0041
11027125000.0000,  14.0736,   0.5612,   0.9883,   0.0080
11029750000.0000,  14.0509,   0.5266,   0.9884,   0.0061
11032375000.0000,  14.0443,   0.5439,   0.9865,   0.0077
11035000000.0000,  14.0648,   0.5421,   0.9876,   0.0052
11037625000.0000,  14.0786,   0.5320,   0.9895,   0.0041
11040250000.0000,  14.0841,   0.5145,   0.9885,   0.0017
11042875000.0000,  14.0735,   0.5563,   0.9877,   0.0055
11045500000.0000,  14.0756,   0.5307,   0.9885,   0.0046
11048125000.0000,  14.0548,   0.5174,   0.9869,   0.0043
11050750000.0000,  14.0627,   0.5414,   0.9877,   0.0085
11053375000.0000,  14.0769,   0.5295,   0.9877,   0.0052
11056000000.0000,  14.0748,   0.5213,   0.9877,   0.0061
11058625000.0000,  14.0767,   0.5405,   0.9858,   0.0058
11061250000.0000,  14.0682,   0.5545,   0.9868,   0.0064
11063875000.0000,  14.0663,   0.5394,   0.9862,   0.0053
11066500000.0000,  14.0600,   0.5382,   0.9882,   0.0067
11069125000.0000,  14.0834,   0.5518,   0.9867,   0.0079
11071750000.0000,  14.0767,   0.5449,   0.9850,   0.0087
11074375000.0000,  14.0733,   0.5304,   0.9849,   0.0058
11077000000.0000,  14.0724,   0.5252,   0.9843,   0.0050
11079625000.0000,  14.0581,   0.5491,   0.9888,   0.0109
11082250000.0000,  14.0729,   0.5268,   0.9845,   0.0046
11084875000.0000,  14.0693,   0.5159,   0.9842,   0.0030
11087500000.0000,  14.0579,   0.5206,   0.9825,   0.0045
11090125000.0000,  14.0588,   0.5338,   0.9867,   0.0056
11092750000.0000,  14.0632,   0.5458,   0.9871,   0.0078
11095375000.0000,  14.0743,   0.5347,   0.9859,   0.0083
11098000000.0000,  14.0505,   0.5436,   0.9862,   0.0090
11100625000.0000,  14.0662,   0.5162,   0.9840,   0.0035
11103250000.0000,  14.0544,   0.5487,   0.9842,   0.0066
11105875000.0000,  14.0590,   0.5713,   0.9834,   0.0100
11108500000.0000,  14.0506,   0.5337,   0.9845,   0.0070
11111125000.0000,  14.0603,   0.5354,   0.9851,   0.0033
11113750000.0000,  14.0483,   0.5416,   0.9861,   0.0097
11116375000.0000,  14.0474,   0.5547,   0.9837,   0.0076
11119000000.0000,  14.0593,   0.5454,   0.9875,   0.0095
11121625000.0000,  14.0660,   0.5536,   0.9871,   0.0073
11124250000.0000,  14.0590,   0.5309,   0.9875,   0.0052
11126875000.0000,  14.0484,   0.5501,   0.9881,   0.0078
11129500000.0000,  14.0807,   0.5611,   0.9879,   0.0090
11132125000.0000,  14.0474,   0.5454,   0.9850,   0.0060
11134750000.0000,  14.0587,   0.5554,   0.9864,   0.0081
11137375000.0000,  14.0587,   0.5599,   0.9881,   0.0098
11140000000.0000,  14.0803,   0.5533,   0.9874,   0.0071
11142625000.0000,  14.0553,   0.5516,   0.9887,   0.0063
11145250000.0000,  14.0469,   0.5801,   0.9878,   0.0108
11147875000.0000,  14.0586,   0.5654,   0.9867,   0.0059
11150500000.0000,  14.0605,   0.5791,   0.9887,   0.0080
11153125000.0000,  14.0790,   0.5415,   0.9901,   0.0040
11155750000.0000,  14.0630,   0.5456,   0.9854,   0.0043
11158375000.0000,  14.0715,   0.5464,   0.9898,   0.0028
11161000000.0000,  14.0540,   0.5632,   0.9891,   0.0035
11163625000.0000,  14.0786,   0.5529,   0.9914,   0.0024
11166250000.0000,  14.0595,   0.5749,   0.9881,   0.0071
11168875000.0000,  14.0729,   0.5364,   0.9889,   0.0023
11171500000.0000,  14.0665,   0.5541,   0.9884,   0.0046
11174125000.0000,  14.0613,   0.5366,   0.9877,   0.0052
11176750000.0000,  14.0804,   0.5419,   0.9899,   0.0053
11179375000.0000,  14.0643,   0.5623,   0.9872,   0.0053
11182000000.0000,  14.0404,   0.5660,   0.9903,   0.0066
11184625000.0000,  14.0600,   0.5456,   0.9923,   0.0050
11187250000.0000,  14.0606,   0.5570,   0.9870,   0.0040
11189875000.0000,  14.0632,   0.5562,   0.9861,   0.0033
11192500000.0000,  14.0781,   0.5563,   0.9892,   0.0051
11195125000.0000,  14.0727,   0.5685,   0.9909,   0.0070
11197750000.0000,  14.0611,   0.5634,   0.9901,   0.0081
11200375000.0000,  14.0498,   0.5556,   0.9877,   0.0061
11203000000.0000,  14.0630,   0.5614,   0.9864,   0.0067
11205625000.0000,  14.0730,   0.5527,   0.9849,   0.0075
11208250000.0000,  14.0840,   0.5302,   0.9867,   0.0034
11210875000.0000,  14.0966,   0.5754,   0.9904,   0.0081
11213500000.0000,  14.0666,   0.5429,   0.9870,   0.0038
11216125000.0000,  14.0470,   0.5656,   0.9865,   0.0052
11218750000.0000,  14.0773,   0.5674,   0.9876,   0.0057
11221375000.0000,  14.0716,   0.5697,   0.9867,   0.0058
11224000000.0000,  14.0984,   0.5776,   0.9899,   0.0071
11226625000.0000,  14.0677,   0.5588,   0.9865,   0.0060
11229250000.0000,  14.0674,   0.5845,   0.9872,   0.0084
11231875000.0000,  14.0727,   0.5667,   0.9873,   0.0070
11234500000.0000,  14.0890,   0.5865,   0.9877,   0.0074
11237125000.0000,  14.0523,   0.5654,   0.9879,   0.0063
11239750000.0000,  14.1048,   0.5656,   0.9884,   0.0063
11242375000.0000,  14.0681,   0.5763,   0.9868,   0.0077
11245000000.0000,  14.0794,   0.5690,   0.9869,   0.0049
11247625000.0000,  14.1024,   0.5663,   0.9842,   0.0054
11250250000.0000,  14.0870,   0.5829,   0.9862,   0.0061
11252875000.0000,  14.0966,   0.5732,   0.9861,   0.0039
11255500000.0000,  14.0663,   0.5614,   0.9849,   0.0052
11258125000.0000,  14.0566,   0.5761,   0.9846,   0.0064
11260750000.0000,  14.0758,   0.5830,   0.9861,   0.0044
11263375000.0000,  14.0721,   0.5795,   0.9866,   0.0071
11266000000.0000,  14.0746,   0.5939,   0.9863,   0.0093
11268625000.0000,  14.0809,   0.5853,   0.9846,   0.0026
11271250000.0000,  14.0607,   0.5756,   0.9867,   0.0057
11273875000.0000,  14.0637,   0.5929,   0.9868,   0.0067
11276500000.0000,  14.0597,   0.5674,   0.9859,   0.0025
11279125000.0000,  14.0501,   0.6133,   0.9855,   0.0100
11281750000.0000,  14.0420,   0.5794,   0.9840,   0.0076
11284375000.0000,  14.0534,   0.5858,   0.9873,   0.0059
11287000000.0000,  14.0468,   0.6088,   0.9867,   0.0069
11289625000.0000,  14.0608,   0.5838,   0.9863,   0.0059
11292250000.0000,  14.0532,   0.5897,   0.9873,   0.0079
11294875000.0000,  14.0515,   0.6143,   0.9889,   0.0080
11297500000.0000,  14.0577,   0.5795,   0.9854,   0.0041
11300125000.0000,  14.0638,   0.5987,   0.9875,   0.0075
11302750000.0000,  14.0609,   0.6112,   0.9867,   0.0055
11305375000.0000,  14.0355,   0.5822,   0.9860,   0.0025
11308000000.0000,  14.0450,   0.5950,   0.9857,   0.0081
11310625000.0000,  14.0325,   0.5804,   0.9879,   0.0055
11313250000.0000,  14.0631,   0.5839,   0.9864,   0.0053
11315875000.0000,  14.0771,   0.6010,   0.9881,   0.0068
11318500000.0000,  14.0714,   0.5951,   0.9898,   0.0061
11321125000.0000,  14.0734,   0.5877,   0.9871,   0.0049
11323750000.0000,  14.0616,   0.5927,   0.9868,   0.0049
11326375000.0000,  14.0900,   0.5813,   0.9883,   0.0021
11329000000.0000,  14.0544,   0.5904,   0.9859,   0.0075
11331625000.0000,  14.0593,   0.5923,   0.9887,   0.0047
11334250000.0000,  14.0642,   0.5974,   0.9862,   0.0075
11336875000.0000,  14.0671,   0.5708,   0.9848,   0.0054
11339500000.0000,  14.0815,   0.5855,   0.9872,   0.0048
11342125000.0000,  14.0716,   0.5770,   0.9873,   0.0020
11344750000.0000,  14.0937,   0.6147,   0.9886,   0.0054
11347375000.0000,  14.0786,   0.6117,   0.9870,   0.0058
11350000000.0000,  14.0758,   0.6102,   0.9876,   0.0097
11352625000.0000,  14.0874,   0.6025,   0.9865,   0.0056
11355250000.0000,  14.0760,   0.6075,   0.9871,   0.0058
11357875000.0000,  14.0781,   0.6095,   0.9873,   0.0052
11360500000.0000,  14.0885,   0.6170,   0.9911,   0.0088
11363125000.0000,  14.0917,   0.6025,   0.9870,   0.0030
11365750000.0000,  14.0652,   0.6108,   0.9879,   0.0070
11368375000.0000,  14.0702,   0.6253,   0.9889,   0.0067
11371000000.0000,  14.0897,   0.6208,   0.9873,   0.0058
11373625000.0000,  14.0845,   0.6225,   0.9878,   0.0074
11376250000.0000,  14.0683,   0.6062,   0.9864,   0.0066
11378875000.0000,  14.0883,   0.6070,   0.9880,   0.0040
11381500000.0000,  14.0941,   0.5995,   0.9889,   0.0053
11384125000.0000,  14.0879,   0.6130,   0.9886,   0.0048
11386750000.0000,  14.0796,   0.6314,   0.9864,   0.0045
11389375000.0000,  14.0661,   0.6217,   0.9861,   0.0060
11392000000.0000,  14.0710,   0.5929,   0.9875,   0.0051
11394625000.0000,  14.0622,   0.6234,   0.9855,   0.0056
11397250000.0000,  14.0429,   0.6176,   0.9867,   0.0033
11399875000.0000,  14.0651,   0.6066,   0.9893,   0.0029
11402500000.0000,  14.0716,   0.6558,   0.9869,   0.0090
11405125000.0000,  14.0749,   0.6291,   0.9870,   0.0066
11407750000.0000,  14.0474,   0.6055,   0.9851,   0.0057
11410375000.0000,  14.0693,   0.6403,   0.9876,   0.0060
11413000000.0000,  14.0693,   0.6345,   0.9885,   0.0053
11415625000.0000,  14.0640,   0.6374,   0.9903,   0.0070
11418250000.0000,  14.0654,   0.6535,   0.9859,   0.0048
11420875000.0000,  14.0560,   0.6235,   0.9869,   0.0088
11423500000.0000,  14.0723,   0.6497,   0.9902,   0.0071
11426125000.0000,  14.0491,   0.6470,   0.9869,   0.0084
11428750000.0000,  14.0447,   0.6574,   0.9881,   0.0074
11431375000.0000,  14.0647,   0.6547,   0.9901,   0.0064
11434000000.0000,  14.0676,   0.6410,   0.9916,   0.0060
11436625000.0000,  14.0789,   0.6593,   0.9897,   0.0058
11439250000.0000,  14.0413,   0.6704,   0.9870,   0.0082
11441875000.0000,  14.0558,   0.6713,   0.9907,   0.0086
11444500000.0000,  14.0303,   0.6699,   0.9865,   0.0087
11447125000.0000,  14.0455,   0.6507,   0.9894,   0.0058
11449750000.0000,  14.0400,   0.6588,   0.9853,   0.0084
11452375000.0000,  14.0345,   0.6692,   0.9879,   0.0074
11455000000.0000,  14.0521,   0.6625,   0.9871,   0.0046
11457625000.0000,  14.0466,   0.6629,   0.9876,   0.0060
11460250000.0000,  14.0491,   0.6648,   0.9880,   0.0061
11462875000.0000,  14.0321,   0.6636,   0.9879,   0.0082
11465500000.0000,  14.0427,   0.6729,   0.9880,   0.0042
11468125000.0000,  14.0297,   0.6646,   0.9883,   0.0067
11470750000.0000,  14.0454,   0.6762,   0.9898,   0.0056
11473375000.0000,  14.0258,   0.6862,   0.9889,   0.0082
11476000000.0000,  14.0439,   0.6860,   0.9897,   0.0090
11478625000.0000,  14.0229,   0.6913,   0.9894,   0.0078
11481250000.0000,  14.0491,   0.6634,   0.9878,   0.0050
11483875000.0000,  14.0562,   0.6787,   0.9902,   0.0048
11486500000.0000,  14.0289,   0.7173,   0.9872,   0.0064
11489125000.0000,  14.0438,   0.7214,   0.9900,   0.0103
11491750000.0000,  14.0199,   0.6896,   0.9914,   0.0078
11494375000.0000,  14.0323,   0.6863,   0.9866,   0.0057
11497000000.0000,  14.0181,   0.7113,   0.9895,   0.0076
11499625000.0000,  14.0437,   0.6883,   0.9908,   0.0056
11502250000.0000,  14.0317,   0.6865,   0.9869,   0.0089
11504875000.0000,  14.0398,   0.7039,   0.9875,   0.0095
11507500000.0000,  14.0314,   0.6695,   0.9878,   0.0048
11510125000.0000,  14.0332,   0.6479,   0.9887,   0.0037
11512750000.0000,  14.0250,   0.6852,   0.9905,   0.0062
11515375000.0000,  14.0238,   0.6908,   0.9896,   0.0084
11518000000.0000,  14.0170,   0.6991,   0.9867,   0.0088
11520625000.0000,  14.0171,   0.6926,   0.9897,   0.0072
11523250000.0000,  14.0076,   0.7062,   0.9894,   0.0074
11525875000.0000,  14.0117,   0.6963,   0.9889,   0.0065
11528500000.0000,  14.0169,   0.6946,   0.9856,   0.0075
11531125000.0000,  14.0112,   0.6828,   0.9891,   0.0038
11533750000.0000,  14.0334,   0.7064,   0.9908,   0.0090
11536375000.0000,  13.9771,   0.6831,   0.9863,   0.0080
11539000000.0000,  13.9824,   0.7057,   0.9874,   0.0068
11541625000.0000,  14.0019,   0.7005,   0.9878,   0.0069
11544250000.0000,  13.9839,   0.6907,   0.9876,   0.0068
11546875000.0000,  13.9914,   0.6961,   0.9891,   0.0075
11549500000.0000,  14.0061,   0.6792,   0.9858,   0.0051
11552125000.0000,  14.0093,   0.6967,   0.9895,   0.0052
11554750000.0000,  14.0127,   0.7038,   0.9912,   0.0067
11557375000.0000,  13.9816,   0.7061,   0.9876,   0.0060
11560000000.0000,  14.0100,   0.7115,   0.9915,   0.0063
11562625000.0000,  13.9846,   0.6933,   0.9888,   0.0067
11565250000.0000,  14.0022,   0.6880,   0.9874,   0.0048
11567875000.0000,  13.9777,   0.7367,   0.9875,   0.0071
11570500000.0000,  13.9709,   0.6966,   0.9871,   0.0056
11573125000.0000,  13.9629,   0.6852,   0.9880,   0.0038
11575750000.0000,  13.9777,   0.7195,   0.9888,   0.0060
11578375000.0000,  13.9684,   0.7100,   0.9904,   0.0072
11581000000.0000,  13.9584,   0.7122,   0.9908,   0.0062
11583625000.0000,  13.9415,   0.6988,   0.9911,   0.0050
11586250000.0000,  13.9712,   0.7106,   0.9918,   0.0056
11588875000.0000,  13.9398,   0.6682,   0.9891,   0.0030
11591500000.0000,  13.9619,   0.6905,   0.9863,   0.0055
11594125000.0000,  13.9386,   0.6983,   0.9903,   0.0081
11596750000.0000,  13.9460,   0.7084,   0.9909,   0.0078
11599375000.0000,  13.9697,   0.6691,   0.9900,   0.0042
11602000000.0000,  13.9348,   0.6870,   0.9895,   0.0074
11604625000.0000,  13.9484,   0.6750,   0.9882,   0.0067
11607250000.0000,  13.9201,   0.6943,   0.9892,   0.0097
11609875000.0000,  13.9248,   0.6987,   0.9893,   0.0074
11612500000.0000,  13.9237,   0.6929,   0.9869,   0.0071
11615125000.0000,  13.9137,   0.6780,   0.9884,   0.0063
11617750000.0000,  13.9358,   0.6650,   0.9919,   0.0046
11620375000.0000,  13.9112,   0.7008,   0.9903,   0.0080
11623000000.0000,  13.9320,   0.6680,   0.9882,   0.0066
11625625000.0000,  13.9116,   0.6694,   0.9871,   0.0052
11628250000.0000,  13.9367,   0.7008,   0.9880,   0.0085
11630875000.0000,  13.9217,   0.6989,   0.9906,   0.0064
11633500000.0000,  13.9383,   0.6887,   0.9879,   0.0088
11636125000.0000,  13.9337,   0.6830,   0.9884,   0.0060
11638750000.0000,  13.9310,   0.6907,   0.9895,   0.0050
11641375000.0000,  13.9221,   0.6808,   0.9878,   0.0074
11644000000.0000,  13.9331,   0.6748,   0.9908,   0.0051
11646625000.0000,  13.9321,   0.6765,   0.9881,   0.0058
11649250000.0000,  13.9295,   0.6773,   0.9885,   0.0070
11651875000.0000,  13.9335,   0.6700,   0.9876,   0.0048
11654500000.0000,  13.9507,   0.6961,   0.9881,   0.0043
11657125000.0000,  13.9152,   0.6938,   0.9907,   0.0053
11659750000.0000,  13.9261,   0.6972,   0.9898,   0.0074
11662375000.0000,  13.9310,   0.6742,   0.9906,   0.0042
11665000000.0000,  13.9272,   0.6983,   0.9898,   0.0059
11667625000.0000,  13.9481,   0.6822,   0.9873,   0.0042
11670250000.0000,  13.9391,   0.6711,   0.9889,   0.0039
11672875000.0000,  13.9310,   0.6862,   0.9895,   0.0051
11675500000.0000,  13.9170,   0.6989,   0.9893,   0.0092
11678125000.0000,  13.8939,   0.6841,   0.9868,   0.0046
11680750000.0000,  13.9148,   0.6635,   0.9914,   0.0050
11683375000.0000,  13.9360,   0.6694,   0.9905,   0.0038
11686000000.0000,  13.9155,   0.6873,   0.9896,   0.0056
11688625000.0000,  13.9097,   0.6859,   0.9899,   0.0058
11691250000.0000,  13.9009,   0.6728,   0.9896,   0.0034
11693875000.0000,  13.8903,   0.6753,   0.9894,   0.0051
11696500000.0000,  13.9135,   0.6579,   0.9915,   0.0026
11699125000.0000,  13.8976,   0.6956,   0.9907,   0.0080
11701750000.0000,  13.8873,   0.6831,   0.9874,   0.0054
11704375000.0000,  13.8892,   0.6415,   0.9890,   0.0051
11707000000.0000,  13.8881,   0.6350,   0.9858,   0.0036
11709625000.0000,  13.9123,   0.6587,   0.9904,   0.0046
11712250000.0000,  13.8711,   0.6659,   0.9882,   0.0049
11714875000.0000,  13.8831,   0.6299,   0.9897,   0.0054
11717500000.0000,  13.8759,   0.6323,   0.9887,   0.0057
11720125000.0000,  13.8680,   0.6314,   0.9884,   0.0069
11722750000.0000,  13.8783,   0.6231,   0.9901,   0.0066
11725375000.0000,  13.8536,   0.6362,   0.9881,   0.0108
11728000000.0000,  13.8596,   0.6329,   0.9898,   0.0083
11730625000.0000,  13.8595,   0.6417,   0.9890,   0.0108
11733250000.0000,  13.8552,   0.6252,   0.9872,   0.0092
11735875000.0000,  13.8611,   0.6261,   0.9888,   0.0086
11738500000.0000,  13.8776,   0.6123,   0.9873,   0.0085
11741125000.0000,  13.8556,   0.6332,   0.9884,   0.0108
11743750000.0000,  13.8877,   0.6066,   0.9862,   0.0049
11746375000.0000,  13.8705,   0.6157,   0.9898,   0.0066
11749000000.0000,  13.8535,   0.6057,   0.9849,   0.0070
11751625000.0000,  13.8699,   0.6381,   0.9879,   0.0084
11754250000.0000,  13.8760,   0.6298,   0.9883,   0.0090
11756875000.0000,  13.8737,   0.6209,   0.9876,   0.0089
11759500000.0000,  13.8802,   0.6163,   0.9864,   0.0087
11762125000.0000,  13.8627,   0.6379,   0.9865,   0.0098
11764750000.0000,  13.8660,   0.6333,   0.9887,   0.0110
11767375000.0000,  13.8622,   0.6559,   0.9878,   0.0100
11770000000.0000,  13.8588,   0.6375,   0.9867,   0.0062
11772625000.0000,  13.8641,   0.6287,   0.9880,   0.0048
11775250000.0000,  13.8806,   0.6399,   0.9886,   0.0076
11777875000.0000,  13.8673,   0.6432,   0.9868,   0.0095
11780500000.0000,  13.8743,   0.6545,   0.9883,   0.0090
11783125000.0000,  13.8651,   0.6339,   0.9880,   0.0069
11785750000.0000,  13.8591,   0.6214,   0.9881,   0.0074
11788375000.0000,  13.8935,   0.6551,   0.9904,   0.0069
11791000000.0000,  13.8699,   0.6184,   0.9902,   0.0059
11793625000.0000,  13.8745,   0.6264,   0.9898,   0.0066
11796250000.0000,  13.8900,   0.6188,   0.9897,   0.0074
11798875000.0000,  13.8555,   0.6258,   0.9887,   0.0086
11801500000.0000,  13.8828,   0.6230,   0.9878,   0.0062
11804125000.0000,  13.8714,   0.6052,   0.9904,   0.0073
11806750000.0000,  13.8772,   0.6332,   0.9917,   0.0078
11809375000.0000,  13.8742,   0.6082,   0.9899,   0.0042
11812000000.0000,  13.8643,   0.5905,   0.9898,   0.0065
11814625000.0000,  13.8635,   0.6308,   0.9932,   0.0088
11817250000.0000,  13.8553,   0.6019,   0.9902,   0.0053
11819875000.0000,  13.8509,   0.5998,   0.9893,   0.0048
11822500000.0000,  13.8680,   0.6083,   0.9900,   0.0087
11825125000.0000,  13.8516,   0.6037,   0.9919,   0.0074
11827750000.0000,  13.8617,   0.5866,   0.9915,   0.0075
11830375000.0000,  13.8577,   0.6179,   0.9901,   0.0086
11833000000.0000,  13.8757,   0.5858,   0.9896,   0.0066
11835625000.0000,  13.8547,   0.5899,   0.9917,   0.0050
11838250000.0000,  13.8769,   0.5870,   0.9922,   0.0097
11840875000.0000,  13.8731,   0.5786,   0.9922,   0.0058
11843500000.0000,  13.8664,   0.6009,   0.9916,   0.0084
11846125000.0000,  13.8600,   0.5772,   0.9892,   0.0071
11848750000.0000,  13.8789,   0.6093,   0.9898,   0.0053
11851375000.0000,  13.8657,   0.5995,   0.9916,   0.0074
11854000000.0000,  13.8801,   0.5834,   0.9908,   0.0072
11856625000.0000,  13.8783,   0.5875,   0.9931,   0.0080
11859250000.0000,  13.8915,   0.6012,   0.9912,   0.0096
11861875000.0000,  13.8676,   0.5740,   0.9882,   0.0079
11864500000.0000,  13.8706,   0.5787,   0.9877,   0.0058
11867125000.0000,  13.8673,   0.5833,   0.9879,   0.0060
11869750000.0000,  13.8706,   0.5843,   0.9884,   0.0057
11872375000.0000,  13.8733,   0.5671,   0.9894,   0.0072
11875000000.0000,  13.8786,   0.5767,   0.9883,   0.0074
11877625000.0000,  13.8916,   0.5826,   0.9906,   0.0063
11880250000.0000,  13.8717,   0.5743,   0.9883,   0.0073
11882875000.0000,  13.8891,   0.5791,   0.9909,   0.0061
11885500000.0000,  13.8830,   0.5562,   0.9868,   0.0047
11888125000.0000,  13.8878,   0.5744,   0.9877,   0.0045
11890750000.0000,  13.8848,   0.5513,   0.9893,   0.0029
11893375000.0000,  13.8877,   0.5696,   0.9857,   0.0069
11896000000.0000,  13.8704,   0.5758,   0.9871,   0.0071
11898625000.0000,  13.8715,   0.5696,   0.9862,   0.0087
11901250000.0000,  13.8703,   0.5713,   0.9863,   0.0080
11903875000.0000,  13.8749,   0.5592,   0.9874,   0.0025
11906500000.0000,  13.8738,   0.5646,   0.9846,   0.0064
11909125000.0000,  13.8649,   0.5872,   0.9895,   0.0080
11911750000.0000,  13.8714,   0.5595,   0.9863,   0.0059
11914375000.0000,  13.8646,   0.5715,   0.9879,   0.0071
11917000000.0000,  13.8553,   0.5728,   0.9876,   0.0080
11919625000.0000,  13.8567,   0.5732,   0.9854,   0.0054
11922250000.0000,  13.8805,   0.5714,   0.9888,   0.0056
11924875000.0000,  13.8934,   0.5855,   0.9867,   0.0092
11927500000.0000,  13.8538,   0.5406,   0.9877,   0.0089
11930125000.0000,  13.8746,   0.5802,   0.9883,   0.0069
11932750000.0000,  13.8611,   0.5578,   0.9864,   0.0085
11935375000.0000,  13.8514,   0.5616,   0.9903,   0.0078
11938000000.0000,  13.8723,   0.5691,   0.9881,   0.0075
11940625000.0000,  13.8386,   0.5761,   0.9888,   0.0077
11943250000.0000,  13.8699,   0.5587,   0.9877,   0.0083
11945875000.0000,  13.8556,   0.5493,   0.9882,   0.0081
11948500000.0000,  13.8767,   0.5578,   0.9905,   0.0059
11951125000.0000,  13.8470,   0.5665,   0.9877,   0.0074
11953750000.0000,  13.8446,   0.5493,   0.9877,   0.0055
11956375000.0000,  13.8596,   0.5830,   0.9881,   0.0089
11959000000.0000,  13.8679,   0.5714,   0.9890,   0.0062
11961625000.0000,  13.8653,   0.5747,   0.9898,   0.0062
11964250000.0000,  13.8774,   0.5900,   0.9908,   0.0074
11966875000.0000,  13.8631,   0.5646,   0.9890,   0.0042
11969500000.0000,  13.8726,   0.5499,   0.9890,   0.0075
11972125000.0000,  13.8640,   0.5551,   0.9881,   0.0079
11974750000.0000,  13.8593,   0.5555,   0.9897,   0.0087
11977375000.0000,  13.8695,   0.5680,   0.9900,   0.0074
11980000000.0000,  13.8776,   0.5641,   0.9920,   0.0073
11982625000.0000,  13.8743,   0.5806,   0.9884,   0.0086
11985250000.0000,  13.8805,   0.5669,   0.9889,   0.0071
11987875000.0000,  13.8587,   0.5729,   0.9900,   0.0078
11990500000.0000,  13.8691,   0.5669,   0.9916,   0.0072
11993125000.0000,  13.8449,   0.5646,   0.9887,   0.0041
11995750000.0000,  13.8858,   0.5343,   0.9908,   0.0043
11998375000.0000,  13.8654,   0.5664,   0.9891,   0.0072
12001000000.0000,  13.8588,   0.5520,   0.9894,   0.0042
12003625000.0000,  13.8722,   0.5693,   0.9907,   0.0052
12006250000.0000,  13.8736,   0.5631,   0.9916,   0.0047
12008875000.0000,  13.8752,   0.5324,   0.9903,   0.0044
12011500000.0000,  13.8749,   0.5633,   0.9900,   0.0069
12014125000.0000,  13.8764,   0.5499,   0.9899,   0.0078
12016750000.0000,  13.8641,   0.5436,   0.9912,   0.0080
12019375000.0000,  13.8843,   0.5540,   0.9897,   0.0056
12022000000.0000,  13.8862,   0.5308,   0.9924,   0.0059
12024625000.0000,  13.8754,   0.5456,   0.9901,   0.0079
12027250000.0000,  13.8845,   0.5468,   0.9915,   0.0076
12029875000.0000,  13.8997,   0.5176,   0.9910,   0.0052
12032500000.0000,  13.8834,   0.5417,   0.9913,   0.0080
12035125000.0000,  13.8950,   0.5214,   0.9920,   0.0048
12037750000.0000,  13.8971,   0.5225,   0.9889,   0.0071
12040375000.0000,  13.8648,   0.5248,   0.9886,   0.0073
12043000000.0000,  13.9145,   0.5179,   0.9907,   0.0051
12045625000.0000,  13.8796,   0.5147,   0.9883,   0.0054
12048250000.0000,  13.8909,   0.5285,   0.9881,   0.0044
12050875000.0000,  13.8773,   0.5048,   0.9867,   0.0067
12053500000.0000,  13.8994,   0.5168,   0.9878,   0.0061
12056125000.0000,  13.8711,   0.5473,   0.9866,   0.0081
12058750000.0000,  13.8943,   0.5406,   0.9870,   0.0072
12061375000.0000,  13.8885,   0.5353,   0.9869,   0.0067
12064000000.0000,  13.8947,   0.5423,   0.9872,   0.0068
12066625000.0000,  13.8938,   0.5511,   0.9866,   0.0063
12069250000.0000,  13.8953,   0.5250,   0.9887,   0.0037
12071875000.0000,  13.8798,   0.5481,   0.9870,   0.0059
12074500000.0000,  13.8883,   0.5387,   0.9875,   0.0037
12077125000.0000,  13.9143,   0.5450,   0.9887,   0.0044
12079750000.0000,  13.9067,   0.5613,   0.9891,   0.0049
12082375000.0000,  13.8897,   0.5649,   0.9893,   0.0091
12085000000.0000,  13.8746,   0.5502,   0.9857,   0.0073
12087625000.0000,  13.8821,   0.5384,   0.9890,   0.0062
12090250000.0000,  13.8851,   0.5381,   0.9894,   0.0061
12092875000.0000,  13.8800,   0.5638,   0.9902,   0.0054
12095500000.0000,  13.8819,   0.5584,   0.9880,   0.0082
12098125000.0000,  13.8894,   0.5143,   0.9865,   0.0047
12100750000.0000,  13.8709,   0.5445,   0.9880,   0.0073
12103375000.0000,  13.8732,   0.5320,   0.9886,   0.0052
12106000000.0000,  13.8816,   0.5587,   0.9897,   0.0063
12108625000.0000,  13.8634,   0.5566,   0.9878,   0.0057
12111250000.0000,  13.8735,   0.5366,   0.9877,   0.0046
12113875000.0000,  13.8971,   0.5313,   0.9896,   0.0037
12116500000.0000,  13.8591,   0.5384,   0.9883,   0.0060
12119125000.0000,  13.8710,   0.5255,   0.9905,   0.0071
12121750000.0000,  13.8783,   0.5265,   0.9902,   0.0047
12124375000.0000,  13.8738,   0.5423,   0.9886,   0.0076
12127000000.0000,  13.8699,   0.5204,   0.9907,   0.0045
12129625000.0000,  13.8675,   0.5273,   0.9892,   0.0072
12132250000.0000,  13.8665,   0.5401,   0.9894,   0.0073
12134875000.0000,  13.8746,   0.5131,   0.9892,   0.0077
12137500000.0000,  13.8668,   0.5109,   0.9887,   0.0051
12140125000.0000,  13.8962,   0.5215,   0.9934,   0.0051
12142750000.0000,  13.8860,   0.5314,   0.9908,   0.0070
12145375000.0000,  13.8852,   0.5218,   0.9903,   0.0052
12148000000.0000,  13.8733,   0.5266,   0.9906,   0.0102
12150625000.0000,  13.8742,   0.4935,   0.9885,   0.0055
12153250000.0000,  13.9024,   0.5166,   0.9886,   0.0033
12155875000.0000,  13.8856,   0.5346,   0.9905,   0.0066
12158500000.0000,  13.8853,   0.5330,   0.9913,   0.0066
12161125000.0000,  13.9104,   0.5148,   0.9909,   0.0068
12163750000.0000,  13.9107,   0.5075,   0.9901,   0.0044
12166375000.0000,  13.9079,   0.5286,   0.9900,   0.0062
12169000000.0000,  13.9077,   0.5346,   0.9887,   0.0059
12171625000.0000,  13.9305,   0.5135,   0.9911,   0.0036
12174250000.0000,  13.9001,   0.5204,   0.9895,   0.0053
12176875000.0000,  13.9049,   0.5327,   0.9905,   0.0072
12179500000.0000,  13.9137,   0.5294,   0.9883,   0.0051
12182125000.0000,  13.9105,   0.5342,   0.9865,   0.0062
12184750000.0000,  13.8950,   0.5236,   0.9873,   0.0052
12187375000.0000,  13.9269,   0.5158,   0.9883,   0.0047
12190000000.0000,  13.9120,   0.5271,   0.9884,   0.0034
12192625000.0000,  13.8922,   0.5328,   0.9869,   0.0053
12195250000.0000,  13.9060,   0.5456,   0.9881,   0.0049
12197875000.0000,  13.8946,   0.5367,   0.9880,   0.0055
12200500000.0000,  13.9002,   0.5495,   0.9884,   0.0077
12203125000.0000,  13.8905,   0.5230,   0.9848,   0.0055
12205750000.0000,  13.8765,   0.5309,   0.9876,   0.0053
12208375000.0000,  13.8948,   0.5367,   0.9879,   0.0050
12211000000.0000,  13.8884,   0.5548,   0.9864,   0.0058
12213625000.0000,  13.8720,   0.5317,   0.9870,   0.0051
12216250000.0000,  13.8913,   0.5197,   0.9845,   0.0067
12218875000.0000,  13.9070,   0.5304,   0.9899,   0.0052
12221500000.0000,  13.8773,   0.5306,   0.9867,   0.0068
12224125000.0000,  13.8785,   0.5217,   0.9894,   0.0043
12226750000.0000,  13.8690,   0.5395,   0.9877,   0.0048
12229375000.0000,  13.8940,   0.5310,   0.9888,   0.0032
12232000000.0000,  13.8696,   0.5043,   0.9893,   0.0044
12234625000.0000,  13.8774,   0.5197,   0.9889,   0.0049
12237250000.0000,  13.8819,   0.5312,   0.9896,   0.0039
12239875000.0000,  13.8716,   0.5345,   0.9873,   0.0089
12242500000.0000,  13.8856,   0.5156,   0.9884,   0.0070
12245125000.0000,  13.8895,   0.5115,   0.9871,   0.0046
12247750000.0000,  13.8915,   0.5168,   0.9892,   0.0076
12250375000.0000,  13.8927,   0.5021,   0.9880,   0.0053
12253000000.0000,  13.8780,   0.5106,   0.9886,   0.0051
12255625000.0000,  13.8815,   0.5196,   0.9898,   0.0053
12258250000.0000,  13.8676,   0.5098,   0.9916,   0.0080
12260875000.0000,  13.8948,   0.5250,   0.9883,   0.0066
12263500000.0000,  13.8755,   0.5051,   0.9886,   0.0060
12266125000.0000,  13.8919,   0.4986,   0.9888,   0.0060
12268750000.0000,  13.9058,   0.5404,   0.9915,   0.0063
12271375000.0000,  13.8978,   0.5184,   0.9908,   0.0073
12274000000.0000,  13.8782,   0.4975,   0.9893,   0.0049
12276625000.0000,  13.9002,   0.5364,   0.9916,   0.0071
12279250000.0000,  13.8777,   0.5264,   0.9885,   0.0074
12281875000.0000,  13.9186,   0.5364,   0.9909,   0.0065
12284500000.0000,  13.9000,   0.5429,   0.9905,   0.0076
12287125000.0000,  13.8951,   0.5424,   0.9917,   0.0089
12289750000.0000,  13.9117,   0.5330,   0.9920,   0.0057
12292375000.0000,  13.9076,   0.5434,   0.9912,   0.0068
12295000000.0000,  13.9239,   0.5398,   0.9931,   0.0087
12297625000.0000,  13.9235,   0.5316,   0.9927,   0.0061
12300250000.0000,  13.9125,   0.5255,   0.9924,   0.0052
12302875000.0000,  13.9042,   0.5377,   0.9925,   0.0043
12305500000.0000,  13.9032,   0.5173,   0.9898,   0.0045
12308125000.0000,  13.9234,   0.5370,   0.9902,   0.0049
12310750000.0000,  13.9009,   0.5207,   0.9918,   0.0081
12313375000.0000,  13.9204,   0.5253,   0.9932,   0.0050
12316000000.0000,  13.9240,   0.5267,   0.9932,   0.0050
12318625000.0000,  13.9237,   0.5426,   0.9927,   0.0066
12321250000.0000,  13.8845,   0.5236,   0.9910,   0.0056
12323875000.0000,  13.8908,   0.5036,   0.9914,   0.0041
12326500000.0000,  13.9057,   0.5202,   0.9920,   0.0061
12329125000.0000,  13.9017,   0.5156,   0.9914,   0.0068
12331750000.0000,  13.8860,   0.5180,   0.9911,   0.0056
12334375000.0000,  13.8931,   0.5034,   0.9917,   0.0050
12337000000.0000,  13.9209,   0.5231,   0.9913,   0.0051
12339625000.0000,  13.8881,   0.5152,   0.9897,   0.0074
12342250000.0000,  13.9037,   0.5228,   0.9890,   0.0079
12344875000.0000,  13.8863,   0.5287,   0.9912,   0.0081
12347500000.0000,  13.8928,   0.5103,   0.9891,   0.0074
12350125000.0000,  13.9129,   0.4961,   0.9885,   0.0059
12352750000.0000,  13.8883,   0.5079,   0.9899,   0.0068
12355375000.0000,  13.8956,   0.4919,   0.9896,   0.0058
12358000000.0000,  13.8843,   0.5099,   0.9897,   0.0066
12360625000.0000,  13.9184,   0.4986,   0.9898,   0.0068
12363250000.0000,  13.8963,   0.5246,   0.9901,   0.0103
12365875000.0000,  13.9228,   0.5188,   0.9886,   0.0087
12368500000.0000,  13.9093,   0.5287,   0.9884,   0.0094
12371125000.0000,  13.8967,   0.5337,   0.9906,   0.0094
12373750000.0000,  13.9044,   0.5252,   0.9873,   0.0081
12376375000.0000,  13.9112,   0.5164,   0.9895,   0.0067
12379000000.0000,  13.9125,   0.5148,   0.9892,   0.0077
12381625000.0000,  13.8995,   0.5416,   0.9895,   0.0091
12384250000.0000,  13.9101,   0.5101,   0.9910,   0.0046
12386875000.0000,  13.9357,   0.5321,   0.9892,   0.0059
12389500000.0000,  13.9220,   0.5392,   0.9898,   0.0082
12392125000.0000,  13.9219,   0.5533,   0.9883,   0.0083
12394750000.0000,  13.8837,   0.5243,   0.9898,   0.0083
12397375000.0000,  13.9032,   0.5139,   0.9886,   0.0060
12400000000.0000,  13.9021,   0.5383,   0.9897,   0.0071
