85071 Material Measurement Software E07.01.08
Agilent Technologies,N5230C,MY49001460,A.09.20.08
Title:,Title
Sub Title:,SubTitle
Date:,"Wednesday, April 27, 2016 15:02:44"

frequency,e',e'',u',u''
8200000000.0000,  21.5340,   1.2881,   0.9926,  -0.0112
8202625000.0000,  21.5479,   1.3711,   0.9970,  -0.0021
8205250000.0000,  21.5908,   1.3276,   0.9958,  -0.0037
8207875000.0000,  21.5648,   1.3263,   0.9942,  -0.0048
8210500000.0000,  21.5511,   1.3611,   0.9950,  -0.0008
8213125000.0000,  21.5600,   1.3683,   0.9975,  -0.0012
8215750000.0000,  21.5708,   1.3023,   0.9929,  -0.0038
8218375000.0000,  21.5790,   1.3121,   0.9991,  -0.0065
8221000000.0000,  21.5782,   1.3372,   0.9959,  -0.0036
8223625000.0000,  21.5664,   1.3191,   0.9979,  -0.0055
8226250000.0000,  21.5497,   1.3064,   0.9964,  -0.0065
8228875000.0000,  21.6099,   1.3408,   0.9974,  -0.0022
8231500000.0000,  21.5748,   1.3359,   0.9946,  -0.0019
8234125000.0000,  21.5792,   1.3507,   0.9957,  -0.0004
8236750000.0000,  21.5865,   1.3349,   0.9978,  -0.0042
8239375000.0000,  21.6169,   1.3378,   0.9993,  -0.0045
8242000000.0000,  21.6268,   1.3263,   0.9964,  -0.0037
8244625000.0000,  21.6010,   1.3179,   0.9958,  -0.0044
8247250000.0000,  21.6160,   1.3009,   0.9975,  -0.0044
8249875000.0000,  21.6446,   1.3073,   0.9974,  -0.0034
8252500000.0000,  21.6355,   1.3304,   0.9984,  -0.0028
8255125000.0000,  21.6384,   1.3198,   0.9961,  -0.0036
8257750000.0000,  21.6319,   1.3358,   0.9968,  -0.0017
8260375000.0000,  21.6059,   1.3194,   0.9968,  -0.0048
8263000000.0000,  21.6391,   1.3268,   0.9965,  -0.0047
8265625000.0000,  21.6250,   1.3042,   0.9957,  -0.0031
8268250000.0000,  21.6381,   1.3362,   0.9980,  -0.0027
8270875000.0000,  21.6561,   1.3422,   0.9971,  -0.0010
8273500000.0000,  21.6491,   1.3025,   0.9943,  -0.0052
8276125000.0000,  21.6517,   1.3342,   0.9968,  -0.0049
8278750000.0000,  21.6486,   1.3161,   0.9947,  -0.0084
8281375000.0000,  21.6373,   1.3143,   0.9946,  -0.0016
8284000000.0000,  21.6423,   1.3445,   0.9941,   0.0004
8286625000.0000,  21.6455,   1.2992,   0.9929,  -0.0076
8289250000.0000,  21.6624,   1.3079,   0.9945,  -0.0052
8291875000.0000,  21.6747,   1.3171,   0.9921,  -0.0066
8294500000.0000,  21.6382,   1.3412,   0.9954,  -0.0006
8297125000.0000,  21.6800,   1.3314,   0.9940,  -0.0038
8299750000.0000,  21.6696,   1.2975,   0.9921,  -0.0094
8302375000.0000,  21.6974,   1.3077,   0.9951,  -0.0084
8305000000.0000,  21.6689,   1.3255,   0.9950,  -0.0046
8307625000.0000,  21.7035,   1.3128,   0.9958,  -0.0078
8310250000.0000,  21.6938,   1.3223,   0.9972,  -0.0102
8312875000.0000,  21.6885,   1.3256,   0.9923,  -0.0059
8315500000.0000,  21.6944,   1.3315,   0.9957,  -0.0064
8318125000.0000,  21.6726,   1.3368,   0.9946,  -0.0049
8320750000.0000,  21.7059,   1.3553,   0.9964,  -0.0038
8323375000.0000,  21.6789,   1.3476,   0.9979,  -0.0045
8326000000.0000,  21.6944,   1.3467,   1.0007,  -0.0038
8328625000.0000,  21.6965,   1.3352,   0.9946,  -0.0067
8331250000.0000,  21.6972,   1.3480,   0.9924,  -0.0041
8333875000.0000,  21.6715,   1.3549,   0.9972,  -0.0067
8336500000.0000,  21.6750,   1.3767,   0.9973,  -0.0032
8339125000.0000,  21.7006,   1.4111,   0.9973,   0.0024
8341750000.0000,  21.6849,   1.3801,   0.9973,  -0.0017
8344375000.0000,  21.7102,   1.3591,   0.9979,  -0.0020
8347000000.0000,  21.7211,   1.3808,   1.0006,  -0.0019
8349625000.0000,  21.7049,   1.3645,   0.9956,  -0.0036
8352250000.0000,  21.7304,   1.3979,   0.9983,  -0.0006
8354875000.0000,  21.7205,   1.4015,   1.0016,  -0.0020
8357500000.0000,  21.7211,   1.3984,   1.0013,   0.0005
8360125000.0000,  21.7395,   1.4041,   0.9999,  -0.0016
8362750000.0000,  21.7088,   1.3729,   1.0031,  -0.0012
8365375000.0000,  21.7298,   1.3960,   1.0017,   0.0005
8368000000.0000,  21.7436,   1.3481,   1.0011,  -0.0028
8370625000.0000,  21.7391,   1.3724,   1.0016,  -0.0031
8373250000.0000,  21.7309,   1.4138,   1.0008,  -0.0017
8375875000.0000,  21.7067,   1.3565,   0.9992,  -0.0037
8378500000.0000,  21.7772,   1.3480,   1.0010,  -0.0052
8381125000.0000,  21.7399,   1.3897,   1.0033,  -0.0013
8383750000.0000,  21.7613,   1.3726,   1.0005,  -0.0071
8386375000.0000,  21.7551,   1.3669,   1.0011,  -0.0053
8389000000.0000,  21.7431,   1.3813,   0.9993,  -0.0008
8391625000.0000,  21.7499,   1.4061,   1.0002,   0.0018
8394250000.0000,  21.7290,   1.3746,   0.9974,  -0.0030
8396875000.0000,  21.7437,   1.4066,   0.9996,  -0.0005
8399500000.0000,  21.8054,   1.4009,   0.9997,  -0.0008
8402125000.0000,  21.7544,   1.3454,   0.9967,  -0.0072
8404750000.0000,  21.7799,   1.3700,   0.9975,  -0.0042
8407375000.0000,  21.7628,   1.3873,   0.9960,  -0.0030
8410000000.0000,  21.7730,   1.3801,   0.9950,  -0.0038
8412625000.0000,  21.7861,   1.3791,   0.9958,  -0.0046
8415250000.0000,  21.7766,   1.3933,   0.9964,  -0.0016
8417875000.0000,  21.7560,   1.3722,   0.9966,  -0.0082
8420500000.0000,  21.7868,   1.3390,   0.9935,  -0.0051
8423125000.0000,  21.7636,   1.4037,   0.9962,  -0.0019
8425750000.0000,  21.7703,   1.3716,   0.9962,  -0.0082
8428375000.0000,  21.7942,   1.3677,   0.9937,  -0.0114
8431000000.0000,  21.7592,   1.4213,   0.9921,  -0.0044
8433625000.0000,  21.7834,   1.4060,   0.9954,  -0.0054
8436250000.0000,  21.7777,   1.3795,   0.9946,  -0.0047
8438875000.0000,  21.7712,   1.4214,   0.9958,  -0.0026
8441500000.0000,  21.7667,   1.3833,   0.9941,  -0.0062
8444125000.0000,  21.7573,   1.4086,   0.9941,  -0.0045
8446750000.0000,  21.7385,   1.4197,   0.9967,  -0.0051
8449375000.0000,  21.7883,   1.4237,   0.9957,  -0.0041
8452000000.0000,  21.7818,   1.3668,   0.9943,  -0.0092
8454625000.0000,  21.7526,   1.4368,   0.9953,  -0.0039
8457250000.0000,  21.7596,   1.4032,   0.9983,  -0.0081
8459875000.0000,  21.7509,   1.4308,   0.9949,  -0.0028
8462500000.0000,  21.7821,   1.4363,   0.9968,  -0.0067
8465125000.0000,  21.7557,   1.4749,   0.9972,  -0.0003
8467750000.0000,  21.7561,   1.4627,   0.9964,  -0.0041
8470375000.0000,  21.7583,   1.4438,   0.9995,  -0.0030
8473000000.0000,  21.7496,   1.4406,   0.9969,  -0.0054
8475625000.0000,  21.7417,   1.4888,   0.9963,   0.0003
8478250000.0000,  21.7372,   1.4403,   0.9978,  -0.0032
8480875000.0000,  21.7326,   1.4499,   0.9969,  -0.0016
8483500000.0000,  21.7127,   1.4531,   0.9983,  -0.0032
8486125000.0000,  21.7490,   1.4813,   0.9978,   0.0021
8488750000.0000,  21.7484,   1.4494,   0.9983,  -0.0061
8491375000.0000,  21.7944,   1.4706,   0.9981,  -0.0001
8494000000.0000,  21.7294,   1.4391,   0.9959,  -0.0037
8496625000.0000,  21.7309,   1.5240,   0.9994,   0.0038
8499250000.0000,  21.7640,   1.4565,   0.9990,  -0.0046
8501875000.0000,  21.7487,   1.5122,   1.0014,  -0.0005
8504500000.0000,  21.7535,   1.4958,   0.9990,  -0.0014
8507125000.0000,  21.7049,   1.5387,   1.0003,   0.0047
8509750000.0000,  21.7523,   1.4851,   1.0012,  -0.0038
8512375000.0000,  21.7410,   1.5128,   0.9987,   0.0010
8515000000.0000,  21.7387,   1.4796,   0.9994,  -0.0025
8517625000.0000,  21.7777,   1.5191,   0.9995,   0.0010
8520250000.0000,  21.7281,   1.5725,   0.9966,   0.0065
8522875000.0000,  21.7287,   1.5046,   1.0012,  -0.0001
8525500000.0000,  21.7630,   1.5036,   0.9971,   0.0004
8528125000.0000,  21.7631,   1.5071,   0.9984,  -0.0020
8530750000.0000,  21.7730,   1.5101,   1.0033,  -0.0039
8533375000.0000,  21.7691,   1.5292,   1.0000,  -0.0011
8536000000.0000,  21.7549,   1.5236,   1.0002,   0.0018
8538625000.0000,  21.7476,   1.5443,   0.9993,  -0.0010
8541250000.0000,  21.7581,   1.5108,   0.9995,  -0.0028
8543875000.0000,  21.7474,   1.5347,   1.0004,  -0.0017
8546500000.0000,  21.7389,   1.5929,   1.0010,   0.0054
8549125000.0000,  21.7676,   1.5728,   1.0021,   0.0021
8551750000.0000,  21.7430,   1.5364,   1.0012,   0.0002
8554375000.0000,  21.7573,   1.5161,   0.9990,  -0.0075
8557000000.0000,  21.7252,   1.5729,   1.0028,  -0.0004
8559625000.0000,  21.7748,   1.5607,   0.9994,  -0.0010
8562250000.0000,  21.7682,   1.5327,   1.0004,  -0.0079
8564875000.0000,  21.7450,   1.5864,   1.0005,   0.0004
8567500000.0000,  21.7526,   1.5238,   0.9995,  -0.0063
8570125000.0000,  21.7516,   1.5719,   1.0010,  -0.0047
8572750000.0000,  21.7454,   1.5697,   1.0009,  -0.0010
8575375000.0000,  21.7382,   1.5578,   1.0019,  -0.0034
8578000000.0000,  21.7513,   1.5458,   1.0005,  -0.0037
8580625000.0000,  21.7030,   1.5235,   1.0006,  -0.0098
8583250000.0000,  21.7351,   1.6160,   1.0016,  -0.0019
8585875000.0000,  21.7331,   1.5899,   1.0021,  -0.0009
8588500000.0000,  21.7283,   1.5802,   1.0031,  -0.0037
8591125000.0000,  21.7067,   1.5764,   1.0027,  -0.0016
8593750000.0000,  21.7290,   1.6235,   1.0016,   0.0007
8596375000.0000,  21.7250,   1.5683,   1.0012,  -0.0042
8599000000.0000,  21.7302,   1.5839,   1.0037,  -0.0013
8601625000.0000,  21.7144,   1.5687,   1.0011,  -0.0029
8604250000.0000,  21.6808,   1.6139,   1.0010,   0.0028
8606875000.0000,  21.6910,   1.5742,   1.0012,  -0.0028
8609500000.0000,  21.6838,   1.5952,   1.0033,   0.0020
8612125000.0000,  21.7074,   1.5867,   1.0020,  -0.0022
8614750000.0000,  21.6941,   1.5931,   1.0028,  -0.0021
8617375000.0000,  21.6913,   1.6196,   1.0013,  -0.0002
8620000000.0000,  21.7139,   1.5991,   1.0038,  -0.0008
8622625000.0000,  21.6752,   1.6215,   1.0026,   0.0020
8625250000.0000,  21.6931,   1.5903,   1.0002,  -0.0005
8627875000.0000,  21.6659,   1.5663,   1.0025,  -0.0017
8630500000.0000,  21.6639,   1.6087,   1.0022,  -0.0008
8633125000.0000,  21.6849,   1.6087,   0.9998,  -0.0020
8635750000.0000,  21.6375,   1.5784,   1.0006,  -0.0039
8638375000.0000,  21.6838,   1.6186,   1.0009,  -0.0004
8641000000.0000,  21.6476,   1.5963,   1.0017,  -0.0003
8643625000.0000,  21.6313,   1.6195,   0.9994,   0.0030
8646250000.0000,  21.6466,   1.5984,   0.9989,  -0.0021
8648875000.0000,  21.6263,   1.6610,   1.0022,   0.0045
8651500000.0000,  21.6161,   1.6284,   0.9991,   0.0026
8654125000.0000,  21.6476,   1.6014,   1.0001,  -0.0035
8656750000.0000,  21.6310,   1.6027,   1.0000,  -0.0033
8659375000.0000,  21.6610,   1.6253,   0.9997,   0.0003
8662000000.0000,  21.6178,   1.6107,   1.0009,  -0.0029
8664625000.0000,  21.6264,   1.6323,   1.0032,   0.0003
8667250000.0000,  21.6292,   1.6410,   0.9990,   0.0017
8669875000.0000,  21.6244,   1.6468,   1.0028,   0.0030
8672500000.0000,  21.5929,   1.6076,   0.9988,  -0.0018
8675125000.0000,  21.6143,   1.6171,   1.0031,  -0.0015
8677750000.0000,  21.6326,   1.5773,   1.0013,  -0.0040
8680375000.0000,  21.6150,   1.6236,   1.0014,  -0.0018
8683000000.0000,  21.5858,   1.6251,   0.9977,  -0.0000
8685625000.0000,  21.5575,   1.6339,   0.9994,   0.0033
8688250000.0000,  21.5992,   1.6036,   0.9996,  -0.0024
8690875000.0000,  21.5678,   1.6150,   1.0024,   0.0005
8693500000.0000,  21.5810,   1.6337,   1.0015,   0.0020
8696125000.0000,  21.5983,   1.5512,   1.0026,  -0.0070
8698750000.0000,  21.5737,   1.5752,   0.9993,  -0.0036
8701375000.0000,  21.5457,   1.6023,   1.0025,   0.0025
8704000000.0000,  21.5971,   1.5938,   1.0022,  -0.0030
8706625000.0000,  21.5810,   1.5790,   1.0021,  -0.0018
8709250000.0000,  21.5653,   1.5695,   1.0015,  -0.0003
8711875000.0000,  21.5742,   1.5395,   1.0029,  -0.0060
8714500000.0000,  21.5668,   1.5538,   1.0023,  -0.0023
8717125000.0000,  21.5777,   1.5569,   1.0036,  -0.0035
8719750000.0000,  21.5676,   1.5476,   1.0008,  -0.0044
8722375000.0000,  21.5759,   1.5283,   1.0025,  -0.0067
8725000000.0000,  21.5417,   1.5859,   1.0036,   0.0005
8727625000.0000,  21.5452,   1.5417,   1.0050,  -0.0026
8730250000.0000,  21.5684,   1.5343,   1.0033,  -0.0049
8732875000.0000,  21.5628,   1.5607,   1.0034,  -0.0025
8735500000.0000,  21.5415,   1.5662,   1.0047,   0.0006
8738125000.0000,  21.5495,   1.6037,   1.0046,   0.0023
8740750000.0000,  21.5290,   1.5246,   1.0031,  -0.0046
8743375000.0000,  21.5436,   1.6077,   1.0044,   0.0047
8746000000.0000,  21.5012,   1.5625,   1.0028,   0.0021
8748625000.0000,  21.5444,   1.5365,   1.0044,  -0.0007
8751250000.0000,  21.5457,   1.5285,   1.0021,  -0.0021
8753875000.0000,  21.5569,   1.5656,   1.0030,   0.0021
8756500000.0000,  21.5347,   1.5440,   1.0028,   0.0006
8759125000.0000,  21.5321,   1.5257,   1.0020,  -0.0032
8761750000.0000,  21.5257,   1.5424,   1.0025,   0.0003
8764375000.0000,  21.5184,   1.4977,   1.0010,  -0.0025
8767000000.0000,  21.5287,   1.5517,   1.0005,   0.0027
8769625000.0000,  21.5473,   1.5130,   1.0034,  -0.0008
8772250000.0000,  21.5428,   1.4872,   1.0011,  -0.0026
8774875000.0000,  21.5297,   1.5067,   1.0012,  -0.0028
8777500000.0000,  21.5173,   1.5407,   1.0025,   0.0009
8780125000.0000,  21.5264,   1.5676,   1.0019,   0.0033
8782750000.0000,  21.5182,   1.5412,   1.0027,   0.0010
8785375000.0000,  21.5479,   1.5414,   1.0014,  -0.0002
8788000000.0000,  21.5366,   1.5246,   1.0004,   0.0019
8790625000.0000,  21.5177,   1.5201,   0.9990,  -0.0007
8793250000.0000,  21.5133,   1.5013,   1.0012,   0.0001
8795875000.0000,  21.5294,   1.5398,   0.9990,  -0.0001
8798500000.0000,  21.5156,   1.4990,   0.9991,  -0.0020
8801125000.0000,  21.5035,   1.5064,   0.9993,   0.0023
8803750000.0000,  21.4926,   1.5439,   0.9986,   0.0021
8806375000.0000,  21.5044,   1.5266,   0.9987,  -0.0004
8809000000.0000,  21.5280,   1.5311,   0.9988,  -0.0004
8811625000.0000,  21.4922,   1.5203,   0.9996,  -0.0004
8814250000.0000,  21.5135,   1.5212,   1.0006,  -0.0037
8816875000.0000,  21.5219,   1.5088,   1.0017,  -0.0011
8819500000.0000,  21.5163,   1.4905,   1.0000,  -0.0037
8822125000.0000,  21.4914,   1.5172,   1.0008,   0.0003
8824750000.0000,  21.5019,   1.5668,   0.9993,   0.0044
8827375000.0000,  21.5190,   1.5384,   0.9995,   0.0021
8830000000.0000,  21.5118,   1.4813,   1.0025,  -0.0016
8832625000.0000,  21.4767,   1.5299,   1.0017,   0.0023
8835250000.0000,  21.5201,   1.4940,   1.0010,  -0.0017
8837875000.0000,  21.4886,   1.4948,   1.0009,  -0.0007
8840500000.0000,  21.4900,   1.5160,   1.0040,   0.0008
8843125000.0000,  21.4982,   1.5185,   1.0031,  -0.0012
8845750000.0000,  21.5167,   1.4918,   1.0018,   0.0000
8848375000.0000,  21.4797,   1.5406,   1.0031,   0.0021
8851000000.0000,  21.5058,   1.5023,   1.0052,  -0.0012
8853625000.0000,  21.4873,   1.4985,   1.0034,  -0.0023
8856250000.0000,  21.5108,   1.4973,   1.0055,  -0.0003
8858875000.0000,  21.5005,   1.5006,   1.0044,   0.0008
8861500000.0000,  21.4763,   1.4787,   1.0030,  -0.0010
8864125000.0000,  21.4843,   1.5281,   1.0057,   0.0013
8866750000.0000,  21.4967,   1.5110,   1.0059,   0.0017
8869375000.0000,  21.5003,   1.4995,   1.0018,   0.0015
8872000000.0000,  21.5075,   1.5189,   1.0088,   0.0022
8874625000.0000,  21.5241,   1.5121,   1.0060,   0.0022
8877250000.0000,  21.5334,   1.5345,   1.0066,   0.0037
8879875000.0000,  21.5084,   1.5376,   1.0067,   0.0041
8882500000.0000,  21.4928,   1.4801,   1.0070,   0.0030
8885125000.0000,  21.5147,   1.4844,   1.0071,   0.0015
8887750000.0000,  21.5190,   1.4702,   1.0058,   0.0012
8890375000.0000,  21.5279,   1.4644,   1.0064,  -0.0007
8893000000.0000,  21.5320,   1.5000,   1.0063,   0.0024
8895625000.0000,  21.5256,   1.4977,   1.0069,   0.0035
8898250000.0000,  21.5285,   1.5377,   1.0072,   0.0031
8900875000.0000,  21.5096,   1.5175,   1.0084,   0.0027
8903500000.0000,  21.5288,   1.4993,   1.0060,   0.0037
8906125000.0000,  21.5469,   1.4923,   1.0043,  -0.0002
8908750000.0000,  21.5588,   1.4767,   1.0051,  -0.0020
8911375000.0000,  21.4986,   1.4969,   1.0070,   0.0030
8914000000.0000,  21.5460,   1.5249,   1.0087,   0.0022
8916625000.0000,  21.5606,   1.4932,   1.0042,  -0.0000
8919250000.0000,  21.5058,   1.5320,   1.0056,   0.0039
8921875000.0000,  21.5466,   1.5117,   1.0036,   0.0014
8924500000.0000,  21.5280,   1.4998,   1.0035,   0.0010
8927125000.0000,  21.5114,   1.5077,   1.0037,   0.0012
8929750000.0000,  21.5330,   1.4852,   1.0061,  -0.0021
8932375000.0000,  21.5354,   1.5105,   1.0038,  -0.0007
8935000000.0000,  21.5213,   1.5597,   1.0043,   0.0037
8937625000.0000,  21.5370,   1.5166,   1.0019,  -0.0006
8940250000.0000,  21.5428,   1.5295,   1.0047,   0.0003
8942875000.0000,  21.5124,   1.5821,   1.0042,   0.0050
8945500000.0000,  21.5023,   1.5214,   1.0025,  -0.0001
8948125000.0000,  21.4938,   1.5303,   1.0039,   0.0016
8950750000.0000,  21.5204,   1.5123,   1.0024,  -0.0011
8953375000.0000,  21.5161,   1.5202,   1.0029,  -0.0000
8956000000.0000,  21.5317,   1.5285,   1.0033,  -0.0004
8958625000.0000,  21.5284,   1.5292,   1.0046,  -0.0010
8961250000.0000,  21.4618,   1.5489,   1.0027,   0.0031
8963875000.0000,  21.4993,   1.5170,   1.0018,  -0.0017
8966500000.0000,  21.4696,   1.5479,   1.0044,   0.0027
8969125000.0000,  21.4813,   1.5246,   1.0032,  -0.0003
8971750000.0000,  21.4608,   1.5032,   1.0055,  -0.0000
8974375000.0000,  21.4510,   1.5178,   1.0046,   0.0017
8977000000.0000,  21.4676,   1.4876,   1.0037,  -0.0025
8979625000.0000,  21.4311,   1.5270,   1.0030,   0.0015
8982250000.0000,  21.4886,   1.4979,   1.0048,  -0.0000
8984875000.0000,  21.4552,   1.5484,   1.0046,   0.0028
8987500000.0000,  21.4463,   1.5103,   1.0038,   0.0014
8990125000.0000,  21.4363,   1.5218,   1.0054,   0.0026
8992750000.0000,  21.4211,   1.5340,   1.0059,   0.0043
8995375000.0000,  21.4303,   1.5405,   1.0044,   0.0040
8998000000.0000,  21.4483,   1.5624,   1.0067,   0.0056
9000625000.0000,  21.4280,   1.5395,   1.0059,   0.0050
9003250000.0000,  21.4400,   1.5106,   1.0062,   0.0021
9005875000.0000,  21.4263,   1.5190,   1.0039,   0.0043
9008500000.0000,  21.4329,   1.5091,   1.0071,   0.0032
9011125000.0000,  21.4449,   1.4941,   1.0054,   0.0023
9013750000.0000,  21.4483,   1.5845,   1.0067,   0.0082
9016375000.0000,  21.4103,   1.5506,   1.0049,   0.0073
9019000000.0000,  21.4123,   1.5191,   1.0044,   0.0046
9021625000.0000,  21.4341,   1.5297,   1.0060,   0.0050
9024250000.0000,  21.4679,   1.4903,   1.0042,   0.0005
9026875000.0000,  21.3955,   1.5060,   1.0066,   0.0024
9029500000.0000,  21.4554,   1.5332,   1.0053,   0.0043
9032125000.0000,  21.4004,   1.5468,   1.0071,   0.0062
9034750000.0000,  21.4066,   1.5438,   1.0069,   0.0056
9037375000.0000,  21.4392,   1.5346,   1.0048,   0.0033
9040000000.0000,  21.4352,   1.5552,   1.0053,   0.0049
9042625000.0000,  21.4141,   1.5007,   1.0057,   0.0011
9045250000.0000,  21.4209,   1.5623,   1.0083,   0.0044
9047875000.0000,  21.4253,   1.5052,   1.0057,   0.0013
9050500000.0000,  21.3901,   1.5111,   1.0085,   0.0021
9053125000.0000,  21.4465,   1.5183,   1.0047,   0.0035
9055750000.0000,  21.3906,   1.5352,   1.0074,   0.0036
9058375000.0000,  21.4237,   1.5574,   1.0053,   0.0044
9061000000.0000,  21.3960,   1.5148,   1.0050,   0.0008
9063625000.0000,  21.4155,   1.4696,   1.0064,  -0.0011
9066250000.0000,  21.3768,   1.5270,   1.0051,   0.0037
9068875000.0000,  21.4006,   1.5260,   1.0043,   0.0035
9071500000.0000,  21.4092,   1.4993,   1.0066,   0.0003
9074125000.0000,  21.3917,   1.4889,   1.0054,   0.0008
9076750000.0000,  21.4066,   1.4777,   1.0038,   0.0000
9079375000.0000,  21.3815,   1.4816,   1.0039,   0.0017
9082000000.0000,  21.4031,   1.4654,   1.0049,  -0.0012
9084625000.0000,  21.3918,   1.4852,   1.0065,   0.0003
9087250000.0000,  21.4257,   1.4618,   1.0039,  -0.0001
9089875000.0000,  21.3942,   1.5425,   1.0048,   0.0062
9092500000.0000,  21.4096,   1.4446,   1.0067,  -0.0022
9095125000.0000,  21.3954,   1.4718,   1.0066,   0.0005
9097750000.0000,  21.3608,   1.4732,   1.0060,  -0.0004
9100375000.0000,  21.3839,   1.5167,   1.0054,   0.0044
9103000000.0000,  21.3787,   1.5128,   1.0071,   0.0049
9105625000.0000,  21.3698,   1.4822,   1.0054,   0.0018
9108250000.0000,  21.3787,   1.5021,   1.0063,   0.0036
9110875000.0000,  21.3800,   1.4845,   1.0068,   0.0026
9113500000.0000,  21.3426,   1.4787,   1.0069,   0.0052
9116125000.0000,  21.3932,   1.4859,   1.0060,   0.0022
9118750000.0000,  21.3644,   1.4193,   1.0064,  -0.0017
9121375000.0000,  21.3896,   1.4311,   1.0060,  -0.0017
9124000000.0000,  21.3884,   1.4688,   1.0054,   0.0034
9126625000.0000,  21.3725,   1.4513,   1.0070,   0.0020
9129250000.0000,  21.3593,   1.4506,   1.0047,   0.0039
9131875000.0000,  21.3466,   1.4204,   1.0044,  -0.0008
9134500000.0000,  21.3281,   1.4944,   1.0068,   0.0067
9137125000.0000,  21.3400,   1.4603,   1.0064,   0.0057
9139750000.0000,  21.3404,   1.4303,   1.0052,   0.0020
9142375000.0000,  21.3739,   1.4119,   1.0068,   0.0015
9145000000.0000,  21.3328,   1.4619,   1.0062,   0.0079
9147625000.0000,  21.3539,   1.4659,   1.0084,   0.0064
9150250000.0000,  21.3638,   1.3964,   1.0066,   0.0010
9152875000.0000,  21.3180,   1.4724,   1.0080,   0.0111
9155500000.0000,  21.3630,   1.4280,   1.0057,   0.0028
9158125000.0000,  21.3202,   1.4229,   1.0075,   0.0030
9160750000.0000,  21.3474,   1.4432,   1.0089,   0.0036
9163375000.0000,  21.3746,   1.3820,   1.0046,  -0.0003
9166000000.0000,  21.3955,   1.4280,   1.0088,   0.0037
9168625000.0000,  21.3665,   1.4191,   1.0064,   0.0036
9171250000.0000,  21.3218,   1.3947,   1.0061,   0.0019
9173875000.0000,  21.3741,   1.3738,   1.0083,  -0.0017
9176500000.0000,  21.3920,   1.3907,   1.0066,   0.0023
9179125000.0000,  21.3484,   1.3823,   1.0090,  -0.0011
9181750000.0000,  21.3875,   1.4235,   1.0072,   0.0040
9184375000.0000,  21.3972,   1.3731,   1.0067,  -0.0002
9187000000.0000,  21.3734,   1.3832,   1.0076,   0.0017
9189625000.0000,  21.3896,   1.3753,   1.0087,   0.0010
9192250000.0000,  21.4033,   1.3860,   1.0066,   0.0023
9194875000.0000,  21.3812,   1.4371,   1.0079,   0.0041
9197500000.0000,  21.3831,   1.3614,   1.0088,   0.0001
9200125000.0000,  21.4039,   1.3898,   1.0101,   0.0036
9202750000.0000,  21.3860,   1.3539,   1.0083,  -0.0011
9205375000.0000,  21.4221,   1.3965,   1.0071,   0.0037
9208000000.0000,  21.4090,   1.3649,   1.0093,   0.0020
9210625000.0000,  21.4246,   1.3713,   1.0085,   0.0020
9213250000.0000,  21.3888,   1.3892,   1.0087,   0.0025
9215875000.0000,  21.3638,   1.3973,   1.0085,   0.0049
9218500000.0000,  21.4115,   1.3751,   1.0093,   0.0012
9221125000.0000,  21.3619,   1.4083,   1.0089,   0.0062
9223750000.0000,  21.3924,   1.3782,   1.0085,   0.0032
9226375000.0000,  21.3965,   1.3679,   1.0072,   0.0037
9229000000.0000,  21.3876,   1.3382,   1.0066,   0.0011
9231625000.0000,  21.4072,   1.3729,   1.0096,   0.0036
9234250000.0000,  21.3826,   1.4083,   1.0098,   0.0068
9236875000.0000,  21.3849,   1.3626,   1.0100,   0.0027
9239500000.0000,  21.3813,   1.3574,   1.0092,   0.0033
9242125000.0000,  21.3738,   1.3832,   1.0075,   0.0038
9244750000.0000,  21.4075,   1.3634,   1.0072,   0.0015
9247375000.0000,  21.3531,   1.3418,   1.0076,   0.0040
9250000000.0000,  21.3832,   1.3560,   1.0087,   0.0036
9252625000.0000,  21.3683,   1.3404,   1.0082,   0.0031
9255250000.0000,  21.3770,   1.3503,   1.0085,   0.0041
9257875000.0000,  21.3931,   1.3492,   1.0090,   0.0026
9260500000.0000,  21.3863,   1.3286,   1.0081,   0.0010
9263125000.0000,  21.4151,   1.3473,   1.0094,   0.0031
9265750000.0000,  21.3839,   1.3467,   1.0087,   0.0051
9268375000.0000,  21.3575,   1.3620,   1.0079,   0.0077
9271000000.0000,  21.4083,   1.3057,   1.0070,   0.0016
9273625000.0000,  21.3947,   1.3158,   1.0084,   0.0046
9276250000.0000,  21.3683,   1.3104,   1.0080,   0.0043
9278875000.0000,  21.4021,   1.3457,   1.0104,   0.0045
9281500000.0000,  21.4143,   1.3197,   1.0083,   0.0018
9284125000.0000,  21.4047,   1.3393,   1.0082,   0.0052
9286750000.0000,  21.4076,   1.3579,   1.0098,   0.0076
9289375000.0000,  21.4014,   1.3051,   1.0070,   0.0024
9292000000.0000,  21.4331,   1.3545,   1.0085,   0.0055
9294625000.0000,  21.4150,   1.3286,   1.0103,   0.0058
9297250000.0000,  21.4131,   1.3413,   1.0090,   0.0058
9299875000.0000,  21.4296,   1.3387,   1.0095,   0.0055
9302500000.0000,  21.4255,   1.3525,   1.0098,   0.0065
9305125000.0000,  21.4018,   1.3294,   1.0079,   0.0053
9307750000.0000,  21.4610,   1.3172,   1.0088,   0.0028
9310375000.0000,  21.4527,   1.3244,   1.0085,   0.0026
9313000000.0000,  21.4565,   1.3369,   1.0108,   0.0034
9315625000.0000,  21.4297,   1.3529,   1.0072,   0.0074
9318250000.0000,  21.4387,   1.3096,   1.0065,   0.0022
9320875000.0000,  21.4296,   1.3199,   1.0069,   0.0039
9323500000.0000,  21.4206,   1.3476,   1.0076,   0.0072
9326125000.0000,  21.4332,   1.3238,   1.0090,   0.0042
9328750000.0000,  21.4470,   1.3322,   1.0091,   0.0039
9331375000.0000,  21.4297,   1.2978,   1.0076,   0.0000
9334000000.0000,  21.4543,   1.3110,   1.0091,   0.0013
9336625000.0000,  21.4419,   1.3396,   1.0060,   0.0059
9339250000.0000,  21.4393,   1.3496,   1.0075,   0.0035
9341875000.0000,  21.4514,   1.3333,   1.0067,   0.0037
9344500000.0000,  21.4509,   1.3335,   1.0074,   0.0039
9347125000.0000,  21.4486,   1.3407,   1.0059,   0.0033
9349750000.0000,  21.4237,   1.3311,   1.0070,   0.0036
9352375000.0000,  21.4433,   1.3434,   1.0064,   0.0042
9355000000.0000,  21.4719,   1.3411,   1.0084,   0.0051
9357625000.0000,  21.4319,   1.3225,   1.0067,   0.0037
9360250000.0000,  21.4533,   1.3496,   1.0083,   0.0047
9362875000.0000,  21.4783,   1.3016,   1.0066,   0.0007
9365500000.0000,  21.4721,   1.3517,   1.0056,   0.0057
9368125000.0000,  21.4464,   1.3086,   1.0053,   0.0020
9370750000.0000,  21.4268,   1.3377,   1.0066,   0.0069
9373375000.0000,  21.4586,   1.3118,   1.0048,   0.0037
9376000000.0000,  21.4540,   1.3865,   1.0059,   0.0078
9378625000.0000,  21.4843,   1.3160,   1.0097,   0.0033
9381250000.0000,  21.4644,   1.2884,   1.0074,   0.0011
9383875000.0000,  21.4726,   1.3157,   1.0059,   0.0039
9386500000.0000,  21.4831,   1.3220,   1.0091,   0.0046
9389125000.0000,  21.4824,   1.3140,   1.0082,   0.0038
9391750000.0000,  21.4805,   1.3447,   1.0106,   0.0063
9394375000.0000,  21.4675,   1.2995,   1.0075,   0.0034
9397000000.0000,  21.4672,   1.3321,   1.0099,   0.0038
9399625000.0000,  21.4688,   1.2583,   1.0071,   0.0004
9402250000.0000,  21.4998,   1.2902,   1.0075,   0.0027
9404875000.0000,  21.5112,   1.3015,   1.0098,   0.0048
9407500000.0000,  21.4327,   1.3522,   1.0107,   0.0087
9410125000.0000,  21.4880,   1.3331,   1.0078,   0.0055
9412750000.0000,  21.4707,   1.2894,   1.0093,   0.0036
9415375000.0000,  21.4764,   1.3091,   1.0083,   0.0062
9418000000.0000,  21.4861,   1.3335,   1.0083,   0.0056
9420625000.0000,  21.4743,   1.3303,   1.0069,   0.0069
9423250000.0000,  21.4866,   1.3417,   1.0084,   0.0073
9425875000.0000,  21.4802,   1.3611,   1.0081,   0.0059
9428500000.0000,  21.5228,   1.2944,   1.0097,   0.0006
9431125000.0000,  21.4770,   1.3187,   1.0070,   0.0042
9433750000.0000,  21.5029,   1.3472,   1.0079,   0.0059
9436375000.0000,  21.4928,   1.3570,   1.0081,   0.0059
9439000000.0000,  21.5295,   1.3210,   1.0064,   0.0016
9441625000.0000,  21.4838,   1.3644,   1.0082,   0.0083
9444250000.0000,  21.5244,   1.3289,   1.0058,   0.0047
9446875000.0000,  21.5192,   1.3299,   1.0069,   0.0030
9449500000.0000,  21.5112,   1.3472,   1.0086,   0.0053
9452125000.0000,  21.5038,   1.3301,   1.0077,   0.0031
9454750000.0000,  21.5227,   1.3648,   1.0088,   0.0053
9457375000.0000,  21.5307,   1.3255,   1.0089,   0.0033
9460000000.0000,  21.5205,   1.3685,   1.0064,   0.0055
9462625000.0000,  21.5016,   1.3239,   1.0068,   0.0023
9465250000.0000,  21.5080,   1.3509,   1.0088,   0.0068
9467875000.0000,  21.5078,   1.3398,   1.0049,   0.0040
9470500000.0000,  21.5380,   1.3671,   1.0092,   0.0070
9473125000.0000,  21.5332,   1.3300,   1.0066,   0.0041
9475750000.0000,  21.5324,   1.3815,   1.0061,   0.0053
9478375000.0000,  21.5281,   1.3648,   1.0081,   0.0031
9481000000.0000,  21.5354,   1.3769,   1.0080,   0.0055
9483625000.0000,  21.5265,   1.3285,   1.0070,   0.0014
9486250000.0000,  21.5231,   1.3224,   1.0075,   0.0010
9488875000.0000,  21.5149,   1.3336,   1.0064,   0.0026
9491500000.0000,  21.5292,   1.3609,   1.0065,   0.0026
9494125000.0000,  21.5319,   1.3676,   1.0073,   0.0048
9496750000.0000,  21.5278,   1.3960,   1.0094,   0.0064
9499375000.0000,  21.5272,   1.3795,   1.0085,   0.0035
9502000000.0000,  21.5165,   1.3347,   1.0057,   0.0008
9504625000.0000,  21.5439,   1.3572,   1.0082,   0.0029
9507250000.0000,  21.5141,   1.3331,   1.0069,   0.0007
9509875000.0000,  21.5433,   1.3537,   1.0102,   0.0038
9512500000.0000,  21.5407,   1.3682,   1.0080,   0.0039
9515125000.0000,  21.5189,   1.3827,   1.0069,   0.0053
9517750000.0000,  21.5115,   1.3846,   1.0105,   0.0068
9520375000.0000,  21.5255,   1.3356,   1.0075,   0.0005
9523000000.0000,  21.5441,   1.3946,   1.0101,   0.0047
9525625000.0000,  21.5009,   1.3961,   1.0093,   0.0062
9528250000.0000,  21.5305,   1.3833,   1.0077,   0.0055
9530875000.0000,  21.5236,   1.3286,   1.0093,   0.0011
9533500000.0000,  21.5258,   1.3618,   1.0066,   0.0035
9536125000.0000,  21.5501,   1.4072,   1.0068,   0.0083
9538750000.0000,  21.5571,   1.3510,   1.0098,   0.0035
9541375000.0000,  21.5287,   1.3295,   1.0081,   0.0019
9544000000.0000,  21.5520,   1.3555,   1.0080,   0.0022
9546625000.0000,  21.5343,   1.3062,   1.0084,  -0.0023
9549250000.0000,  21.5185,   1.3610,   1.0073,   0.0038
9551875000.0000,  21.5609,   1.3821,   1.0099,   0.0029
9554500000.0000,  21.5403,   1.3518,   1.0099,   0.0030
9557125000.0000,  21.4965,   1.3966,   1.0110,   0.0067
9559750000.0000,  21.5545,   1.3211,   1.0113,   0.0012
9562375000.0000,  21.5394,   1.3325,   1.0081,   0.0021
9565000000.0000,  21.5435,   1.3719,   1.0098,   0.0035
9567625000.0000,  21.5444,   1.4012,   1.0092,   0.0050
9570250000.0000,  21.5235,   1.3985,   1.0112,   0.0052
9572875000.0000,  21.5169,   1.3825,   1.0096,   0.0063
9575500000.0000,  21.5331,   1.4100,   1.0090,   0.0062
9578125000.0000,  21.5507,   1.4027,   1.0087,   0.0062
9580750000.0000,  21.5313,   1.4451,   1.0106,   0.0098
9583375000.0000,  21.5116,   1.4073,   1.0087,   0.0076
9586000000.0000,  21.5682,   1.4317,   1.0084,   0.0062
9588625000.0000,  21.5385,   1.3731,   1.0094,   0.0039
9591250000.0000,  21.5535,   1.4245,   1.0132,   0.0053
9593875000.0000,  21.5396,   1.4376,   1.0105,   0.0086
9596500000.0000,  21.5057,   1.4233,   1.0099,   0.0064
9599125000.0000,  21.5224,   1.4030,   1.0088,   0.0037
9601750000.0000,  21.5311,   1.4404,   1.0081,   0.0076
9604375000.0000,  21.5140,   1.4586,   1.0103,   0.0093
9607000000.0000,  21.5299,   1.4829,   1.0103,   0.0093
9609625000.0000,  21.5246,   1.4393,   1.0075,   0.0071
9612250000.0000,  21.5466,   1.4174,   1.0088,   0.0025
9614875000.0000,  21.5364,   1.4779,   1.0089,   0.0088
9617500000.0000,  21.5508,   1.4530,   1.0099,   0.0043
9620125000.0000,  21.5466,   1.4950,   1.0103,   0.0095
9622750000.0000,  21.5480,   1.4342,   1.0093,   0.0031
9625375000.0000,  21.5467,   1.4657,   1.0095,   0.0048
9628000000.0000,  21.5490,   1.4855,   1.0097,   0.0054
9630625000.0000,  21.5219,   1.4455,   1.0103,   0.0040
9633250000.0000,  21.5424,   1.4853,   1.0123,   0.0059
9635875000.0000,  21.5510,   1.4782,   1.0098,   0.0046
9638500000.0000,  21.5389,   1.4837,   1.0100,   0.0060
9641125000.0000,  21.5437,   1.5113,   1.0115,   0.0062
9643750000.0000,  21.5476,   1.5092,   1.0108,   0.0062
9646375000.0000,  21.5078,   1.5010,   1.0106,   0.0054
9649000000.0000,  21.5493,   1.5049,   1.0124,   0.0038
9651625000.0000,  21.5299,   1.4822,   1.0126,   0.0063
9654250000.0000,  21.5359,   1.4962,   1.0134,   0.0048
9656875000.0000,  21.5298,   1.4537,   1.0126,   0.0023
9659500000.0000,  21.5651,   1.4805,   1.0130,   0.0031
9662125000.0000,  21.5040,   1.5135,   1.0137,   0.0060
9664750000.0000,  21.5216,   1.4681,   1.0122,   0.0044
9667375000.0000,  21.5484,   1.4776,   1.0108,   0.0029
9670000000.0000,  21.5487,   1.5172,   1.0145,   0.0062
9672625000.0000,  21.5139,   1.5227,   1.0122,   0.0059
9675250000.0000,  21.5418,   1.4982,   1.0120,   0.0054
9677875000.0000,  21.5333,   1.5509,   1.0128,   0.0084
9680500000.0000,  21.5325,   1.5054,   1.0128,   0.0057
9683125000.0000,  21.5503,   1.5059,   1.0137,   0.0040
9685750000.0000,  21.5585,   1.5372,   1.0149,   0.0067
9688375000.0000,  21.5807,   1.5538,   1.0163,   0.0063
9691000000.0000,  21.5935,   1.5361,   1.0142,   0.0058
9693625000.0000,  21.5454,   1.5371,   1.0126,   0.0051
9696250000.0000,  21.5689,   1.5084,   1.0114,   0.0058
9698875000.0000,  21.5494,   1.5534,   1.0148,   0.0072
9701500000.0000,  21.5681,   1.4985,   1.0133,   0.0036
9704125000.0000,  21.5779,   1.5561,   1.0137,   0.0061
9706750000.0000,  21.5530,   1.5892,   1.0140,   0.0074
9709375000.0000,  21.5767,   1.4853,   1.0132,   0.0025
9712000000.0000,  21.5291,   1.6048,   1.0136,   0.0101
9714625000.0000,  21.5737,   1.5060,   1.0122,   0.0036
9717250000.0000,  21.5586,   1.5323,   1.0104,   0.0023
9719875000.0000,  21.5663,   1.5354,   1.0107,   0.0054
9722500000.0000,  21.5575,   1.5358,   1.0128,   0.0046
9725125000.0000,  21.5376,   1.5406,   1.0111,   0.0046
9727750000.0000,  21.5637,   1.5467,   1.0127,   0.0037
9730375000.0000,  21.5470,   1.5695,   1.0120,   0.0061
9733000000.0000,  21.5703,   1.5428,   1.0120,   0.0046
9735625000.0000,  21.5603,   1.5364,   1.0107,   0.0045
9738250000.0000,  21.5040,   1.5735,   1.0111,   0.0050
9740875000.0000,  21.5246,   1.5521,   1.0129,   0.0038
9743500000.0000,  21.5210,   1.6029,   1.0141,   0.0082
9746125000.0000,  21.5202,   1.5514,   1.0088,   0.0039
9748750000.0000,  21.5295,   1.5560,   1.0097,   0.0041
9751375000.0000,  21.5272,   1.5494,   1.0107,   0.0043
9754000000.0000,  21.5320,   1.5616,   1.0114,   0.0054
9756625000.0000,  21.4948,   1.5924,   1.0125,   0.0057
9759250000.0000,  21.4832,   1.5782,   1.0103,   0.0056
9761875000.0000,  21.4844,   1.6033,   1.0123,   0.0062
9764500000.0000,  21.4939,   1.6126,   1.0137,   0.0064
9767125000.0000,  21.4966,   1.6034,   1.0106,   0.0062
9769750000.0000,  21.5011,   1.6069,   1.0108,   0.0054
9772375000.0000,  21.4950,   1.6285,   1.0115,   0.0067
9775000000.0000,  21.5016,   1.5942,   1.0119,   0.0037
9777625000.0000,  21.4833,   1.6215,   1.0107,   0.0073
9780250000.0000,  21.4608,   1.6060,   1.0106,   0.0053
9782875000.0000,  21.5091,   1.5821,   1.0116,   0.0032
9785500000.0000,  21.4716,   1.6501,   1.0138,   0.0094
9788125000.0000,  21.4456,   1.6054,   1.0118,   0.0066
9790750000.0000,  21.4731,   1.5614,   1.0109,   0.0014
9793375000.0000,  21.4543,   1.5912,   1.0114,   0.0038
9796000000.0000,  21.4642,   1.6156,   1.0118,   0.0049
9798625000.0000,  21.4696,   1.6560,   1.0127,   0.0061
9801250000.0000,  21.4874,   1.5852,   1.0148,   0.0038
9803875000.0000,  21.4840,   1.6192,   1.0143,   0.0054
9806500000.0000,  21.4746,   1.6477,   1.0122,   0.0073
9809125000.0000,  21.4724,   1.6433,   1.0152,   0.0049
9811750000.0000,  21.4637,   1.6267,   1.0129,   0.0041
9814375000.0000,  21.4176,   1.6169,   1.0126,   0.0057
9817000000.0000,  21.4598,   1.6397,   1.0137,   0.0046
9819625000.0000,  21.4434,   1.6659,   1.0138,   0.0064
9822250000.0000,  21.4415,   1.6185,   1.0125,   0.0050
9824875000.0000,  21.4211,   1.6251,   1.0131,   0.0054
9827500000.0000,  21.4160,   1.6545,   1.0148,   0.0069
9830125000.0000,  21.4086,   1.6612,   1.0150,   0.0078
9832750000.0000,  21.4162,   1.6566,   1.0140,   0.0063
9835375000.0000,  21.4107,   1.6547,   1.0136,   0.0073
9838000000.0000,  21.4156,   1.6537,   1.0124,   0.0059
9840625000.0000,  21.3935,   1.6689,   1.0142,   0.0068
9843250000.0000,  21.4088,   1.6694,   1.0134,   0.0075
9845875000.0000,  21.4195,   1.6283,   1.0142,   0.0054
9848500000.0000,  21.4112,   1.6659,   1.0132,   0.0053
9851125000.0000,  21.4061,   1.6646,   1.0148,   0.0058
9853750000.0000,  21.3812,   1.6539,   1.0145,   0.0067
9856375000.0000,  21.4036,   1.6525,   1.0147,   0.0044
9859000000.0000,  21.4046,   1.6374,   1.0135,   0.0061
9861625000.0000,  21.4048,   1.6485,   1.0133,   0.0052
9864250000.0000,  21.3813,   1.6534,   1.0156,   0.0057
9866875000.0000,  21.3725,   1.6528,   1.0140,   0.0050
9869500000.0000,  21.3665,   1.6603,   1.0140,   0.0061
9872125000.0000,  21.3828,   1.6713,   1.0150,   0.0061
9874750000.0000,  21.3698,   1.6705,   1.0135,   0.0047
9877375000.0000,  21.3594,   1.6739,   1.0140,   0.0070
9880000000.0000,  21.3644,   1.6553,   1.0143,   0.0060
9882625000.0000,  21.3802,   1.6451,   1.0139,   0.0031
9885250000.0000,  21.3556,   1.6479,   1.0129,   0.0058
9887875000.0000,  21.3750,   1.6893,   1.0153,   0.0066
9890500000.0000,  21.3451,   1.6477,   1.0134,   0.0054
9893125000.0000,  21.3433,   1.6709,   1.0151,   0.0078
9895750000.0000,  21.3189,   1.6940,   1.0147,   0.0060
9898375000.0000,  21.3204,   1.6388,   1.0140,   0.0036
9901000000.0000,  21.3347,   1.6674,   1.0138,   0.0067
9903625000.0000,  21.3112,   1.6473,   1.0134,   0.0056
9906250000.0000,  21.3057,   1.6623,   1.0126,   0.0072
9908875000.0000,  21.2642,   1.6416,   1.0130,   0.0066
9911500000.0000,  21.3159,   1.6509,   1.0143,   0.0049
9914125000.0000,  21.3271,   1.6310,   1.0135,   0.0035
9916750000.0000,  21.2659,   1.6414,   1.0126,   0.0065
9919375000.0000,  21.2820,   1.6700,   1.0135,   0.0062
9922000000.0000,  21.2638,   1.6421,   1.0144,   0.0054
9924625000.0000,  21.2683,   1.6200,   1.0134,   0.0046
9927250000.0000,  21.2590,   1.6530,   1.0129,   0.0066
9929875000.0000,  21.2266,   1.6597,   1.0128,   0.0086
9932500000.0000,  21.2642,   1.6278,   1.0166,   0.0057
9935125000.0000,  21.2231,   1.6546,   1.0125,   0.0083
9937750000.0000,  21.2647,   1.6221,   1.0144,   0.0041
9940375000.0000,  21.1986,   1.6153,   1.0125,   0.0060
9943000000.0000,  21.2419,   1.6722,   1.0151,   0.0074
9945625000.0000,  21.2423,   1.6096,   1.0151,   0.0057
9948250000.0000,  21.2289,   1.6511,   1.0162,   0.0082
9950875000.0000,  21.2360,   1.6097,   1.0158,   0.0046
9953500000.0000,  21.1833,   1.6039,   1.0121,   0.0048
9956125000.0000,  21.2266,   1.6118,   1.0143,   0.0061
9958750000.0000,  21.1845,   1.6236,   1.0130,   0.0081
9961375000.0000,  21.2110,   1.6216,   1.0148,   0.0066
9964000000.0000,  21.1973,   1.6370,   1.0157,   0.0078
9966625000.0000,  21.1939,   1.6244,   1.0155,   0.0077
9969250000.0000,  21.1873,   1.5819,   1.0138,   0.0074
9971875000.0000,  21.2072,   1.6213,   1.0145,   0.0070
9974500000.0000,  21.2138,   1.5863,   1.0155,   0.0059
9977125000.0000,  21.2097,   1.5882,   1.0145,   0.0049
9979750000.0000,  21.1968,   1.5883,   1.0144,   0.0070
9982375000.0000,  21.1805,   1.5820,   1.0133,   0.0065
9985000000.0000,  21.1732,   1.5931,   1.0140,   0.0083
9987625000.0000,  21.1756,   1.6088,   1.0139,   0.0084
9990250000.0000,  21.1711,   1.5996,   1.0139,   0.0070
9992875000.0000,  21.1705,   1.6111,   1.0141,   0.0084
9995500000.0000,  21.1769,   1.5764,   1.0143,   0.0073
9998125000.0000,  21.1487,   1.5694,   1.0132,   0.0068
10000750000.0000,  21.1625,   1.5919,   1.0140,   0.0092
10003375000.0000,  21.1812,   1.5490,   1.0140,   0.0060
10006000000.0000,  21.1648,   1.5711,   1.0124,   0.0068
10008625000.0000,  21.1758,   1.5804,   1.0143,   0.0067
10011250000.0000,  21.1649,   1.5776,   1.0126,   0.0072
10013875000.0000,  21.1576,   1.5873,   1.0139,   0.0076
10016500000.0000,  21.1630,   1.5560,   1.0126,   0.0043
10019125000.0000,  21.1453,   1.5963,   1.0134,   0.0082
10021750000.0000,  21.1624,   1.5571,   1.0153,   0.0061
10024375000.0000,  21.1508,   1.5557,   1.0133,   0.0058
10027000000.0000,  21.1241,   1.5546,   1.0125,   0.0061
10029625000.0000,  21.1365,   1.5377,   1.0141,   0.0054
10032250000.0000,  21.1299,   1.5485,   1.0131,   0.0071
10034875000.0000,  21.1239,   1.5605,   1.0144,   0.0063
10037500000.0000,  21.1660,   1.5577,   1.0142,   0.0050
10040125000.0000,  21.1451,   1.5404,   1.0145,   0.0048
10042750000.0000,  21.1150,   1.5492,   1.0129,   0.0054
10045375000.0000,  21.1304,   1.5452,   1.0155,   0.0058
10048000000.0000,  21.1429,   1.5587,   1.0163,   0.0067
10050625000.0000,  21.1062,   1.5308,   1.0145,   0.0067
10053250000.0000,  21.1422,   1.5314,   1.0142,   0.0061
10055875000.0000,  21.1356,   1.5449,   1.0153,   0.0061
10058500000.0000,  21.1454,   1.5182,   1.0152,   0.0067
10061125000.0000,  21.1240,   1.5204,   1.0139,   0.0062
10063750000.0000,  21.1396,   1.5115,   1.0156,   0.0055
10066375000.0000,  21.1118,   1.5095,   1.0148,   0.0065
10069000000.0000,  21.1234,   1.4829,   1.0158,   0.0057
10071625000.0000,  21.0965,   1.5042,   1.0152,   0.0075
10074250000.0000,  21.1082,   1.5318,   1.0145,   0.0074
10076875000.0000,  21.1028,   1.4901,   1.0137,   0.0073
10079500000.0000,  21.1060,   1.4908,   1.0146,   0.0067
10082125000.0000,  21.1080,   1.4547,   1.0135,   0.0074
10084750000.0000,  21.0885,   1.4824,   1.0154,   0.0078
10087375000.0000,  21.0884,   1.4886,   1.0158,   0.0080
10090000000.0000,  21.1112,   1.4699,   1.0164,   0.0081
10092625000.0000,  21.1207,   1.4569,   1.0144,   0.0059
10095250000.0000,  21.1188,   1.4692,   1.0165,   0.0083
10097875000.0000,  21.0777,   1.4812,   1.0155,   0.0103
10100500000.0000,  21.0931,   1.4845,   1.0156,   0.0099
10103125000.0000,  21.0694,   1.4870,   1.0151,   0.0098
10105750000.0000,  21.0822,   1.4555,   1.0160,   0.0093
10108375000.0000,  21.0894,   1.4582,   1.0145,   0.0070
10111000000.0000,  21.1076,   1.4354,   1.0157,   0.0070
10113625000.0000,  21.1021,   1.4782,   1.0159,   0.0087
10116250000.0000,  21.1066,   1.4436,   1.0151,   0.0071
10118875000.0000,  21.0701,   1.4640,   1.0151,   0.0104
10121500000.0000,  21.0768,   1.4646,   1.0147,   0.0098
10124125000.0000,  21.0941,   1.4602,   1.0154,   0.0086
10126750000.0000,  21.0962,   1.4379,   1.0142,   0.0068
10129375000.0000,  21.1119,   1.4374,   1.0141,   0.0092
10132000000.0000,  21.0837,   1.4487,   1.0146,   0.0076
10134625000.0000,  21.0878,   1.4686,   1.0135,   0.0089
10137250000.0000,  21.0978,   1.4426,   1.0152,   0.0084
10139875000.0000,  21.0877,   1.4496,   1.0147,   0.0089
10142500000.0000,  21.0862,   1.4757,   1.0155,   0.0095
10145125000.0000,  21.1021,   1.4402,   1.0140,   0.0075
10147750000.0000,  21.0618,   1.4289,   1.0158,   0.0075
10150375000.0000,  21.0986,   1.4263,   1.0157,   0.0069
10153000000.0000,  21.0936,   1.4389,   1.0155,   0.0077
10155625000.0000,  21.0601,   1.4218,   1.0143,   0.0078
10158250000.0000,  21.0803,   1.4763,   1.0169,   0.0094
10160875000.0000,  21.0939,   1.4056,   1.0150,   0.0066
10163500000.0000,  21.0798,   1.4049,   1.0155,   0.0070
10166125000.0000,  21.0990,   1.4123,   1.0139,   0.0059
10168750000.0000,  21.1231,   1.4071,   1.0167,   0.0047
10171375000.0000,  21.0983,   1.4335,   1.0154,   0.0079
10174000000.0000,  21.0903,   1.3745,   1.0141,   0.0057
10176625000.0000,  21.1095,   1.4238,   1.0152,   0.0082
10179250000.0000,  21.1077,   1.4136,   1.0167,   0.0075
10181875000.0000,  21.0619,   1.3804,   1.0140,   0.0049
10184500000.0000,  21.1165,   1.3904,   1.0155,   0.0069
10187125000.0000,  21.0876,   1.3938,   1.0148,   0.0064
10189750000.0000,  21.0868,   1.3974,   1.0142,   0.0070
10192375000.0000,  21.1063,   1.3902,   1.0177,   0.0073
10195000000.0000,  21.0764,   1.3822,   1.0143,   0.0065
10197625000.0000,  21.0733,   1.3729,   1.0147,   0.0077
10200250000.0000,  21.0896,   1.3886,   1.0130,   0.0077
10202875000.0000,  21.0954,   1.3758,   1.0140,   0.0063
10205500000.0000,  21.0942,   1.3674,   1.0147,   0.0068
10208125000.0000,  21.0914,   1.3625,   1.0152,   0.0064
10210750000.0000,  21.0887,   1.3931,   1.0153,   0.0075
10213375000.0000,  21.1021,   1.3904,   1.0151,   0.0068
10216000000.0000,  21.0967,   1.3666,   1.0141,   0.0062
10218625000.0000,  21.0982,   1.3579,   1.0137,   0.0062
10221250000.0000,  21.0919,   1.3910,   1.0143,   0.0080
10223875000.0000,  21.1151,   1.3388,   1.0137,   0.0052
10226500000.0000,  21.0757,   1.3719,   1.0131,   0.0079
10229125000.0000,  21.0774,   1.3746,   1.0144,   0.0085
10231750000.0000,  21.0982,   1.3343,   1.0132,   0.0051
10234375000.0000,  21.0885,   1.3441,   1.0137,   0.0074
10237000000.0000,  21.1326,   1.3469,   1.0132,   0.0066
10239625000.0000,  21.1143,   1.3274,   1.0142,   0.0055
10242250000.0000,  21.1064,   1.3778,   1.0140,   0.0077
10244875000.0000,  21.1120,   1.3341,   1.0128,   0.0083
10247500000.0000,  21.0976,   1.3575,   1.0124,   0.0086
10250125000.0000,  21.1305,   1.3627,   1.0147,   0.0069
10252750000.0000,  21.1083,   1.3545,   1.0149,   0.0077
10255375000.0000,  21.1075,   1.3470,   1.0131,   0.0067
10258000000.0000,  21.1294,   1.3127,   1.0151,   0.0061
10260625000.0000,  21.1398,   1.3431,   1.0148,   0.0073
10263250000.0000,  21.1125,   1.3652,   1.0125,   0.0078
10265875000.0000,  21.1148,   1.3332,   1.0132,   0.0066
10268500000.0000,  21.1389,   1.3418,   1.0134,   0.0049
10271125000.0000,  21.1146,   1.3127,   1.0136,   0.0064
10273750000.0000,  21.0659,   1.3828,   1.0151,   0.0084
10276375000.0000,  21.0917,   1.3475,   1.0127,   0.0069
10279000000.0000,  21.1005,   1.3230,   1.0131,   0.0067
10281625000.0000,  21.1265,   1.3187,   1.0147,   0.0057
10284250000.0000,  21.1018,   1.3318,   1.0141,   0.0076
10286875000.0000,  21.1062,   1.3107,   1.0132,   0.0054
10289500000.0000,  21.1168,   1.3227,   1.0155,   0.0056
10292125000.0000,  21.0747,   1.3457,   1.0148,   0.0077
10294750000.0000,  21.1030,   1.3510,   1.0132,   0.0076
10297375000.0000,  21.0839,   1.3314,   1.0152,   0.0075
10300000000.0000,  21.1163,   1.3516,   1.0144,   0.0077
10302625000.0000,  21.1009,   1.3435,   1.0154,   0.0076
10305250000.0000,  21.1022,   1.3326,   1.0147,   0.0077
10307875000.0000,  21.0912,   1.3031,   1.0143,   0.0047
10310500000.0000,  21.1001,   1.3407,   1.0158,   0.0059
10313125000.0000,  21.0881,   1.3255,   1.0142,   0.0065
10315750000.0000,  21.1023,   1.3395,   1.0150,   0.0070
10318375000.0000,  21.0896,   1.3070,   1.0139,   0.0051
10321000000.0000,  21.1081,   1.2908,   1.0163,   0.0053
10323625000.0000,  21.0811,   1.3645,   1.0152,   0.0087
10326250000.0000,  21.1086,   1.3502,   1.0156,   0.0082
10328875000.0000,  21.1197,   1.3030,   1.0150,   0.0049
10331500000.0000,  21.1034,   1.2974,   1.0173,   0.0060
10334125000.0000,  21.1077,   1.3014,   1.0157,   0.0050
10336750000.0000,  21.1233,   1.3279,   1.0174,   0.0078
10339375000.0000,  21.1144,   1.3204,   1.0165,   0.0074
10342000000.0000,  21.0982,   1.3249,   1.0178,   0.0073
10344625000.0000,  21.1241,   1.3008,   1.0173,   0.0056
10347250000.0000,  21.1197,   1.3369,   1.0170,   0.0087
10349875000.0000,  21.1067,   1.3148,   1.0159,   0.0080
10352500000.0000,  21.0910,   1.2832,   1.0155,   0.0055
10355125000.0000,  21.1166,   1.2923,   1.0163,   0.0062
10357750000.0000,  21.1179,   1.2947,   1.0156,   0.0063
10360375000.0000,  21.1065,   1.2731,   1.0159,   0.0051
10363000000.0000,  21.1155,   1.2647,   1.0165,   0.0063
10365625000.0000,  21.1206,   1.3056,   1.0156,   0.0066
10368250000.0000,  21.1250,   1.2643,   1.0146,   0.0057
10370875000.0000,  21.1385,   1.2798,   1.0148,   0.0065
10373500000.0000,  21.1411,   1.3088,   1.0154,   0.0072
10376125000.0000,  21.1309,   1.2941,   1.0155,   0.0065
10378750000.0000,  21.1290,   1.3020,   1.0160,   0.0098
10381375000.0000,  21.1345,   1.2928,   1.0156,   0.0074
10384000000.0000,  21.1085,   1.2885,   1.0147,   0.0076
10386625000.0000,  21.1164,   1.2678,   1.0131,   0.0072
10389250000.0000,  21.1487,   1.2709,   1.0131,   0.0045
10391875000.0000,  21.1234,   1.2675,   1.0109,   0.0076
10394500000.0000,  21.1219,   1.2769,   1.0123,   0.0076
10397125000.0000,  21.1524,   1.2743,   1.0143,   0.0060
10399750000.0000,  21.0912,   1.2524,   1.0115,   0.0078
10402375000.0000,  21.1235,   1.2680,   1.0127,   0.0069
10405000000.0000,  21.1114,   1.2626,   1.0123,   0.0051
10407625000.0000,  21.1300,   1.2669,   1.0130,   0.0063
10410250000.0000,  21.1570,   1.2720,   1.0136,   0.0062
10412875000.0000,  21.1203,   1.3009,   1.0139,   0.0074
10415500000.0000,  21.1114,   1.2622,   1.0134,   0.0073
10418125000.0000,  21.1055,   1.2943,   1.0114,   0.0069
10420750000.0000,  21.0814,   1.3067,   1.0107,   0.0092
10423375000.0000,  21.0966,   1.2740,   1.0118,   0.0055
10426000000.0000,  21.0888,   1.2900,   1.0142,   0.0068
10428625000.0000,  21.0768,   1.2837,   1.0136,   0.0083
10431250000.0000,  21.1040,   1.2508,   1.0139,   0.0045
10433875000.0000,  21.0858,   1.2367,   1.0124,   0.0050
10436500000.0000,  21.1124,   1.2921,   1.0147,   0.0057
10439125000.0000,  21.0679,   1.2695,   1.0132,   0.0080
10441750000.0000,  21.0803,   1.2685,   1.0138,   0.0065
10444375000.0000,  21.0767,   1.2753,   1.0136,   0.0079
10447000000.0000,  21.0647,   1.2932,   1.0144,   0.0082
10449625000.0000,  21.0647,   1.2682,   1.0149,   0.0082
10452250000.0000,  21.0660,   1.2629,   1.0144,   0.0074
10454875000.0000,  21.0631,   1.2534,   1.0145,   0.0068
10457500000.0000,  21.0414,   1.2430,   1.0152,   0.0054
10460125000.0000,  21.0448,   1.2805,   1.0137,   0.0078
10462750000.0000,  21.0664,   1.2652,   1.0150,   0.0070
10465375000.0000,  21.0943,   1.2583,   1.0168,   0.0077
10468000000.0000,  21.0579,   1.2666,   1.0167,   0.0078
10470625000.0000,  21.0598,   1.2459,   1.0154,   0.0067
10473250000.0000,  21.0800,   1.2398,   1.0169,   0.0081
10475875000.0000,  21.0860,   1.2835,   1.0185,   0.0073
10478500000.0000,  21.0944,   1.2769,   1.0196,   0.0076
10481125000.0000,  21.1079,   1.2358,   1.0185,   0.0062
10483750000.0000,  21.0690,   1.2759,   1.0173,   0.0102
10486375000.0000,  21.0972,   1.2412,   1.0179,   0.0084
10489000000.0000,  21.1078,   1.2366,   1.0188,   0.0080
10491625000.0000,  21.1041,   1.2683,   1.0189,   0.0095
10494250000.0000,  21.1178,   1.2550,   1.0191,   0.0092
10496875000.0000,  21.1077,   1.2560,   1.0187,   0.0085
10499500000.0000,  21.1480,   1.2250,   1.0188,   0.0079
10502125000.0000,  21.1505,   1.1975,   1.0207,   0.0075
10504750000.0000,  21.1421,   1.2111,   1.0204,   0.0069
10507375000.0000,  21.1461,   1.2641,   1.0183,   0.0096
10510000000.0000,  21.1353,   1.2789,   1.0187,   0.0087
10512625000.0000,  21.1976,   1.2423,   1.0217,   0.0042
10515250000.0000,  21.1592,   1.2559,   1.0204,   0.0086
10517875000.0000,  21.2127,   1.2458,   1.0217,   0.0065
10520500000.0000,  21.1819,   1.2367,   1.0206,   0.0062
10523125000.0000,  21.1894,   1.2316,   1.0195,   0.0058
10525750000.0000,  21.2551,   1.2738,   1.0212,   0.0048
10528375000.0000,  21.2478,   1.1935,   1.0207,   0.0044
10531000000.0000,  21.1966,   1.2578,   1.0184,   0.0057
10533625000.0000,  21.2521,   1.2456,   1.0200,   0.0047
10536250000.0000,  21.1920,   1.2913,   1.0213,   0.0079
10538875000.0000,  21.2025,   1.1964,   1.0181,   0.0061
10541500000.0000,  21.1844,   1.2675,   1.0167,   0.0055
10544125000.0000,  21.2121,   1.2373,   1.0195,   0.0069
10546750000.0000,  21.1864,   1.2767,   1.0180,   0.0048
10549375000.0000,  21.1678,   1.2812,   1.0185,   0.0075
10552000000.0000,  21.1718,   1.2586,   1.0184,   0.0063
10554625000.0000,  21.2111,   1.2417,   1.0186,   0.0045
10557250000.0000,  21.1744,   1.1923,   1.0182,   0.0047
10559875000.0000,  21.2447,   1.2889,   1.0212,   0.0059
10562500000.0000,  21.2215,   1.2631,   1.0197,   0.0071
10565125000.0000,  21.1646,   1.2296,   1.0162,   0.0061
10567750000.0000,  21.1633,   1.2718,   1.0183,   0.0069
10570375000.0000,  21.1334,   1.3262,   1.0205,   0.0096
10573000000.0000,  21.2134,   1.3091,   1.0206,   0.0056
10575625000.0000,  21.2104,   1.3073,   1.0202,   0.0058
10578250000.0000,  21.1764,   1.2606,   1.0201,   0.0055
10580875000.0000,  21.1632,   1.2762,   1.0200,   0.0055
10583500000.0000,  21.1924,   1.1966,   1.0222,   0.0032
10586125000.0000,  21.1667,   1.2712,   1.0215,   0.0105
10588750000.0000,  21.1535,   1.2560,   1.0206,   0.0067
10591375000.0000,  21.1779,   1.2429,   1.0209,   0.0047
10594000000.0000,  21.1784,   1.2514,   1.0208,   0.0068
10596625000.0000,  21.2264,   1.1917,   1.0208,   0.0024
10599250000.0000,  21.1296,   1.2699,   1.0209,   0.0073
10601875000.0000,  21.1629,   1.2223,   1.0208,   0.0054
10604500000.0000,  21.1679,   1.2115,   1.0217,   0.0052
10607125000.0000,  21.1713,   1.2624,   1.0221,   0.0068
10609750000.0000,  21.1262,   1.2075,   1.0195,   0.0062
10612375000.0000,  21.2192,   1.2510,   1.0232,   0.0060
10615000000.0000,  21.1794,   1.2924,   1.0200,   0.0092
10617625000.0000,  21.1606,   1.2474,   1.0203,   0.0077
10620250000.0000,  21.2044,   1.2025,   1.0236,   0.0048
10622875000.0000,  21.1667,   1.2859,   1.0231,   0.0088
10625500000.0000,  21.1587,   1.2271,   1.0200,   0.0068
10628125000.0000,  21.1830,   1.2671,   1.0228,   0.0084
10630750000.0000,  21.1623,   1.2548,   1.0217,   0.0071
10633375000.0000,  21.2335,   1.2572,   1.0230,   0.0064
10636000000.0000,  21.2079,   1.2353,   1.0230,   0.0070
10638625000.0000,  21.1839,   1.2095,   1.0212,   0.0048
10641250000.0000,  21.2544,   1.2367,   1.0218,   0.0064
10643875000.0000,  21.2119,   1.2506,   1.0232,   0.0055
10646500000.0000,  21.1811,   1.2477,   1.0206,   0.0086
10649125000.0000,  21.1733,   1.2610,   1.0231,   0.0095
10651750000.0000,  21.2197,   1.2345,   1.0220,   0.0061
10654375000.0000,  21.1961,   1.2202,   1.0191,   0.0075
10657000000.0000,  21.2217,   1.2541,   1.0230,   0.0086
10659625000.0000,  21.2186,   1.2680,   1.0212,   0.0069
10662250000.0000,  21.2071,   1.2576,   1.0199,   0.0067
10664875000.0000,  21.1830,   1.3168,   1.0234,   0.0081
10667500000.0000,  21.1821,   1.2825,   1.0216,   0.0073
10670125000.0000,  21.2126,   1.2644,   1.0249,   0.0090
10672750000.0000,  21.2281,   1.2857,   1.0211,   0.0082
10675375000.0000,  21.2115,   1.2588,   1.0206,   0.0052
10678000000.0000,  21.1753,   1.2480,   1.0208,   0.0064
10680625000.0000,  21.2121,   1.3157,   1.0230,   0.0106
10683250000.0000,  21.2309,   1.2754,   1.0210,   0.0058
10685875000.0000,  21.2345,   1.2594,   1.0221,   0.0087
10688500000.0000,  21.2239,   1.2054,   1.0195,   0.0058
10691125000.0000,  21.2061,   1.2223,   1.0206,   0.0045
10693750000.0000,  21.2322,   1.2269,   1.0198,   0.0077
10696375000.0000,  21.2434,   1.3197,   1.0210,   0.0081
10699000000.0000,  21.2544,   1.2272,   1.0193,   0.0053
10701625000.0000,  21.2401,   1.2649,   1.0194,   0.0079
10704250000.0000,  21.1820,   1.3140,   1.0186,   0.0071
10706875000.0000,  21.2175,   1.2575,   1.0216,   0.0036
10709500000.0000,  21.1624,   1.2337,   1.0182,   0.0071
10712125000.0000,  21.2081,   1.3005,   1.0200,   0.0069
10714750000.0000,  21.2131,   1.2242,   1.0207,   0.0050
10717375000.0000,  21.1541,   1.2373,   1.0191,   0.0058
10720000000.0000,  21.1801,   1.2140,   1.0195,   0.0033
10722625000.0000,  21.2381,   1.2818,   1.0205,   0.0064
10725250000.0000,  21.1858,   1.1865,   1.0198,   0.0055
10727875000.0000,  21.1818,   1.2600,   1.0205,   0.0068
10730500000.0000,  21.1907,   1.2150,   1.0194,   0.0051
10733125000.0000,  21.1588,   1.2936,   1.0200,   0.0086
10735750000.0000,  21.1943,   1.2936,   1.0198,   0.0061
10738375000.0000,  21.1597,   1.2780,   1.0218,   0.0073
10741000000.0000,  21.1617,   1.2423,   1.0197,   0.0080
10743625000.0000,  21.1461,   1.1963,   1.0194,   0.0056
10746250000.0000,  21.1397,   1.2512,   1.0192,   0.0071
10748875000.0000,  21.1870,   1.2259,   1.0223,   0.0049
10751500000.0000,  21.1917,   1.2527,   1.0206,   0.0065
10754125000.0000,  21.1590,   1.2165,   1.0216,   0.0064
10756750000.0000,  21.1170,   1.2411,   1.0174,   0.0080
10759375000.0000,  21.1878,   1.2824,   1.0219,   0.0065
10762000000.0000,  21.2080,   1.2509,   1.0217,   0.0072
10764625000.0000,  21.2083,   1.2773,   1.0241,   0.0096
10767250000.0000,  21.2155,   1.2425,   1.0202,   0.0060
10769875000.0000,  21.1796,   1.2437,   1.0219,   0.0078
10772500000.0000,  21.2077,   1.2673,   1.0224,   0.0095
10775125000.0000,  21.1625,   1.2109,   1.0194,   0.0071
10777750000.0000,  21.1462,   1.2848,   1.0228,   0.0072
10780375000.0000,  21.1938,   1.2372,   1.0210,   0.0082
10783000000.0000,  21.1986,   1.2428,   1.0207,   0.0060
10785625000.0000,  21.1425,   1.2699,   1.0211,   0.0073
10788250000.0000,  21.1901,   1.2524,   1.0214,   0.0096
10790875000.0000,  21.1925,   1.2846,   1.0217,   0.0093
10793500000.0000,  21.2047,   1.2470,   1.0213,   0.0092
10796125000.0000,  21.1817,   1.2768,   1.0206,   0.0084
10798750000.0000,  21.1947,   1.2535,   1.0231,   0.0077
10801375000.0000,  21.2089,   1.2433,   1.0222,   0.0082
10804000000.0000,  21.1988,   1.2170,   1.0211,   0.0055
10806625000.0000,  21.1922,   1.3004,   1.0226,   0.0093
10809250000.0000,  21.2072,   1.2712,   1.0215,   0.0091
10811875000.0000,  21.2214,   1.2869,   1.0218,   0.0087
10814500000.0000,  21.2275,   1.2601,   1.0225,   0.0058
10817125000.0000,  21.1466,   1.2854,   1.0217,   0.0091
10819750000.0000,  21.1619,   1.3176,   1.0235,   0.0080
10822375000.0000,  21.1718,   1.3256,   1.0205,   0.0084
10825000000.0000,  21.2088,   1.2970,   1.0220,   0.0053
10827625000.0000,  21.1671,   1.2820,   1.0186,   0.0068
10830250000.0000,  21.1952,   1.2912,   1.0228,   0.0074
10832875000.0000,  21.1604,   1.3116,   1.0224,   0.0048
10835500000.0000,  21.2140,   1.2666,   1.0214,   0.0065
10838125000.0000,  21.1711,   1.3004,   1.0212,   0.0056
10840750000.0000,  21.1953,   1.2665,   1.0231,   0.0064
10843375000.0000,  21.2204,   1.3385,   1.0238,   0.0067
10846000000.0000,  21.1920,   1.2948,   1.0227,   0.0068
10848625000.0000,  21.1457,   1.2718,   1.0252,   0.0065
10851250000.0000,  21.2042,   1.2705,   1.0205,   0.0054
10853875000.0000,  21.1850,   1.3163,   1.0222,   0.0089
10856500000.0000,  21.1322,   1.2937,   1.0235,   0.0064
10859125000.0000,  21.1720,   1.2612,   1.0249,   0.0065
10861750000.0000,  21.1736,   1.2401,   1.0220,   0.0057
10864375000.0000,  21.1564,   1.2640,   1.0253,   0.0059
10867000000.0000,  21.1781,   1.2305,   1.0239,   0.0032
10869625000.0000,  21.1829,   1.2599,   1.0215,   0.0062
10872250000.0000,  21.1623,   1.2248,   1.0244,   0.0072
10874875000.0000,  21.1476,   1.2490,   1.0240,   0.0067
10877500000.0000,  21.1460,   1.2725,   1.0248,   0.0077
10880125000.0000,  21.1389,   1.2542,   1.0222,   0.0079
10882750000.0000,  21.1795,   1.2385,   1.0232,   0.0070
10885375000.0000,  21.1515,   1.2175,   1.0245,   0.0066
10888000000.0000,  21.1297,   1.2866,   1.0227,   0.0084
10890625000.0000,  21.1859,   1.2509,   1.0223,   0.0065
10893250000.0000,  21.1756,   1.2665,   1.0229,   0.0083
10895875000.0000,  21.1564,   1.2920,   1.0226,   0.0090
10898500000.0000,  21.1407,   1.3079,   1.0246,   0.0105
10901125000.0000,  21.1576,   1.2665,   1.0250,   0.0079
10903750000.0000,  21.1912,   1.2365,   1.0253,   0.0080
10906375000.0000,  21.1497,   1.2501,   1.0229,   0.0079
10909000000.0000,  21.1782,   1.2146,   1.0238,   0.0067
10911625000.0000,  21.1817,   1.3039,   1.0241,   0.0076
10914250000.0000,  21.1709,   1.2494,   1.0222,   0.0056
10916875000.0000,  21.2035,   1.2485,   1.0258,   0.0082
10919500000.0000,  21.1870,   1.2392,   1.0245,   0.0086
10922125000.0000,  21.2207,   1.2544,   1.0241,   0.0066
10924750000.0000,  21.1715,   1.2896,   1.0224,   0.0072
10927375000.0000,  21.2049,   1.1952,   1.0237,   0.0054
10930000000.0000,  21.1913,   1.3127,   1.0248,   0.0101
10932625000.0000,  21.1612,   1.2802,   1.0240,   0.0064
10935250000.0000,  21.1533,   1.3159,   1.0246,   0.0078
10937875000.0000,  21.1453,   1.2930,   1.0240,   0.0094
10940500000.0000,  21.1556,   1.3006,   1.0222,   0.0073
10943125000.0000,  21.1506,   1.3198,   1.0211,   0.0075
10945750000.0000,  21.1816,   1.2613,   1.0226,   0.0065
10948375000.0000,  21.1692,   1.2393,   1.0220,   0.0061
10951000000.0000,  21.2148,   1.3173,   1.0247,   0.0084
10953625000.0000,  21.1582,   1.2728,   1.0241,   0.0063
10956250000.0000,  21.1345,   1.2776,   1.0233,   0.0077
10958875000.0000,  21.1652,   1.2832,   1.0235,   0.0069
10961500000.0000,  21.1831,   1.2901,   1.0259,   0.0065
10964125000.0000,  21.1915,   1.3062,   1.0251,   0.0068
10966750000.0000,  21.1324,   1.2921,   1.0244,   0.0073
10969375000.0000,  21.1623,   1.2978,   1.0257,   0.0074
10972000000.0000,  21.1466,   1.3071,   1.0240,   0.0097
10974625000.0000,  21.1472,   1.2970,   1.0261,   0.0061
10977250000.0000,  21.1405,   1.3120,   1.0245,   0.0071
10979875000.0000,  21.1439,   1.2340,   1.0245,   0.0062
10982500000.0000,  21.1913,   1.2622,   1.0239,   0.0067
10985125000.0000,  21.1278,   1.2830,   1.0255,   0.0079
10987750000.0000,  21.1929,   1.2800,   1.0279,   0.0061
10990375000.0000,  21.1459,   1.2829,   1.0255,   0.0053
10993000000.0000,  21.1485,   1.2531,   1.0257,   0.0054
10995625000.0000,  21.0846,   1.3207,   1.0271,   0.0098
10998250000.0000,  21.1423,   1.2632,   1.0281,   0.0076
11000875000.0000,  21.1453,   1.2584,   1.0262,   0.0067
11003500000.0000,  21.1509,   1.2509,   1.0274,   0.0058
11006125000.0000,  21.1424,   1.2772,   1.0264,   0.0068
11008750000.0000,  21.1354,   1.2019,   1.0255,   0.0045
11011375000.0000,  21.1216,   1.2612,   1.0246,   0.0082
11014000000.0000,  21.1772,   1.2250,   1.0252,   0.0057
11016625000.0000,  21.1554,   1.2850,   1.0265,   0.0070
11019250000.0000,  21.1850,   1.2848,   1.0273,   0.0080
11021875000.0000,  21.1443,   1.2917,   1.0256,   0.0053
11024500000.0000,  21.1636,   1.2485,   1.0252,   0.0048
11027125000.0000,  21.2033,   1.2654,   1.0262,   0.0061
11029750000.0000,  21.1621,   1.2553,   1.0265,   0.0078
11032375000.0000,  21.1450,   1.2742,   1.0255,   0.0077
11035000000.0000,  21.1706,   1.2566,   1.0268,   0.0061
11037625000.0000,  21.1629,   1.2899,   1.0258,   0.0070
11040250000.0000,  21.2204,   1.2284,   1.0269,   0.0056
11042875000.0000,  21.1505,   1.3096,   1.0250,   0.0075
11045500000.0000,  21.1795,   1.2696,   1.0272,   0.0080
11048125000.0000,  21.1959,   1.2237,   1.0258,   0.0061
11050750000.0000,  21.1790,   1.2599,   1.0260,   0.0082
11053375000.0000,  21.2085,   1.2804,   1.0266,   0.0082
11056000000.0000,  21.2021,   1.2526,   1.0272,   0.0081
11058625000.0000,  21.1689,   1.2613,   1.0241,   0.0078
11061250000.0000,  21.1756,   1.2190,   1.0254,   0.0044
11063875000.0000,  21.1821,   1.3295,   1.0260,   0.0086
11066500000.0000,  21.1795,   1.2435,   1.0269,   0.0074
11069125000.0000,  21.2002,   1.2709,   1.0258,   0.0084
11071750000.0000,  21.2198,   1.2619,   1.0246,   0.0093
11074375000.0000,  21.1764,   1.2292,   1.0244,   0.0065
11077000000.0000,  21.1859,   1.2435,   1.0242,   0.0066
11079625000.0000,  21.1705,   1.3196,   1.0275,   0.0107
11082250000.0000,  21.1758,   1.2099,   1.0245,   0.0043
11084875000.0000,  21.1726,   1.2427,   1.0251,   0.0063
11087500000.0000,  21.1901,   1.2250,   1.0252,   0.0062
11090125000.0000,  21.1172,   1.2496,   1.0256,   0.0074
11092750000.0000,  21.1262,   1.2478,   1.0240,   0.0072
11095375000.0000,  21.1853,   1.2374,   1.0250,   0.0075
11098000000.0000,  21.1570,   1.2510,   1.0254,   0.0076
11100625000.0000,  21.1740,   1.1984,   1.0235,   0.0051
11103250000.0000,  21.1634,   1.2645,   1.0255,   0.0072
11105875000.0000,  21.1621,   1.2311,   1.0245,   0.0083
11108500000.0000,  21.1329,   1.2280,   1.0237,   0.0070
11111125000.0000,  21.1337,   1.2478,   1.0239,   0.0065
11113750000.0000,  21.1441,   1.2736,   1.0248,   0.0077
11116375000.0000,  21.1052,   1.2517,   1.0240,   0.0056
11119000000.0000,  21.1710,   1.2073,   1.0260,   0.0070
11121625000.0000,  21.1380,   1.2678,   1.0250,   0.0087
11124250000.0000,  21.1273,   1.2591,   1.0262,   0.0075
11126875000.0000,  21.1250,   1.2381,   1.0271,   0.0060
11129500000.0000,  21.1732,   1.2403,   1.0258,   0.0050
11132125000.0000,  21.1378,   1.2800,   1.0254,   0.0074
11134750000.0000,  21.1311,   1.2940,   1.0263,   0.0085
11137375000.0000,  21.1311,   1.3341,   1.0283,   0.0103
11140000000.0000,  21.1508,   1.2679,   1.0259,   0.0070
11142625000.0000,  21.1550,   1.2615,   1.0273,   0.0073
11145250000.0000,  21.1055,   1.2789,   1.0275,   0.0082
11147875000.0000,  21.1265,   1.2690,   1.0265,   0.0076
11150500000.0000,  21.1050,   1.3469,   1.0270,   0.0094
11153125000.0000,  21.1398,   1.2590,   1.0276,   0.0080
11155750000.0000,  21.1756,   1.2394,   1.0288,   0.0064
11158375000.0000,  21.1638,   1.3430,   1.0303,   0.0080
11161000000.0000,  21.1313,   1.2607,   1.0282,   0.0078
11163625000.0000,  21.1913,   1.2702,   1.0310,   0.0062
11166250000.0000,  21.1447,   1.2137,   1.0292,   0.0051
11168875000.0000,  21.1649,   1.2913,   1.0293,   0.0078
11171500000.0000,  21.1399,   1.2799,   1.0280,   0.0081
11174125000.0000,  21.1471,   1.2514,   1.0284,   0.0076
11176750000.0000,  21.2256,   1.2800,   1.0304,   0.0078
11179375000.0000,  21.1498,   1.2670,   1.0302,   0.0076
11182000000.0000,  21.1496,   1.2573,   1.0314,   0.0064
11184625000.0000,  21.1239,   1.2679,   1.0305,   0.0080
11187250000.0000,  21.1837,   1.2458,   1.0293,   0.0050
11189875000.0000,  21.1498,   1.2234,   1.0294,   0.0054
11192500000.0000,  21.1870,   1.2382,   1.0301,   0.0045
11195125000.0000,  21.2093,   1.2703,   1.0318,   0.0068
11197750000.0000,  21.1584,   1.2816,   1.0314,   0.0087
11200375000.0000,  21.1678,   1.2992,   1.0311,   0.0085
11203000000.0000,  21.1849,   1.2443,   1.0280,   0.0078
11205625000.0000,  21.2207,   1.2232,   1.0278,   0.0083
11208250000.0000,  21.2461,   1.1770,   1.0281,   0.0053
11210875000.0000,  21.2278,   1.3053,   1.0292,   0.0086
11213500000.0000,  21.1725,   1.2185,   1.0283,   0.0071
11216125000.0000,  21.1426,   1.2538,   1.0286,   0.0074
11218750000.0000,  21.2148,   1.3013,   1.0292,   0.0070
11221375000.0000,  21.1778,   1.2917,   1.0287,   0.0069
11224000000.0000,  21.2254,   1.3322,   1.0300,   0.0082
11226625000.0000,  21.1842,   1.2896,   1.0268,   0.0070
11229250000.0000,  21.1480,   1.3019,   1.0289,   0.0092
11231875000.0000,  21.1553,   1.2797,   1.0275,   0.0084
11234500000.0000,  21.2040,   1.2693,   1.0287,   0.0075
11237125000.0000,  21.1859,   1.2292,   1.0287,   0.0075
11239750000.0000,  21.2327,   1.2501,   1.0283,   0.0068
11242375000.0000,  21.1252,   1.2487,   1.0261,   0.0073
11245000000.0000,  21.1797,   1.2758,   1.0270,   0.0067
11247625000.0000,  21.2046,   1.2039,   1.0255,   0.0052
11250250000.0000,  21.1890,   1.2513,   1.0268,   0.0062
11252875000.0000,  21.2205,   1.2837,   1.0262,   0.0065
11255500000.0000,  21.1786,   1.2905,   1.0270,   0.0089
11258125000.0000,  21.1524,   1.2397,   1.0272,   0.0059
11260750000.0000,  21.1696,   1.2651,   1.0276,   0.0071
11263375000.0000,  21.1457,   1.2574,   1.0278,   0.0077
11266000000.0000,  21.1603,   1.3296,   1.0277,   0.0096
11268625000.0000,  21.1413,   1.2524,   1.0268,   0.0065
11271250000.0000,  21.1184,   1.2416,   1.0275,   0.0064
11273875000.0000,  21.1291,   1.2845,   1.0291,   0.0077
11276500000.0000,  21.1549,   1.2193,   1.0276,   0.0048
11279125000.0000,  21.1221,   1.2433,   1.0260,   0.0065
11281750000.0000,  21.0987,   1.2649,   1.0262,   0.0084
11284375000.0000,  21.1200,   1.2647,   1.0285,   0.0089
11287000000.0000,  21.1256,   1.2876,   1.0286,   0.0076
11289625000.0000,  21.1271,   1.2890,   1.0282,   0.0074
11292250000.0000,  21.1121,   1.2461,   1.0276,   0.0070
11294875000.0000,  21.0744,   1.3079,   1.0313,   0.0096
11297500000.0000,  21.1421,   1.2155,   1.0281,   0.0058
11300125000.0000,  21.0978,   1.2238,   1.0295,   0.0061
11302750000.0000,  21.0747,   1.3525,   1.0295,   0.0095
11305375000.0000,  21.0796,   1.2776,   1.0281,   0.0083
11308000000.0000,  21.0831,   1.2395,   1.0286,   0.0079
11310625000.0000,  21.1316,   1.2601,   1.0314,   0.0083
11313250000.0000,  21.1402,   1.2753,   1.0286,   0.0079
11315875000.0000,  21.1363,   1.2245,   1.0307,   0.0069
11318500000.0000,  21.1166,   1.2581,   1.0307,   0.0075
11321125000.0000,  21.1194,   1.2673,   1.0293,   0.0077
11323750000.0000,  21.1134,   1.2482,   1.0298,   0.0071
11326375000.0000,  21.1516,   1.2355,   1.0299,   0.0066
11329000000.0000,  21.1156,   1.2683,   1.0305,   0.0098
11331625000.0000,  21.1119,   1.3190,   1.0319,   0.0085
11334250000.0000,  21.1215,   1.1876,   1.0287,   0.0062
11336875000.0000,  21.1246,   1.2592,   1.0298,   0.0080
11339500000.0000,  21.1356,   1.2591,   1.0297,   0.0079
11342125000.0000,  21.1326,   1.2529,   1.0311,   0.0069
11344750000.0000,  21.1912,   1.2865,   1.0301,   0.0067
11347375000.0000,  21.1551,   1.3014,   1.0316,   0.0088
11350000000.0000,  21.1680,   1.2462,   1.0303,   0.0087
11352625000.0000,  21.1782,   1.2728,   1.0305,   0.0089
11355250000.0000,  21.1588,   1.2867,   1.0303,   0.0085
11357875000.0000,  21.1526,   1.2194,   1.0305,   0.0071
11360500000.0000,  21.1361,   1.2675,   1.0314,   0.0091
11363125000.0000,  21.1446,   1.2560,   1.0287,   0.0058
11365750000.0000,  21.1282,   1.2253,   1.0298,   0.0067
11368375000.0000,  21.1480,   1.2774,   1.0307,   0.0074
11371000000.0000,  21.1716,   1.2541,   1.0303,   0.0058
11373625000.0000,  21.1752,   1.2642,   1.0311,   0.0076
11376250000.0000,  21.1546,   1.2601,   1.0305,   0.0089
11378875000.0000,  21.1945,   1.2430,   1.0307,   0.0073
11381500000.0000,  21.1993,   1.2492,   1.0303,   0.0070
11384125000.0000,  21.2090,   1.2387,   1.0308,   0.0056
11386750000.0000,  21.1879,   1.2867,   1.0311,   0.0066
11389375000.0000,  21.1612,   1.2149,   1.0315,   0.0059
11392000000.0000,  21.1666,   1.1808,   1.0292,   0.0072
11394625000.0000,  21.1472,   1.2321,   1.0302,   0.0088
11397250000.0000,  21.1544,   1.1974,   1.0320,   0.0065
11399875000.0000,  21.1321,   1.2466,   1.0316,   0.0091
11402500000.0000,  21.1572,   1.3089,   1.0323,   0.0089
11405125000.0000,  21.1014,   1.2700,   1.0286,   0.0100
11407750000.0000,  21.1195,   1.2364,   1.0295,   0.0092
11410375000.0000,  21.1188,   1.2988,   1.0317,   0.0085
11413000000.0000,  21.1881,   1.2344,   1.0313,   0.0084
11415625000.0000,  21.1366,   1.2534,   1.0305,   0.0109
11418250000.0000,  21.1621,   1.2582,   1.0302,   0.0067
11420875000.0000,  21.1064,   1.2587,   1.0291,   0.0110
11423500000.0000,  21.1582,   1.2568,   1.0336,   0.0083
11426125000.0000,  21.0997,   1.2679,   1.0308,   0.0099
11428750000.0000,  21.1053,   1.2526,   1.0312,   0.0086
11431375000.0000,  21.1081,   1.2986,   1.0308,   0.0101
11434000000.0000,  21.1530,   1.2642,   1.0323,   0.0075
11436625000.0000,  21.1681,   1.2549,   1.0310,   0.0081
11439250000.0000,  21.0794,   1.2596,   1.0306,   0.0080
11441875000.0000,  21.1081,   1.2494,   1.0323,   0.0096
11444500000.0000,  21.1045,   1.2807,   1.0318,   0.0092
11447125000.0000,  21.0589,   1.2631,   1.0323,   0.0082
11449750000.0000,  21.0801,   1.2143,   1.0287,   0.0076
11452375000.0000,  21.0963,   1.2625,   1.0312,   0.0088
11455000000.0000,  21.1367,   1.2458,   1.0301,   0.0073
11457625000.0000,  21.1260,   1.2278,   1.0313,   0.0069
11460250000.0000,  21.0532,   1.2690,   1.0308,   0.0086
11462875000.0000,  21.0882,   1.2925,   1.0310,   0.0101
11465500000.0000,  21.0595,   1.2359,   1.0307,   0.0084
11468125000.0000,  21.0762,   1.1992,   1.0297,   0.0084
11470750000.0000,  21.1013,   1.2799,   1.0322,   0.0086
11473375000.0000,  21.0657,   1.2100,   1.0316,   0.0084
11476000000.0000,  21.1034,   1.2667,   1.0313,   0.0096
11478625000.0000,  21.0574,   1.2515,   1.0318,   0.0089
11481250000.0000,  21.1168,   1.2441,   1.0327,   0.0078
11483875000.0000,  21.1254,   1.2739,   1.0331,   0.0089
11486500000.0000,  21.1470,   1.3001,   1.0341,   0.0074
11489125000.0000,  21.1232,   1.3282,   1.0329,   0.0097
11491750000.0000,  21.0870,   1.3079,   1.0336,   0.0096
11494375000.0000,  21.1087,   1.2756,   1.0320,   0.0093
11497000000.0000,  21.0904,   1.2981,   1.0329,   0.0109
11499625000.0000,  21.1156,   1.2524,   1.0329,   0.0087
11502250000.0000,  21.1282,   1.2734,   1.0325,   0.0102
11504875000.0000,  21.1327,   1.2660,   1.0324,   0.0090
11507500000.0000,  21.1450,   1.2151,   1.0327,   0.0078
11510125000.0000,  21.1167,   1.1923,   1.0332,   0.0086
11512750000.0000,  21.1155,   1.2524,   1.0345,   0.0090
11515375000.0000,  21.1258,   1.2735,   1.0330,   0.0111
11518000000.0000,  21.1244,   1.2583,   1.0316,   0.0097
11520625000.0000,  21.1078,   1.2624,   1.0336,   0.0094
11523250000.0000,  21.1289,   1.3006,   1.0356,   0.0096
11525875000.0000,  21.1513,   1.2849,   1.0346,   0.0092
11528500000.0000,  21.1517,   1.2253,   1.0304,   0.0081
11531125000.0000,  21.1423,   1.2817,   1.0331,   0.0089
11533750000.0000,  21.1599,   1.2970,   1.0327,   0.0087
11536375000.0000,  21.0936,   1.2540,   1.0316,   0.0105
11539000000.0000,  21.1035,   1.2555,   1.0340,   0.0100
11541625000.0000,  21.1040,   1.2400,   1.0334,   0.0089
11544250000.0000,  21.0824,   1.2421,   1.0314,   0.0094
11546875000.0000,  21.1186,   1.2257,   1.0335,   0.0089
11549500000.0000,  21.1466,   1.2247,   1.0321,   0.0084
11552125000.0000,  21.1422,   1.2558,   1.0337,   0.0073
11554750000.0000,  21.1418,   1.2860,   1.0344,   0.0094
11557375000.0000,  21.1315,   1.2512,   1.0340,   0.0085
11560000000.0000,  21.1678,   1.2149,   1.0332,   0.0065
11562625000.0000,  21.1438,   1.1985,   1.0344,   0.0081
11565250000.0000,  21.1255,   1.1955,   1.0308,   0.0074
11567875000.0000,  21.1066,   1.2820,   1.0321,   0.0094
11570500000.0000,  21.1145,   1.2268,   1.0324,   0.0071
11573125000.0000,  21.1171,   1.2580,   1.0352,   0.0085
11575750000.0000,  21.1299,   1.2779,   1.0330,   0.0090
11578375000.0000,  21.1265,   1.2693,   1.0347,   0.0090
11581000000.0000,  21.1097,   1.2589,   1.0335,   0.0091
11583625000.0000,  21.0981,   1.3016,   1.0355,   0.0088
11586250000.0000,  21.1203,   1.2676,   1.0347,   0.0101
11588875000.0000,  21.1124,   1.1844,   1.0333,   0.0078
11591500000.0000,  21.1463,   1.2024,   1.0332,   0.0079
11594125000.0000,  21.0919,   1.2234,   1.0350,   0.0088
11596750000.0000,  21.1052,   1.2215,   1.0349,   0.0107
11599375000.0000,  21.1563,   1.1944,   1.0335,   0.0089
11602000000.0000,  21.0467,   1.1650,   1.0336,   0.0089
11604625000.0000,  21.1189,   1.2196,   1.0314,   0.0105
11607250000.0000,  21.0977,   1.1977,   1.0340,   0.0108
11609875000.0000,  21.0824,   1.2390,   1.0353,   0.0109
11612500000.0000,  21.0976,   1.1983,   1.0329,   0.0085
11615125000.0000,  21.0796,   1.2074,   1.0339,   0.0104
11617750000.0000,  21.1230,   1.2248,   1.0351,   0.0091
11620375000.0000,  21.0684,   1.2576,   1.0347,   0.0100
11623000000.0000,  21.1127,   1.1770,   1.0334,   0.0071
11625625000.0000,  21.1052,   1.1695,   1.0335,   0.0086
11628250000.0000,  21.1729,   1.1920,   1.0329,   0.0090
11630875000.0000,  21.1114,   1.3134,   1.0351,   0.0112
11633500000.0000,  21.0976,   1.2482,   1.0325,   0.0114
11636125000.0000,  21.1656,   1.2401,   1.0330,   0.0085
11638750000.0000,  21.1378,   1.2086,   1.0329,   0.0088
11641375000.0000,  21.1625,   1.2372,   1.0338,   0.0097
11644000000.0000,  21.1610,   1.1945,   1.0351,   0.0086
11646625000.0000,  21.1448,   1.2326,   1.0336,   0.0093
11649250000.0000,  21.1791,   1.2230,   1.0332,   0.0087
11651875000.0000,  21.1556,   1.2419,   1.0320,   0.0086
11654500000.0000,  21.1727,   1.2593,   1.0326,   0.0072
11657125000.0000,  21.1484,   1.2529,   1.0362,   0.0073
11659750000.0000,  21.1610,   1.2388,   1.0348,   0.0092
11662375000.0000,  21.1599,   1.2496,   1.0353,   0.0071
11665000000.0000,  21.1967,   1.2601,   1.0349,   0.0070
11667625000.0000,  21.1598,   1.2116,   1.0324,   0.0083
11670250000.0000,  21.1943,   1.2594,   1.0354,   0.0085
11672875000.0000,  21.1875,   1.2483,   1.0346,   0.0072
11675500000.0000,  21.1583,   1.2332,   1.0340,   0.0098
11678125000.0000,  21.1401,   1.1895,   1.0350,   0.0087
11680750000.0000,  21.1725,   1.2776,   1.0369,   0.0091
11683375000.0000,  21.1723,   1.2219,   1.0329,   0.0093
11686000000.0000,  21.1277,   1.2660,   1.0345,   0.0081
11688625000.0000,  21.1266,   1.2468,   1.0344,   0.0079
11691250000.0000,  21.1391,   1.2702,   1.0359,   0.0093
11693875000.0000,  21.1185,   1.2461,   1.0355,   0.0087
11696500000.0000,  21.1343,   1.2168,   1.0355,   0.0078
11699125000.0000,  21.1233,   1.2529,   1.0355,   0.0084
11701750000.0000,  21.1660,   1.2657,   1.0342,   0.0073
11704375000.0000,  21.1462,   1.2184,   1.0346,   0.0102
11707000000.0000,  21.1441,   1.2410,   1.0334,   0.0108
11709625000.0000,  21.1653,   1.2301,   1.0353,   0.0090
11712250000.0000,  21.0591,   1.2243,   1.0347,   0.0105
11714875000.0000,  21.1258,   1.1883,   1.0358,   0.0090
11717500000.0000,  21.1165,   1.1693,   1.0347,   0.0092
11720125000.0000,  21.1130,   1.2125,   1.0357,   0.0110
11722750000.0000,  21.1517,   1.2067,   1.0368,   0.0107
11725375000.0000,  21.1252,   1.2167,   1.0353,   0.0109
11728000000.0000,  21.0796,   1.1824,   1.0358,   0.0109
11730625000.0000,  21.1039,   1.2009,   1.0374,   0.0109
11733250000.0000,  21.1566,   1.2206,   1.0355,   0.0118
11735875000.0000,  21.0938,   1.2221,   1.0358,   0.0127
11738500000.0000,  21.1400,   1.2085,   1.0356,   0.0116
11741125000.0000,  21.0863,   1.2520,   1.0340,   0.0128
11743750000.0000,  21.1388,   1.1899,   1.0334,   0.0090
11746375000.0000,  21.1536,   1.2290,   1.0353,   0.0102
11749000000.0000,  21.1565,   1.2295,   1.0344,   0.0118
11751625000.0000,  21.1309,   1.2589,   1.0349,   0.0103
11754250000.0000,  21.1191,   1.2138,   1.0359,   0.0105
11756875000.0000,  21.1342,   1.2140,   1.0332,   0.0107
11759500000.0000,  21.1612,   1.1813,   1.0336,   0.0104
11762125000.0000,  21.1474,   1.3273,   1.0342,   0.0108
11764750000.0000,  21.1122,   1.2837,   1.0339,   0.0131
11767375000.0000,  21.1491,   1.2803,   1.0350,   0.0104
11770000000.0000,  21.1141,   1.2826,   1.0343,   0.0099
11772625000.0000,  21.1852,   1.2792,   1.0363,   0.0091
11775250000.0000,  21.1500,   1.2770,   1.0350,   0.0092
11777875000.0000,  21.1280,   1.2734,   1.0345,   0.0114
11780500000.0000,  21.1677,   1.2727,   1.0336,   0.0093
11783125000.0000,  21.1484,   1.2674,   1.0355,   0.0100
11785750000.0000,  21.1446,   1.2791,   1.0350,   0.0106
11788375000.0000,  21.1796,   1.3040,   1.0367,   0.0089
11791000000.0000,  21.1359,   1.2875,   1.0361,   0.0101
11793625000.0000,  21.1759,   1.2829,   1.0363,   0.0097
11796250000.0000,  21.1675,   1.2492,   1.0354,   0.0091
11798875000.0000,  21.1343,   1.2541,   1.0372,   0.0116
11801500000.0000,  21.1815,   1.2954,   1.0357,   0.0089
11804125000.0000,  21.1727,   1.2594,   1.0364,   0.0107
11806750000.0000,  21.1580,   1.2928,   1.0375,   0.0100
11809375000.0000,  21.1619,   1.2646,   1.0362,   0.0091
11812000000.0000,  21.1288,   1.2487,   1.0360,   0.0115
11814625000.0000,  21.1511,   1.3043,   1.0394,   0.0105
11817250000.0000,  21.1585,   1.2349,   1.0370,   0.0088
11819875000.0000,  21.1420,   1.2087,   1.0372,   0.0084
11822500000.0000,  21.1512,   1.2546,   1.0365,   0.0110
11825125000.0000,  21.1227,   1.2204,   1.0378,   0.0105
11827750000.0000,  21.1305,   1.2485,   1.0387,   0.0122
11830375000.0000,  21.1318,   1.2719,   1.0373,   0.0113
11833000000.0000,  21.1896,   1.1984,   1.0367,   0.0104
11835625000.0000,  21.1636,   1.2604,   1.0384,   0.0108
11838250000.0000,  21.2059,   1.2639,   1.0381,   0.0127
11840875000.0000,  21.1544,   1.2470,   1.0373,   0.0105
11843500000.0000,  21.1590,   1.2599,   1.0376,   0.0122
11846125000.0000,  21.1663,   1.2238,   1.0369,   0.0103
11848750000.0000,  21.2089,   1.2836,   1.0377,   0.0086
11851375000.0000,  21.1686,   1.2434,   1.0379,   0.0095
11854000000.0000,  21.2357,   1.2630,   1.0378,   0.0096
11856625000.0000,  21.1871,   1.2391,   1.0377,   0.0115
11859250000.0000,  21.2026,   1.2835,   1.0371,   0.0121
11861875000.0000,  21.1855,   1.2562,   1.0368,   0.0119
11864500000.0000,  21.1885,   1.2790,   1.0363,   0.0106
11867125000.0000,  21.1668,   1.2952,   1.0373,   0.0104
11869750000.0000,  21.1774,   1.2649,   1.0357,   0.0095
11872375000.0000,  21.1989,   1.2527,   1.0374,   0.0103
11875000000.0000,  21.1637,   1.2868,   1.0358,   0.0117
11877625000.0000,  21.2218,   1.3087,   1.0371,   0.0095
11880250000.0000,  21.1947,   1.2827,   1.0354,   0.0092
11882875000.0000,  21.2415,   1.2993,   1.0355,   0.0100
11885500000.0000,  21.1568,   1.1937,   1.0348,   0.0084
11888125000.0000,  21.2044,   1.2907,   1.0357,   0.0100
11890750000.0000,  21.1889,   1.2486,   1.0356,   0.0087
11893375000.0000,  21.1968,   1.3030,   1.0347,   0.0111
11896000000.0000,  21.1540,   1.2885,   1.0353,   0.0096
11898625000.0000,  21.1314,   1.2781,   1.0345,   0.0112
11901250000.0000,  21.1392,   1.2662,   1.0343,   0.0085
11903875000.0000,  21.1813,   1.2667,   1.0351,   0.0083
11906500000.0000,  21.1441,   1.2922,   1.0330,   0.0107
11909125000.0000,  21.2096,   1.2723,   1.0373,   0.0096
11911750000.0000,  21.1677,   1.2490,   1.0350,   0.0087
11914375000.0000,  21.1550,   1.2629,   1.0353,   0.0103
11917000000.0000,  21.1660,   1.2692,   1.0362,   0.0102
11919625000.0000,  21.1581,   1.2663,   1.0359,   0.0092
11922250000.0000,  21.1500,   1.2936,   1.0366,   0.0097
11924875000.0000,  21.2375,   1.3170,   1.0359,   0.0102
11927500000.0000,  21.1801,   1.2447,   1.0378,   0.0106
11930125000.0000,  21.1415,   1.3506,   1.0363,   0.0113
11932750000.0000,  21.1704,   1.2527,   1.0350,   0.0092
11935375000.0000,  21.1285,   1.2999,   1.0373,   0.0114
11938000000.0000,  21.2197,   1.3116,   1.0366,   0.0104
11940625000.0000,  21.0887,   1.2604,   1.0364,   0.0095
11943250000.0000,  21.1471,   1.2952,   1.0368,   0.0121
11945875000.0000,  21.1377,   1.2839,   1.0361,   0.0110
11948500000.0000,  21.1605,   1.3092,   1.0381,   0.0109
11951125000.0000,  21.1339,   1.2712,   1.0368,   0.0094
11953750000.0000,  21.0864,   1.2556,   1.0366,   0.0102
11956375000.0000,  21.0965,   1.3118,   1.0362,   0.0119
11959000000.0000,  21.1484,   1.3428,   1.0374,   0.0100
11961625000.0000,  21.1295,   1.2928,   1.0375,   0.0091
11964250000.0000,  21.1445,   1.3360,   1.0383,   0.0093
11966875000.0000,  21.1322,   1.2935,   1.0382,   0.0099
11969500000.0000,  21.1435,   1.2672,   1.0377,   0.0105
11972125000.0000,  21.0981,   1.2575,   1.0368,   0.0109
11974750000.0000,  21.0893,   1.3170,   1.0377,   0.0122
11977375000.0000,  21.1226,   1.3094,   1.0377,   0.0097
11980000000.0000,  21.1315,   1.3501,   1.0397,   0.0111
11982625000.0000,  21.1405,   1.3191,   1.0385,   0.0109
11985250000.0000,  21.1041,   1.3211,   1.0374,   0.0113
11987875000.0000,  21.0850,   1.3556,   1.0384,   0.0110
11990500000.0000,  21.1443,   1.3593,   1.0396,   0.0105
11993125000.0000,  21.1050,   1.2913,   1.0394,   0.0090
11995750000.0000,  21.1229,   1.3387,   1.0382,   0.0114
11998375000.0000,  21.1318,   1.3317,   1.0385,   0.0115
12001000000.0000,  21.1047,   1.2884,   1.0391,   0.0107
12003625000.0000,  21.0964,   1.3652,   1.0395,   0.0094
12006250000.0000,  21.1547,   1.3708,   1.0405,   0.0106
12008875000.0000,  21.1438,   1.2922,   1.0386,   0.0109
12011500000.0000,  21.1413,   1.3278,   1.0392,   0.0096
12014125000.0000,  21.1553,   1.3189,   1.0386,   0.0108
12016750000.0000,  21.1223,   1.2961,   1.0395,   0.0106
12019375000.0000,  21.1641,   1.3157,   1.0390,   0.0094
12022000000.0000,  21.1690,   1.3423,   1.0399,   0.0113
12024625000.0000,  21.1383,   1.3441,   1.0391,   0.0112
12027250000.0000,  21.1571,   1.3485,   1.0393,   0.0102
12029875000.0000,  21.2031,   1.3343,   1.0383,   0.0106
12032500000.0000,  21.1534,   1.3079,   1.0405,   0.0110
12035125000.0000,  21.2031,   1.3358,   1.0403,   0.0089
12037750000.0000,  21.1834,   1.3496,   1.0389,   0.0094
12040375000.0000,  21.1708,   1.3484,   1.0398,   0.0110
12043000000.0000,  21.1924,   1.3161,   1.0395,   0.0115
12045625000.0000,  21.1554,   1.3366,   1.0384,   0.0108
12048250000.0000,  21.1788,   1.3269,   1.0372,   0.0088
12050875000.0000,  21.1933,   1.2969,   1.0376,   0.0110
12053500000.0000,  21.2036,   1.3589,   1.0367,   0.0104
12056125000.0000,  21.1593,   1.3556,   1.0386,   0.0102
12058750000.0000,  21.1743,   1.3703,   1.0374,   0.0096
12061375000.0000,  21.1690,   1.4035,   1.0380,   0.0100
12064000000.0000,  21.1970,   1.4006,   1.0380,   0.0106
12066625000.0000,  21.1886,   1.3686,   1.0373,   0.0095
12069250000.0000,  21.1493,   1.3416,   1.0375,   0.0081
12071875000.0000,  21.1296,   1.3384,   1.0370,   0.0080
12074500000.0000,  21.1604,   1.3758,   1.0364,   0.0079
12077125000.0000,  21.2115,   1.3426,   1.0385,   0.0086
12079750000.0000,  21.1672,   1.4045,   1.0380,   0.0088
12082375000.0000,  21.1585,   1.4702,   1.0384,   0.0112
12085000000.0000,  21.1005,   1.3570,   1.0383,   0.0099
12087625000.0000,  21.1454,   1.4164,   1.0381,   0.0099
12090250000.0000,  21.1560,   1.3361,   1.0381,   0.0087
12092875000.0000,  21.1395,   1.3992,   1.0396,   0.0088
12095500000.0000,  21.1586,   1.3719,   1.0387,   0.0094
12098125000.0000,  21.1423,   1.3574,   1.0367,   0.0093
12100750000.0000,  21.1255,   1.3414,   1.0392,   0.0090
12103375000.0000,  21.1043,   1.3213,   1.0388,   0.0093
12106000000.0000,  21.1144,   1.3816,   1.0385,   0.0093
12108625000.0000,  21.0926,   1.3394,   1.0382,   0.0082
12111250000.0000,  21.0870,   1.3677,   1.0382,   0.0089
12113875000.0000,  21.1201,   1.3492,   1.0400,   0.0077
12116500000.0000,  21.1105,   1.3517,   1.0403,   0.0085
12119125000.0000,  21.0997,   1.3366,   1.0397,   0.0101
12121750000.0000,  21.0826,   1.3925,   1.0402,   0.0099
12124375000.0000,  21.1090,   1.3828,   1.0398,   0.0098
12127000000.0000,  21.1114,   1.3486,   1.0400,   0.0087
12129625000.0000,  21.0906,   1.3357,   1.0403,   0.0107
12132250000.0000,  21.1130,   1.3773,   1.0399,   0.0103
12134875000.0000,  21.1031,   1.3246,   1.0389,   0.0102
12137500000.0000,  21.0835,   1.3249,   1.0396,   0.0094
12140125000.0000,  21.1469,   1.3420,   1.0412,   0.0097
12142750000.0000,  21.0798,   1.4353,   1.0403,   0.0126
12145375000.0000,  21.1331,   1.3397,   1.0402,   0.0089
12148000000.0000,  21.1198,   1.3896,   1.0416,   0.0122
12150625000.0000,  21.1426,   1.3647,   1.0396,   0.0107
12153250000.0000,  21.1681,   1.3967,   1.0403,   0.0096
12155875000.0000,  21.1141,   1.4642,   1.0405,   0.0098
12158500000.0000,  21.1280,   1.4551,   1.0419,   0.0094
12161125000.0000,  21.1823,   1.3513,   1.0396,   0.0091
12163750000.0000,  21.1231,   1.4604,   1.0409,   0.0102
12166375000.0000,  21.1828,   1.3872,   1.0405,   0.0092
12169000000.0000,  21.1953,   1.3946,   1.0401,   0.0087
12171625000.0000,  21.1874,   1.4317,   1.0403,   0.0087
12174250000.0000,  21.1483,   1.4167,   1.0406,   0.0090
12176875000.0000,  21.1316,   1.4604,   1.0401,   0.0099
12179500000.0000,  21.1343,   1.4806,   1.0396,   0.0103
12182125000.0000,  21.1382,   1.4525,   1.0382,   0.0089
12184750000.0000,  21.1187,   1.4608,   1.0400,   0.0084
12187375000.0000,  21.1899,   1.4314,   1.0399,   0.0079
12190000000.0000,  21.1299,   1.4198,   1.0393,   0.0080
12192625000.0000,  21.1050,   1.3898,   1.0389,   0.0072
12195250000.0000,  21.1111,   1.4629,   1.0393,   0.0070
12197875000.0000,  21.1218,   1.3764,   1.0395,   0.0077
12200500000.0000,  21.0931,   1.4437,   1.0406,   0.0088
12203125000.0000,  21.0722,   1.4397,   1.0389,   0.0094
12205750000.0000,  21.0486,   1.4131,   1.0406,   0.0089
12208375000.0000,  21.0965,   1.4076,   1.0399,   0.0084
12211000000.0000,  21.0350,   1.4406,   1.0381,   0.0100
12213625000.0000,  21.0528,   1.4514,   1.0398,   0.0080
12216250000.0000,  21.1095,   1.4343,   1.0377,   0.0095
12218875000.0000,  21.0777,   1.4078,   1.0400,   0.0091
12221500000.0000,  21.1146,   1.4351,   1.0402,   0.0082
12224125000.0000,  21.0339,   1.4829,   1.0419,   0.0092
12226750000.0000,  21.0549,   1.4371,   1.0409,   0.0089
12229375000.0000,  21.0684,   1.4318,   1.0407,   0.0073
12232000000.0000,  21.1052,   1.3641,   1.0408,   0.0075
12234625000.0000,  21.0678,   1.4321,   1.0414,   0.0084
12237250000.0000,  21.0260,   1.4591,   1.0422,   0.0087
12239875000.0000,  21.0599,   1.4133,   1.0407,   0.0091
12242500000.0000,  21.0537,   1.4434,   1.0413,   0.0097
12245125000.0000,  21.0588,   1.4119,   1.0406,   0.0085
12247750000.0000,  21.0718,   1.4232,   1.0419,   0.0090
12250375000.0000,  21.0777,   1.3998,   1.0410,   0.0087
12253000000.0000,  21.0397,   1.4492,   1.0434,   0.0093
12255625000.0000,  21.0153,   1.4747,   1.0422,   0.0103
12258250000.0000,  21.0439,   1.4515,   1.0434,   0.0109
12260875000.0000,  20.9903,   1.4298,   1.0415,   0.0098
12263500000.0000,  21.0288,   1.3638,   1.0416,   0.0087
12266125000.0000,  21.0413,   1.4008,   1.0417,   0.0090
12268750000.0000,  21.0413,   1.4610,   1.0429,   0.0078
12271375000.0000,  21.0590,   1.4497,   1.0429,   0.0100
12274000000.0000,  21.0544,   1.4629,   1.0437,   0.0087
12276625000.0000,  21.0761,   1.5537,   1.0439,   0.0086
12279250000.0000,  21.0066,   1.4149,   1.0413,   0.0093
12281875000.0000,  21.1008,   1.4821,   1.0426,   0.0091
12284500000.0000,  21.0633,   1.4643,   1.0427,   0.0088
12287125000.0000,  21.0053,   1.4722,   1.0436,   0.0098
12289750000.0000,  21.0512,   1.5029,   1.0436,   0.0086
12292375000.0000,  21.0352,   1.5028,   1.0434,   0.0094
12295000000.0000,  21.0652,   1.5218,   1.0436,   0.0096
12297625000.0000,  21.0727,   1.5355,   1.0440,   0.0081
12300250000.0000,  21.0345,   1.4957,   1.0440,   0.0078
12302875000.0000,  21.0728,   1.5201,   1.0446,   0.0077
12305500000.0000,  21.0502,   1.4751,   1.0439,   0.0076
12308125000.0000,  21.0519,   1.5412,   1.0437,   0.0086
12310750000.0000,  20.9993,   1.4505,   1.0449,   0.0092
12313375000.0000,  21.0540,   1.4846,   1.0443,   0.0087
12316000000.0000,  21.0445,   1.5146,   1.0453,   0.0083
12318625000.0000,  21.0202,   1.5424,   1.0447,   0.0074
12321250000.0000,  21.0011,   1.4852,   1.0446,   0.0073
12323875000.0000,  21.0198,   1.4859,   1.0443,   0.0081
12326500000.0000,  20.9743,   1.5063,   1.0444,   0.0103
12329125000.0000,  21.0294,   1.4774,   1.0445,   0.0090
12331750000.0000,  21.0183,   1.4774,   1.0449,   0.0095
12334375000.0000,  21.0061,   1.4674,   1.0457,   0.0082
12337000000.0000,  21.0343,   1.4926,   1.0438,   0.0080
12339625000.0000,  20.9656,   1.4839,   1.0443,   0.0100
12342250000.0000,  21.0188,   1.4784,   1.0432,   0.0079
12344875000.0000,  20.9419,   1.4941,   1.0444,   0.0093
12347500000.0000,  21.0000,   1.4931,   1.0435,   0.0093
12350125000.0000,  20.9942,   1.4277,   1.0432,   0.0083
12352750000.0000,  20.9723,   1.4805,   1.0442,   0.0098
12355375000.0000,  21.0009,   1.4427,   1.0446,   0.0089
12358000000.0000,  20.9624,   1.4668,   1.0443,   0.0085
12360625000.0000,  20.9913,   1.4928,   1.0439,   0.0094
12363250000.0000,  20.9680,   1.5124,   1.0440,   0.0097
12365875000.0000,  21.0058,   1.5051,   1.0431,   0.0097
12368500000.0000,  20.9968,   1.5143,   1.0439,   0.0114
12371125000.0000,  20.9688,   1.5264,   1.0447,   0.0090
12373750000.0000,  20.9257,   1.5066,   1.0439,   0.0091
12376375000.0000,  20.9658,   1.5157,   1.0442,   0.0093
12379000000.0000,  20.9908,   1.5059,   1.0444,   0.0097
12381625000.0000,  20.9244,   1.4897,   1.0446,   0.0091
12384250000.0000,  20.9802,   1.4944,   1.0448,   0.0072
12386875000.0000,  21.0331,   1.5371,   1.0452,   0.0074
12389500000.0000,  21.0105,   1.5352,   1.0451,   0.0086
12392125000.0000,  21.0388,   1.5269,   1.0454,   0.0074
12394750000.0000,  20.9506,   1.4973,   1.0452,   0.0093
12397375000.0000,  20.9966,   1.5208,   1.0445,   0.0088
12400000000.0000,  20.9202,   1.5392,   1.0445,   0.0081
