490.008800 358.000000
491.706500 402.000000
493.404300 425.000000
495.102100 500.000000
496.799800 549.000000
498.497600 585.000000
500.195400 683.000000
501.893100 772.000000
503.590900 902.000000
505.288700 1049.000000
506.986400 1195.000000
508.684200 1534.000000
510.382000 2001.000000
512.079700 2794.000000
513.777500 4538.000000
515.475300 8602.000000
517.173000 15939.000000
518.870800 23989.000000
520.568600 28498.000000
522.266400 24244.000000
523.964100 13530.000000
525.661900 6129.000000
527.359600 3133.000000
529.057400 1835.000000
530.755200 1244.000000
532.452900 864.000000
534.150700 637.000000
535.848500 488.000000
537.546300 387.000000
539.244000 303.000000
540.941800 179.000000