490.940600 505.000000
492.634500 543.000000
494.328300 543.000000
497.716100 637.000000
499.409900 735.000000
501.103800 771.000000
502.797700 818.000000
504.491500 951.000000
506.185400 1018.000000
507.879300 1129.000000
509.573200 1357.000000
511.267000 1657.000000
512.960900 2101.000000
514.654700 3130.000000
516.348600 5681.000000
518.042500 11398.000000
519.736300 21738.000000
521.430200 29420.000000
523.124100 21821.000000
524.817900 10051.000000
526.511800 4535.000000
528.205700 2514.000000
529.899500 1694.000000
531.593400 1235.000000
533.287300 1010.000000
534.981200 821.000000
536.675000 707.000000
538.368900 636.000000
540.062800 585.000000
