490.940600 335.000000
492.634500 378.000000
494.328300 418.000000
496.022200 495.000000
497.716100 626.000000
499.409900 719.000000
501.103800 924.000000
502.797700 1114.000000
504.491500 1234.000000
506.185400 1536.000000
507.879300 1858.000000
509.573200 2580.000000
511.267000 3587.000000
512.960900 5700.000000
514.654700 10432.000000
516.348600 19675.000000
518.042500 28572.000000
521.430200 28993.00000
523.124100 17965.000000
524.817900 8426.000000
526.511800 4191.000000
528.205700 2476.000000
529.899500 1551.000000
531.593400 1125.000000
533.287300 837.000000
534.981200 604.000000
536.675000 429.000000
538.368900 312.000000
540.062800 235.000000