490.940600 71.000000
492.634500 97.000000
494.328300 96.000000
496.022200 147.000000
497.716100 176.000000
499.409900 214.000000
501.103800 256.000000
502.797700 334.000000
504.491500 401.000000
506.185400 528.000000
507.879300 695.000000
509.573200 943.000000
511.267000 1406.000000
512.960900 2293.000000
514.654700 4284.000000
516.348600 8174.000000
518.042500 12983.000000
519.736300 16518.000000
521.430200 14746.000000
523.124100 8402.000000
524.817900 3862.000000
526.511800 1973.000000
528.205700 1130.000000
529.899500 754.000000
531.593400 546.000000
533.287300 429.000000
534.981200 324.000000
536.675000 258.000000
538.368900 162.000000
540.062800 157.000000
