490.940600 222.000000
492.634500 270.000000
494.328300 339.000000
496.022200 379.000000
497.716100 462.000000
499.409900 566.000000
501.103800 665.000000
502.797700 777.000000
504.491500 1009.000000
506.185400 1236.000000
507.879300 1676.000000
509.573200 2305.000000
511.267000 3431.000000
512.960900 5789.000000
514.654700 11115.000000
516.348600 20337.000000
518.042500 29721.000000
521.430200 28152.000000
523.124100 15487.000000
524.817900 7166.000000
526.511800 3813.000000
528.205700 2402.000000
529.899500 1596.000000
531.593400 1225.000000
533.287300 943.000000
534.981200 743.000000
536.675000 601.000000
538.368900 551.000000