490.940600 287.000000
492.634500 323.000000
494.328300 371.000000
496.022200 401.000000
497.716100 488.000000
499.409900 527.000000
501.103800 579.000000
502.797700 657.000000
504.491500 765.000000
506.185400 947.000000
507.879300 1156.000000
509.573200 1376.000000
511.267000 1810.000000
512.960900 2572.000000
514.654700 4178.000000
516.348600 7640.000000
518.042500 13468.000000
519.736300 19535.000000
521.430200 18832.000000
523.124100 11119.000000
524.817900 4790.000000
526.511800 2324.000000
528.205700 1346.000000
529.899500 895.000000
531.593400 598.000000
533.287300 426.000000
534.981200 291.000000
536.675000 224.000000
538.368900 144.000000
540.062800 127.000000