490.940600 47.000000
492.634500 45.000000
494.328300 54.000000
496.022200 66.000000
497.716100 80.000000
499.409900 85.000000
501.103800 90.000000
502.797700 96.000000
504.491500 128.000000
506.185400 156.000000
507.879300 186.000000
509.573200 245.000000
511.267000 299.000000
512.960900 405.000000
514.654700 598.000000
516.348600 1196.000000
518.042500 2385.000000
519.736300 3941.000000
521.430200 4489.000000
523.124100 2912.000000
524.817900 1328.000000
526.511800 599.000000
528.205700 323.000000
529.899500 210.000000
531.593400 141.000000
533.287300 123.000000
534.981200 64.000000
536.675000 69.000000
538.368900 53.000000
540.062800 34.000000
