490.940600 383.000000
492.634500 404.000000
494.328300 476.000000
496.022200 493.000000
497.716100 536.000000
499.409900 572.000000
501.103800 669.000000
502.797700 729.000000
504.491500 814.000000
506.185400 950.000000
507.879300 1063.000000
509.573200 1219.000000
511.267000 1448.000000
512.960900 1845.000000
514.654700 2612.000000
516.348600 4282.000000
518.042500 6839.000000
519.736300 9442.000000
521.430200 9693.000000
523.124100 6052.000000
524.817900 2754.000000
526.511800 1358.000000
528.205700 779.000000
529.899500 553.000000
531.593400 407.000000
533.287300 289.000000
534.981200 233.000000
536.675000 164.000000
538.368900 137.000000
540.062800 98.000000