490.940600 120.000000
492.634500 140.000000
494.328300 142.000000
496.022200 174.000000
497.716100 196.000000
499.409900 211.000000
501.103800 238.000000
502.797700 252.000000
504.491500 311.000000
506.185400 383.000000
507.879300 426.000000
509.573200 467.000000
511.267000 575.000000
512.960900 691.000000
514.654700 988.000000
516.348600 1691.000000
518.042500 3136.000000
519.736300 5547.000000
521.430200 7074.000000
523.124100 4971.000000
524.817900 2203.000000
526.511800 949.000000
528.205700 540.000000
529.899500 327.000000
531.593400 205.000000
533.287300 166.000000
534.981200 113.000000
536.675000 86.000000
538.368900 66.000000
540.062800 48.000000