Window Title:  Aw-Radw Exec # 1
Com Port: 1  TBU: 60 sec.  TBUs Averaged per Line: 1
Calibration Factor: 105.00 Detector Dead Time: 35 microsecs. Time: Sat Nov 28 19:54:18 2009
091128195418 27.619048
091128195518 23.809524
091128195618 20.952381
091128195718 31.428571
091128195818 29.52381
091128195918 30.47619
091128200018 23.809524
091128200118 30.47619
091128200218 29.52381
091128200318 16.190476
091128200418 24.761905
091128200518 24.761905
091128200618 26.666667
091128200718 38.095238
091128200818 24.761905
091128200918 34.285714
091128201018 20.952381
091128201118 33.333333
091128201218 33.333333
091128201318 23.809524
091128201418 24.761905
091128201518 22.857143
091128201618 18.095238
091128201718 14.285714
091128201818 29.52381
091128201918 26.666667
091128202018 21.904762
091128202118 26.666667
091128202218 23.809524
091128202318 30.47619
091128202418 29.52381
091128202518 29.52381
091128202618 31.428571
091128202718 29.52381
091128202818 25.714286
091128202918 19.047619
091128203018 33.333333
091128203118 31.428571
091128203218 31.428571
091128203318 40.952381
091128203418 26.666667
091128203518 32.380952
091128203618 29.52381
091128203718 19.047619
091128203818 22.857143
091128203918 29.52381
091128204018 21.904762
091128204118 28.571429
091128204218 37.142857
091128204318 28.571429
091128204418 36.190476
091128204518 24.761905
091128204618 25.714286
091128204718 30.47619
091128204818 27.619048
091128204918 23.809524
091128205018 22.857143
091128205118 30.47619
091128205218 31.428571
091128205318 22.857143
091128205418 26.666667
091128205518 32.380952
091128205618 20.00
091128205718 36.190476
091128205818 26.666667
091128205918 26.666667
091128210018 25.714286
091128210118 32.380952
091128210218 34.285714
091128210318 26.666667
091128210418 25.714286
091128210518 26.666667
091128210618 27.619048
091128210718 31.428571
091128210818 22.857143
091128210918 23.809524
091128211018 23.809524
091128211118 23.809524
091128211218 31.428571
091128211318 20.00
091128211418 35.238095
091128211518 31.428571
091128211618 37.142857
091128211718 27.619048
091128211818 30.47619
091128211918 33.333333
091128212018 19.047619
091128212118 35.238095
091128212218 28.571429
091128212318 31.428571
091128212418 39.047619
091128212518 22.857143
091128212618 31.428571
091128212718 30.47619
091128212818 19.047619
091128212918 20.952381
091128213018 25.714286
091128213118 21.904762
091128213218 30.47619
091128213318 28.571429
091128213418 28.571429
091128213518 30.47619
091128213618 26.666667
091128213718 24.761905
091128213818 24.761905
091128213918 26.666667
091128214018 34.285714
091128214118 20.00
091128214218 37.142857
091128214318 25.714286
091128214418 20.00
091128214518 27.619048
091128214618 20.00
091128214718 25.714286
091128214818 24.761905
091128214918 31.428571
091128215018 22.857143
091128215118 20.952381
091128215218 18.095238
091128215318 21.904762
091128215418 25.714286
091128215518 27.619048
091128215618 18.095238
091128215718 36.190476
091128215818 31.428571
091128215918 32.380952
091128220018 26.666667
091128220118 32.380952
091128220218 25.714286
091128220318 30.47619
091128220418 28.571429
091128220518 28.571429
091128220618 39.047619
091128220718 22.857143
091128220818 30.47619
091128220918 29.52381
091128221018 36.190476
091128221118 27.619048
091128221218 20.00
091128221318 24.761905
091128221418 32.380952
091128221518 25.714286
091128221618 22.857143
091128221718 31.428571
091128221818 38.095238
091128221918 38.095238
091128222018 31.428571
091128222118 19.047619
091128222218 30.47619
091128222318 30.47619
091128222418 32.380952
091128222518 26.666667
091128222618 33.333333
091128222718 24.761905
091128222818 31.428571
091128222918 31.428571
091128223018 28.571429
091128223118 23.809524
091128223218 35.238095
091128223318 22.857143
091128223418 20.00
091128223518 33.333333
091128223618 30.47619
091128223718 35.238095
091128223818 27.619048
091128223918 18.095238
091128224018 35.238095
091128224118 23.809524
091128224218 24.761905
091128224318 15.238095
091128224418 31.428571
091128224518 33.333333
091128224618 30.47619
091128224718 21.904762
091128224818 25.714286
091128224918 29.52381
091128225018 26.666667
091128225118 25.714286
091128225218 35.238095
091128225318 26.666667
091128225418 22.857143
091128225518 27.619048
091128225618 23.809524
091128225718 30.47619
091128225818 30.47619
091128225918 29.52381
091128230018 27.619048
091128230118 24.761905
091128230218 20.00
091128230318 27.619048
091128230418 34.285714
091128230518 21.904762
091128230618 31.428571
091128230718 36.190476
091128230818 25.714286
091128230918 20.00
091128231018 28.571429
091128231118 21.904762
091128231218 23.809524
091128231318 36.190476
091128231418 21.904762
091128231518 23.809524
091128231618 35.238095
091128231718 23.809524
091128231818 20.952381
091128231918 27.619048
091128232018 22.857143
091128232118 31.428571
091128232218 37.142857
091128232318 30.47619
091128232418 35.238095
091128232518 28.571429
091128232618 34.285714
091128232718 21.904762
091128232818 41.904762
091128232918 28.571429
091128233018 24.761905
091128233118 31.428571
091128233218 40.952381
091128233318 33.333333
091128233418 29.52381
091128233518 26.666667
091128233618 35.238095
091128233718 29.52381
091128233818 34.285714
091128233918 29.52381
091128234018 29.52381
091128234118 23.809524
091128234218 32.380952
091128234318 23.809524
091128234418 24.761905
091128234518 26.666667
091128234618 29.52381
091128234718 35.238095
091128234818 31.428571
091128234918 22.857143
091128235018 35.238095
091128235118 26.666667
091128235218 20.00
091128235318 31.428571
091128235418 20.952381
091128235518 33.333333
091128235618 20.00
091128235718 27.619048
091128235818 35.238095
091128235918 39.047619
091129000018 38.095238
091129000118 27.619048
091129000218 23.809524
091129000318 30.47619
091129000418 33.333333
091129000518 25.714286
091129000618 23.809524
091129000718 28.571429
091129000818 22.857143
091129000918 25.714286
091129001018 28.571429
091129001118 18.095238
091129001218 37.142857
091129001318 30.47619
091129001418 32.380952
091129001518 32.380952
091129001618 22.857143
091129001718 37.142857
091129001818 25.714286
091129001918 21.904762
091129002018 33.333333
091129002118 23.809524
091129002218 35.238095
091129002318 27.619048
091129002418 27.619048
091129002518 23.809524
091129002618 29.52381
091129002718 28.571429
091129002818 28.571429
091129002918 32.380952
091129003018 33.333333
091129003118 40.952381
091129003218 34.285714
091129003318 31.428571
091129003418 28.571429
091129003518 31.428571
091129003618 27.619048
091129003718 25.714286
091129003818 20.00
091129003918 34.285714
091129004018 27.619048
091129004118 21.904762
091129004218 20.952381
091129004318 20.952381
091129004418 29.52381
091129004518 26.666667
091129004618 28.571429
091129004718 15.238095
091129004818 26.666667
091129004918 30.47619
091129005018 33.333333
091129005118 29.52381
091129005218 31.428571
091129005318 16.190476
091129005418 24.761905
091129005518 25.714286
091129005618 25.714286
091129005718 30.47619
091129005818 30.47619
091129005918 22.857143
091129010018 26.666667
091129010118 22.857143
091129010218 25.714286
091129010318 29.52381
091129010418 31.428571
091129010518 24.761905
091129010618 33.333333
091129010718 33.333333
091129010818 23.809524
091129010918 25.714286
091129011018 22.857143
091129011118 24.761905
091129011218 39.047619
091129011318 38.095238
091129011418 32.380952
091129011518 24.761905
091129011618 28.571429
091129011718 31.428571
091129011818 30.47619
091129011918 28.571429
091129012018 23.809524
091129012118 36.190476
091129012218 31.428571
091129012318 28.571429
091129012418 20.952381
091129012518 25.714286
091129012618 25.714286
091129012718 29.52381
091129012818 30.47619
091129012918 37.142857
091129013018 19.047619
091129013118 36.190476
091129013218 27.619048
091129013318 33.333333
091129013418 23.809524
091129013518 26.666667
091129013618 38.095238
091129013718 25.714286
091129013818 21.904762
091129013918 31.428571
091129014018 34.285714
091129014118 24.761905
091129014218 25.714286
091129014318 17.142857
091129014418 25.714286
091129014518 29.52381
091129014618 20.952381
091129014718 23.809524
091129014818 27.619048
091129014918 23.809524
091129015018 32.380952
091129015118 33.333333
091129015218 19.047619
091129015318 20.00
091129015418 25.714286
091129015518 29.52381
091129015618 29.52381
091129015718 29.52381
091129015818 25.714286
091129015918 20.952381
091129020018 34.285714
091129020118 35.238095
091129020218 34.285714
091129020318 27.619048
091129020418 31.428571
091129020518 33.333333
091129020618 27.619048
091129020718 26.666667
091129020818 25.714286
091129020918 17.142857
091129021018 36.190476
091129021118 34.285714
091129021218 34.285714
091129021318 36.190476
091129021418 32.380952
091129021518 23.809524
091129021618 31.428571
091129021718 38.095238
091129021818 27.619048
091129021918 21.904762
091129022018 38.095238
091129022118 32.380952
091129022218 33.333333
091129022318 27.619048
091129022418 22.857143
091129022518 22.857143
091129022618 19.047619
091129022718 28.571429
091129022818 26.666667
091129022918 29.52381
091129023018 25.714286
091129023118 18.095238
091129023218 27.619048
091129023318 26.666667
091129023418 27.619048
091129023518 20.00
091129023618 25.714286
091129023718 23.809524
091129023818 31.428571
091129023918 35.238095
091129024018 27.619048
091129024118 29.52381
091129024218 22.857143
091129024318 28.571429
091129024418 34.285714
091129024518 17.142857
091129024618 31.428571
091129024718 19.047619
091129024818 32.380952
091129024918 34.285714
091129025018 25.714286
091129025118 19.047619
091129025218 31.428571
091129025318 20.00
091129025418 20.00
091129025518 29.52381
091129025618 26.666667
091129025718 25.714286
091129025818 37.142857
091129025918 26.666667
091129030018 26.666667
091129030118 26.666667
091129030218 26.666667
091129030318 35.238095
091129030418 40.952381
091129030518 31.428571
091129030618 38.095238
091129030718 26.666667
091129030818 23.809524
091129030918 37.142857
091129031018 29.52381
091129031118 27.619048
091129031218 31.428571
091129031318 29.52381
091129031418 38.095238
091129031518 22.857143
091129031618 33.333333
091129031718 36.190476
091129031818 30.47619
091129031918 34.285714
091129032018 25.714286
091129032118 28.571429
091129032218 22.857143
091129032318 29.52381
091129032418 33.333333
091129032518 19.047619
091129032618 45.714286
091129032718 30.47619
091129032818 26.666667
091129032918 20.952381
091129033018 25.714286
091129033118 32.380952
091129033218 31.428571
091129033318 27.619048
091129033418 25.714286
091129033518 32.380952
091129033618 30.47619
091129033718 28.571429
091129033818 19.047619
091129033918 36.190476
091129034018 27.619048
091129034118 26.666667
091129034218 40.952381
091129034318 40.00
091129034418 23.809524
091129034518 20.00
091129034618 37.142857
091129034718 24.761905
091129034818 30.47619
091129034918 36.190476
091129035018 33.333333
091129035118 29.52381
091129035218 29.52381
091129035318 26.666667
091129035418 25.714286
091129035518 27.619048
091129035618 37.142857
091129035718 22.857143
091129035818 28.571429
091129035918 23.809524
091129040018 22.857143
091129040118 25.714286
091129040218 38.095238
091129040318 27.619048
091129040418 40.952381
091129040518 32.380952
091129040618 22.857143
091129040718 33.333333
091129040818 26.666667
091129040918 24.761905
091129041018 33.333333
091129041118 32.380952
091129041218 22.857143
091129041318 30.47619
091129041418 30.47619
091129041518 26.666667
091129041618 20.952381
091129041718 20.00
091129041818 31.428571
091129041918 31.428571
091129042018 30.47619
091129042118 21.904762
091129042218 20.00
091129042318 36.190476
091129042418 24.761905
091129042518 24.761905
091129042618 37.142857
091129042718 31.428571
091129042818 27.619048
091129042918 26.666667
091129043018 21.904762
091129043118 29.52381
091129043218 29.52381
091129043318 23.809524
091129043418 31.428571
091129043518 27.619048
091129043618 36.190476
091129043718 30.47619
091129043818 34.285714
091129043918 26.666667
091129044018 22.857143
091129044118 31.428571
091129044218 21.904762
091129044318 27.619048
091129044418 27.619048
091129044518 30.47619
091129044618 40.952381
091129044718 36.190476
091129044818 37.142857
091129044918 26.666667
091129045018 24.761905
091129045118 26.666667
091129045218 26.666667
091129045318 26.666667
091129045418 32.380952
091129045518 27.619048
091129045618 26.666667
091129045718 18.095238
091129045818 40.00
091129045918 30.47619
091129050018 26.666667
091129050118 24.761905
091129050218 25.714286
091129050318 30.47619
091129050418 24.761905
091129050518 23.809524
091129050618 28.571429
091129050718 23.809524
091129050818 29.52381
091129050918 29.52381
091129051018 27.619048
091129051118 34.285714
091129051218 27.619048
091129051318 40.00
091129051418 21.904762
091129051518 26.666667
091129051618 28.571429
091129051718 33.333333
091129051818 29.52381
091129051918 20.952381
091129052018 23.809524
091129052118 28.571429
091129052218 28.571429
091129052318 33.333333
091129052418 24.761905
091129052518 31.428571
091129052618 24.761905
091129052718 26.666667
091129052818 29.52381
091129052918 36.190476
091129053018 33.333333
091129053118 28.571429
091129053218 29.52381
091129053318 38.095238
091129053418 29.52381
091129053518 21.904762
091129053618 31.428571
091129053718 35.238095
091129053818 21.904762
091129053918 29.52381
091129054018 23.809524
091129054118 26.666667
091129054218 27.619048
091129054318 37.142857
091129054418 25.714286
091129054518 21.904762
091129054618 29.52381
091129054718 19.047619
091129054818 25.714286
091129054918 28.571429
091129055018 23.809524
091129055118 29.52381
091129055218 27.619048
091129055318 24.761905
091129055418 40.952381
091129055518 29.52381
091129055618 23.809524
091129055718 28.571429
091129055818 26.666667
091129055918 29.52381
091129060018 40.00
091129060118 24.761905
091129060218 28.571429
091129060318 24.761905
091129060418 24.761905
091129060518 26.666667
091129060618 40.00
091129060718 21.904762
091129060818 38.095238
091129060918 27.619048
091129061018 26.666667
091129061118 23.809524
091129061218 30.47619
091129061318 22.857143
091129061418 22.857143
091129061518 30.47619
091129061618 31.428571
091129061718 25.714286
091129061818 23.809524
091129061918 24.761905
091129062018 30.47619
091129062118 35.238095
091129062218 20.952381
091129062318 26.666667
091129062418 29.52381
091129062518 23.809524
091129062618 34.285714
091129062718 27.619048
091129062818 21.904762
091129062918 22.857143
091129063018 24.761905
091129063118 36.190476
091129063218 21.904762
091129063318 23.809524
091129063418 24.761905
091129063518 23.809524
091129063618 38.095238
091129063718 22.857143
091129063818 28.571429
091129063918 24.761905
091129064018 27.619048
091129064118 28.571429
091129064218 28.571429
091129064318 31.428571
091129064418 28.571429
091129064518 40.00
091129064618 27.619048
091129064718 26.666667
091129064818 20.952381
091129064918 33.333333
091129065018 33.333333
091129065118 20.00
091129065218 33.333333
091129065318 25.714286
091129065418 36.190476
091129065518 27.619048
091129065618 42.857143
091129065718 22.857143
091129065818 31.428571
091129065918 34.285714
091129070018 31.428571
091129070118 30.47619
091129070218 30.47619
091129070318 34.285714
091129070418 31.428571
091129070518 22.857143
091129070618 38.095238
091129070718 34.285714
091129070818 29.52381
091129070918 29.52381
091129071018 26.666667
091129071118 25.714286
091129071218 40.00
091129071318 31.428571
091129071418 31.428571
091129071518 30.47619
091129071618 39.047619
091129071718 25.714286
091129071818 26.666667
091129071918 35.238095
091129072018 27.619048
091129072118 26.666667
091129072218 40.952381
091129072318 26.666667
091129072418 36.190476
091129072518 24.761905
091129072618 36.190476
091129072718 35.238095
091129072818 30.47619
091129072918 24.761905
091129073018 24.761905
091129073118 27.619048
091129073218 28.571429
091129073318 33.333333
091129073418 25.714286
091129073518 25.714286
091129073618 29.52381
091129073718 33.333333
091129073818 35.238095
091129073918 37.142857
091129074018 33.333333
091129074118 29.52381
091129074218 29.52381
091129074318 31.428571
091129074418 29.52381
091129074518 20.952381
091129074618 20.00
091129074718 20.952381
091129074818 33.333333
091129074918 28.571429
091129075018 26.666667
091129075118 28.571429
091129075218 27.619048
091129075318 25.714286
091129075418 40.952381
091129075518 26.666667
091129075618 20.952381
091129075718 19.047619
091129075818 35.238095
091129075918 31.428571
091129080018 38.095238
091129080118 24.761905
091129080218 35.238095
091129080318 36.190476
091129080418 29.52381
091129080518 29.52381
091129080618 26.666667
091129080718 31.428571
091129080818 31.428571
091129080918 26.666667
091129081018 24.761905
091129081118 38.095238
091129081218 33.333333
091129081318 32.380952
091129081418 25.714286
091129081518 33.333333
091129081618 31.428571
091129081718 26.666667
091129081818 33.333333
091129081918 20.00
091129082018 23.809524
091129082118 28.571429
091129082218 34.285714
091129082318 32.380952
091129082418 26.666667
091129082518 30.47619
091129082618 30.47619
091129082718 27.619048
091129082818 24.761905
091129082918 21.904762
091129083018 22.857143
091129083118 29.52381
091129083218 32.380952
091129083318 33.333333
091129083418 19.047619
091129083518 26.666667
091129083618 24.761905
091129083718 21.904762
091129083818 27.619048
091129083918 33.333333
091129084018 30.47619
091129084118 24.761905
091129084218 39.047619
091129084318 29.52381
091129084418 15.238095
091129084518 25.714286
091129084618 34.285714
091129084718 32.380952
091129084818 23.809524
091129084918 21.904762
091129085018 18.095238
091129085118 31.428571
091129085218 26.666667
091129085318 21.904762
091129085418 31.428571
091129085518 33.333333
091129085618 33.333333
091129085718 32.380952
091129085818 40.00
091129085918 20.952381
091129090018 34.285714
091129090118 31.428571
091129090218 37.142857
091129090318 35.238095
091129090418 29.52381
091129090518 27.619048
091129090618 26.666667
091129090718 24.761905
091129090818 31.428571
091129090918 26.666667
091129091018 30.47619
091129091118 28.571429
091129091218 24.761905
091129091318 30.47619
091129091418 25.714286
091129091518 29.52381
091129091618 21.904762
091129091718 33.333333
091129091818 26.666667
091129091918 26.666667
091129092018 29.52381
091129092118 29.52381
091129092218 30.47619
091129092318 30.47619
091129092418 25.714286
091129092518 30.47619
091129092618 21.904762
091129092718 22.857143
091129092818 26.666667
091129092918 19.047619
091129093018 29.52381
091129093118 29.52381
091129093218 28.571429
091129093318 26.666667
091129093418 26.666667
091129093518 21.904762
091129093618 21.904762
091129093718 35.238095
091129093818 32.380952
091129093918 32.380952
091129094018 21.904762
091129094118 32.380952
091129094218 26.666667
091129094318 31.428571
091129094418 25.714286
091129094518 22.857143
091129094618 36.190476
091129094718 29.52381
091129094818 23.809524
091129094918 33.333333
091129095018 30.47619
091129095118 27.619048
091129095218 30.47619
091129095318 28.571429
091129095418 19.047619
091129095518 29.52381
091129095618 35.238095
091129095718 30.47619
091129095818 40.00
091129095918 24.761905
091129100018 33.333333
091129100118 33.333333
091129100218 30.47619
091129100318 31.428571
091129100418 32.380952
091129100518 22.857143
091129100618 31.428571
091129100718 40.952381
091129100818 28.571429
091129100918 31.428571
091129101018 27.619048
091129101118 24.761905
091129101218 33.333333
091129101318 25.714286
091129101418 34.285714
091129101518 25.714286
091129101618 39.047619
091129101718 34.285714
091129101818 37.142857
091129101918 32.380952
091129102018 21.904762
091129102118 28.571429
091129102218 29.52381
091129102318 35.238095
091129102418 31.428571
091129102518 20.00
091129102618 23.809524
091129102718 18.095238
091129102818 33.333333
091129102918 27.619048
091129103018 34.285714
091129103118 19.047619
091129103218 37.142857
091129103318 27.619048
091129103418 30.47619
091129103518 20.00
091129103618 26.666667
091129103718 23.809524
091129103818 32.380952
091129103918 27.619048
091129104018 26.666667
091129104118 25.714286
091129104218 28.571429
091129104318 30.47619
091129104418 38.095238
091129104518 37.142857
091129104618 28.571429
091129104718 27.619048
091129104818 35.238095
091129104918 30.47619
091129105018 31.428571
091129105118 28.571429
091129105218 20.952381
091129105318 25.714286
091129105418 26.666667
091129105518 20.00
091129105618 38.095238
091129105718 37.142857
091129105818 19.047619
091129105918 27.619048
091129110018 29.52381
091129110118 29.52381
091129110218 21.904762
091129110318 28.571429
091129110418 25.714286
091129110518 33.333333
091129110618 23.809524
091129110718 31.428571
091129110818 28.571429
091129110918 20.00
091129111018 28.571429
091129111118 26.666667
091129111218 29.52381
091129111318 40.952381
091129111418 27.619048
091129111518 25.714286
091129111618 36.190476
091129111718 24.761905
091129111818 27.619048
091129111918 26.666667
091129112018 27.619048
091129112118 28.571429
091129112218 30.47619
091129112318 28.571429
091129112418 32.380952
091129112518 34.285714
091129112618 27.619048
091129112718 18.095238
091129112818 27.619048
091129112918 27.619048
091129113018 26.666667
091129113118 32.380952
091129113218 47.619048
091129113318 25.714286
091129113418 25.714286
091129113518 25.714286
091129113618 30.47619
091129113718 24.761905
091129113818 13.333333
091129113918 31.428571
091129114018 30.47619
091129114118 34.285714
091129114218 31.428571
091129114318 27.619048
091129114418 32.380952
091129114518 25.714286
091129114618 23.809524
091129114718 26.666667
091129114818 24.761905
091129114918 18.095238
091129115018 26.666667
091129115118 29.52381
091129115218 30.47619
091129115318 28.571429
091129115418 37.142857
091129115518 22.857143
091129115618 28.571429
091129115718 39.047619
091129115818 24.761905
091129115918 24.761905
091129120018 31.428571
091129120118 36.190476
091129120218 31.428571
091129120318 26.666667
091129120418 30.47619
091129120518 35.238095
091129120618 37.142857
091129120718 16.190476
091129120818 20.00
091129120918 28.571429
091129121018 35.238095
091129121118 32.380952
091129121218 23.809524
091129121318 20.00
091129121418 32.380952
091129121518 30.47619
091129121618 31.428571
091129121718 35.238095
091129121818 29.52381
091129121918 23.809524
091129122018 21.904762
091129122118 31.428571
091129122218 24.761905
091129122318 24.761905
091129122418 26.666667
091129122518 31.428571
091129122618 20.952381
091129122718 35.238095
091129122818 31.428571
091129122918 30.47619
091129123018 30.47619
091129123118 23.809524
091129123218 26.666667
091129123318 27.619048
091129123418 24.761905
091129123518 31.428571
091129123618 22.857143
091129123718 28.571429
091129123818 32.380952
091129123918 30.47619
091129124018 27.619048
091129124118 28.571429
091129124218 22.857143
091129124318 34.285714
091129124418 24.761905
091129124518 29.52381
091129124618 20.00
091129124718 22.857143
091129124818 29.52381
091129124918 29.52381
091129125018 28.571429
091129125118 20.00
091129125218 35.238095
091129125318 30.47619
091129125418 37.142857
091129125518 38.095238
091129125618 36.190476
091129125718 24.761905
091129125818 23.809524
091129125918 37.142857
091129130018 20.952381
091129130118 34.285714
091129130218 24.761905
091129130318 29.52381
091129130418 30.47619
091129130518 29.52381
091129130618 26.666667
091129130718 25.714286
091129130818 28.571429
091129130918 28.571429
091129131018 34.285714
091129131118 28.571429
091129131218 28.571429
091129131318 36.190476
091129131418 31.428571
091129131518 31.428571
091129131618 40.00
091129131718 31.428571
091129131818 23.809524
091129131918 26.666667
091129132018 27.619048
091129132118 25.714286
091129132218 24.761905
091129132318 28.571429
091129132418 18.095238
091129132518 30.47619
091129132618 25.714286
091129132718 23.809524
091129132818 30.47619
091129132918 34.285714
091129133018 37.142857
091129133118 33.333333
091129133218 22.857143
091129133318 38.095238
091129133418 32.380952
091129133518 38.095238
091129133618 28.571429
091129133718 24.761905
091129133818 35.238095
091129133918 27.619048
091129134018 34.285714
091129134118 25.714286
091129134218 36.190476
091129134318 45.714286
091129134418 20.00
091129134518 24.761905
091129134618 35.238095
091129134718 32.380952
091129134818 25.714286
091129134918 29.52381
091129135018 38.095238
091129135118 29.52381
091129135218 39.047619
091129135318 32.380952
091129135418 20.00
091129135518 21.904762
091129135618 25.714286
091129135718 25.714286
091129135818 28.571429
091129135918 28.571429
091129140018 24.761905
091129140118 25.714286
091129140218 33.333333
091129140318 26.666667
091129140418 28.571429
091129140518 33.333333
091129140618 31.428571
091129140718 25.714286
091129140818 22.857143
091129140918 25.714286
091129141018 34.285714
091129141118 26.666667
091129141218 33.333333
091129141318 26.666667
091129141418 33.333333
091129141518 23.809524
091129141618 40.952381
091129141718 38.095238
091129141818 35.238095
091129141918 28.571429
091129142018 23.809524
091129142118 25.714286
091129142218 21.904762
091129142318 30.47619
091129142418 35.238095
091129142518 37.142857
091129142618 31.428571
091129142718 28.571429
091129142818 31.428571
091129142918 31.428571
091129143018 24.761905
091129143118 27.619048
091129143218 18.095238
091129143318 27.619048
091129143418 28.571429
091129143518 26.666667
091129143618 19.047619
091129143718 30.47619
091129143818 35.238095
091129143918 30.47619
091129144018 22.857143
091129144118 30.47619
091129144218 32.380952
091129144318 22.857143
091129144418 20.00
091129144518 32.380952
091129144618 19.047619
091129144718 22.857143
091129144818 22.857143
091129144918 23.809524
091129145018 19.047619
091129145118 28.571429
091129145218 30.47619
091129145318 26.666667
091129145418 28.571429
091129145518 20.952381
091129145618 31.428571
091129145718 29.52381
091129145818 26.666667
091129145918 23.809524
091129150018 26.666667
091129150118 37.142857
091129150218 35.238095
091129150318 31.428571
091129150418 22.857143
091129150518 35.238095
091129150618 23.809524
091129150718 30.47619
091129150818 24.761905
091129150918 38.095238
091129151018 33.333333
091129151118 19.047619
091129151218 29.52381
091129151318 29.52381
091129151418 28.571429
091129151518 30.47619
091129151618 30.47619
091129151718 18.095238
091129151818 28.571429
091129151918 25.714286
091129152018 24.761905
091129152118 22.857143
091129152218 40.00
091129152318 22.857143
091129152418 31.428571
091129152518 24.761905
091129152618 27.619048
091129152718 27.619048
091129152818 22.857143
091129152918 28.571429
091129153018 24.761905
091129153118 39.047619
091129153218 23.809524
091129153318 31.428571
091129153418 28.571429
091129153518 33.333333
091129153618 26.666667
091129153718 20.952381
091129153818 22.857143
091129153918 24.761905
091129154018 26.666667
091129154118 34.285714
091129154218 24.761905
091129154318 29.52381
091129154418 30.47619
091129154518 36.190476
091129154618 23.809524
091129154718 29.52381
091129154818 21.904762
091129154918 20.952381
091129155018 32.380952
091129155118 38.095238
091129155218 30.47619
091129155318 37.142857
091129155418 21.904762
091129155518 33.333333
091129155618 24.761905
091129155718 24.761905
091129155818 31.428571
091129155918 30.47619
091129160018 30.47619
091129160118 20.952381
091129160218 26.666667
091129160318 20.00
091129160418 28.571429
091129160518 25.714286
091129160618 28.571429
091129160718 27.619048
091129160818 20.00
091129160918 26.666667
091129161018 29.52381
091129161118 21.904762
091129161218 39.047619
091129161318 32.380952
091129161418 32.380952
091129161518 23.809524
091129161618 38.095238
091129161718 26.666667
091129161818 29.52381
091129161918 27.619048
091129162018 36.190476
091129162118 30.47619
091129162218 28.571429
091129162318 26.666667
091129162418 34.285714
091129162518 40.00
091129162618 29.52381
091129162718 22.857143
091129162818 32.380952
091129162918 31.428571
091129163018 38.095238
091129163118 31.428571
091129163218 28.571429
091129163318 21.904762
091129163418 31.428571
091129163518 32.380952
091129163618 23.809524
091129163718 21.904762
091129163818 28.571429
091129163918 31.428571
091129164018 28.571429
091129164118 27.619048
091129164218 22.857143
091129164318 40.00
091129164418 24.761905
091129164518 32.380952
091129164618 27.619048
091129164718 34.285714
091129164818 32.380952
091129164918 18.095238
091129165018 36.190476
091129165118 34.285714
091129165218 27.619048
091129165318 25.714286
091129165418 33.333333
091129165518 19.047619
091129165618 25.714286
091129165718 30.47619
091129165818 33.333333
091129165918 31.428571
091129170018 24.761905
091129170118 24.761905
091129170218 20.00
091129170318 31.428571
091129170418 29.52381
091129170518 26.666667
091129170618 22.857143
091129170718 22.857143
091129170818 33.333333
091129170918 22.857143
091129171018 23.809524
091129171118 27.619048
091129171218 22.857143
091129171318 30.47619
091129171418 22.857143
091129171518 32.380952
091129171618 30.47619
091129171718 25.714286
091129171818 28.571429
091129171918 31.428571
091129172018 22.857143
091129172118 21.904762
091129172218 32.380952
091129172318 28.571429
091129172418 33.333333
091129172518 20.952381
091129172618 25.714286
091129172718 22.857143
091129172818 29.52381
091129172918 25.714286
091129173018 30.47619
091129173118 29.52381
091129173218 21.904762
091129173318 30.47619
091129173418 26.666667
091129173518 30.47619
091129173618 27.619048
091129173718 31.428571
091129173818 27.619048
091129173918 36.190476
091129174018 31.428571
091129174118 24.761905
091129174218 28.571429
091129174318 26.666667
091129174418 31.428571
091129174518 24.761905
091129174618 35.238095
091129174718 27.619048
091129174818 26.666667
091129174918 28.571429
091129175018 31.428571
091129175118 32.380952
091129175218 27.619048
091129175318 25.714286
091129175418 37.142857
091129175518 23.809524
091129175618 36.190476
091129175718 22.857143
091129175818 24.761905
091129175918 25.714286
091129180018 20.00
091129180118 32.380952
091129180218 25.714286
091129180318 26.666667
091129180418 31.428571
091129180518 30.47619
091129180618 31.428571
091129180718 23.809524
091129180818 29.52381
091129180918 20.00
091129181018 27.619048
091129181118 20.00
091129181218 37.142857
091129181318 30.47619
091129181418 27.619048
091129181518 39.047619
091129181618 25.714286
091129181718 25.714286
091129181818 30.47619
091129181918 37.142857
091129182018 40.952381
091129182118 23.809524
091129182218 31.428571
091129182318 31.428571
091129182418 22.857143
091129182518 31.428571
091129182618 22.857143
091129182718 22.857143
091129182818 23.809524
091129182918 27.619048
091129183018 21.904762
091129183118 33.333333
091129183218 35.238095
091129183318 25.714286
091129183418 22.857143
091129183518 38.095238
091129183618 36.190476
091129183718 37.142857
091129183818 31.428571
091129183918 22.857143
091129184018 25.714286
091129184118 24.761905
091129184218 37.142857
091129184318 27.619048
091129184418 20.00
091129184518 29.52381
091129184618 23.809524
091129184718 29.52381
091129184818 25.714286
091129184918 29.52381
091129185018 23.809524
091129185118 36.190476
091129185218 40.00
091129185318 37.142857
091129185418 36.190476
091129185518 31.428571
091129185618 22.857143
091129185718 27.619048
091129185818 20.952381
091129185918 38.095238
091129190018 32.380952
091129190118 28.571429
091129190218 27.619048
091129190318 15.238095
091129190418 24.761905
091129190518 30.47619
091129190618 28.571429
091129190718 26.666667
091129190818 27.619048
091129190918 19.047619
091129191018 25.714286
091129191118 34.285714
091129191218 21.904762
091129191318 26.666667
091129191418 21.904762
091129191518 33.333333
091129191618 21.904762
091129191718 24.761905
091129191818 28.571429
091129191918 34.285714
091129192018 26.666667
091129192118 32.380952
091129192218 25.714286
091129192318 25.714286
091129192418 31.428571
091129192518 29.52381
091129192618 20.952381
091129192718 32.380952
091129192818 33.333333
091129192918 23.809524
091129193018 21.904762
091129193118 30.47619
091129193218 16.190476
091129193318 26.666667
091129193418 32.380952
091129193518 27.619048
091129193618 25.714286
091129193718 34.285714
091129193818 32.380952
091129193918 31.428571
091129194018 32.380952
091129194118 32.380952
091129194218 22.857143
091129194318 28.571429
091129194418 25.714286
091129194518 27.619048
091129194618 28.571429
091129194718 32.380952
091129194818 28.571429
091129194918 20.952381
091129195018 21.904762
091129195118 29.52381
091129195218 43.809524
091129195318 25.714286
091129195418 20.952381
091129195518 20.952381
091129195618 32.380952
091129195718 33.333333
091129195818 22.857143
091129195918 37.142857
091129200018 31.428571
091129200118 22.857143
091129200218 32.380952
091129200318 32.380952
091129200418 28.571429
091129200518 22.857143
091129200618 24.761905
091129200718 29.52381
091129200818 31.428571
091129200918 33.333333
091129201018 34.285714
091129201118 28.571429
091129201218 23.809524
091129201318 23.809524
091129201418 32.380952
091129201518 30.47619
091129201618 25.714286
091129201718 27.619048
091129201818 30.47619
091129201918 40.952381
091129202018 36.190476
091129202118 25.714286
091129202218 20.00
091129202318 21.904762
091129202418 22.857143
091129202518 35.238095
091129202618 22.857143
091129202718 36.190476
091129202818 31.428571
091129202918 30.47619
091129203018 27.619048
091129203118 19.047619
091129203218 31.428571
091129203318 28.571429
091129203418 34.285714
091129203518 38.095238
091129203618 28.571429
091129203718 25.714286
091129203818 21.904762
091129203918 30.47619
091129204018 40.952381
091129204118 31.428571
091129204218 30.47619
091129204318 24.761905
091129204418 32.380952
091129204518 24.761905
091129204618 24.761905
091129204718 40.00
091129204818 28.571429
091129204918 40.00
091129205018 28.571429
091129205118 35.238095
091129205218 26.666667
091129205318 28.571429
091129205418 29.52381
091129205518 32.380952
091129205618 27.619048
091129205718 32.380952
091129205818 30.47619
091129205918 31.428571
091129210018 28.571429
091129210118 28.571429
091129210218 28.571429
091129210318 22.857143
091129210418 17.142857
091129210518 26.666667
091129210618 28.571429
091129210718 34.285714
091129210818 26.666667
091129210918 39.047619
091129211018 31.428571
091129211118 27.619048
091129211218 33.333333
091129211318 20.952381
091129211418 25.714286
091129211518 27.619048
091129211618 19.047619
091129211718 32.380952
091129211818 34.285714
091129211918 20.952381
091129212018 18.095238
091129212118 38.095238
091129212218 37.142857
091129212318 27.619048
091129212418 22.857143
091129212518 34.285714
091129212618 29.52381
091129212718 27.619048
091129212818 34.285714
091129212918 27.619048
091129213018 24.761905
091129213118 27.619048
091129213218 34.285714
091129213318 28.571429
091129213418 20.952381
091129213518 23.809524
091129213618 32.380952
091129213718 25.714286
091129213818 22.857143
091129213918 26.666667
091129214018 27.619048
091129214118 21.904762
091129214218 28.571429
091129214318 35.238095
091129214418 27.619048
091129214518 28.571429
091129214618 25.714286
091129214718 31.428571
091129214818 33.333333
091129214918 25.714286
091129215018 32.380952
091129215118 25.714286
091129215218 29.52381
091129215318 32.380952
091129215418 34.285714
091129215518 32.380952
091129215618 33.333333
091129215718 27.619048
091129215818 25.714286
091129215918 24.761905
091129220018 27.619048
091129220118 31.428571
091129220218 22.857143
091129220318 30.47619
091129220418 21.904762
091129220518 40.00
091129220618 25.714286
091129220718 25.714286
091129220818 22.857143
091129220918 22.857143
091129221018 31.428571
091129221118 27.619048
091129221218 37.142857
091129221318 23.809524
091129221418 22.857143
091129221518 35.238095
091129221618 34.285714
091129221718 25.714286
091129221818 26.666667
091129221918 23.809524
091129222018 26.666667
091129222118 29.52381
091129222218 23.809524
091129222318 30.47619
091129222418 18.095238
091129222518 28.571429
091129222618 30.47619
091129222718 32.380952
091129222818 34.285714
091129222918 31.428571
091129223018 29.52381
091129223118 32.380952
091129223218 28.571429
091129223318 29.52381
091129223418 26.666667
091129223518 31.428571
091129223618 27.619048
091129223718 32.380952
091129223818 20.952381
091129223918 22.857143
091129224018 29.52381
091129224118 22.857143
091129224218 25.714286
091129224318 26.666667
091129224418 35.238095
091129224518 21.904762
091129224618 30.47619
091129224718 20.00
091129224818 33.333333
091129224918 39.047619
091129225018 25.714286
091129225118 23.809524
091129225218 22.857143
091129225318 33.333333
091129225418 27.619048
091129225518 29.52381
091129225618 27.619048
091129225718 18.095238
091129225818 28.571429
091129225918 22.857143
091129230018 27.619048
091129230118 33.333333
091129230218 37.142857
091129230318 26.666667
091129230418 22.857143
091129230518 22.857143
091129230618 28.571429
091129230718 27.619048
091129230818 23.809524
091129230918 31.428571
091129231018 32.380952
091129231118 29.52381
091129231218 23.809524
091129231318 23.809524
091129231418 27.619048
091129231518 34.285714
091129231618 29.52381
091129231718 31.428571
091129231818 32.380952
091129231918 31.428571
091129232018 20.00
091129232118 24.761905
091129232218 29.52381
091129232318 24.761905
091129232418 33.333333
091129232518 29.52381
091129232618 28.571429
091129232718 22.857143
091129232818 31.428571
091129232918 32.380952
091129233018 29.52381
091129233118 21.904762
091129233218 29.52381
091129233318 26.666667
091129233418 22.857143
091129233518 26.666667
091129233618 32.380952
091129233718 26.666667
091129233818 30.47619
091129233918 35.238095
091129234018 27.619048
091129234118 25.714286
091129234218 27.619048
091129234318 31.428571
091129234418 26.666667
091129234518 22.857143
091129234618 28.571429
091129234718 22.857143
091129234818 37.142857
091129234918 38.095238
091129235018 28.571429
091129235118 28.571429
091129235218 26.666667
091129235318 19.047619
091129235418 42.857143
091129235518 28.571429
091129235618 20.00
091129235718 24.761905
091129235818 34.285714
091129235918 25.714286
091130000018 26.666667
091130000118 30.47619
091130000218 20.00
091130000318 35.238095
091130000418 34.285714
091130000518 32.380952
091130000618 19.047619
091130000718 22.857143
091130000818 30.47619
091130000918 20.00
091130001018 38.095238
091130001118 40.952381
091130001218 36.190476
091130001318 26.666667
091130001418 38.095238
091130001518 33.333333
091130001618 23.809524
091130001718 30.47619
091130001818 20.952381
091130001918 45.714286
091130002018 30.47619
091130002118 27.619048
091130002218 27.619048
091130002318 28.571429
091130002418 27.619048
091130002518 21.904762
091130002618 29.52381
091130002718 32.380952
091130002818 25.714286
091130002918 37.142857
091130003018 20.952381
091130003118 29.52381
091130003218 20.00
091130003318 21.904762
091130003418 22.857143
091130003518 28.571429
091130003618 32.380952
091130003718 36.190476
091130003818 20.952381
091130003918 36.190476
091130004018 26.666667
091130004118 15.238095
091130004218 19.047619
091130004318 30.47619
091130004418 31.428571
091130004518 29.52381
091130004618 23.809524
091130004718 30.47619
091130004818 21.904762
091130004918 29.52381
091130005018 31.428571
091130005118 36.190476
091130005218 32.380952
091130005318 25.714286
091130005418 27.619048
091130005518 32.380952
091130005618 28.571429
091130005718 28.571429
091130005818 25.714286
091130005918 25.714286
091130010018 32.380952
091130010118 23.809524
091130010218 36.190476
091130010318 26.666667
091130010418 24.761905
091130010518 26.666667
091130010618 19.047619
091130010718 24.761905
091130010818 27.619048
091130010918 35.238095
091130011018 33.333333
091130011118 29.52381
091130011218 32.380952
091130011318 29.52381
091130011418 32.380952
091130011518 33.333333
091130011618 33.333333
091130011718 34.285714
091130011818 19.047619
091130011918 36.190476
091130012018 31.428571
091130012118 28.571429
091130012218 32.380952
091130012318 20.00
091130012418 25.714286
091130012518 31.428571
091130012618 27.619048
091130012718 26.666667
091130012818 22.857143
091130012918 32.380952
091130013018 27.619048
091130013118 21.904762
091130013218 25.714286
091130013318 28.571429
091130013418 24.761905
091130013518 23.809524
091130013618 35.238095
091130013718 26.666667
091130013818 34.285714
091130013918 32.380952
091130014018 34.285714
091130014118 21.904762
091130014218 27.619048
091130014318 29.52381
091130014418 32.380952
091130014518 27.619048
091130014618 27.619048
091130014718 25.714286
091130014818 32.380952
091130014918 20.952381
091130015018 27.619048
091130015118 27.619048
091130015218 24.761905
091130015318 29.52381
091130015418 29.52381
091130015518 30.47619
091130015618 32.380952
091130015718 27.619048
091130015818 30.47619
091130015918 17.142857
091130020018 26.666667
091130020118 29.52381
091130020218 24.761905
091130020318 24.761905
091130020418 31.428571
091130020518 22.857143
091130020618 19.047619
091130020718 26.666667
091130020818 23.809524
091130020918 29.52381
091130021018 22.857143
091130021118 21.904762
091130021218 34.285714
091130021318 29.52381
091130021418 20.00
091130021518 32.380952
091130021618 36.190476
091130021718 30.47619
091130021818 41.904762
091130021918 27.619048
091130022018 20.952381
091130022118 17.142857
091130022218 27.619048
091130022318 26.666667
091130022418 30.47619
091130022518 31.428571
091130022618 21.904762
091130022718 34.285714
091130022818 38.095238
091130022918 25.714286
091130023018 28.571429
091130023118 22.857143
091130023218 29.52381
091130023318 28.571429
091130023418 28.571429
091130023518 35.238095
091130023618 34.285714
091130023718 27.619048
091130023818 38.095238
091130023918 29.52381
091130024018 22.857143
091130024118 20.952381
091130024218 39.047619
091130024318 22.857143
091130024418 40.00
091130024518 30.47619
091130024618 37.142857
091130024718 31.428571
091130024818 23.809524
091130024918 27.619048
091130025018 21.904762
091130025118 35.238095
091130025218 33.333333
091130025318 51.428571
091130025418 25.714286
091130025518 31.428571
091130025618 27.619048
091130025718 29.52381
091130025818 29.52381
091130025918 28.571429
091130030018 28.571429
091130030118 32.380952
091130030218 23.809524
091130030318 22.857143
091130030418 39.047619
091130030518 21.904762
091130030618 24.761905
091130030718 34.285714
091130030818 36.190476
091130030918 33.333333
091130031018 24.761905
091130031118 30.47619
091130031218 37.142857
091130031318 39.047619
091130031418 28.571429
091130031518 28.571429
091130031618 39.047619
091130031718 23.809524
091130031818 22.857143
091130031918 39.047619
091130032018 33.333333
091130032118 29.52381
091130032218 29.52381
091130032318 26.666667
091130032418 35.238095
091130032518 20.952381
091130032618 33.333333
091130032718 26.666667
091130032818 28.571429
091130032918 33.333333
091130033018 22.857143
091130033118 29.52381
091130033218 25.714286
091130033318 33.333333
091130033418 25.714286
091130033518 27.619048
091130033618 29.52381
091130033718 29.52381
091130033818 26.666667
091130033918 28.571429
091130034018 24.761905
091130034118 25.714286
091130034218 39.047619
091130034318 24.761905
091130034418 27.619048
091130034518 32.380952
091130034618 29.52381
091130034718 26.666667
091130034818 32.380952
091130034918 28.571429
091130035018 31.428571
091130035118 27.619048
091130035218 20.00
091130035318 28.571429
091130035418 31.428571
091130035518 21.904762
091130035618 36.190476
091130035718 35.238095
091130035818 23.809524
091130035918 18.095238
091130040018 24.761905
091130040118 29.52381
091130040218 32.380952
091130040318 26.666667
091130040418 21.904762
091130040518 28.571429
091130040618 17.142857
091130040718 25.714286
091130040818 30.47619
091130040918 37.142857
091130041018 29.52381
091130041118 20.952381
091130041218 30.47619
091130041318 22.857143
091130041418 25.714286
091130041518 29.52381
091130041618 29.52381
091130041718 28.571429
091130041818 26.666667
091130041918 24.761905
091130042018 39.047619
091130042118 21.904762
091130042218 34.285714
091130042318 20.00
091130042418 27.619048
091130042518 27.619048
091130042618 30.47619
091130042718 26.666667
091130042818 28.571429
091130042918 26.666667
091130043018 23.809524
091130043118 33.333333
091130043218 24.761905
091130043318 35.238095
091130043418 24.761905
091130043518 22.857143
091130043618 29.52381
091130043718 25.714286
091130043818 31.428571
091130043918 30.47619
091130044018 31.428571
091130044118 19.047619
091130044218 40.00
091130044318 39.047619
091130044418 27.619048
091130044518 26.666667
091130044618 28.571429
091130044718 26.666667
091130044818 29.52381
091130044918 24.761905
091130045018 27.619048
091130045118 30.47619
091130045218 25.714286
091130045318 29.52381
091130045418 34.285714
091130045518 32.380952
091130045618 28.571429
091130045718 18.095238
091130045818 28.571429
091130045918 35.238095
091130050018 23.809524
091130050118 27.619048
091130050218 26.666667
091130050318 35.238095
091130050418 33.333333
091130050518 29.52381
091130050618 26.666667
091130050718 20.952381
091130050818 29.52381
091130050918 34.285714
091130051018 28.571429
091130051118 29.52381
091130051218 17.142857
091130051318 27.619048
091130051418 25.714286
091130051518 40.952381
091130051618 24.761905
091130051718 31.428571
091130051818 29.52381
091130051918 28.571429
091130052018 34.285714
091130052118 27.619048
091130052218 23.809524
091130052318 28.571429
091130052418 31.428571
091130052518 25.714286
091130052618 28.571429
091130052718 21.904762
091130052818 29.52381
091130052918 24.761905
091130053018 23.809524
091130053118 35.238095
091130053218 24.761905
091130053318 29.52381
091130053418 17.142857
091130053518 17.142857
091130053618 22.857143
091130053718 20.00
091130053818 41.904762
091130053918 27.619048
091130054018 43.809524
091130054118 22.857143
091130054218 29.52381
091130054318 33.333333
091130054418 25.714286
091130054518 23.809524
091130054618 28.571429
091130054718 25.714286
091130054818 26.666667
091130054918 30.47619
091130055018 35.238095
091130055118 24.761905
091130055218 29.52381
091130055318 25.714286
091130055418 27.619048
091130055518 24.761905
091130055618 33.333333
091130055718 31.428571
091130055818 20.00
091130055918 27.619048
091130060018 25.714286
091130060118 25.714286
091130060218 35.238095
091130060318 34.285714
091130060418 28.571429
091130060518 22.857143
091130060618 40.00
091130060718 32.380952
091130060818 34.285714
091130060918 22.857143
091130061018 27.619048
091130061118 33.333333
091130061218 24.761905
091130061318 32.380952
091130061418 33.333333
091130061518 36.190476
091130061618 31.428571
091130061718 25.714286
091130061818 20.952381
091130061918 34.285714
091130062018 26.666667
091130062118 33.333333
091130062218 26.666667
091130062318 23.809524
091130062418 21.904762
091130062518 31.428571
091130062618 28.571429
091130062718 31.428571
091130062818 25.714286
091130062918 34.285714
091130063018 28.571429
091130063118 31.428571
091130063218 29.52381
091130063318 30.47619
091130063418 19.047619
091130063518 18.095238
091130063618 35.238095
091130063718 26.666667
091130063818 28.571429
091130063918 34.285714
091130064018 27.619048
091130064118 22.857143
091130064218 23.809524
091130064318 23.809524
091130064418 26.666667
091130064518 20.00
091130064618 26.666667
091130064718 31.428571
091130064818 29.52381
091130064918 22.857143
091130065018 32.380952
091130065118 34.285714
091130065218 27.619048
091130065318 22.857143
091130065418 30.47619
091130065518 33.333333
091130065618 33.333333
091130065718 32.380952
091130065818 31.428571
091130065918 28.571429
091130070018 20.00
091130070118 28.571429
091130070218 29.52381
091130070318 26.666667
091130070418 30.47619
091130070518 22.857143
091130070618 29.52381
091130070718 13.333333
091130070818 36.190476
091130070918 19.047619
091130071018 31.428571
091130071118 24.761905
091130071218 34.285714
091130071318 31.428571
091130071418 27.619048
091130071518 27.619048
091130071618 30.47619
091130071718 25.714286
091130071818 38.095238
091130071918 34.285714
091130072018 20.952381
091130072118 25.714286
091130072218 34.285714
091130072318 28.571429
091130072418 29.52381
091130072518 31.428571
091130072618 25.714286
091130072718 28.571429
091130072818 37.142857
091130072918 27.619048
091130073018 13.333333
091130073118 21.904762
091130073218 39.047619
091130073318 29.52381
091130073418 23.809524
091130073518 38.095238
091130073618 35.238095
091130073718 33.333333
091130073818 26.666667
091130073918 21.904762
091130074018 40.00
091130074118 24.761905
091130074218 22.857143
091130074318 27.619048
091130074418 37.142857
091130074518 17.142857
091130074618 28.571429
091130074718 27.619048
091130074818 20.00
091130074918 32.380952
091130075018 24.761905
091130075118 20.952381
091130075218 28.571429
091130075318 33.333333
091130075418 33.333333
091130075518 31.428571
091130075618 31.428571
091130075718 29.52381
091130075818 25.714286
091130075918 22.857143
091130080018 27.619048
091130080118 34.285714
091130080218 24.761905
091130080318 24.761905
091130080418 34.285714
091130080518 25.714286
091130080618 36.190476
091130080718 24.761905
091130080818 19.047619
091130080918 24.761905
091130081018 26.666667
091130081118 38.095238
091130081218 31.428571
091130081318 37.142857
091130081418 32.380952
091130081518 37.142857
091130081618 26.666667
091130081718 24.761905
091130081818 23.809524
091130081918 32.380952
091130082018 30.47619
091130082118 35.238095
091130082218 35.238095
091130082318 19.047619
091130082418 25.714286
091130082518 28.571429
091130082618 26.666667
091130082718 19.047619
091130082818 26.666667
091130082918 28.571429
091130083018 32.380952
091130083118 18.095238
091130083218 31.428571
091130083318 30.47619
091130083418 28.571429
091130083518 37.142857
091130083618 27.619048
091130083718 32.380952
091130083818 35.238095
091130083918 31.428571
091130084018 25.714286
091130084118 19.047619
091130084218 34.285714
091130084318 32.380952
091130084418 33.333333
091130084518 29.52381
091130084618 28.571429
091130084718 32.380952
091130084818 27.619048
091130084918 21.904762
091130085018 30.47619
091130085118 34.285714
091130085218 27.619048
091130085318 30.47619
091130085418 23.809524
091130085518 30.47619
091130085618 24.761905
091130085718 33.333333
091130085818 26.666667
091130085918 33.333333
091130090018 31.428571
091130090118 21.904762
091130090218 28.571429
091130090318 31.428571
091130090418 29.52381
091130090518 20.00
091130090618 32.380952
091130090718 21.904762
091130090818 27.619048
091130090918 24.761905
091130091018 27.619048
091130091118 31.428571
091130091218 28.571429
091130091318 31.428571
091130091418 28.571429
091130091518 26.666667
091130091618 25.714286
091130091718 33.333333
091130091818 26.666667
091130091918 25.714286
091130092018 33.333333
091130092118 26.666667
091130092218 29.52381
091130092318 31.428571
091130092418 29.52381
091130092518 25.714286
091130092618 20.00
091130092718 28.571429
091130092818 30.47619
091130092918 21.904762
091130093018 25.714286
091130093118 28.571429
091130093218 29.52381
091130093318 26.666667
091130093418 32.380952
091130093518 27.619048
091130093618 31.428571
091130093718 29.52381
091130093818 26.666667
091130093918 33.333333
091130094018 42.857143
091130094118 32.380952
091130094218 41.904762
091130094318 24.761905
091130094418 29.52381
091130094518 29.52381
091130094618 24.761905
091130094718 31.428571
091130094818 24.761905
091130094918 26.666667
091130095018 21.904762
091130095118 31.428571
091130095218 33.333333
091130095318 34.285714
091130095418 24.761905
091130095518 13.333333
091130095618 29.52381
091130095718 25.714286
091130095818 29.52381
091130095918 26.666667
091130100018 33.333333
091130100118 27.619048
091130100218 29.52381
091130100318 21.904762
091130100418 22.857143
091130100518 26.666667
091130100618 29.52381
091130100718 29.52381
091130100818 34.285714
091130100918 26.666667
091130101018 25.714286
091130101118 33.333333
091130101218 26.666667
091130101318 37.142857
091130101418 22.857143
091130101518 35.238095
091130101618 35.238095
091130101718 33.333333
091130101818 23.809524
091130101918 26.666667
091130102018 38.095238
091130102118 37.142857
091130102218 28.571429
091130102318 25.714286
091130102418 33.333333
091130102518 23.809524
091130102618 31.428571
091130102718 35.238095
091130102818 27.619048
091130102918 23.809524
091130103018 22.857143
091130103118 24.761905
091130103218 43.809524
091130103318 40.00
091130103418 22.857143
091130103518 35.238095
091130103618 34.285714
091130103718 29.52381
091130103818 22.857143
091130103918 33.333333
091130104018 25.714286
091130104118 35.238095
091130104218 23.809524
091130104318 33.333333
091130104418 28.571429
091130104518 28.571429
091130104618 27.619048
091130104718 33.333333
091130104818 20.952381
091130104918 27.619048
091130105018 20.00
091130105118 30.47619
091130105218 21.904762
091130105318 23.809524
091130105418 24.761905
091130105518 40.952381
091130105618 30.47619
091130105718 31.428571
091130105818 22.857143
091130105918 26.666667
091130110018 37.142857
091130110118 29.52381
091130110218 29.52381
091130110318 26.666667
091130110418 27.619048
091130110518 29.52381
091130110618 22.857143
091130110718 20.952381
091130110818 26.666667
091130110918 40.00
091130111018 32.380952
091130111118 38.095238
091130111218 31.428571
091130111318 35.238095
091130111418 33.333333
091130111518 31.428571
091130111618 23.809524
091130111718 27.619048
091130111818 20.00
091130111918 25.714286
091130112018 27.619048
091130112118 33.333333
091130112218 35.238095
091130112318 31.428571
091130112418 31.428571
091130112518 30.47619
091130112618 34.285714
091130112718 35.238095
091130112818 31.428571
091130112918 25.714286
091130113018 31.428571
091130113118 37.142857
091130113218 37.142857
091130113318 29.52381
091130113418 33.333333
091130113518 40.952381
091130113618 19.047619
091130113718 23.809524
091130113818 26.666667
091130113918 35.238095
091130114018 22.857143
091130114118 22.857143
091130114218 31.428571
091130114318 28.571429
091130114418 22.857143
091130114518 21.904762
091130114618 22.857143
091130114718 30.47619
091130114818 30.47619
091130114918 20.952381
091130115018 25.714286
091130115118 36.190476
091130115218 29.52381
091130115318 33.333333
091130115418 26.666667
091130115518 21.904762
091130115618 33.333333
091130115718 24.761905
091130115818 19.047619
091130115918 27.619048
091130120018 36.190476
091130120118 28.571429
091130120218 26.666667
091130120318 27.619048
091130120418 30.47619
091130120518 37.142857
091130120618 28.571429
091130120718 27.619048
091130120818 29.52381
091130120918 42.857143
091130121018 30.47619
091130121118 40.952381
091130121218 27.619048
091130121318 28.571429
091130121418 28.571429
091130121518 29.52381
091130121618 30.47619
091130121718 36.190476
091130121818 28.571429
091130121918 31.428571
091130122018 31.428571
091130122118 27.619048
091130122218 22.857143
091130122318 28.571429
091130122418 26.666667
091130122518 32.380952
091130122618 34.285714
091130122718 45.714286
091130122818 34.285714
091130122918 24.761905
091130123018 32.380952
091130123118 28.571429
091130123218 23.809524
091130123318 19.047619
091130123418 21.904762
091130123518 24.761905
091130123618 41.904762
091130123718 34.285714
091130123818 22.857143
091130123918 23.809524
091130124018 27.619048
091130124118 17.142857
091130124218 41.904762
091130124318 37.142857
091130124418 22.857143
091130124518 43.809524
091130124618 28.571429
091130124718 30.47619
091130124818 31.428571
091130124918 25.714286
091130125018 34.285714
091130125118 30.47619
091130125218 25.714286
091130125318 22.857143
091130125418 22.857143
091130125518 26.666667
091130125618 26.666667
091130125718 24.761905
091130125818 37.142857
091130125918 29.52381
091130130018 29.52381
091130130118 20.952381
091130130218 26.666667
091130130318 33.333333
091130130418 38.095238
091130130518 27.619048
091130130618 26.666667
091130130718 24.761905
091130130818 17.142857
091130130918 37.142857
091130131018 37.142857
091130131118 28.571429
091130131218 25.714286
091130131318 26.666667
091130131418 18.095238
091130131518 29.52381
091130131618 32.380952
091130131718 35.238095
091130131818 18.095238
091130131918 25.714286
091130132018 28.571429
091130132118 21.904762
091130132218 30.47619
091130132318 31.428571
091130132418 35.238095
091130132518 27.619048
091130132618 28.571429
091130132718 30.47619
091130132818 31.428571
091130132918 28.571429
091130133018 27.619048
091130133118 37.142857
091130133218 31.428571
091130133318 37.142857
091130133418 22.857143
091130133518 28.571429
091130133618 21.904762
091130133718 27.619048
091130133818 31.428571
091130133918 36.190476
091130134018 23.809524
091130134118 20.00
091130134218 29.52381
091130134318 34.285714
091130134418 27.619048
091130134518 21.904762
091130134618 28.571429
091130134718 32.380952
091130134818 30.47619
091130134918 28.571429
091130135018 22.857143
091130135118 11.428571
091130135218 26.666667
091130135318 27.619048
091130135418 32.380952
091130135518 30.47619
091130135618 36.190476
091130135718 25.714286
091130135818 19.047619
091130135918 24.761905
091130140018 29.52381
091130140118 47.619048
091130140218 30.47619
091130140318 36.190476
091130140418 23.809524
091130140518 19.047619
091130140618 34.285714
091130140718 30.47619
091130140818 20.00
091130140918 24.761905
091130141018 26.666667
091130141118 30.47619
091130141218 28.571429
091130141318 29.52381
091130141418 26.666667
091130141518 26.666667
091130141618 25.714286
091130141718 18.095238
091130141818 21.904762
091130141918 36.190476
091130142018 27.619048
091130142118 25.714286
091130142218 27.619048
091130142318 44.761905
091130142418 32.380952
091130142518 24.761905
091130142618 25.714286
091130142718 25.714286
091130142818 30.47619
091130142918 25.714286
091130143018 21.904762
091130143118 21.904762
091130143218 27.619048
091130143318 32.380952
091130143418 27.619048
091130143518 22.857143
091130143618 32.380952
091130143718 20.00
091130143818 27.619048
091130143918 31.428571
091130144018 21.904762
091130144118 27.619048
091130144218 18.095238
091130144318 26.666667
091130144418 22.857143
091130144518 28.571429
091130144618 32.380952
091130144718 30.47619
091130144818 31.428571
091130144918 33.333333
091130145018 18.095238
091130145118 32.380952
091130145218 30.47619
091130145318 25.714286
091130145418 22.857143
091130145518 34.285714
091130145618 40.952381
091130145718 19.047619
091130145818 37.142857
091130145918 34.285714
091130150018 31.428571
091130150118 24.761905
091130150218 21.904762
091130150318 33.333333
091130150418 28.571429
091130150518 29.52381
091130150618 24.761905
091130150718 25.714286
091130150818 22.857143
091130150918 34.285714
091130151018 32.380952
091130151118 29.52381
091130151218 30.47619
091130151318 35.238095
091130151418 28.571429
091130151518 32.380952
091130151618 36.190476
091130151718 25.714286
091130151818 23.809524
091130151918 36.190476
091130152018 26.666667
091130152118 27.619048
091130152218 20.00
091130152318 32.380952
091130152418 35.238095
091130152518 40.952381
091130152618 26.666667
091130152718 30.47619
091130152818 20.952381
091130152918 35.238095
091130153018 33.333333
091130153118 37.142857
091130153218 42.857143
091130153318 25.714286
091130153418 36.190476
091130153518 24.761905
091130153618 29.52381
091130153718 25.714286
091130153818 30.47619
091130153918 26.666667
091130154018 30.47619
091130154118 27.619048
091130154218 28.571429
091130154318 29.52381
091130154418 25.714286
091130154518 32.380952
091130154618 32.380952
091130154718 27.619048
091130154818 25.714286
091130154918 37.142857
091130155018 27.619048
091130155118 20.952381
091130155218 20.00
091130155318 35.238095
091130155418 23.809524
091130155518 24.761905
091130155618 23.809524
091130155718 27.619048
091130155818 23.809524
091130155918 29.52381
091130160018 25.714286
091130160118 37.142857
091130160218 27.619048
091130160318 27.619048
091130160418 30.47619
091130160518 27.619048
091130160618 25.714286
091130160718 28.571429
091130160818 30.47619
091130160918 28.571429
091130161018 30.47619
091130161118 20.952381
091130161218 37.142857
091130161318 24.761905
091130161418 28.571429
091130161518 23.809524
091130161618 23.809524
091130161718 22.857143
091130161818 32.380952
091130161918 38.095238
091130162018 29.52381
091130162118 36.190476
091130162218 35.238095
091130162318 26.666667
091130162418 28.571429
091130162518 26.666667
091130162618 41.904762
091130162718 19.047619
091130162818 26.666667
091130162918 32.380952
091130163018 11.428571
091130163118 26.666667
091130163218 32.380952
091130163318 24.761905
091130163418 26.666667
091130163518 27.619048
091130163618 31.428571
091130163718 20.952381
091130163818 22.857143
091130163918 21.904762
091130164018 33.333333
091130164118 22.857143
091130164218 29.52381
091130164318 34.285714
091130164418 16.190476
091130164518 29.52381
091130164618 27.619048
091130164718 33.333333
091130164818 24.761905
091130164918 28.571429
091130165018 25.714286
091130165118 35.238095
091130165218 26.666667
091130165318 31.428571
091130165418 32.380952
091130165518 28.571429
091130165618 33.333333
091130165718 34.285714
091130165818 30.47619
091130165918 33.333333
091130170018 26.666667
091130170118 20.952381
091130170218 33.333333
091130170318 22.857143
091130170418 31.428571
091130170518 35.238095
091130170618 25.714286
091130170718 23.809524
091130170818 31.428571
091130170918 29.52381
091130171018 22.857143
091130171118 26.666667
091130171218 28.571429
091130171318 25.714286
091130171418 27.619048
091130171518 21.904762
091130171618 40.952381
091130171718 35.238095
091130171818 29.52381
091130171918 36.190476
091130172018 38.095238
091130172118 24.761905
091130172218 32.380952
091130172318 31.428571
091130172418 30.47619
091130172518 32.380952
091130172618 30.47619
091130172718 34.285714
091130172818 26.666667
091130172918 30.47619
091130173018 23.809524
091130173118 31.428571
091130173218 35.238095
091130173318 30.47619
091130173418 18.095238
091130173518 21.904762
091130173618 31.428571
091130173718 34.285714
091130173818 27.619048
091130173918 29.52381
091130174018 27.619048
091130174118 29.52381
091130174218 25.714286
091130174318 30.47619
091130174418 40.00
091130174518 26.666667
091130174618 23.809524
091130174718 19.047619
091130174818 26.666667
091130174918 28.571429
091130175018 27.619048
091130175118 26.666667
091130175218 25.714286
091130175318 32.380952
091130175418 33.333333
091130175518 28.571429
091130175618 27.619048
091130175718 31.428571
091130175818 29.52381
091130175918 34.285714
091130180018 23.809524
091130180118 23.809524
091130180218 22.857143
091130180318 26.666667
091130180418 35.238095
091130180518 19.047619
091130180618 25.714286
091130180718 20.952381
091130180818 21.904762
091130180918 35.238095
091130181018 33.333333
091130181118 20.00
091130181218 33.333333
091130181318 30.47619
091130181418 27.619048
091130181518 25.714286
091130181618 22.857143
091130181718 24.761905
091130181818 29.52381
091130181918 35.238095
091130182018 28.571429
091130182118 32.380952
091130182218 28.571429
091130182318 27.619048
091130182418 20.952381
091130182518 29.52381
091130182618 29.52381
091130182718 29.52381
091130182818 28.571429
091130182918 34.285714
091130183018 38.095238
091130183118 37.142857
091130183218 23.809524
091130183318 25.714286
091130183418 27.619048
091130183518 28.571429
091130183618 40.00
091130183718 31.428571
091130183818 23.809524
091130183918 28.571429
091130184018 21.904762
091130184118 28.571429
091130184218 27.619048
091130184318 25.714286
091130184418 29.52381
091130184518 24.761905
091130184618 29.52381
091130184718 41.904762
091130184818 35.238095
091130184918 31.428571
091130185018 30.47619
091130185118 23.809524
091130185218 25.714286
091130185318 34.285714
091130185418 24.761905
091130185518 22.857143
091130185618 26.666667
091130185718 27.619048
091130185818 27.619048
091130185918 27.619048
091130190018 39.047619
091130190118 35.238095
091130190218 30.47619
091130190318 25.714286
091130190418 29.52381
091130190518 27.619048
091130190618 30.47619
091130190718 37.142857
091130190818 27.619048
091130190918 27.619048
091130191018 32.380952
091130191118 29.52381
091130191218 41.904762
091130191318 31.428571
091130191418 28.571429
091130191518 32.380952
091130191618 21.904762
091130191718 19.047619
091130191818 27.619048
091130191918 30.47619
091130192018 28.571429
091130192118 30.47619
091130192218 29.52381
091130192318 19.047619
091130192418 38.095238
091130192518 31.428571
091130192618 28.571429
091130192718 28.571429
091130192818 32.380952
091130192918 32.380952
091130193018 37.142857
091130193118 30.47619
091130193218 35.238095
091130193318 37.142857
091130193418 22.857143
091130193518 18.095238
091130193618 33.333333
091130193718 32.380952
091130193818 26.666667
091130193918 32.380952
091130194018 37.142857
091130194118 29.52381
091130194218 39.047619
091130194318 33.333333
091130194418 33.333333
091130194518 28.571429
091130194618 31.428571
091130194718 22.857143
091130194818 19.047619
091130194918 26.666667
091130195018 25.714286
091130195118 27.619048
091130195218 23.809524
091130195318 24.761905
091130195418 30.47619
091130195518 22.857143
091130195618 23.809524
091130195718 19.047619
091130195818 42.857143
091130195918 26.666667
091130200018 32.380952
091130200118 26.666667
091130200218 19.047619
091130200318 28.571429
091130200418 22.857143
091130200518 23.809524
091130200618 27.619048
091130200718 26.666667
091130200818 24.761905
091130200918 35.238095
091130201018 28.571429
091130201118 28.571429
091130201218 29.52381
091130201318 23.809524
091130201418 28.571429
091130201518 24.761905
091130201618 41.904762
091130201718 32.380952
091130201818 20.00
091130201918 20.952381
091130202018 28.571429
091130202118 28.571429
091130202218 22.857143
091130202318 36.190476
091130202418 25.714286
091130202518 26.666667
091130202618 32.380952
091130202718 36.190476
091130202818 32.380952
091130202918 26.666667
091130203018 38.095238
091130203118 29.52381
091130203218 33.333333
091130203318 21.904762
091130203418 28.571429
091130203518 25.714286
091130203618 40.952381
091130203718 34.285714
091130203818 29.52381
091130203918 24.761905
091130204018 32.380952
091130204118 32.380952
091130204218 26.666667
091130204318 36.190476
091130204418 28.571429
091130204518 40.00
091130204618 30.47619
091130204718 23.809524
091130204818 27.619048
091130204918 25.714286
091130205018 29.52381
091130205118 18.095238
091130205218 26.666667
091130205318 27.619048
091130205418 43.809524
091130205518 34.285714
091130205618 27.619048
091130205718 33.333333
091130205818 30.47619
091130205918 24.761905
091130210018 21.904762
091130210118 30.47619
091130210218 31.428571
091130210318 39.047619
091130210418 28.571429
091130210518 33.333333
091130210618 29.52381
091130210718 22.857143
091130210818 23.809524
091130210918 34.285714
091130211018 30.47619
091130211118 27.619048
091130211218 24.761905
091130211318 29.52381
091130211418 29.52381
091130211518 31.428571
091130211618 25.714286
091130211718 34.285714
091130211818 20.00
091130211918 38.095238
091130212018 34.285714
091130212118 27.619048
091130212218 35.238095
091130212318 31.428571
091130212418 36.190476
091130212518 24.761905
091130212618 27.619048
091130212718 24.761905
091130212818 27.619048
091130212918 29.52381
091130213018 20.00
091130213118 36.190476
091130213218 37.142857
091130213318 24.761905
091130213418 32.380952
091130213518 30.47619
091130213618 29.52381
091130213718 33.333333
091130213818 37.142857
091130213918 27.619048
091130214018 29.52381
091130214118 29.52381
091130214218 22.857143
091130214318 31.428571
091130214418 27.619048
091130214518 31.428571
091130214618 30.47619
091130214718 29.52381
091130214818 29.52381
091130214918 32.380952
091130215018 29.52381
091130215118 30.47619
091130215218 29.52381
091130215318 35.238095
091130215418 28.571429
091130215518 25.714286
091130215618 27.619048
091130215718 36.190476
091130215818 35.238095
091130215918 31.428571
091130220018 26.666667
091130220118 24.761905
091130220218 26.666667
091130220318 30.47619
091130220418 32.380952
091130220518 20.00
091130220618 32.380952
091130220718 26.666667
091130220818 33.333333
091130220918 32.380952
091130221018 37.142857
091130221118 27.619048
091130221218 25.714286
091130221318 24.761905
091130221418 35.238095
091130221518 27.619048
091130221618 39.047619
091130221718 31.428571
091130221818 32.380952
091130221918 28.571429
091130222018 27.619048
091130222118 23.809524
091130222218 36.190476
091130222318 22.857143
091130222418 24.761905
091130222518 29.52381
091130222618 31.428571
091130222718 25.714286
091130222818 28.571429
091130222918 25.714286
091130223018 33.333333
091130223118 36.190476
091130223218 25.714286
091130223318 36.190476
091130223418 32.380952
091130223518 31.428571
091130223618 29.52381
091130223718 26.666667
091130223818 26.666667
091130223918 29.52381
091130224018 32.380952
091130224118 23.809524
091130224218 30.47619
091130224318 26.666667
091130224418 27.619048
091130224518 25.714286
091130224618 30.47619
091130224718 29.52381
091130224818 22.857143
091130224918 27.619048
091130225018 28.571429
091130225118 22.857143
091130225218 33.333333
091130225318 34.285714
091130225418 20.00
091130225518 19.047619
091130225618 24.761905
091130225718 37.142857
091130225818 36.190476
091130225918 29.52381
091130230018 29.52381
091130230118 20.952381
091130230218 28.571429
091130230318 25.714286
091130230418 26.666667
091130230518 22.857143
091130230618 36.190476
091130230718 38.095238
091130230818 21.904762
091130230918 31.428571
091130231018 28.571429
091130231118 36.190476
091130231218 25.714286
091130231318 33.333333
091130231418 25.714286
091130231518 31.428571
091130231618 25.714286
091130231718 37.142857
091130231818 34.285714
091130231918 22.857143
091130232018 21.904762
091130232118 20.952381
091130232218 29.52381
091130232318 37.142857
091130232418 24.761905
091130232518 20.952381
091130232618 34.285714
091130232718 35.238095
091130232818 27.619048
091130232918 26.666667
091130233018 35.238095
091130233118 26.666667
091130233218 34.285714
091130233318 28.571429
091130233418 20.00
091130233518 31.428571
091130233618 27.619048
091130233718 37.142857
091130233818 29.52381
091130233918 23.809524
091130234018 23.809524
091130234118 27.619048
091130234218 25.714286
091130234318 35.238095
091130234418 23.809524
091130234518 33.333333
091130234618 24.761905
091130234718 27.619048
091130234818 38.095238
091130234918 24.761905
091130235018 32.380952
091130235118 35.238095
091130235218 35.238095
091130235318 28.571429
091130235418 40.00
091130235518 28.571429
091130235618 21.904762
091130235718 25.714286
091130235818 26.666667
091130235918 27.619048
091201000018 27.619048
091201000118 44.761905
091201000218 28.571429
091201000318 26.666667
091201000418 34.285714
091201000518 30.47619
091201000618 26.666667
091201000718 25.714286
091201000818 25.714286
091201000918 21.904762
091201001018 34.285714
091201001118 29.52381
091201001218 29.52381
091201001318 29.52381
091201001418 23.809524
091201001518 29.52381
091201001618 23.809524
091201001718 24.761905
091201001818 23.809524
091201001918 25.714286
091201002018 31.428571
091201002118 37.142857
091201002218 33.333333
091201002318 28.571429
091201002418 20.00
091201002518 25.714286
091201002618 29.52381
091201002718 28.571429
091201002818 28.571429
091201002918 30.47619
091201003018 27.619048
091201003118 24.761905
091201003218 28.571429
091201003318 20.00
091201003418 29.52381
091201003518 29.52381
091201003618 31.428571
091201003718 22.857143
091201003818 29.52381
091201003918 20.952381
091201004018 21.904762
091201004118 30.47619
091201004218 40.00
091201004318 19.047619
091201004418 23.809524
091201004518 25.714286
091201004618 33.333333
091201004718 29.52381
091201004818 20.00
091201004918 24.761905
091201005018 28.571429
091201005118 32.380952
091201005218 21.904762
091201005318 30.47619
091201005418 28.571429
091201005518 26.666667
091201005618 35.238095
091201005718 26.666667
091201005818 27.619048
091201005918 23.809524
091201010018 27.619048
091201010118 30.47619
091201010218 32.380952
091201010318 20.00
091201010418 25.714286
091201010518 31.428571
091201010618 27.619048
091201010718 26.666667
091201010818 31.428571
091201010918 26.666667
091201011018 29.52381
091201011118 32.380952
091201011218 31.428571
091201011318 31.428571
091201011418 38.095238
091201011518 29.52381
091201011618 30.47619
091201011718 25.714286
091201011818 29.52381
091201011918 26.666667
091201012018 29.52381
091201012118 25.714286
091201012218 30.47619
091201012318 23.809524
091201012418 21.904762
091201012518 20.00
091201012618 27.619048
091201012718 28.571429
091201012818 25.714286
091201012918 23.809524
091201013018 30.47619
091201013118 23.809524
091201013218 30.47619
091201013318 32.380952
091201013418 32.380952
091201013518 29.52381
091201013618 29.52381
091201013718 33.333333
091201013818 23.809524
091201013918 30.47619
091201014018 29.52381
091201014118 25.714286
091201014218 22.857143
091201014318 36.190476
091201014418 40.00
091201014518 26.666667
091201014618 25.714286
091201014718 38.095238
091201014818 18.095238
091201014918 27.619048
091201015018 34.285714
091201015118 24.761905
091201015218 36.190476
091201015318 27.619048
091201015418 26.666667
091201015518 25.714286
091201015618 33.333333
091201015718 28.571429
091201015818 27.619048
091201015918 18.095238
091201020018 30.47619
091201020118 22.857143
091201020218 27.619048
091201020318 28.571429
091201020418 25.714286
091201020518 20.952381
091201020618 23.809524
091201020718 28.571429
091201020818 26.666667
091201020918 27.619048
091201021018 26.666667
091201021118 20.952381
091201021218 24.761905
091201021318 30.47619
091201021418 34.285714
091201021518 27.619048
091201021618 23.809524
091201021718 24.761905
091201021818 28.571429
091201021918 35.238095
091201022018 23.809524
091201022118 23.809524
091201022218 29.52381
091201022318 40.00
091201022418 25.714286
091201022518 25.714286
091201022618 38.095238
091201022718 30.47619
091201022818 25.714286
091201022918 26.666667
091201023018 33.333333
091201023118 21.904762
091201023218 19.047619
091201023318 39.047619
091201023418 18.095238
091201023518 26.666667
091201023618 32.380952
091201023718 29.52381
091201023818 30.47619
091201023918 13.333333
091201024018 21.904762
091201024118 35.238095
091201024218 25.714286
091201024318 27.619048
091201024418 25.714286
091201024518 35.238095
091201024618 24.761905
091201024718 26.666667
091201024818 30.47619
091201024918 27.619048
091201025018 21.904762
091201025118 22.857143
091201025218 26.666667
091201025318 26.666667
091201025418 34.285714
091201025518 26.666667
091201025618 29.52381
091201025718 29.52381
091201025818 25.714286
091201025918 43.809524
091201030018 27.619048
091201030118 30.47619
091201030218 28.571429
091201030318 24.761905
091201030418 27.619048
091201030518 28.571429
091201030618 42.857143
091201030718 32.380952
091201030818 20.00
091201030918 32.380952
091201031018 28.571429
091201031118 24.761905
091201031218 30.47619
091201031318 24.761905
091201031418 30.47619
091201031518 30.47619
091201031618 22.857143
091201031718 23.809524
091201031818 32.380952
091201031918 30.47619
091201032018 28.571429
091201032118 33.333333
091201032218 34.285714
091201032318 34.285714
091201032418 33.333333
091201032518 34.285714
091201032618 26.666667
091201032718 22.857143
091201032818 30.47619
091201032918 31.428571
091201033018 26.666667
091201033118 46.666667
091201033218 31.428571
091201033318 29.52381
091201033418 28.571429
091201033518 27.619048
091201033618 33.333333
091201033718 27.619048
091201033818 30.47619
091201033918 38.095238
091201034018 32.380952
091201034118 28.571429
091201034218 25.714286
091201034318 18.095238
091201034418 29.52381
091201034518 33.333333
091201034618 30.47619
091201034718 27.619048
091201034818 19.047619
091201034918 29.52381
091201035018 32.380952
091201035118 27.619048
091201035218 28.571429
091201035318 21.904762
091201035418 24.761905
091201035518 33.333333
091201035618 32.380952
091201035718 36.190476
091201035818 30.47619
091201035918 31.428571
091201040018 20.952381
091201040118 37.142857
091201040218 27.619048
091201040318 22.857143
091201040418 36.190476
091201040518 22.857143
091201040618 30.47619
091201040718 28.571429
091201040818 22.857143
091201040918 23.809524
091201041018 30.47619
091201041118 29.52381
091201041218 22.857143
091201041318 27.619048
091201041418 26.666667
091201041518 27.619048
091201041618 28.571429
091201041718 27.619048
091201041818 37.142857
091201041918 26.666667
091201042018 27.619048
091201042118 26.666667
091201042218 19.047619
091201042318 30.47619
091201042418 32.380952
091201042518 31.428571
091201042618 36.190476
091201042718 26.666667
091201042818 39.047619
091201042918 32.380952
091201043018 29.52381
091201043118 33.333333
091201043218 23.809524
091201043318 35.238095
091201043418 22.857143
091201043518 35.238095
091201043618 29.52381
091201043718 32.380952
091201043818 19.047619
091201043918 27.619048
091201044018 30.47619
091201044118 29.52381
091201044218 25.714286
091201044318 27.619048
091201044418 32.380952
091201044518 30.47619
091201044618 39.047619
091201044718 20.00
091201044818 28.571429
091201044918 33.333333
091201045018 25.714286
091201045118 21.904762
091201045218 42.857143
091201045318 24.761905
091201045418 27.619048
091201045518 29.52381
091201045618 26.666667
091201045718 30.47619
091201045818 21.904762
091201045918 38.095238
091201050018 26.666667
091201050118 26.666667
091201050218 32.380952
091201050318 36.190476
091201050418 32.380952
091201050518 26.666667
091201050618 22.857143
091201050718 30.47619
091201050818 20.952381
091201050918 27.619048
091201051018 20.952381
091201051118 39.047619
091201051218 38.095238
091201051318 31.428571
091201051418 27.619048
091201051518 27.619048
091201051618 21.904762
091201051718 30.47619
091201051818 28.571429
091201051918 31.428571
091201052018 29.52381
091201052118 29.52381
091201052218 28.571429
091201052318 21.904762
091201052418 29.52381
091201052518 23.809524
091201052618 25.714286
091201052718 30.47619
091201052818 25.714286
091201052918 32.380952
091201053018 30.47619
091201053118 39.047619
091201053218 30.47619
091201053318 34.285714
091201053418 37.142857
091201053518 32.380952
091201053618 30.47619
091201053718 30.47619
091201053818 31.428571
091201053918 33.333333
091201054018 37.142857
091201054118 25.714286
091201054218 20.00
091201054318 28.571429
091201054418 28.571429
091201054518 36.190476
091201054618 27.619048
091201054718 36.190476
091201054818 28.571429
091201054918 28.571429
091201055018 22.857143
091201055118 27.619048
091201055218 25.714286
091201055318 29.52381
091201055418 34.285714
091201055518 24.761905
091201055618 27.619048
091201055718 22.857143
091201055818 27.619048
091201055918 38.095238
091201060018 33.333333
091201060118 36.190476
091201060218 33.333333
091201060318 31.428571
091201060418 25.714286
091201060518 20.00
091201060618 22.857143
091201060718 29.52381
091201060818 31.428571
091201060918 36.190476
091201061018 31.428571
091201061118 26.666667
091201061218 27.619048
091201061318 30.47619
091201061418 34.285714
091201061518 34.285714
091201061618 30.47619
091201061718 24.761905
091201061818 23.809524
091201061918 22.857143
091201062018 27.619048
091201062118 33.333333
091201062218 32.380952
091201062318 28.571429
091201062418 32.380952
091201062518 31.428571
091201062618 40.952381
091201062718 32.380952
091201062818 30.47619
091201062918 24.761905
091201063018 26.666667
091201063118 29.52381
091201063218 22.857143
091201063318 25.714286
091201063418 37.142857
091201063518 25.714286
091201063618 31.428571
091201063718 33.333333
091201063818 22.857143
091201063918 37.142857
091201064018 35.238095
091201064118 23.809524
091201064218 32.380952
091201064318 37.142857
091201064418 26.666667
091201064518 33.333333
091201064618 30.47619
091201064718 34.285714
091201064818 27.619048
091201064918 25.714286
091201065018 25.714286
091201065118 22.857143
091201065218 23.809524
091201065318 30.47619
091201065418 32.380952
091201065518 27.619048
091201065618 29.52381
091201065718 30.47619
091201065818 28.571429
091201065918 35.238095
091201070018 29.52381
091201070118 15.238095
091201070218 29.52381
091201070318 29.52381
091201070418 29.52381
091201070518 26.666667
091201070618 21.904762
091201070718 27.619048
091201070818 25.714286
091201070918 21.904762
091201071018 25.714286
091201071118 31.428571
091201071218 37.142857
091201071318 26.666667
091201071418 25.714286
091201071518 28.571429
091201071618 36.190476
091201071718 24.761905
091201071818 20.952381
091201071918 33.333333
091201072018 31.428571
091201072118 26.666667
091201072218 20.952381
091201072318 23.809524
091201072418 29.52381
091201072518 24.761905
091201072618 23.809524
091201072718 26.666667
091201072818 17.142857
091201072918 26.666667
091201073018 24.761905
091201073118 25.714286
091201073218 29.52381
091201073318 29.52381
091201073418 33.333333
091201073518 23.809524
091201073618 34.285714
091201073718 31.428571
091201073818 18.095238
091201073918 34.285714
091201074018 23.809524
091201074118 21.904762
091201074218 29.52381
091201074318 33.333333
091201074418 25.714286
091201074518 33.333333
091201074618 38.095238
